200.151048	16901.000000
201.758777	16803.000000
203.365815	16843.333333
204.972162	16742.333333
206.577820	16735.000000
208.182787	16685.333333
209.787065	16709.000000
211.390653	16599.666667
212.993553	16591.333333
214.595765	16573.333333
216.197289	16444.333333
217.798125	16494.666667
219.398274	16463.333333
220.997737	16385.666667
222.596513	16364.666667
224.194603	16323.000000
225.792008	16330.333333
227.388728	16299.666667
228.984763	16380.333333
230.580114	16246.666667
232.174781	16312.000000
233.768765	16239.000000
235.362065	16180.333333
236.954683	16210.000000
238.546619	16126.333333
240.137872	16076.000000
241.728445	16010.666667
243.318336	16110.000000
244.907546	15971.000000
246.496076	15857.666667
248.083926	15866.000000
249.671097	15846.666667
251.257589	15794.333333
252.843402	15857.000000
254.428536	15601.666667
256.012993	15577.333333
257.596772	15601.666667
259.179874	15681.333333
260.762300	15531.333333
262.344049	15525.666667
263.925122	15418.333333
265.505519	15466.333333
267.085241	15480.333333
268.664289	15314.000000
270.242662	15473.000000
271.820361	15324.333333
273.397387	15385.666667
274.973740	15351.666667
276.549419	15328.666667
278.124426	15345.000000
279.698762	15355.666667
281.272425	15343.666667
282.845417	15365.333333
284.417739	15391.000000
285.989390	15370.666667
287.560371	15343.666667
289.130682	15361.333333
290.700324	15365.000000
292.269297	15323.000000
293.837602	15421.666667
295.405238	15285.000000
296.972207	15405.666667
298.538508	15157.000000
300.104142	15159.666667
301.669110	15206.666667
303.233411	15174.000000
304.797047	15116.666667
306.360017	15070.000000
307.922322	15102.666667
309.483963	15035.000000
311.044939	14860.333333
312.605252	14897.666667
314.164900	14808.666667
315.723886	14742.333333
317.282209	14697.000000
318.839870	14590.000000
320.396868	14516.000000
321.953205	14525.000000
323.508881	14547.666667
325.063896	14478.000000
326.618251	14466.666667
328.171945	14394.333333
329.724980	14397.666667
331.277356	14399.333333
332.829072	14387.666667
334.380131	14356.000000
335.930530	14285.000000
337.480273	14355.000000
339.029357	14360.333333
340.577785	14272.333333
342.125556	14309.333333
343.672671	14273.666667
345.219130	14261.000000
346.764933	14219.666667
348.310081	14157.666667
349.854575	14181.000000
351.398414	14194.000000
352.941599	14056.000000
354.484130	14214.333333
356.026008	14110.666667
357.567234	14000.666667
359.107807	14053.333333
360.647727	14087.666667
362.186996	13994.000000
363.725614	13964.000000
365.263580	13995.666667
366.800896	13945.333333
368.337562	13937.000000
369.873578	13851.000000
371.408944	13822.666667
372.943661	13918.000000
374.477730	13922.000000
376.011150	13797.000000
377.543922	13899.000000
379.076046	13878.666667
380.607523	13914.333333
382.138353	13943.666667
383.668537	13939.000000
385.198075	13863.000000
386.726966	13862.000000
388.255213	13934.000000
389.782814	13954.666667
391.309770	13984.666667
392.836083	14046.000000
394.361751	14039.000000
395.886776	13942.000000
397.411157	14061.333333
398.934896	14053.000000
400.457992	13997.000000
401.980446	14148.333333
403.502258	14047.333333
405.023429	14215.666667
406.543959	14095.333333
408.063849	14137.666667
409.583098	14161.333333
411.101707	14229.000000
412.619677	14426.333333
414.137007	14406.666667
415.653699	14468.000000
417.169752	14454.000000
418.685167	14753.333333
420.199945	14835.333333
421.714085	15044.000000
423.227588	15051.000000
424.740454	15206.333333
426.252684	15284.666667
427.764279	15354.666667
429.275238	15506.000000
430.785561	15436.000000
432.295250	15351.000000
433.804304	15171.333333
435.312725	15150.000000
436.820511	14945.333333
438.327664	14972.333333
439.834185	14791.666667
441.340072	14834.000000
442.845327	14617.666667
444.349951	14526.000000
445.853942	14481.666667
447.357303	14561.666667
448.860033	14483.333333
450.362132	14405.666667
451.863601	14401.333333
453.364440	14218.000000
454.864650	14169.666667
456.364231	13978.000000
457.863183	13982.000000
459.361507	13937.666667
460.859203	13765.333333
462.356271	13662.333333
463.852712	13547.666667
465.348526	13528.666667
466.843714	13426.666667
468.338275	13318.666667
469.832210	13369.666667
471.325520	13252.000000
472.818205	13171.000000
474.310265	13123.333333
475.801700	13166.666667
477.292512	13065.666667
478.782700	13029.333333
480.272264	13020.000000
481.761205	13013.666667
483.249524	12993.666667
484.737221	12867.333333
486.224295	12766.000000
487.710748	12773.000000
489.196579	12873.000000
490.681790	12845.000000
492.166380	12776.666667
493.650350	12773.333333
495.133700	12687.666667
496.616431	12822.333333
498.098542	12701.666667
499.580035	12693.000000
501.060909	12641.333333
502.541165	12659.666667
504.020804	12609.333333
505.499825	12717.333333
506.978228	12589.666667
508.456016	12594.333333
509.933186	12602.333333
511.409741	12649.000000
512.885680	12597.000000
514.361004	12501.000000
515.835713	12512.666667
517.309807	12566.666667
518.783287	12477.333333
520.256153	12385.333333
521.728406	12368.000000
523.200045	12574.000000
524.671071	12454.666667
526.141485	12517.333333
527.611287	12518.666667
529.080476	12477.666667
530.549054	12503.666667
532.017021	12586.666667
533.484378	12499.666667
534.951123	12456.000000
536.417259	12360.000000
537.882785	12438.666667
539.347701	12557.333333
540.812008	12383.000000
542.275707	12425.333333
543.738797	12395.666667
545.201279	12450.000000
546.663153	12461.333333
548.124420	12388.000000
549.585080	12438.000000
551.045133	12444.333333
552.504579	12440.333333
553.963420	12375.333333
555.421655	12484.333333
556.879285	12493.333333
558.336309	12526.333333
559.792729	12486.666667
561.248545	12588.000000
562.703756	12549.333333
564.158364	12701.333333
565.612369	12606.666667
567.065770	12663.666667
568.518569	12735.000000
569.970766	12832.666667
571.422361	12799.666667
572.873354	12856.000000
574.323745	12875.000000
575.773536	13093.333333
577.222726	13114.000000
578.671316	13184.000000
580.119306	13260.666667
581.566696	13324.000000
583.013487	13337.333333
584.459679	13225.666667
585.905273	13180.666667
587.350268	13198.333333
588.794665	13211.000000
590.238465	13143.666667
591.681667	13073.333333
593.124272	13045.666667
594.566281	12963.333333
596.007694	12792.666667
597.448510	12672.666667
598.888731	12580.666667
600.328357	12512.333333
601.767388	12407.666667
603.205824	12416.000000
604.643666	12345.666667
606.080914	12372.666667
607.517568	12293.333333
608.953629	12295.666667
610.389097	12355.000000
611.823972	12335.000000
613.258255	12165.000000
614.691946	12054.333333
616.125046	12029.000000
617.557554	11929.333333
618.989471	11913.333333
620.420798	11937.666667
621.851534	11761.666667
623.281680	11758.000000
624.711237	11641.000000
626.140204	11594.333333
627.568582	11539.333333
628.996372	11574.333333
630.423573	11471.000000
631.850186	11465.000000
633.276211	11455.666667
634.701650	11430.666667
636.126501	11354.666667
637.550765	11373.000000
638.974443	11286.333333
640.397535	11330.000000
641.820041	11316.666667
643.241961	11256.000000
644.663297	11286.000000
646.084048	11237.000000
647.504214	11258.666667
648.923796	11186.666667
650.342795	11241.666667
651.761210	11092.666667
653.179041	11126.666667
654.596290	11198.000000
656.012957	11219.666667
657.429041	11176.000000
658.844543	11074.666667
660.259464	11124.333333
661.673804	11102.333333
663.087563	11089.000000
664.500741	11148.333333
665.913339	11109.666667
667.325357	11060.000000
668.736795	11179.666667
670.147654	11115.000000
671.557934	10961.000000
672.967636	10995.333333
674.376759	11067.333333
675.785304	10970.000000
677.193271	10963.333333
678.600661	10902.333333
680.007474	10963.666667
681.413711	10953.000000
682.819370	10949.666667
684.224454	10910.333333
685.628962	10932.000000
687.032895	10951.000000
688.436252	10944.666667
689.839034	10764.000000
691.241242	10908.666667
692.642876	10840.000000
694.043936	10975.666667
695.444422	10861.666667
696.844336	10743.000000
698.243676	10830.000000
699.642443	10743.000000
701.040639	10780.000000
702.438262	10742.666667
703.835313	10754.000000
705.231794	10784.666667
706.627703	10779.000000
708.023041	10650.333333
709.417810	10722.666667
710.812008	10689.000000
712.205636	10751.666667
713.598694	10695.333333
714.991184	10695.666667
716.383105	10764.333333
717.774457	10702.000000
719.165241	10650.333333
720.555457	10678.333333
721.945105	10569.333333
723.334187	10634.666667
724.722701	10544.333333
726.110648	10578.333333
727.498030	10590.666667
728.884845	10559.666667
730.271094	10547.000000
731.656778	10554.000000
733.041897	10511.000000
734.426451	10568.000000
735.810441	10479.333333
737.193866	10510.666667
738.576728	10486.666667
739.959026	10519.000000
741.340760	10508.666667
742.721932	10552.333333
744.102541	10476.666667
745.482588	10476.666667
746.862073	10468.666667
748.240996	10456.333333
749.619358	10476.333333
750.997158	10512.000000
752.374398	10507.000000
753.751077	10380.333333
755.127197	10456.000000
756.502756	10479.666667
757.877756	10426.333333
759.252196	10458.000000
760.626078	10348.333333
761.999400	10361.333333
763.372165	10315.000000
764.744371	10363.333333
766.116020	10368.333333
767.487111	10346.666667
768.857646	10230.666667
770.227623	10202.000000
771.597044	10235.666667
772.965908	10216.333333
774.334217	10263.333333
775.701970	10150.333333
777.069168	10190.666667
778.435811	10092.000000
779.801899	10082.333333
781.167433	10204.000000
782.532412	10042.000000
783.896838	10177.333333
785.260710	10163.333333
786.624029	10036.666667
787.986796	10000.333333
789.349009	10018.333333
790.710671	10102.000000
792.071780	9968.666667
793.432338	10004.000000
794.792344	9951.666667
796.151799	9891.000000
797.510704	9915.333333
798.869058	9869.333333
800.226862	9958.666667
801.584116	9888.666667
802.940820	9854.666667
804.296975	9828.000000
805.652581	9907.333333
807.007638	9981.666667
808.362147	9904.666667
809.716108	9924.666667
811.069521	9961.333333
812.422387	9958.000000
813.774705	9992.666667
815.126476	9952.666667
816.477701	9941.333333
817.828380	9883.666667
819.178512	9928.000000
820.528099	9905.666667
821.877140	9892.000000
823.225637	9844.333333
824.573588	9854.000000
825.920995	9785.333333
827.267857	9809.000000
828.614176	9779.000000
829.959951	9754.666667
831.305183	9876.666667
832.649871	9778.666667
833.994017	9672.666667
835.337620	9729.000000
836.680681	9683.000000
838.023201	9757.666667
839.365178	9753.666667
840.706614	9714.000000
842.047510	9798.000000
843.387864	9868.000000
844.727678	9889.333333
846.066952	9862.000000
847.405687	9933.000000
848.743881	9873.666667
850.081537	9949.000000
851.418653	9923.000000
852.755231	9959.666667
854.091270	9991.000000
855.426771	9921.333333
856.761735	9923.333333
858.096160	9943.000000
859.430049	9911.666667
860.763401	9856.666667
862.096216	9885.666667
863.428495	9775.333333
864.760237	9845.000000
866.091444	9765.666667
867.422115	9802.000000
868.752252	9703.333333
870.081853	9715.333333
871.410919	9704.333333
872.739452	9693.333333
874.067450	9728.333333
875.394914	9602.666667
876.721845	9650.666667
878.048243	9651.000000
879.374108	9695.000000
880.699440	9621.666667
882.024240	9529.000000
883.348508	9573.666667
884.672244	9406.333333
885.995449	9523.000000
887.318122	9457.333333
888.640265	9458.000000
889.961877	9424.333333
891.282959	9382.333333
892.603510	9417.666667
893.923532	9380.000000
895.243024	9338.666667
896.561987	9302.666667
897.880422	9277.000000
899.198327	9213.666667
900.515705	9264.333333
901.832554	9271.666667
903.148875	9292.333333
904.464669	9240.000000
905.779936	9326.000000
907.094676	9309.000000
908.408889	9309.333333
909.722576	9247.666667
911.035737	9287.333333
912.348371	9367.333333
913.660481	9432.000000
914.972065	9378.666667
916.283124	9434.666667
917.593659	9506.333333
918.903669	9437.666667
920.213155	9558.333333
921.522117	9509.000000
922.830556	9502.333333
924.138471	9516.666667
925.445864	9468.666667
926.752733	9482.666667
928.059081	9526.000000
929.364906	9562.000000
930.670209	9539.333333
931.974991	9565.000000
933.279251	9758.000000
934.582990	9723.000000
935.886209	9872.333333
937.188907	9972.333333
938.491085	10121.000000
939.792743	10238.666667
941.093881	10463.666667
942.394500	10508.333333
943.694600	10862.666667
944.994181	11045.666667
946.293243	11340.000000
947.591787	11665.000000
948.889813	12244.666667
950.187322	12604.666667
951.484313	13248.333333
952.780787	13823.000000
954.076744	14601.000000
955.372184	15353.333333
956.667108	15916.666667
957.961516	16509.000000
959.255409	16796.000000
960.548785	16723.000000
961.841647	16402.333333
963.133993	15802.000000
964.425825	15042.000000
965.717142	14195.333333
967.007946	13277.000000
968.298235	12485.666667
969.588011	11708.000000
970.877273	11157.333333
972.166023	10560.000000
973.454259	10263.000000
974.741984	9847.000000
976.029196	9522.666667
977.315895	9362.333333
978.602084	9143.333333
979.887761	8993.000000
981.172926	8953.333333
982.457581	8794.000000
983.741725	8750.000000
985.025359	8692.333333
986.308483	8728.000000
987.591097	8618.666667
988.873202	8654.333333
990.154797	8636.666667
991.435883	8626.666667
992.716461	8599.666667
993.996530	8553.000000
995.276091	8625.000000
996.555144	8603.666667
997.833690	8653.666667
999.111728	8671.000000
1000.389259	8699.666667
1001.666283	8708.000000
1002.942800	8789.333333
1004.218812	8690.666667
1005.494317	8686.333333
1006.769317	8696.333333
1008.043811	8709.000000
1009.317799	8625.333333
1010.591283	8647.666667
1011.864263	8669.333333
1013.136737	8628.333333
1014.408708	8573.666667
1015.680175	8631.000000
1016.951138	8700.000000
1018.221598	8685.000000
1019.491554	8648.666667
1020.761008	8749.666667
1022.029959	8620.333333
1023.298408	8777.333333
1024.566355	8718.333333
1025.833800	8796.000000
1027.100744	8697.000000
1028.367187	8837.333333
1029.633128	8773.666667
1030.898569	8804.666667
1032.163509	8824.666667
1033.427949	8825.000000
1034.691890	8886.666667
1035.955330	8849.333333
1037.218271	8799.666667
1038.480714	8798.333333
1039.742657	8841.333333
1041.004101	8846.333333
1042.265048	8757.666667
1043.525496	8785.666667
1044.785446	8799.000000
1046.044899	8809.333333
1047.303855	8773.000000
1048.562313	8798.000000
1049.820275	8701.333333
1051.077740	8735.333333
1052.334709	8699.000000
1053.591182	8640.000000
1054.847160	8669.000000
1056.102641	8731.000000
1057.357628	8757.333333
1058.612120	8736.333333
1059.866117	8767.000000
1061.119619	8736.000000
1062.372628	8803.666667
1063.625142	8900.000000
1064.877163	8985.666667
1066.128691	8986.666667
1067.379725	8981.000000
1068.630267	9031.000000
1069.880316	9118.666667
1071.129872	9060.666667
1072.378937	9073.333333
1073.627509	8951.333333
1074.875590	8874.666667
1076.123180	8794.000000
1077.370279	8746.666667
1078.616887	8573.000000
1079.863004	8563.666667
1081.108631	8397.333333
1082.353768	8377.000000
1083.598415	8297.333333
1084.842573	8216.333333
1086.086241	8199.000000
1087.329421	8079.333333
1088.572111	8031.000000
1089.814314	8033.000000
1091.056028	7920.333333
1092.297253	7930.000000
1093.537992	7859.000000
1094.778242	7868.333333
1096.018006	7904.333333
1097.257282	7795.000000
1098.496072	7797.000000
1099.734376	7729.333333
1100.972193	7758.000000
1102.209524	7783.333333
1103.446370	7694.000000
1104.682730	7725.333333
1105.918604	7671.000000
1107.153994	7721.666667
1108.388900	7600.666667
1109.623320	7635.000000
1110.857257	7615.000000
1112.090710	7541.333333
1113.323679	7474.666667
1114.556164	7430.333333
1115.788167	7500.666667
1117.019686	7486.666667
1118.250723	7421.000000
1119.481278	7465.000000
1120.711350	7370.666667
1121.940940	7346.333333
1123.170049	7351.333333
1124.398676	7373.000000
1125.626823	7382.333333
1126.854488	7319.000000
1128.081672	7315.333333
1129.308376	7278.000000
1130.534600	7212.666667
1131.760345	7256.666667
1132.985609	7279.333333
1134.210394	7254.666667
1135.434700	7292.333333
1136.658527	7276.000000
1137.881875	7233.000000
1139.104745	7202.333333
1140.327136	7190.000000
1141.549050	7241.000000
1142.770486	7144.666667
1143.991445	7218.666667
1145.211926	7252.000000
1146.431931	7121.000000
1147.651459	7226.333333
1148.870510	7198.666667
1150.089086	7200.333333
1151.307185	7108.666667
1152.524808	7115.000000
1153.741957	7161.666667
1154.958630	7143.000000
1156.174828	7178.666667
1157.390551	7134.666667
1158.605800	7138.000000
1159.820574	7179.333333
1161.034875	7170.000000
1162.248702	7222.333333
1163.462055	7142.000000
1164.674936	7161.000000
1165.887343	7126.333333
1167.099277	7141.000000
1168.310739	7108.000000
1169.521729	7103.666667
1170.732247	7099.000000
1171.942293	7134.666667
1173.151867	7081.000000
1174.360970	7091.000000
1175.569602	7058.333333
1176.777764	7072.666667
1177.985454	7045.666667
1179.192675	7069.333333
1180.399425	7035.333333
1181.605706	7046.333333
1182.811517	6987.000000
1184.016859	6927.000000
1185.221731	6961.000000
1186.426135	6872.333333
1187.630070	6928.666667
1188.833537	6928.333333
1190.036535	6936.333333
1191.239066	6868.333333
1192.441129	6909.666667
1193.642725	6863.000000
1194.843853	6903.333333
1196.044515	6887.666667
1197.244710	6862.000000
1198.444438	6911.000000
1199.643701	6934.666667
1200.842497	6850.333333
1202.040827	6847.000000
1203.238693	6928.000000
1204.436092	6867.000000
1205.633027	6882.333333
1206.829497	6832.333333
1208.025503	6776.000000
1209.221044	6834.000000
1210.416122	6798.000000
1211.610735	6862.666667
1212.804885	6665.333333
1213.998572	6743.666667
1215.191795	6747.000000
1216.384556	6680.333333
1217.576854	6667.000000
1218.768689	6734.333333
1219.960063	6690.666667
1221.150974	6709.333333
1222.341424	6800.333333
1223.531413	6659.666667
1224.720940	6724.666667
1225.910006	6773.333333
1227.098612	6790.666667
1228.286757	6771.000000
1229.474442	6776.666667
1230.661667	6802.333333
1231.848432	6811.333333
1233.034738	6887.333333
1234.220584	6882.666667
1235.405971	6904.666667
1236.590900	6957.000000
1237.775369	6929.666667
1238.959381	6934.666667
1240.142934	6988.333333
1241.326029	7016.333333
1242.508667	7008.000000
1243.690848	7046.000000
1244.872571	6987.333333
1246.053837	7009.666667
1247.234646	6925.000000
1248.414999	6943.666667
1249.594896	6979.666667
1250.774337	6944.000000
1251.953322	6859.333333
1253.131851	6869.666667
1254.309925	6899.333333
1255.487544	6889.666667
1256.664708	6894.000000
1257.841417	6814.333333
1259.017673	6843.000000
1260.193473	6788.000000
1261.368820	6788.333333
1262.543714	6872.000000
1263.718154	6841.333333
1264.892140	6902.000000
1266.065674	6849.000000
1267.238755	6861.000000
1268.411383	6873.666667
1269.583559	6844.333333
1270.755283	6890.000000
1271.926555	6874.000000
1273.097375	6863.333333
1274.267744	6833.000000
1275.437662	6858.666667
1276.607129	6838.000000
1277.776145	6813.333333
1278.944711	6743.666667
1280.112827	6817.666667
1281.280492	6797.000000
1282.447708	6697.333333
1283.614474	6719.000000
1284.780791	6758.666667
1285.946659	6632.000000
1287.112078	6639.000000
1288.277048	6632.000000
1289.441570	6552.000000
1290.605644	6605.666667
1291.769270	6535.000000
1292.932448	6572.000000
1294.095178	6515.000000
1295.257461	6382.000000
1296.419298	6476.666667
1297.580687	6411.333333
1298.741630	6446.333333
1299.902126	6444.666667
1301.062177	6412.000000
1302.221781	6403.333333
1303.380940	6424.000000
1304.539653	6339.666667
1305.697921	6389.333333
1306.855744	6442.666667
1308.013123	6411.666667
1309.170056	6403.333333
1310.326546	6342.666667
1311.482591	6354.666667
1312.638193	6445.000000
1313.793350	6460.333333
1314.948065	6338.333333
1316.102336	6387.333333
1317.256164	6360.000000
1318.409550	6431.666667
1319.562493	6334.000000
1320.714993	6381.666667
1321.867052	6283.000000
1323.018668	6310.666667
1324.169843	6371.000000
1325.320577	6294.000000
1326.470870	6272.333333
1327.620721	6266.666667
1328.770132	6280.666667
1329.919102	6222.666667
1331.067632	6276.333333
1332.215722	6221.666667
1333.363372	6234.000000
1334.510582	6223.333333
1335.657353	6232.333333
1336.803685	6259.666667
1337.949578	6288.666667
1339.095032	6172.000000
1340.240048	6192.666667
1341.384625	6251.333333
1342.528764	6266.333333
1343.672466	6233.333333
1344.815729	6297.000000
1345.958556	6283.666667
1347.100945	6211.000000
1348.242897	6164.666667
1349.384413	6162.666667
1350.525492	6186.666667
1351.666134	6172.333333
1352.806341	6074.000000
1353.946111	6128.333333
1355.085446	6081.000000
1356.224346	6093.000000
1357.362810	6046.333333
1358.500840	6014.333333
1359.638434	6016.000000
1360.775594	5998.666667
1361.912320	5970.333333
1363.048612	6021.666667
1364.184469	5963.333333
1365.319893	6036.333333
1366.454884	6040.333333
1367.589441	5931.666667
1368.723566	5912.000000
1369.857257	6010.333333
1370.990516	5922.333333
1372.123343	6046.000000
1373.255737	6042.000000
1374.387699	6000.333333
1375.519230	6063.000000
1376.650329	6001.333333
1377.780997	5971.000000
1378.911234	6053.000000
1380.041040	6042.666667
1381.170416	6010.000000
1382.299361	6017.666667
1383.427875	6002.333333
1384.555960	5992.000000
1385.683615	6020.000000
1386.810841	5951.666667
1387.937637	5989.000000
1389.064004	5950.000000
1390.189942	5979.000000
1391.315451	5908.333333
1392.440532	5955.666667
1393.565185	6003.000000
1394.689409	5955.000000
1395.813206	5981.000000
1396.936575	5944.333333
1398.059517	5875.666667
1399.182032	5895.666667
1400.304119	5860.000000
1401.425780	5843.000000
1402.547014	5893.333333
1403.667822	5850.666667
1404.788204	5904.000000
1405.908160	5850.000000
1407.027690	5864.333333
1408.146795	5848.333333
1409.265474	5896.333333
1410.383728	5813.666667
1411.501558	5895.666667
1412.618963	5910.000000
1413.735943	5875.333333
1414.852499	5854.333333
1415.968632	5878.000000
1417.084340	5838.666667
1418.199625	5836.000000
1419.314486	5916.666667
1420.428925	5976.666667
1421.542940	5891.000000
1422.656533	5910.333333
1423.769703	5935.333333
1424.882451	5948.666667
1425.994777	5922.333333
1427.106680	5887.333333
1428.218163	5841.666667
1429.329223	5881.333333
1430.439863	5852.333333
1431.550081	5851.333333
1432.659879	5861.333333
1433.769256	5793.666667
1434.878212	5842.333333
1435.986749	5957.333333
1437.094865	5832.666667
1438.202562	5815.666667
1439.309839	5895.666667
1440.416696	5932.666667
1441.523135	5875.000000
1442.629154	5934.333333
1443.734755	5934.333333
1444.839937	5958.333333
1445.944701	5959.666667
1447.049047	6066.000000
1448.152975	6057.666667
1449.256485	6016.333333
1450.359577	6006.000000
1451.462253	6054.000000
1452.564511	6035.333333
1453.666352	6008.666667
1454.767777	6018.666667
1455.868785	5938.333333
1456.969377	5904.000000
1458.069553	5988.000000
1459.169313	5963.333333
1460.268658	5925.333333
1461.367587	5880.666667
1462.466101	5866.000000
1463.564200	5826.000000
1464.661884	5768.666667
1465.759153	5749.333333
1466.856008	5680.666667
1467.952449	5639.666667
1469.048476	5645.000000
1470.144089	5614.666667
1471.239288	5566.666667
1472.334074	5454.666667
1473.428447	5478.333333
1474.522407	5481.333333
1475.615955	5515.333333
1476.709089	5338.000000
1477.801812	5362.000000
1478.894122	5298.000000
1479.986020	5294.333333
1481.077506	5248.333333
1482.168581	5263.666667
1483.259245	5260.333333
1484.349498	5232.333333
1485.439339	5249.666667
1486.528770	5252.666667
1487.617790	5174.666667
1488.706400	5238.333333
1489.794600	5274.000000
1490.882390	5163.333333
1491.969771	5139.333333
1493.056742	5163.666667
1494.143303	5192.333333
1495.229456	5154.000000
1496.315199	5163.000000
1497.400534	5139.000000
1498.485460	5181.333333
1499.569978	5129.333333
1500.654088	5205.666667
1501.737790	5098.333333
1502.821085	5145.333333
1503.903972	5116.000000
1504.986451	5114.666667
1506.068524	5050.333333
1507.150189	5070.333333
1508.231448	4989.333333
1509.312301	5066.000000
1510.392747	5088.333333
1511.472787	4995.333333
1512.552422	5070.333333
1513.631650	5021.333333
1514.710473	5069.666667
1515.788891	5131.000000
1516.866904	5078.666667
1517.944512	5036.666667
1519.021715	5130.000000
1520.098513	5027.666667
1521.174908	5076.666667
1522.250898	5077.000000
1523.326485	5149.666667
1524.401667	5167.666667
1525.476447	5132.000000
1526.550823	5134.000000
1527.624796	5171.666667
1528.698365	5155.333333
1529.771533	5177.666667
1530.844298	5159.666667
1531.916660	5142.666667
1532.988620	5133.000000
1534.060179	5110.000000
1535.131336	5199.666667
1536.202091	5181.333333
1537.272445	5078.000000
1538.342398	5124.666667
1539.411950	5126.333333
1540.481101	5108.000000
1541.549851	5173.000000
1542.618202	5145.666667
1543.686152	5056.333333
1544.753702	5132.666667
1545.820853	5056.333333
1546.887604	5021.000000
1547.953955	5055.333333
1549.019908	5059.666667
1550.085461	5013.333333
1551.150616	4969.666667
1552.215372	4964.666667
1553.279730	4986.666667
1554.343690	5006.000000
1555.407252	4901.000000
1556.470415	4933.000000
1557.533182	4997.000000
1558.595551	4901.333333
1559.657522	4928.000000
1560.719097	4915.333333
1561.780275	4880.666667
1562.841056	4875.333333
1563.901441	4855.666667
1564.961429	4853.000000
1566.021022	4870.333333
1567.080219	4826.333333
1568.139020	4889.000000
1569.197425	4821.666667
1570.255436	4826.666667
1571.313051	4834.000000
1572.370271	4837.000000
1573.427097	4843.333333
1574.483528	4771.333333
1575.539565	4798.000000
1576.595208	4818.000000
1577.650457	4851.666667
1578.705312	4756.333333
1579.759774	4736.666667
1580.813842	4795.333333
1581.867517	4756.333333
1582.920799	4711.666667
1583.973689	4739.000000
1585.026186	4725.666667
1586.078290	4719.333333
1587.130002	4743.333333
1588.181323	4713.666667
1589.232251	4698.000000
1590.282788	4684.333333
1591.332933	4706.000000
1592.382688	4722.333333
1593.432051	4778.666667
1594.481023	4742.666667
1595.529605	4752.333333
1596.577796	4781.666667
1597.625597	4737.333333
1598.673007	4810.666667
1599.720028	4788.333333
1600.766660	4824.000000
1601.812901	4779.000000
1602.858753	4813.666667
1603.904217	4825.666667
1604.949291	4788.333333
1605.993976	4862.666667
1607.038273	4819.666667
1608.082182	4873.000000
1609.125702	4912.333333
1610.168834	4828.666667
1611.211579	4855.666667
1612.253935	4884.333333
1613.295905	4832.000000
1614.337487	4838.666667
1615.378682	4828.333333
1616.419490	4857.666667
1617.459912	4791.666667
1618.499946	4891.666667
1619.539595	4840.333333
1620.578858	4829.333333
1621.617734	4864.666667
1622.656225	4862.666667
1623.694330	4874.666667
1624.732050	4820.666667
1625.769385	4866.666667
1626.806334	4809.000000
1627.842899	4894.000000
1628.879079	4868.000000
1629.914875	4860.333333
1630.950286	4867.333333
1631.985314	4860.000000
1633.019957	4892.000000
1634.054217	4899.333333
1635.088093	4881.666667
1636.121586	4890.333333
1637.154696	4909.333333
1638.187423	4921.000000
1639.219767	4929.666667
1640.251728	4978.333333
1641.283307	5009.666667
1642.314504	4965.666667
1643.345319	5044.000000
1644.375751	4969.333333
1645.405803	4976.333333
1646.435472	4973.666667
1647.464761	4999.333333
1648.493668	4960.000000
1649.522194	4997.666667
1650.550340	4969.333333
1651.578105	4949.333333
1652.605490	4965.666667
1653.632494	4924.333333
1654.659119	4985.000000
1655.685363	4951.666667
1656.711228	4975.333333
1657.736714	4897.000000
1658.761820	4974.000000
1659.786547	4972.333333
1660.810895	4990.333333
1661.834865	4884.666667
1662.858456	4907.000000
1663.881668	4937.333333
1664.904503	4834.666667
1665.926959	4861.333333
1666.949038	4862.333333
1667.970739	4863.000000
1668.992062	4829.666667
1670.013008	4824.333333
1671.033577	4827.333333
1672.053770	4804.000000
1673.073585	4760.666667
1674.093024	4727.000000
1675.112086	4736.000000
1676.130773	4693.666667
1677.149083	4731.000000
1678.167017	4743.333333
1679.184576	4693.000000
1680.201760	4715.666667
1681.218568	4674.333333
1682.235001	4685.666667
1683.251059	4682.333333
1684.266742	4695.666667
1685.282051	4632.666667
1686.296985	4619.333333
1687.311546	4661.333333
1688.325732	4629.666667
1689.339544	4570.333333
1690.352983	4540.333333
1691.366048	4560.333333
1692.378740	4494.666667
1693.391058	4512.333333
1694.403004	4469.666667
1695.414577	4447.666667
1696.425778	4415.000000
1697.436606	4441.000000
1698.447061	4408.666667
1699.457145	4462.333333
1700.466857	4358.666667
1701.476197	4416.333333
1702.485166	4372.333333
1703.493763	4352.000000
1704.501989	4289.333333
1705.509844	4363.000000
1706.517328	4347.666667
1707.524442	4284.333333
1708.531185	4397.000000
1709.537558	4315.000000
1710.543561	4311.333333
1711.549194	4365.666667
1712.554457	4329.333333
1713.559351	4393.333333
1714.563875	4341.333333
1715.568030	4404.333333
1716.571816	4401.666667
1717.575233	4368.333333
1718.578282	4433.666667
1719.580962	4396.333333
1720.583273	4394.333333
1721.585217	4460.333333
1722.586792	4432.000000
1723.588000	4459.000000
1724.588840	4444.000000
1725.589312	4501.000000
1726.589418	4422.000000
1727.589156	4477.000000
1728.588527	4467.666667
1729.587532	4542.666667
1730.586170	4500.666667
1731.584441	4570.666667
1732.582346	4574.333333
1733.579886	4568.000000
1734.577059	4570.000000
1735.573867	4574.333333
1736.570309	4574.000000
1737.566386	4562.333333
1738.562097	4614.666667
1739.557444	4515.666667
1740.552426	4571.333333
1741.547043	4570.000000
1742.541295	4512.000000
1743.535184	4529.666667
1744.528708	4524.666667
1745.521868	4520.333333
1746.514664	4497.333333
1747.507097	4513.666667
1748.499166	4554.666667
1749.490873	4486.000000
1750.482216	4525.666667
1751.473196	4489.333333
1752.463813	4473.666667
1753.454068	4484.666667
1754.443960	4496.333333
1755.433490	4425.333333
1756.422658	4421.000000
1757.411464	4578.000000
1758.399908	4704.000000
1759.387991	4407.666667
1760.375713	4368.333333
1761.363073	4358.666667
1762.350072	4339.333333
1763.336711	4358.333333
1764.322988	4315.666667
1765.308905	4328.333333
1766.294462	4233.333333
1767.279659	4325.333333
1768.264496	4193.333333
1769.248972	4239.666667
1770.233089	4226.000000
1771.216847	4223.333333
1772.200245	4124.333333
1773.183284	4129.666667
1774.165965	4121.000000
1775.148286	4115.666667
1776.130249	4094.000000
1777.111853	4027.666667
1778.093099	4072.333333
1779.073987	4062.333333
1780.054517	4002.333333
1781.034689	3993.333333
1782.014503	3954.333333
1782.993960	3966.000000
1783.973060	3911.333333
1784.951802	3864.000000
1785.930188	3867.000000
1786.908217	3878.666667
1787.885889	3838.000000
1788.863205	3868.333333
1789.840164	3819.000000
1790.816768	3770.333333
1791.793015	3798.666667
1792.768907	3789.333333
1793.744443	3787.333333
1794.719624	3784.666667
1795.694449	3852.666667
1796.668919	3810.666667
1797.643035	3783.333333
1798.616795	3816.666667
1799.590201	3818.000000
1800.563253	3816.666667
1801.535950	3825.000000
1802.508294	3873.000000
1803.480283	3887.000000
1804.451919	3859.666667
1805.423201	3845.000000
1806.394129	3907.666667
1807.364705	3920.000000
1808.334927	3930.000000
1809.304796	3965.000000
1810.274313	3891.666667
1811.243477	3931.000000
1812.212288	4001.333333
1813.180747	3965.000000
1814.148855	4015.333333
1815.116610	4029.666667
1816.084013	4042.000000
1817.051065	4054.333333
1818.017766	4019.666667
1818.984115	4095.000000
1819.950113	4093.666667
1820.915760	4128.333333
1821.881057	4089.000000
1822.846003	4161.666667
1823.810598	4167.000000
1824.774843	4146.333333
1825.738738	4142.000000
1826.702283	4145.000000
1827.665479	4147.000000
1828.628324	4150.000000
1829.590821	4194.000000
1830.552968	4183.000000
1831.514765	4241.333333
1832.476214	4199.666667
1833.437314	4207.666667
1834.398066	4217.333333
1835.358469	4185.666667
1836.318524	4138.000000
1837.278230	4155.333333
1838.237589	4179.333333
1839.196600	4124.333333
1840.155263	4118.000000
1841.113578	4091.000000
1842.071547	4087.666667
1843.029168	4094.333333
1843.986442	4014.666667
1844.943369	4050.000000
1845.899950	3983.000000
1846.856184	3966.333333
1847.812072	3998.666667
1848.767614	3953.666667
1849.722809	3921.333333
1850.677659	3871.666667
1851.632163	3876.000000
1852.586322	3884.666667
1853.540135	3843.333333
1854.493603	3816.666667
1855.446726	3778.666667
1856.399504	3726.666667
1857.351937	3695.000000
1858.304026	3670.333333
1859.255770	3675.333333
1860.207170	3620.333333
1861.158227	3655.666667
1862.108939	3624.333333
1863.059307	3583.000000
1864.009332	3562.333333
1864.959013	3553.666667
1865.908351	3577.333333
1866.857346	3515.333333
1867.805998	3481.000000
1868.754307	3510.666667
1869.702274	3445.000000
1870.649898	3466.000000
1871.597180	3456.000000
1872.544119	3423.333333
1873.490717	3439.333333
1874.436973	3414.333333
1875.382887	3359.333333
1876.328459	3459.000000
1877.273691	3435.666667
1878.218581	3446.666667
1879.163130	3469.000000
1880.107338	3443.333333
1881.051205	3448.333333
1881.994732	3473.000000
1882.937919	3442.333333
1883.880765	3473.000000
1884.823271	3501.000000
1885.765437	3449.333333
1886.707264	3485.666667
1887.648750	3495.666667
1888.589898	3477.000000
1889.530706	3503.000000
1890.471175	3504.666667
1891.411305	3513.666667
1892.351096	3526.666667
1893.290548	3549.666667
1894.229662	3570.333333
1895.168438	3573.333333
1896.106876	3565.666667
1897.044975	3599.000000
1897.982737	3611.000000
1898.920160	3596.000000
1899.857247	3563.000000
1900.793996	3611.000000
1901.730407	3607.333333
1902.666482	3564.666667
1903.602219	3561.666667
1904.537620	3571.333333
1905.472685	3608.666667
1906.407412	3602.666667
1907.341804	3553.333333
1908.275859	3574.000000
1909.209579	3498.333333
1910.142962	3491.666667
1911.076010	3453.666667
1912.008722	3446.333333
1912.941099	3417.000000
1913.873141	3394.333333
1914.804848	3415.000000
1915.736219	3387.333333
1916.667256	3361.000000
1917.597959	3315.333333
1918.528327	3309.333333
1919.458360	3270.000000
1920.388060	3323.333333
1921.317426	3239.333333
1922.246457	3209.000000
1923.175156	3274.666667
1924.103520	3217.000000
1925.031552	3223.333333
1925.959250	3195.000000
1926.886615	3176.000000
1927.813647	3176.333333
1928.740346	3168.666667
1929.666713	3166.333333
1930.592748	3160.666667
1931.518450	3156.000000
1932.443820	3131.666667
1933.368858	3124.666667
1934.293564	3113.000000
1935.217939	3114.666667
1936.141982	3107.000000
1937.065694	3055.666667
1937.989074	3080.666667
1938.912124	3081.000000
1939.834842	3076.666667
1940.757230	3097.000000
1941.679287	3049.000000
1942.601014	3013.666667
1943.522411	3052.000000
1944.443477	3012.666667
1945.364214	2989.333333
1946.284621	3006.666667
1947.204698	2985.666667
1948.124445	2966.333333
1949.043863	2980.333333
1949.962952	2980.000000
1950.881712	2949.000000
1951.800143	2939.000000
1952.718245	2931.333333
1953.636019	3004.333333
1954.553464	2929.000000
1955.470581	2931.000000
1956.387369	2931.000000
1957.303830	2917.666667
1958.219963	2913.333333
1959.135768	2941.000000
1960.051246	2907.000000
1960.966396	2912.666667
1961.881219	2952.666667
1962.795715	2974.666667
1963.709883	2961.666667
1964.623726	2976.666667
1965.537241	3007.000000
1966.450430	2998.666667
1967.363293	3025.666667
1968.275829	3011.333333
1969.188040	3018.333333
1970.099924	3013.000000
1971.011483	3082.666667
1971.922716	2985.666667
1972.833624	3014.333333
1973.744206	3046.333333
1974.654464	3059.666667
1975.564396	3034.000000
1976.474004	3016.333333
1977.383286	3030.333333
1978.292245	3011.666667
1979.200878	3001.333333
1980.109188	3017.000000
1981.017174	2961.000000
1981.924835	2902.333333
1982.832173	2967.333333
1983.739187	2947.333333
1984.645878	2883.333333
1985.552245	2883.333333
1986.458289	2950.666667
1987.364010	2852.333333
1988.269408	2821.000000
1989.174484	2799.000000
1990.079236	2819.666667
1990.983667	2778.666667
1991.887775	2732.666667
1992.791561	2793.000000
1993.695024	2712.333333
1994.598166	2706.666667
1995.500986	2668.333333
1996.403485	2676.333333
1997.305662	2652.666667
1998.207518	2675.333333
1999.109053	2609.000000
