200.151048	13891.000000
201.758777	13881.000000
203.365815	13904.333333
204.972162	13708.666667
206.577820	13807.666667
208.182787	13635.000000
209.787065	13748.000000
211.390653	13703.000000
212.993553	13565.000000
214.595765	13531.000000
216.197289	13513.000000
217.798125	13484.666667
219.398274	13509.666667
220.997737	13428.333333
222.596513	13337.000000
224.194603	13457.666667
225.792008	13362.666667
227.388728	13251.000000
228.984763	13252.333333
230.580114	13176.000000
232.174781	13203.666667
233.768765	13166.333333
235.362065	13115.666667
236.954683	13142.666667
238.546619	13046.666667
240.137872	12995.333333
241.728445	12976.000000
243.318336	12967.000000
244.907546	12909.666667
246.496076	12887.666667
248.083926	12899.666667
249.671097	12819.333333
251.257589	12775.000000
252.843402	12627.333333
254.428536	12737.333333
256.012993	12589.000000
257.596772	12594.000000
259.179874	12542.000000
260.762300	12520.333333
262.344049	12453.666667
263.925122	12520.333333
265.505519	12509.000000
267.085241	12476.000000
268.664289	12399.333333
270.242662	12437.666667
271.820361	12390.666667
273.397387	12352.333333
274.973740	12356.333333
276.549419	12242.666667
278.124426	12260.333333
279.698762	12295.333333
281.272425	12325.666667
282.845417	12353.333333
284.417739	12312.333333
285.989390	12408.666667
287.560371	12321.666667
289.130682	12304.000000
290.700324	12355.000000
292.269297	12315.333333
293.837602	12256.000000
295.405238	12241.000000
296.972207	12315.666667
298.538508	12146.666667
300.104142	12169.666667
301.669110	12124.000000
303.233411	12164.000000
304.797047	11960.000000
306.360017	12107.666667
307.922322	12077.000000
309.483963	11946.333333
311.044939	11871.000000
312.605252	11819.000000
314.164900	11814.333333
315.723886	11732.666667
317.282209	11683.666667
318.839870	11651.666667
320.396868	11743.000000
321.953205	11624.333333
323.508881	11597.333333
325.063896	11603.333333
326.618251	11659.333333
328.171945	11598.000000
329.724980	11506.000000
331.277356	11487.666667
332.829072	11588.333333
334.380131	11399.000000
335.930530	11412.333333
337.480273	11417.333333
339.029357	11434.000000
340.577785	11422.333333
342.125556	11377.000000
343.672671	11303.666667
345.219130	11258.000000
346.764933	11366.000000
348.310081	11193.000000
349.854575	11357.333333
351.398414	11216.000000
352.941599	11123.000000
354.484130	11216.666667
356.026008	11115.666667
357.567234	11150.666667
359.107807	11115.000000
360.647727	11147.000000
362.186996	11037.666667
363.725614	10985.666667
365.263580	11043.666667
366.800896	10930.333333
368.337562	10990.666667
369.873578	10981.333333
371.408944	10933.333333
372.943661	10910.666667
374.477730	10946.000000
376.011150	11020.333333
377.543922	10982.666667
379.076046	10998.333333
380.607523	11047.666667
382.138353	10961.000000
383.668537	10918.000000
385.198075	11075.666667
386.726966	11084.666667
388.255213	11120.666667
389.782814	11158.000000
391.309770	11171.666667
392.836083	11122.666667
394.361751	11233.000000
395.886776	11145.000000
397.411157	11128.000000
398.934896	11195.000000
400.457992	11275.333333
401.980446	11263.000000
403.502258	11290.333333
405.023429	11221.333333
406.543959	11298.333333
408.063849	11396.000000
409.583098	11235.000000
411.101707	11448.666667
412.619677	11482.000000
414.137007	11547.000000
415.653699	11677.000000
417.169752	11773.333333
418.685167	11927.000000
420.199945	12009.666667
421.714085	12166.333333
423.227588	12259.666667
424.740454	12433.666667
426.252684	12440.000000
427.764279	12410.000000
429.275238	12572.000000
430.785561	12433.000000
432.295250	12424.666667
433.804304	12279.000000
435.312725	12186.666667
436.820511	12062.666667
438.327664	11965.000000
439.834185	11855.666667
441.340072	11702.000000
442.845327	11757.333333
444.349951	11674.333333
445.853942	11635.333333
447.357303	11562.000000
448.860033	11543.000000
450.362132	11474.000000
451.863601	11368.333333
453.364440	11352.000000
454.864650	11214.666667
456.364231	11120.333333
457.863183	10988.000000
459.361507	10865.333333
460.859203	10878.333333
462.356271	10745.333333
463.852712	10630.333333
465.348526	10693.000000
466.843714	10484.000000
468.338275	10486.000000
469.832210	10440.000000
471.325520	10374.000000
472.818205	10338.000000
474.310265	10284.333333
475.801700	10285.666667
477.292512	10213.666667
478.782700	10204.666667
480.272264	10211.666667
481.761205	10183.666667
483.249524	10025.333333
484.737221	10141.000000
486.224295	10051.333333
487.710748	9936.666667
489.196579	9914.666667
490.681790	9873.333333
492.166380	9920.000000
493.650350	9904.333333
495.133700	9929.666667
496.616431	9788.333333
498.098542	9834.666667
499.580035	9918.333333
501.060909	9865.333333
502.541165	9916.666667
504.020804	9901.666667
505.499825	9856.000000
506.978228	9806.666667
508.456016	9821.000000
509.933186	9785.666667
511.409741	9766.666667
512.885680	9774.333333
514.361004	9709.666667
515.835713	9790.000000
517.309807	9725.000000
518.783287	9852.000000
520.256153	9787.333333
521.728406	9836.666667
523.200045	9737.000000
524.671071	9868.333333
526.141485	9776.666667
527.611287	9877.333333
529.080476	9751.000000
530.549054	9799.666667
532.017021	9829.666667
533.484378	9803.666667
534.951123	9808.000000
536.417259	9757.333333
537.882785	9834.333333
539.347701	9762.333333
540.812008	9728.000000
542.275707	9740.666667
543.738797	9774.000000
545.201279	9767.000000
546.663153	9783.000000
548.124420	9929.333333
549.585080	9924.333333
551.045133	9931.333333
552.504579	9991.666667
553.963420	9934.333333
555.421655	9963.333333
556.879285	10018.000000
558.336309	9936.000000
559.792729	9985.666667
561.248545	9986.000000
562.703756	10115.666667
564.158364	10074.333333
565.612369	10129.666667
567.065770	10155.000000
568.518569	10303.333333
569.970766	10315.333333
571.422361	10360.000000
572.873354	10479.333333
574.323745	10525.666667
575.773536	10582.000000
577.222726	10626.666667
578.671316	10692.666667
580.119306	10693.666667
581.566696	10657.666667
583.013487	10582.000000
584.459679	10621.333333
585.905273	10628.000000
587.350268	10529.333333
588.794665	10489.333333
590.238465	10494.666667
591.681667	10447.000000
593.124272	10364.333333
594.566281	10284.666667
596.007694	10161.000000
597.448510	10070.666667
598.888731	9990.000000
600.328357	9957.333333
601.767388	9951.666667
603.205824	9856.000000
604.643666	9870.666667
606.080914	9904.333333
607.517568	9941.666667
608.953629	9902.666667
610.389097	9832.333333
611.823972	9844.666667
613.258255	9769.666667
614.691946	9747.666667
616.125046	9705.666667
617.557554	9661.000000
618.989471	9536.666667
620.420798	9450.333333
621.851534	9376.000000
623.281680	9334.000000
624.711237	9246.333333
626.140204	9118.333333
627.568582	9162.666667
628.996372	9070.333333
630.423573	9066.000000
631.850186	9065.333333
633.276211	8979.000000
634.701650	9090.333333
636.126501	9029.666667
637.550765	8963.000000
638.974443	9014.666667
640.397535	8915.333333
641.820041	9026.666667
643.241961	8958.000000
644.663297	8984.000000
646.084048	8914.666667
647.504214	9002.666667
648.923796	8854.000000
650.342795	8828.333333
651.761210	8815.000000
653.179041	8844.000000
654.596290	8802.666667
656.012957	8752.333333
657.429041	8772.666667
658.844543	8784.000000
660.259464	8769.333333
661.673804	8794.000000
663.087563	8784.000000
664.500741	8798.333333
665.913339	8781.333333
667.325357	8822.000000
668.736795	8865.666667
670.147654	8773.000000
671.557934	8811.000000
672.967636	8812.666667
674.376759	8758.000000
675.785304	8718.000000
677.193271	8734.333333
678.600661	8704.333333
680.007474	8722.000000
681.413711	8754.000000
682.819370	8709.666667
684.224454	8615.000000
685.628962	8683.666667
687.032895	8714.333333
688.436252	8715.000000
689.839034	8672.000000
691.241242	8739.666667
692.642876	8731.333333
694.043936	8626.000000
695.444422	8703.333333
696.844336	8588.333333
698.243676	8646.666667
699.642443	8542.333333
701.040639	8593.666667
702.438262	8659.000000
703.835313	8584.000000
705.231794	8597.333333
706.627703	8604.000000
708.023041	8564.666667
709.417810	8645.333333
710.812008	8662.666667
712.205636	8501.333333
713.598694	8603.000000
714.991184	8549.666667
716.383105	8542.000000
717.774457	8495.666667
719.165241	8493.666667
720.555457	8532.333333
721.945105	8473.000000
723.334187	8514.000000
724.722701	8582.666667
726.110648	8496.000000
727.498030	8491.666667
728.884845	8594.000000
730.271094	8540.000000
731.656778	8521.666667
733.041897	8419.000000
734.426451	8466.000000
735.810441	8450.666667
737.193866	8415.333333
738.576728	8468.666667
739.959026	8440.666667
741.340760	8404.000000
742.721932	8412.333333
744.102541	8539.666667
745.482588	8441.000000
746.862073	8429.333333
748.240996	8384.666667
749.619358	8435.000000
750.997158	8478.000000
752.374398	8387.666667
753.751077	8443.333333
755.127197	8387.666667
756.502756	8479.333333
757.877756	8440.666667
759.252196	8484.666667
760.626078	8414.666667
761.999400	8426.000000
763.372165	8384.333333
764.744371	8433.000000
766.116020	8363.000000
767.487111	8357.333333
768.857646	8308.000000
770.227623	8346.000000
771.597044	8275.333333
772.965908	8224.666667
774.334217	8286.666667
775.701970	8232.666667
777.069168	8256.333333
778.435811	8277.000000
779.801899	8242.333333
781.167433	8205.666667
782.532412	8171.666667
783.896838	8277.666667
785.260710	8245.000000
786.624029	8179.333333
787.986796	8198.000000
789.349009	8227.666667
790.710671	8187.333333
792.071780	8201.333333
793.432338	8147.666667
794.792344	8152.666667
796.151799	8067.000000
797.510704	8138.333333
798.869058	8072.000000
800.226862	8084.333333
801.584116	8075.666667
802.940820	8070.666667
804.296975	8047.333333
805.652581	8107.000000
807.007638	8070.666667
808.362147	8119.000000
809.716108	8144.333333
811.069521	8186.666667
812.422387	8174.666667
813.774705	8210.000000
815.126476	8105.000000
816.477701	8105.333333
817.828380	8134.333333
819.178512	8137.000000
820.528099	8090.333333
821.877140	8080.000000
823.225637	8013.000000
824.573588	8026.333333
825.920995	7985.666667
827.267857	8051.333333
828.614176	8018.000000
829.959951	8017.000000
831.305183	8029.666667
832.649871	8057.333333
833.994017	8058.666667
835.337620	8103.666667
836.680681	8051.666667
838.023201	8069.000000
839.365178	8020.333333
840.706614	8052.666667
842.047510	8109.333333
843.387864	8131.333333
844.727678	8156.666667
846.066952	8174.333333
847.405687	8228.333333
848.743881	8289.333333
850.081537	8244.000000
851.418653	8279.000000
852.755231	8338.000000
854.091270	8403.666667
855.426771	8269.333333
856.761735	8367.000000
858.096160	8244.000000
859.430049	8285.666667
860.763401	8159.333333
862.096216	8096.000000
863.428495	8109.666667
864.760237	8225.666667
866.091444	8080.000000
867.422115	8130.666667
868.752252	8214.333333
870.081853	8164.000000
871.410919	8074.000000
872.739452	8168.666667
874.067450	8044.000000
875.394914	8044.333333
876.721845	8055.666667
878.048243	8106.000000
879.374108	8014.666667
880.699440	8057.000000
882.024240	8033.666667
883.348508	7910.000000
884.672244	7921.333333
885.995449	7919.000000
887.318122	7782.000000
888.640265	7847.000000
889.961877	7819.000000
891.282959	7840.666667
892.603510	7780.333333
893.923532	7756.333333
895.243024	7834.666667
896.561987	7747.000000
897.880422	7748.333333
899.198327	7744.666667
900.515705	7685.333333
901.832554	7686.000000
903.148875	7695.333333
904.464669	7782.666667
905.779936	7698.666667
907.094676	7768.000000
908.408889	7751.000000
909.722576	7799.666667
911.035737	7838.666667
912.348371	7850.333333
913.660481	7854.000000
914.972065	7906.333333
916.283124	7998.000000
917.593659	7973.333333
918.903669	7992.666667
920.213155	8019.333333
921.522117	8101.333333
922.830556	8024.333333
924.138471	7997.000000
925.445864	8020.666667
926.752733	8060.000000
928.059081	8106.333333
929.364906	8032.000000
930.670209	8165.666667
931.974991	8200.666667
933.279251	8292.000000
934.582990	8334.000000
935.886209	8484.000000
937.188907	8565.666667
938.491085	8641.333333
939.792743	8845.333333
941.093881	9064.666667
942.394500	9185.333333
943.694600	9468.333333
944.994181	9683.000000
946.293243	9949.333333
947.591787	10436.333333
948.889813	10895.333333
950.187322	11461.000000
951.484313	11949.666667
952.780787	12631.333333
954.076744	13397.000000
955.372184	14031.666667
956.667108	14494.333333
957.961516	14831.000000
959.255409	14942.333333
960.548785	14650.333333
961.841647	14066.666667
963.133993	13365.333333
964.425825	12619.000000
965.717142	11851.666667
967.007946	11045.000000
968.298235	10343.333333
969.588011	9682.666667
970.877273	9226.666667
972.166023	8657.333333
973.454259	8408.333333
974.741984	8165.000000
976.029196	7971.666667
977.315895	7769.666667
978.602084	7663.666667
979.887761	7496.000000
981.172926	7479.666667
982.457581	7410.666667
983.741725	7320.666667
985.025359	7339.000000
986.308483	7298.333333
987.591097	7300.666667
988.873202	7202.000000
990.154797	7229.000000
991.435883	7211.000000
992.716461	7247.666667
993.996530	7212.333333
995.276091	7283.666667
996.555144	7232.666667
997.833690	7333.000000
999.111728	7326.000000
1000.389259	7389.000000
1001.666283	7463.333333
1002.942800	7476.000000
1004.218812	7476.666667
1005.494317	7364.333333
1006.769317	7422.333333
1008.043811	7317.666667
1009.317799	7375.666667
1010.591283	7250.666667
1011.864263	7312.000000
1013.136737	7332.000000
1014.408708	7339.000000
1015.680175	7343.000000
1016.951138	7343.333333
1018.221598	7337.333333
1019.491554	7344.000000
1020.761008	7425.000000
1022.029959	7465.000000
1023.298408	7417.666667
1024.566355	7494.333333
1025.833800	7474.333333
1027.100744	7475.333333
1028.367187	7522.666667
1029.633128	7554.000000
1030.898569	7530.000000
1032.163509	7429.666667
1033.427949	7474.333333
1034.691890	7523.000000
1035.955330	7500.333333
1037.218271	7618.333333
1038.480714	7632.666667
1039.742657	7595.333333
1041.004101	7607.666667
1042.265048	7576.000000
1043.525496	7596.000000
1044.785446	7575.333333
1046.044899	7576.000000
1047.303855	7504.333333
1048.562313	7547.000000
1049.820275	7523.000000
1051.077740	7484.666667
1052.334709	7467.333333
1053.591182	7488.666667
1054.847160	7494.000000
1056.102641	7506.666667
1057.357628	7486.666667
1058.612120	7503.333333
1059.866117	7547.666667
1061.119619	7617.000000
1062.372628	7647.000000
1063.625142	7671.666667
1064.877163	7802.666667
1066.128691	7771.666667
1067.379725	7813.333333
1068.630267	7890.666667
1069.880316	7727.333333
1071.129872	7645.333333
1072.378937	7732.000000
1073.627509	7604.333333
1074.875590	7582.666667
1076.123180	7451.666667
1077.370279	7413.666667
1078.616887	7394.333333
1079.863004	7286.000000
1081.108631	7224.666667
1082.353768	7072.000000
1083.598415	7079.666667
1084.842573	6918.333333
1086.086241	6951.000000
1087.329421	6855.000000
1088.572111	6849.666667
1089.814314	6842.333333
1091.056028	6786.000000
1092.297253	6814.000000
1093.537992	6668.333333
1094.778242	6642.000000
1096.018006	6689.333333
1097.257282	6615.000000
1098.496072	6631.666667
1099.734376	6625.666667
1100.972193	6633.666667
1102.209524	6649.333333
1103.446370	6592.666667
1104.682730	6582.666667
1105.918604	6566.000000
1107.153994	6518.333333
1108.388900	6485.333333
1109.623320	6486.333333
1110.857257	6436.666667
1112.090710	6343.333333
1113.323679	6337.333333
1114.556164	6273.333333
1115.788167	6259.000000
1117.019686	6321.666667
1118.250723	6242.666667
1119.481278	6221.000000
1120.711350	6220.333333
1121.940940	6220.000000
1123.170049	6233.666667
1124.398676	6177.666667
1125.626823	6259.000000
1126.854488	6214.333333
1128.081672	6117.000000
1129.308376	6171.666667
1130.534600	6126.333333
1131.760345	6212.333333
1132.985609	6095.666667
1134.210394	6122.666667
1135.434700	6172.000000
1136.658527	6083.666667
1137.881875	6129.666667
1139.104745	6076.000000
1140.327136	6092.000000
1141.549050	6060.333333
1142.770486	6085.333333
1143.991445	6116.000000
1145.211926	6053.666667
1146.431931	6081.333333
1147.651459	6053.666667
1148.870510	6036.666667
1150.089086	6067.666667
1151.307185	6123.000000
1152.524808	6016.333333
1153.741957	6066.000000
1154.958630	6061.666667
1156.174828	6055.000000
1157.390551	6058.000000
1158.605800	6089.666667
1159.820574	6077.333333
1161.034875	6037.666667
1162.248702	6063.000000
1163.462055	5997.000000
1164.674936	6068.666667
1165.887343	6007.333333
1167.099277	6042.666667
1168.310739	6029.333333
1169.521729	6062.666667
1170.732247	6028.666667
1171.942293	6072.666667
1173.151867	6065.333333
1174.360970	5998.333333
1175.569602	5915.666667
1176.777764	6008.666667
1177.985454	5991.333333
1179.192675	5959.000000
1180.399425	5974.000000
1181.605706	6006.333333
1182.811517	5882.666667
1184.016859	5910.333333
1185.221731	5842.000000
1186.426135	5871.000000
1187.630070	5907.000000
1188.833537	5872.000000
1190.036535	5832.333333
1191.239066	5811.666667
1192.441129	5845.000000
1193.642725	5806.666667
1194.843853	5778.333333
1196.044515	5802.666667
1197.244710	5857.000000
1198.444438	5850.666667
1199.643701	5869.333333
1200.842497	5877.666667
1202.040827	5853.666667
1203.238693	5858.333333
1204.436092	5838.666667
1205.633027	5817.333333
1206.829497	5832.666667
1208.025503	5854.333333
1209.221044	5823.000000
1210.416122	5712.000000
1211.610735	5770.000000
1212.804885	5739.000000
1213.998572	5724.000000
1215.191795	5668.333333
1216.384556	5719.666667
1217.576854	5717.333333
1218.768689	5724.000000
1219.960063	5679.000000
1221.150974	5647.666667
1222.341424	5723.333333
1223.531413	5759.000000
1224.720940	5739.333333
1225.910006	5760.000000
1227.098612	5833.333333
1228.286757	5790.000000
1229.474442	5910.000000
1230.661667	5886.666667
1231.848432	5904.666667
1233.034738	5868.000000
1234.220584	6020.666667
1235.405971	5987.000000
1236.590900	5988.333333
1237.775369	6019.000000
1238.959381	6056.333333
1240.142934	6049.000000
1241.326029	6099.000000
1242.508667	6094.333333
1243.690848	6108.666667
1244.872571	6055.000000
1246.053837	6084.333333
1247.234646	5978.333333
1248.414999	5985.000000
1249.594896	6009.000000
1250.774337	5971.666667
1251.953322	5966.333333
1253.131851	5968.666667
1254.309925	5923.333333
1255.487544	5925.000000
1256.664708	5935.333333
1257.841417	5916.000000
1259.017673	5873.333333
1260.193473	5949.000000
1261.368820	5973.333333
1262.543714	5926.666667
1263.718154	5869.666667
1264.892140	6001.333333
1266.065674	5947.333333
1267.238755	5970.000000
1268.411383	5990.666667
1269.583559	5956.666667
1270.755283	5954.666667
1271.926555	5949.000000
1273.097375	5901.000000
1274.267744	5872.333333
1275.437662	5895.333333
1276.607129	5958.000000
1277.776145	5878.666667
1278.944711	5842.333333
1280.112827	5819.000000
1281.280492	5798.666667
1282.447708	5831.333333
1283.614474	5790.333333
1284.780791	5737.666667
1285.946659	5732.000000
1287.112078	5748.666667
1288.277048	5653.000000
1289.441570	5572.666667
1290.605644	5601.000000
1291.769270	5653.000000
1292.932448	5576.000000
1294.095178	5584.666667
1295.257461	5545.000000
1296.419298	5555.000000
1297.580687	5503.000000
1298.741630	5482.666667
1299.902126	5428.666667
1301.062177	5480.000000
1302.221781	5471.333333
1303.380940	5405.333333
1304.539653	5434.333333
1305.697921	5493.333333
1306.855744	5476.333333
1308.013123	5481.666667
1309.170056	5406.000000
1310.326546	5480.333333
1311.482591	5447.333333
1312.638193	5403.333333
1313.793350	5435.000000
1314.948065	5481.666667
1316.102336	5428.333333
1317.256164	5445.666667
1318.409550	5478.333333
1319.562493	5407.000000
1320.714993	5410.666667
1321.867052	5428.666667
1323.018668	5369.666667
1324.169843	5345.000000
1325.320577	5306.666667
1326.470870	5277.666667
1327.620721	5294.333333
1328.770132	5273.333333
1329.919102	5293.666667
1331.067632	5262.333333
1332.215722	5285.333333
1333.363372	5316.333333
1334.510582	5295.666667
1335.657353	5283.333333
1336.803685	5275.000000
1337.949578	5244.000000
1339.095032	5245.666667
1340.240048	5275.333333
1341.384625	5267.666667
1342.528764	5236.333333
1343.672466	5281.666667
1344.815729	5292.666667
1345.958556	5271.666667
1347.100945	5234.333333
1348.242897	5179.666667
1349.384413	5218.333333
1350.525492	5147.666667
1351.666134	5158.666667
1352.806341	5130.333333
1353.946111	5099.000000
1355.085446	5112.333333
1356.224346	5125.000000
1357.362810	5093.333333
1358.500840	5037.333333
1359.638434	5033.000000
1360.775594	5048.000000
1361.912320	5039.000000
1363.048612	5053.666667
1364.184469	4989.666667
1365.319893	5020.000000
1366.454884	4991.333333
1367.589441	5070.666667
1368.723566	5045.000000
1369.857257	5039.000000
1370.990516	5113.000000
1372.123343	5091.000000
1373.255737	5168.333333
1374.387699	5076.333333
1375.519230	5098.333333
1376.650329	5116.000000
1377.780997	5119.000000
1378.911234	5081.666667
1380.041040	5034.666667
1381.170416	5074.666667
1382.299361	5086.666667
1383.427875	5057.000000
1384.555960	5082.000000
1385.683615	5102.000000
1386.810841	5056.000000
1387.937637	5017.666667
1389.064004	5079.666667
1390.189942	5007.333333
1391.315451	5026.666667
1392.440532	5031.666667
1393.565185	5006.000000
1394.689409	5028.666667
1395.813206	4996.333333
1396.936575	5014.000000
1398.059517	4991.000000
1399.182032	4984.666667
1400.304119	4956.666667
1401.425780	5005.000000
1402.547014	4935.666667
1403.667822	4967.333333
1404.788204	4976.333333
1405.908160	4977.000000
1407.027690	4977.000000
1408.146795	5010.000000
1409.265474	5006.333333
1410.383728	4963.666667
1411.501558	4935.000000
1412.618963	4962.333333
1413.735943	4984.666667
1414.852499	4933.000000
1415.968632	4958.666667
1417.084340	5040.666667
1418.199625	5038.333333
1419.314486	5041.666667
1420.428925	4998.333333
1421.542940	5019.666667
1422.656533	5028.666667
1423.769703	4982.333333
1424.882451	5050.000000
1425.994777	5013.000000
1427.106680	5013.666667
1428.218163	4971.333333
1429.329223	4992.333333
1430.439863	4929.333333
1431.550081	4934.333333
1432.659879	4959.333333
1433.769256	4880.000000
1434.878212	4878.333333
1435.986749	4950.666667
1437.094865	4985.333333
1438.202562	4978.000000
1439.309839	5027.000000
1440.416696	5056.666667
1441.523135	5047.666667
1442.629154	5080.000000
1443.734755	5144.666667
1444.839937	5114.666667
1445.944701	5166.000000
1447.049047	5133.333333
1448.152975	5127.000000
1449.256485	5146.000000
1450.359577	5201.333333
1451.462253	5147.666667
1452.564511	5105.333333
1453.666352	5085.666667
1454.767777	5098.666667
1455.868785	5054.666667
1456.969377	5062.333333
1458.069553	4976.000000
1459.169313	4994.666667
1460.268658	4963.666667
1461.367587	4995.333333
1462.466101	4925.000000
1463.564200	4864.333333
1464.661884	4832.000000
1465.759153	4815.666667
1466.856008	4831.666667
1467.952449	4789.000000
1469.048476	4751.000000
1470.144089	4681.333333
1471.239288	4621.333333
1472.334074	4598.666667
1473.428447	4593.333333
1474.522407	4575.333333
1475.615955	4516.000000
1476.709089	4529.666667
1477.801812	4394.666667
1478.894122	4415.666667
1479.986020	4409.666667
1481.077506	4379.000000
1482.168581	4371.000000
1483.259245	4406.333333
1484.349498	4340.333333
1485.439339	4410.000000
1486.528770	4296.666667
1487.617790	4314.333333
1488.706400	4848.666667
1489.794600	4453.666667
1490.882390	4267.000000
1491.969771	4316.000000
1493.056742	4265.333333
1494.143303	4179.666667
1495.229456	4265.000000
1496.315199	4258.333333
1497.400534	4234.666667
1498.485460	4258.666667
1499.569978	4207.000000
1500.654088	4191.000000
1501.737790	4202.666667
1502.821085	4173.666667
1503.903972	4198.666667
1504.986451	4115.666667
1506.068524	4156.666667
1507.150189	4126.666667
1508.231448	4115.333333
1509.312301	4078.000000
1510.392747	4135.333333
1511.472787	4080.333333
1512.552422	4122.666667
1513.631650	4071.000000
1514.710473	4123.666667
1515.788891	4103.000000
1516.866904	4079.333333
1517.944512	4053.000000
1519.021715	4089.666667
1520.098513	4084.000000
1521.174908	4115.666667
1522.250898	4032.666667
1523.326485	4078.666667
1524.401667	4051.666667
1525.476447	4087.666667
1526.550823	4095.666667
1527.624796	4073.000000
1528.698365	4095.666667
1529.771533	4044.666667
1530.844298	4051.666667
1531.916660	4048.333333
1532.988620	4021.666667
1534.060179	4092.666667
1535.131336	4060.333333
1536.202091	4045.333333
1537.272445	3997.000000
1538.342398	4032.666667
1539.411950	3978.666667
1540.481101	4003.333333
1541.549851	3986.666667
1542.618202	3977.000000
1543.686152	3994.333333
1544.753702	3960.000000
1545.820853	3934.000000
1546.887604	3955.000000
1547.953955	3980.666667
1549.019908	3956.666667
1550.085461	3944.666667
1551.150616	3948.000000
1552.215372	3993.666667
1553.279730	3945.000000
1554.343690	3955.333333
1555.407252	4010.666667
1556.470415	3960.333333
1557.533182	3947.333333
1558.595551	3920.666667
1559.657522	3863.000000
1560.719097	3892.333333
1561.780275	3901.666667
1562.841056	3888.666667
1563.901441	3884.666667
1564.961429	3880.666667
1566.021022	3855.666667
1567.080219	3854.000000
1568.139020	3863.666667
1569.197425	3817.000000
1570.255436	3863.000000
1571.313051	3870.666667
1572.370271	3857.666667
1573.427097	3848.666667
1574.483528	3862.000000
1575.539565	3866.333333
1576.595208	3785.000000
1577.650457	3830.333333
1578.705312	3844.000000
1579.759774	3806.666667
1580.813842	3787.333333
1581.867517	3780.333333
1582.920799	3701.666667
1583.973689	3731.333333
1585.026186	3793.666667
1586.078290	3723.000000
1587.130002	3763.000000
1588.181323	3728.333333
1589.232251	3694.000000
1590.282788	3660.666667
1591.332933	3714.000000
1592.382688	3681.666667
1593.432051	3712.333333
1594.481023	3706.666667
1595.529605	3757.000000
1596.577796	3730.666667
1597.625597	3794.333333
1598.673007	3743.333333
1599.720028	3752.666667
1600.766660	3758.000000
1601.812901	3760.666667
1602.858753	3776.000000
1603.904217	3804.333333
1604.949291	3745.000000
1605.993976	3766.333333
1607.038273	3756.666667
1608.082182	3798.333333
1609.125702	3732.000000
1610.168834	3768.333333
1611.211579	3739.333333
1612.253935	3691.333333
1613.295905	3709.333333
1614.337487	3670.000000
1615.378682	3686.333333
1616.419490	3702.333333
1617.459912	3685.666667
1618.499946	3630.666667
1619.539595	3712.666667
1620.578858	3717.333333
1621.617734	3766.666667
1622.656225	3789.000000
1623.694330	3701.666667
1624.732050	3690.000000
1625.769385	3693.000000
1626.806334	3704.666667
1627.842899	3690.000000
1628.879079	3646.000000
1629.914875	3714.666667
1630.950286	3706.666667
1631.985314	3736.666667
1633.019957	3749.666667
1634.054217	3724.666667
1635.088093	3687.666667
1636.121586	3710.000000
1637.154696	3723.333333
1638.187423	3759.666667
1639.219767	3731.333333
1640.251728	3706.333333
1641.283307	3729.333333
1642.314504	3700.666667
1643.345319	3738.000000
1644.375751	3711.333333
1645.405803	3759.333333
1646.435472	3758.333333
1647.464761	3749.333333
1648.493668	3747.000000
1649.522194	3739.666667
1650.550340	3714.666667
1651.578105	3721.333333
1652.605490	3756.333333
1653.632494	3697.666667
1654.659119	3701.000000
1655.685363	3714.333333
1656.711228	3711.666667
1657.736714	3674.000000
1658.761820	3724.333333
1659.786547	3649.666667
1660.810895	3702.666667
1661.834865	3693.666667
1662.858456	3655.333333
1663.881668	3629.333333
1664.904503	3656.000000
1665.926959	3659.666667
1666.949038	3641.333333
1667.970739	3597.333333
1668.992062	3600.333333
1670.013008	3596.333333
1671.033577	3582.666667
1672.053770	3567.666667
1673.073585	3594.000000
1674.093024	3553.666667
1675.112086	3563.000000
1676.130773	3545.333333
1677.149083	3552.333333
1678.167017	3514.666667
1679.184576	3486.666667
1680.201760	3493.000000
1681.218568	3497.000000
1682.235001	3492.666667
1683.251059	3510.666667
1684.266742	3466.666667
1685.282051	3519.666667
1686.296985	3439.000000
1687.311546	3473.666667
1688.325732	3437.666667
1689.339544	3432.333333
1690.352983	3334.333333
1691.366048	3336.333333
1692.378740	3297.000000
1693.391058	3274.000000
1694.403004	3272.666667
1695.414577	3309.666667
1696.425778	3175.000000
1697.436606	3231.000000
1698.447061	3224.666667
1699.457145	3180.333333
1700.466857	3162.333333
1701.476197	3147.666667
1702.485166	3105.666667
1703.493763	3087.666667
1704.501989	3107.000000
1705.509844	3111.000000
1706.517328	3086.000000
1707.524442	3136.000000
1708.531185	3103.666667
1709.537558	3064.666667
1710.543561	3047.666667
1711.549194	3030.666667
1712.554457	3062.333333
1713.559351	2992.333333
1714.563875	3056.000000
1715.568030	3047.000000
1716.571816	3044.666667
1717.575233	3030.333333
1718.578282	3046.666667
1719.580962	3046.000000
1720.583273	3058.666667
1721.585217	3027.333333
1722.586792	3076.666667
1723.588000	2990.333333
1724.588840	3016.000000
1725.589312	2992.333333
1726.589418	2991.333333
1727.589156	3003.333333
1728.588527	3042.000000
1729.587532	3044.666667
1730.586170	3036.333333
1731.584441	3031.666667
1732.582346	3031.000000
1733.579886	3010.333333
1734.577059	2998.666667
1735.573867	2999.666667
1736.570309	2985.666667
1737.566386	2935.333333
1738.562097	3012.333333
1739.557444	2936.666667
1740.552426	2983.666667
1741.547043	2930.333333
1742.541295	2934.333333
1743.535184	2929.333333
1744.528708	2909.666667
1745.521868	2898.333333
1746.514664	2879.666667
1747.507097	2890.000000
1748.499166	2891.666667
1749.490873	2869.000000
1750.482216	2853.333333
1751.473196	2899.000000
1752.463813	2912.666667
1753.454068	2840.333333
1754.443960	2934.333333
1755.433490	2863.000000
1756.422658	2853.000000
1757.411464	2855.000000
1758.399908	2826.000000
1759.387991	2842.333333
1760.375713	2852.333333
1761.363073	2868.333333
1762.350072	2844.333333
1763.336711	2864.333333
1764.322988	2878.333333
1765.308905	2831.666667
1766.294462	2832.333333
1767.279659	2833.000000
1768.264496	2840.000000
1769.248972	2792.000000
1770.233089	2842.666667
1771.216847	2778.666667
1772.200245	2738.666667
1773.183284	2777.333333
1774.165965	2756.666667
1775.148286	2796.666667
1776.130249	2778.333333
1777.111853	2735.000000
1778.093099	2749.333333
1779.073987	2696.000000
1780.054517	2751.000000
1781.034689	2697.666667
1782.014503	2651.666667
1782.993960	2614.333333
1783.973060	2656.000000
1784.951802	2590.666667
1785.930188	2625.666667
1786.908217	2620.000000
1787.885889	2632.333333
1788.863205	2616.666667
1789.840164	2602.666667
1790.816768	2574.666667
1791.793015	2557.666667
1792.768907	2565.666667
1793.744443	2591.666667
1794.719624	2603.333333
1795.694449	2597.666667
1796.668919	2625.333333
1797.643035	2610.666667
1798.616795	2603.333333
1799.590201	2584.666667
1800.563253	2599.666667
1801.535950	2599.333333
1802.508294	2641.000000
1803.480283	2634.666667
1804.451919	2584.666667
1805.423201	2644.000000
1806.394129	2623.000000
1807.364705	2586.000000
1808.334927	2603.333333
1809.304796	2624.333333
1810.274313	2643.666667
1811.243477	2569.333333
1812.212288	2580.666667
1813.180747	2589.666667
1814.148855	2572.000000
1815.116610	2590.333333
1816.084013	2560.666667
1817.051065	2582.333333
1818.017766	2611.666667
1818.984115	2552.666667
1819.950113	2542.666667
1820.915760	2544.666667
1821.881057	2547.000000
1822.846003	2567.666667
1823.810598	2554.000000
1824.774843	2520.000000
1825.738738	2561.000000
1826.702283	2529.333333
1827.665479	2550.000000
1828.628324	2520.333333
1829.590821	2526.333333
1830.552968	2491.666667
1831.514765	2506.000000
1832.476214	2505.666667
1833.437314	2512.333333
1834.398066	2514.666667
1835.358469	2465.333333
1836.318524	2483.666667
1837.278230	2494.000000
1838.237589	2482.000000
1839.196600	2484.333333
1840.155263	2442.666667
1841.113578	2465.000000
1842.071547	2471.666667
1843.029168	2495.000000
1843.986442	2478.333333
1844.943369	2551.000000
1845.899950	2477.666667
1846.856184	2527.333333
1847.812072	2492.333333
1848.767614	2498.000000
1849.722809	2481.000000
1850.677659	2485.666667
1851.632163	2462.666667
1852.586322	2489.333333
1853.540135	2518.000000
1854.493603	2466.333333
1855.446726	2490.333333
1856.399504	2484.333333
1857.351937	2473.333333
1858.304026	2437.000000
1859.255770	2476.000000
1860.207170	2429.666667
1861.158227	2431.000000
1862.108939	2409.000000
1863.059307	2379.000000
1864.009332	2426.333333
1864.959013	2422.000000
1865.908351	2366.333333
1866.857346	2383.666667
1867.805998	2376.666667
1868.754307	2370.333333
1869.702274	2403.333333
1870.649898	2340.000000
1871.597180	2367.666667
1872.544119	2379.000000
1873.490717	2329.666667
1874.436973	2343.666667
1875.382887	2353.333333
1876.328459	2309.666667
1877.273691	2312.000000
1878.218581	2307.666667
1879.163130	2301.000000
1880.107338	2349.000000
1881.051205	2368.000000
1881.994732	2355.666667
1882.937919	2345.000000
1883.880765	2337.333333
1884.823271	2357.333333
1885.765437	2294.000000
1886.707264	2320.000000
1887.648750	2325.666667
1888.589898	2290.000000
1889.530706	2345.333333
1890.471175	2336.000000
1891.411305	2339.000000
1892.351096	2342.666667
1893.290548	2355.000000
1894.229662	2315.333333
1895.168438	2334.666667
1896.106876	2318.333333
1897.044975	2313.666667
1897.982737	2357.000000
1898.920160	2306.000000
1899.857247	2342.333333
1900.793996	2304.666667
1901.730407	2324.333333
1902.666482	2301.666667
1903.602219	2283.666667
1904.537620	2323.000000
1905.472685	2262.000000
1906.407412	2270.333333
1907.341804	2287.666667
1908.275859	2242.666667
1909.209579	2240.000000
1910.142962	2206.000000
1911.076010	2222.333333
1912.008722	2202.666667
1912.941099	2168.666667
1913.873141	2169.333333
1914.804848	2212.333333
1915.736219	2172.666667
1916.667256	2162.666667
1917.597959	2177.666667
1918.528327	2135.333333
1919.458360	2150.000000
1920.388060	2143.000000
1921.317426	2125.000000
1922.246457	2161.666667
1923.175156	2162.666667
1924.103520	2158.000000
1925.031552	2137.000000
1925.959250	2166.666667
1926.886615	2137.000000
1927.813647	2176.333333
1928.740346	2129.000000
1929.666713	2151.333333
1930.592748	2157.333333
1931.518450	2149.333333
1932.443820	2118.333333
1933.368858	2170.000000
1934.293564	2180.000000
1935.217939	2166.666667
1936.141982	2157.000000
1937.065694	2126.666667
1937.989074	2158.000000
1938.912124	2166.333333
1939.834842	2106.000000
1940.757230	2098.333333
1941.679287	2104.666667
1942.601014	2100.000000
1943.522411	2088.333333
1944.443477	2131.666667
1945.364214	2079.333333
1946.284621	2058.666667
1947.204698	2033.666667
1948.124445	2064.000000
1949.043863	2039.333333
1949.962952	2081.666667
1950.881712	2024.333333
1951.800143	2060.333333
1952.718245	1997.000000
1953.636019	1998.666667
1954.553464	2044.000000
1955.470581	1991.000000
1956.387369	1995.000000
1957.303830	2032.666667
1958.219963	1995.000000
1959.135768	1946.666667
1960.051246	1991.000000
1960.966396	2021.333333
1961.881219	1965.666667
1962.795715	2027.000000
1963.709883	2004.666667
1964.623726	2010.000000
1965.537241	1997.666667
1966.450430	2041.000000
1967.363293	2034.333333
1968.275829	2008.333333
1969.188040	2024.000000
1970.099924	2031.666667
1971.011483	2035.333333
1971.922716	2028.333333
1972.833624	2013.333333
1973.744206	2007.333333
1974.654464	2020.333333
1975.564396	2046.666667
1976.474004	1982.666667
1977.383286	2049.666667
1978.292245	2004.333333
1979.200878	1994.666667
1980.109188	1983.000000
1981.017174	1996.000000
1981.924835	1993.666667
1982.832173	1978.666667
1983.739187	1963.666667
1984.645878	1967.333333
1985.552245	1940.000000
1986.458289	1957.000000
1987.364010	1918.666667
1988.269408	1920.666667
1989.174484	1925.000000
1990.079236	1925.333333
1990.983667	1921.333333
1991.887775	1880.000000
1992.791561	1908.000000
1993.695024	1905.000000
1994.598166	1869.000000
1995.500986	1879.000000
1996.403485	1890.333333
1997.305662	1853.333333
1998.207518	1851.666667
1999.109053	1848.333333
