398.1873	2761
400.7097	2788
403.2336	2778
405.7547	2828
408.2751	2766
410.7948	2884
413.3138	2826
415.83	2820
418.3497	2800
420.8666	2840
423.3829	2848
425.8985	2944
428.4133	2954
430.9275	2930
433.441	2925
435.9538	2845
438.4639	2917
440.9753	2964
443.4881	2930
445.9982	2998
448.5055	2878
451.0142	2907
453.5201	2958
456.0274	2936
458.5361	2906
461.04	2993
463.5453	2937
466.0478	2884
468.5517	2949
471.0549	2928
473.5574	2920
476.0572	2993
478.5584	3018
481.0568	2958
483.5545	2998
486.0557	2987
488.5521	2957
491.0478	3058
493.5449	2932
496.0392	2994
498.5349	3049
501.0299	3046
503.5222	3018
506.0139	3005
508.5048	2981
510.9991	2988
513.4887	3053
515.9777	3123
518.4659	3122
520.9534	2982
523.4403	3087
525.9306	3066
528.4161	3066
530.9009	3052
533.3851	2990
535.8687	3019
538.3535	3066
540.8356	3051
543.3171	3002
545.7979	3070
548.278	3083
550.7595	3055
553.2383	3060
555.7144	3057
558.1918	3033
560.6685	3091
563.1446	3113
565.6221	3164
568.0968	3155
570.5688	3098
573.0422	3153
575.515	3158
577.989	3153
580.4584	3070
582.9291	3177
585.3991	3086
587.8685	3149
590.3352	3147
592.8052	3234
595.2706	3252
597.7372	3200
600.2033	3150
602.6666	3210
605.1334	3171
607.5953	3088
610.0587	3189
612.5193	3136
614.9814	3127
617.4427	3092
619.9034	3105
622.3615	3180
624.8208	3156
627.2775	3159
629.7335	3091
632.1929	3234
634.6476	3145
637.1016	3106
639.5569	3204
642.0096	3116
644.4637	3169
646.9151	3262
649.3678	3157
651.8179	3203
654.2672	3221
656.7159	3224
659.166	3183
661.6154	3197
664.0622	3141
666.5082	3180
668.9537	3236
671.4005	3246
673.8445	3223
676.288	3217
678.7308	3207
681.1729	3246
683.6163	3279
686.0572	3237
688.4973	3265
690.9368	3148
693.3757	3265
695.8138	3223
698.2534	3279
700.6902	3284
703.1245	3256
705.56	3275
707.9949	3259
710.4311	3281
712.8647	3291
715.2957	3270
717.7279	3293
720.1595	3231
722.5905	3344
725.0208	3270
727.4505	3394
729.8795	3247
732.3058	3474
734.7336	3357
737.1626	3280
739.587	3359
742.0128	3474
744.4359	3429
746.8604	3367
749.2841	3396
751.7073	3382
754.1278	3459
756.5496	3495
758.9688	3466
761.3893	3463
763.8093	3467
766.2285	3466
768.6451	3509
771.0611	3450
773.4784	3418
775.895	3503
778.3091	3528
780.7244	3493
783.1371	3460
785.5493	3522
787.9626	3494
790.3754	3473
792.7856	3525
795.1951	3469
797.6039	3525
800.0121	3457
802.4236	3409
804.8306	3527
807.2369	3502
809.6425	3496
812.0475	3545
814.4538	3475
816.8575	3495
819.2606	3552
821.663	3503
824.0648	3570
826.4659	3493
828.8683	3554
831.2682	3545
833.6674	3478
836.066	3525
838.4639	3539
840.8632	3549
843.2579	3556
845.6539	3548
848.0493	3658
850.444	3566
852.84	3533
855.2315	3621
857.6243	3598
860.0165	3507
862.4081	3613
864.797	3625
867.1892	3548
869.5789	3563
871.9659	3583
874.3542	3590
876.74	3560
879.129	3572
881.5155	3584
883.8994	3651
886.2845	3549
888.6671	3572
891.051	3540
893.4343	3527
895.8169	3548
898.197	3558
900.5783	3679
902.9571	3561
905.3372	3599
907.7167	3598
910.0936	3578
912.4698	3613
914.8474	3689
917.2244	3640
919.5987	3577
921.9744	3601
924.3475	3732
926.72	3682
929.0918	3706
931.4669	3667
933.8375	3789
936.2074	3814
938.5767	3720
940.9454	3788
943.3154	3854
945.6829	3936
948.0497	3919
950.4178	4115
952.7833	3978
955.1483	4179
957.5145	4251
959.8782	4291
962.2412	4234
964.6036	4318
966.9655	4092
969.3266	3967
971.6871	3970
974.0471	3828
976.4064	3796
978.765	3677
981.125	3643
983.4824	3705
985.8373	3626
988.1935	3748
990.549	3711
992.9039	3647
995.2602	3714
997.6119	3766
999.965	3777
1002.317	3711
1004.667	3775
1007.02	3666
1009.371	3629
1011.719	3671
1014.068	3674
1016.415	3730
1018.765	3721
1021.111	3735
1023.458	3792
1025.804	3769
1028.147	3687
1030.49	3685
1032.837	3834
1035.179	3795
1037.522	3800
1039.862	3678
1042.204	3839
1044.546	3800
1046.884	3789
1049.224	3720
1051.562	3854
1053.899	3798
1056.237	3804
1058.575	3880
1060.91	3776
1063.244	3848
1065.58	3924
1067.913	3874
1070.248	3849
1072.579	3794
1074.911	3890
1077.242	3784
1079.572	3804
1081.905	3889
1084.234	3814
1086.562	3843
1088.89	3798
1091.217	3753
1093.544	3794
1095.871	3799
1098.197	3780
1100.521	3871
1102.845	3772
1105.169	3795
1107.491	3748
1109.814	3772
1112.135	3858
1114.456	3751
1116.776	3796
1119.096	3866
1121.415	3796
1123.734	3811
1126.052	3867
1128.369	3752
1130.686	3804
1133.002	3777
1135.318	3838
1137.632	3754
1139.945	3727
1142.258	3819
1144.573	3802
1146.884	3842
1149.196	3882
1151.505	3856
1153.816	3917
1156.124	3863
1158.435	3852
1160.742	3853
1163.051	3846
1165.356	3918
1167.663	3846
1169.97	3821
1172.276	3893
1174.579	3813
1176.881	3864
1179.186	3839
1181.487	3817
1183.79	3864
1186.092	3826
1188.392	3840
1190.691	3821
1192.991	3819
1195.291	3844
1197.588	3840
1199.885	3808
1202.181	3902
1204.479	3863
1206.775	3881
1209.07	3824
1211.363	3783
1213.656	3826
1215.949	3881
1218.241	3788
1220.534	3844
1222.825	3885
1225.115	3905
1227.405	3831
1229.693	3993
1231.984	3849
1234.271	3890
1236.558	3978
1238.845	3909
1241.131	3921
1243.416	3905
1245.703	3984
1247.987	4038
1250.269	3998
1252.552	3902
1254.834	3969
1257.118	3891
1259.399	3998
1261.678	3976
1263.958	3983
1266.237	3996
1268.516	4017
1270.794	3985
1273.072	4021
1275.347	3909
1277.624	4040
1279.899	4026
1282.175	4051
1284.449	3972
1286.722	4017
1288.995	3972
1291.266	4003
1293.54	3924
1295.81	3940
1298.081	4027
1300.35	4000
1302.62	4009
1304.889	3936
1307.156	3913
1309.425	3993
1311.69	3904
1313.957	3993
1316.222	4016
1318.488	3939
1320.751	3959
1323.016	3969
1325.278	3939
1327.54	3954
1329.803	3983
1332.065	3988
1334.325	3951
1336.584	3974
1338.843	3964
1341.101	3902
1343.36	3961
1345.617	3924
1347.876	3977
1350.131	3913
1352.387	4024
1354.643	3907
1356.897	3916
1359.151	3962
1361.403	3929
1363.656	3921
1365.909	4043
1368.16	3967
1370.409	3961
1372.659	3947
1374.909	3997
1377.157	3996
1379.407	3968
1381.655	4003
1383.9	3974
1386.147	3990
1388.393	3984
1390.64	4060
1392.885	3973
1395.127	4005
1397.37	4087
1399.614	4071
1401.854	4063
1404.098	4036
1406.339	3985
1408.578	4078
1410.818	4075
1413.056	4090
1415.297	3990
1417.533	4044
1419.771	4093
1422.006	4134
1424.243	4077
1426.479	4044
1428.715	4113
1430.948	4095
1433.182	4119
1435.414	4165
1437.647	4098
1439.88	4231
1442.11	4064
1444.342	4148
1446.571	4127
1448.799	4232
1451.029	4129
1453.258	4173
1455.485	4235
1457.711	4156
1459.937	4049
1462.164	4190
1464.39	4139
1466.614	4073
1468.838	4084
1471.06	4133
1473.283	4149
1475.506	4030
1477.727	4116
1479.949	4097
1482.169	4095
1484.389	4049
1486.609	4016
1488.828	4026
1491.045	4047
1493.261	4027
1495.477	3993
1497.693	4065
1499.91	4049
1502.125	4010
1504.339	4023
1506.553	3979
1508.766	4082
1510.979	4035
1513.191	3988
1515.402	4084
1517.613	4005
1519.823	4063
1522.033	4017
1524.242	4079
1526.451	4040
1528.657	4022
1530.865	4018
1533.072	4026
1535.278	4062
1537.484	4102
1539.687	4029
1541.892	4087
1544.096	4064
1546.299	4073
1548.502	4030
1550.703	4060
1552.905	4145
1555.104	4019
1557.303	4130
1559.505	4078
1561.703	4122
1563.902	4103
1566.099	4082
1568.295	4151
1570.494	4153
1572.689	4158
1574.883	4194
1577.079	4063
1579.272	4243
1581.467	4136
1583.659	4108
1585.853	4116
1588.044	4215
1590.234	4136
1592.424	4236
1594.615	4211
1596.806	4125
1598.994	4169
1601.182	4204
1603.369	4165
1605.557	4163
1607.744	4181
1609.929	4135
1612.114	4166
1614.298	4194
1616.482	4146
1618.667	4262
1620.85	4197
1623.032	4138
1625.214	4159
1627.395	4258
1629.575	4206
1631.755	4269
1633.935	4203
1636.114	4225
1638.292	4171
1640.471	4213
1642.647	4290
1644.823	4242
1647	4164
1649.175	4111
1651.348	4135
1653.525	4231
1655.698	4341
1657.87	4248
1660.043	4269
1662.213	4258
1664.387	4222
1666.558	4262
1668.727	4317
1670.896	4303
1673.064	4242
1675.233	4247
1677.401	4175
1679.569	4237
1681.735	4261
1683.902	4319
1686.066	4293
1688.233	4298
1690.397	4257
1692.559	4193
1694.723	4247
1696.885	4272
1699.048	4209
1701.21	4311
1703.37	4222
1705.53	4240
1707.689	4254
1709.849	4333
1712.009	4211
1714.166	4212
1716.323	4184
1718.479	4292
1720.634	4268
1722.793	4284
1724.948	4252
1727.102	4174
1729.255	4268
1731.408	4151
1733.562	4267
1735.714	4106
1737.865	4228
1740.016	4201
1742.166	4196
1744.316	4270
1746.467	4197
1748.616	4282
1750.764	4285
1752.911	4294
1755.056	4272
1757.205	4351
1759.35	4189
1761.496	4271
1763.641	4202
1765.785	4239
1767.927	4291
1770.072	4389
1772.214	4309
1774.355	4305
1776.496	4312
1778.637	4342
1780.778	4249
1782.918	4289
1785.057	4246
1787.194	4239
1789.333	4330
1791.472	4288
1793.608	4305
1795.745	4365
1797.879	4275
1800.015	4298
1802.148	4291
1804.284	4230
1806.417	4321
1808.548	4295
1810.682	4295
1812.812	4360
1814.946	4276
1817.075	4286
1819.205	4338
1821.335	4341
1823.463	4249
1825.59	4322
1827.721	4245
1829.847	4189
1831.973	4298
1834.098	4355
1836.223	4287
1838.351	4285
1840.475	4238
1842.598	4281
1844.721	4314
1846.843	4365
1848.966	4241
1851.087	4297
1853.21	4211
1855.33	4265
1857.449	4217
1859.568	4352
1861.688	4369
1863.806	4304
1865.924	4341
1868.039	4342
1870.155	4316
1872.273	4307
1874.388	4283
1876.503	4249
1878.617	4258
1880.73	4347
1882.844	4272
1884.956	4233
1887.068	4296
1889.18	4370
1891.291	4322
1893.4	4266
1895.511	4341
1897.621	4314
1899.73	4347
1901.837	4269
1903.944	4402
1906.053	4337
1908.159	4359
1910.265	4361
1912.369	4437
1914.474	4395
1916.577	4375
1918.683	4444
1920.785	4365
1922.888	4341
1924.989	4355
1927.091	4449
1929.193	4300
1931.294	4484
1933.393	4297
1935.493	4355
1937.59	4312
1939.689	4375
1941.788	4421
1943.884	4362
1945.98	4398
1948.077	4396
1950.171	4359
1952.267	4334
1954.361	4345
1956.455	4321
1958.548	4341
1960.64	4350
1962.733	4347
1964.824	4433
1966.915	4486
1969.005	4403
1971.096	4349
1973.185	4267
1975.275	4349
1977.363	4347
1979.45	4377
1981.537	4366
1983.623	4354
1985.711	4382
1987.796	4328
1989.881	4272
1991.965	4476
1994.047	4259
1996.132	4317
1998.215	4321
2000.297	4370
2002.378	4437
2004.46	4288
2006.54	4362
2008.62	4325
2010.7	4348
2012.779	4323
2014.858	4395
2016.934	4349
2019.013	4331
2021.09	4372
2023.165	4365
2025.241	4347
2027.317	4392
2029.39	4339
2031.466	4405
2033.538	4389
2035.612	4317
2037.683	4397
2039.755	4417
2041.827	4471
2043.898	4331
2045.968	4304
2048.038	4305
2050.106	4405
2052.177	4372
2054.244	4397
2056.313	4367
2058.379	4381
2060.444	4438
2062.511	4405
2064.577	4332
2066.641	4375
2068.705	4445
2070.77	4344
2072.832	4346
2074.896	4354
2076.958	4392
2079.02	4430
2081.081	4403
2083.141	4365
2085.2	4311
2087.261	4442
2089.319	4381
2091.377	4326
2093.435	4377
2095.492	4409
2097.552	4436
2099.607	4398
2101.663	4441
2103.718	4316
2105.771	4297
2107.826	4389
2109.879	4403
2111.932	4310
2113.985	4415
2116.037	4486
2118.088	4347
2120.141	4343
2122.191	4464
2124.239	4472
2126.288	4405
2128.337	4346
2130.387	4307
2132.434	4318
2134.481	4376
2136.528	4388
2138.574	4438
2140.618	4396
2142.665	4315
2144.71	4396
2146.753	4419
2148.797	4403
2150.838	4462
2152.883	4437
2154.923	4326
2156.965	4422
2159.007	4385
2161.046	4409
2163.086	4369
2165.126	4352
2167.163	4335
2169.202	4352
2171.239	4351
2173.277	4342
2175.314	4282
2177.349	4410
2179.385	4313
2181.42	4358
2183.453	4358
2185.49	4315
2187.522	4381
2189.555	4321
2191.586	4372
2193.619	4350
2195.651	4395
2197.682	4339
2199.711	4455
2201.74	4340
2203.769	4252
2205.799	4283
2207.828	4316
2209.855	4257
2211.882	4346
2213.908	4369
2215.934	4376
2217.961	4328
2219.986	4347
2222.01	4333
2224.034	4304
2226.057	4322
2228.08	4317
2230.104	4253
2232.124	4311
2234.145	4270
2236.166	4254
2238.186	4277
2240.207	4236
2242.227	4347
2244.244	4284
2246.262	4291
2248.28	4399
2250.299	4272
2252.314	4371
2254.33	4328
2256.346	4376
2258.36	4239
2260.375	4331
2262.391	4341
2264.403	4285
2266.416	4434
2268.427	4350
2270.44	4389
2272.453	4227
2274.463	4291
2276.474	4272
2278.483	4306
2280.493	4310
2282.501	4309
2284.51	4385
2286.518	4319
2288.524	4370
2290.532	4405
2292.537	4441
2294.544	4306
2296.55	4339
2298.554	4357
2300.557	4379
2302.562	4260
2304.566	4334
2306.568	4279
2308.569	4379
2310.572	4329
2312.573	4367
2314.573	4255
2316.574	4339
2318.573	4370
2320.571	4286
2322.571	4257
2324.569	4320
2326.567	4226
2328.564	4203
2330.56	4282
2332.556	4374
2334.551	4316
2336.546	4310
2338.542	4320
2340.535	4273
2342.529	4262
2344.521	4337
2346.512	4292
2348.505	4165
2350.497	4265
2352.487	4327
2354.478	4299
2356.468	4247
2358.457	4332
2360.446	4268
2362.434	4269
2364.422	4311
2366.408	4264
2368.395	4331
2370.383	4243
2372.369	4205
2374.353	4306
2376.338	4222
2378.321	4310
2380.307	4282
2382.29	4300
2384.272	4305
2386.254	4293
2388.235	4288
2390.218	4233
2392.198	4205
2394.179	4231
2396.157	4273
2398.137	4232
2400.115	4171
2402.095	4285
2404.072	4149
2406.048	4325
2408.026	4327
2410.001	4191
2411.977	4278
2413.953	4092
2415.927	4243
2417.9	4245
2419.875	4204
2421.847	4249
2423.821	4213
2425.792	4311
2427.763	4205
2429.736	4227
2431.706	4227
2433.677	4140
2435.646	4243
2437.615	4303
2439.583	4202
2441.551	4267
2443.519	4260
2445.486	4289
2447.452	4183
2449.418	4222
2451.383	4272
2453.348	4217
2455.314	4182
2457.278	4250
2459.241	4108
2461.205	4139
2463.167	4179
2465.131	4338
2467.091	4216
2469.052	4180
2471.012	4244
2472.972	4237
2474.932	4225
2476.891	4171
2478.85	4249
2480.808	4218
2482.766	4309
2484.722	4158
2486.68	4180
2488.636	4262
2490.591	4155
2492.546	4122
2494.5	4167
2496.456	4178
2498.41	4052
2500.362	4164
2502.315	4181
2504.266	4193
2506.218	4200
2508.169	4239
2510.121	4257
2512.07	4218
2514.019	4216
2515.968	4124
2517.918	4215
2519.866	4224
2521.813	4233
2523.76	4218
2525.707	4129
2527.653	4148
2529.599	4141
2531.543	4235
2533.489	4191
2535.433	4129
2537.376	4152
2539.32	4114
2541.264	4291
2543.205	4233
2545.147	4217
2547.087	4229
2549.029	4209
2550.969	4154
2552.908	4221
2554.847	4195
2556.786	4129
2558.724	4244
2560.663	4200
2562.6	4155
2564.537	4125
2566.473	4197
2568.408	4228
2570.345	4123
2572.28	4227
2574.214	4275
2576.148	4151
2578.081	4268
2580.014	4173
2581.947	4071
2583.879	4173
2585.81	4132
2587.741	4230
2589.67	4109
2591.602	4258
2593.532	4248
2595.461	4259
2597.388	4195
2599.316	4176
2601.244	4148
2603.172	4185
2605.098	4104
2607.023	4207
2608.949	4136
2610.873	4099
2612.8	4231
2614.723	4185
2616.647	4160
2618.569	4238
2620.493	4276
2622.416	4195
2624.338	4164
2626.258	4180
2628.179	4238
2630.099	4292
2632.019	4235
2633.939	4278
2635.857	4303
2637.775	4265
2639.694	4239
2641.61	4224
2643.528	4221
2645.444	4190
2647.361	4201
2649.276	4164
2651.19	4294
2653.105	4219
2655.019	4139
2656.934	4261
2658.846	4249
2660.758	4173
2662.67	4272
2664.583	4198
2666.493	4207
2668.404	4193
2670.313	4210
2672.223	4197
2674.134	4181
2676.042	4179
2677.95	4192
2679.858	4164
2681.765	4180
2683.673	4203
2685.579	4224
2687.483	4196
2689.389	4122
2691.294	4177
2693.198	4209
2695.104	4172
2697.006	4147
2698.909	4176
2700.811	4187
2702.713	4129
2704.615	4167
2706.516	4148
2708.417	4310
2710.316	4128
2712.216	4170
2714.115	4160
2716.014	3989
2717.913	4161
2719.81	4123
2721.707	4102
2723.603	4121
2725.501	4102
2727.396	4077
2729.292	4098
2731.186	4153
2733.081	4156
2734.976	4174
2736.87	4137
2738.762	4255
2740.653	4164
2742.546	4112
2744.437	4107
2746.329	4180
2748.22	4095
2750.11	4081
2751.999	4061
2753.889	4193
2755.778	4063
2757.666	4084
2759.553	4084
2761.44	4113
2763.328	4151
2765.215	4178
2767.101	4221
2768.986	4092
2770.87	4130
2772.754	4116
2774.638	4110
2776.523	4157
2778.405	4089
2780.288	4119
2782.17	4202
2784.051	4094
2785.934	4122
2787.814	4157
2789.694	4200
2791.574	4073
2793.453	4156
2795.332	4070
2797.212	4148
2799.088	4154
2800.966	4157
2802.843	4145
2804.719	4179
2806.597	4119
2808.471	4109
2810.346	4143
2812.221	4091
2814.094	4052
2815.969	3985
2817.843	4144
2819.714	4212
2821.587	4129
2823.459	4129
2825.329	4028
2827.202	4078
2829.072	4111
2830.942	4171
2832.811	4042
2834.68	4171
2836.549	4151
2838.418	3997
2840.284	4146
2842.152	4134
2844.018	4120
2845.885	4140
2847.751	4039
2849.616	4138
2851.482	4147
2853.345	4141
2855.208	4177
2857.074	4175
2858.937	4095
2860.799	4051
2862.66	4105
2864.522	4126
2866.385	4118
2868.245	4185
2870.104	4155
2871.964	4202
2873.824	4144
2875.683	4176
2877.542	4219
2879.4	4286
2881.257	4281
2883.114	4185
2884.97	4196
2886.827	4188
2888.683	4297
2890.537	4281
2892.392	4191
2894.246	4263
2896.1	4192
2897.954	4179
2899.807	4191
2901.66	4259
2903.51	4231
2905.362	4277
2907.214	4228
2909.065	4140
2910.915	4194
2912.765	4289
2914.613	4348
2916.463	4331
2918.311	4321
2920.158	4344
2922.006	4445
2923.853	4348
2925.698	4323
2927.546	4436
2929.392	4383
2931.236	4431
2933.081	4384
2934.924	4408
2936.77	4504
2938.613	4482
2940.455	4463
2942.298	4476
2944.139	4566
2945.982	4516
2947.823	4559
2949.662	4510
2951.503	4556
2953.342	4457
2955.182	4373
2957.021	4476
2958.858	4439
2960.697	4328
2962.534	4365
2964.37	4440
2966.207	4308
2968.044	4341
2969.879	4293
2971.714	4225
2973.548	4345
2975.383	4298
2977.218	4277
2979.051	4390
2980.883	4274
2982.715	4250
2984.547	4268
2986.379	4286
2988.21	4234
2990.04	4173
2991.87	4167
2993.7	4054
2995.53	4103
2997.359	4199
2999.187	4147
3001.015	4090
3002.842	4188
3004.669	4095
3006.497	4024
3008.323	4121
3010.148	4033
3011.974	4044
3013.797	4031
3015.623	4022
3017.447	4074
3019.27	3966
3021.094	3986
3022.915	4050
3024.737	3990
3026.56	4009
3028.38	4048
3030.201	4020
3032.022	3990
3033.84	3927
3035.662	3944
3037.481	3991
3039.298	4086
3041.117	3966
3042.933	3951
3044.752	3927
3046.568	3970
3048.385	3886
3050.2	3974
3052.016	3857
3053.83	3917
3055.646	4015
3057.46	3885
3059.272	3923
3061.086	3882
3062.898	3963
3064.711	3925
3066.524	4006
3068.335	3919
3070.145	3913
3071.956	3844
3073.766	3916
3075.576	3845
3077.385	3913
3079.193	3938
3081.002	3921
3082.81	3810
3084.618	3888
3086.425	3859
3088.231	3872
3090.036	3777
3091.842	3879
3093.648	3846
3095.452	3766
3097.257	3947
3099.06	3864
3100.863	3776
3102.666	3855
3104.47	3774
3106.272	3788
3108.073	3812
3109.875	3909
3111.676	3791
3113.477	3763
3115.277	3805
3117.077	3837
3118.874	3795
3120.673	3779
3122.473	3789
3124.271	3852
3126.066	3796
3127.863	3792
3129.66	3820
3131.456	3839
3133.252	3773
3135.047	3902
3136.842	3825
3138.635	3762
3140.429	3817
3142.223	3822
3144.016	3821
3145.808	3738
3147.6	3823
3149.392	3738
3151.183	3734
3152.975	3794
3154.765	3778
3156.553	3733
3158.344	3751
3160.132	3796
3161.922	3799
3163.71	3763
3165.497	3718
3167.285	3719
3169.071	3750
3170.858	3758
3172.645	3718
3174.429	3690
3176.214	3751
3177.998	3653
3179.783	3788
3181.568	3728
3183.351	3787
3185.133	3781
3186.915	3708
3188.698	3735
3190.481	3725
3192.261	3684
3194.042	3716
3195.822	3641
3197.601	3702
3199.381	3687
3201.161	3679
3202.939	3760
3204.717	3745
3206.495	3768
3208.272	3586
3210.05	3749
3211.826	3747
3213.602	3640
3215.376	3698
3217.151	3700
3218.927	3767
3220.702	3745
3222.476	3644
3224.249	3702
3226.021	3748
3227.793	3683
3229.567	3633
3231.339	3643
3233.109	3659
3234.88	3693
3236.651	3632
3238.421	3644
3240.191	3675
3241.96	3624
3243.728	3642
3245.497	3637
3247.263	3616
3249.033	3719
3250.799	3683
3252.566	3665
3254.331	3669
3256.097	3733
3257.863	3703
3259.628	3606
3261.392	3653
3263.156	3617
3264.919	3581
3266.683	3727
3268.447	3692
3270.208	3715
3271.969	3586
3273.731	3717
3275.492	3581
3277.253	3697
3279.013	3716
3280.773	3689
3282.532	3569
3284.291	3684
3286.05	3682
3287.808	3602
3289.566	3700
3291.323	3669
3293.079	3619
3294.835	3646
3296.593	3673
3298.348	3624
3300.102	3666
3301.857	3643
3303.611	3710
3305.366	3586
3307.119	3694
3308.872	3615
3310.624	3621
3312.376	3675
3314.129	3665
3315.881	3748
3317.631	3636
3319.38	3615
3321.13	3690
3322.88	3583
3324.631	3744
3326.379	3646
3328.126	3714
3329.875	3603
3331.622	3634
3333.371	3658
3335.116	3730
3336.863	3608
3338.609	3567
3340.353	3565
3342.1	3582
3343.845	3573
3345.588	3598
3347.332	3609
3349.074	3601
3350.817	3610
3352.56	3567
3354.303	3629
3356.043	3646
3357.785	3702
3359.525	3535
3361.268	3561
3363.007	3670
3364.745	3609
3366.485	3648
3368.223	3574
3369.962	3533
3371.701	3650
3373.438	3573
3375.174	3584
3376.911	3602
3378.647	3586
3380.384	3585
3382.118	3537
3383.854	3585
3385.588	3642
3387.322	3561
3389.057	3597
3390.79	3610
3392.522	3533
3394.255	3552
3395.987	3565
3397.719	3468
3399.451	3575
3401.181	3647
3402.911	3446
3404.641	3534
3406.371	3572
3408.101	3616
3409.83	3597
3411.558	3643
3413.285	3526
3415.011	3529
3416.739	3624
3418.467	3617
3420.193	3512
3421.919	3509
3423.644	3520
3425.368	3475
3427.094	3494
3428.818	3431
3430.542	3537
3432.264	3508
3433.987	3529
3435.712	3426
3437.434	3616
3439.155	3547
3440.876	3573
3442.596	3495
3444.317	3494
3446.039	3546
3447.757	3525
3449.477	3539
3451.195	3523
3452.914	3555
3454.632	3407
3456.35	3435
3458.067	3467
3459.784	3446
3461.5	3460
3463.216	3477
3464.932	3483
3466.647	3536
3468.362	3539
3470.076	3430
3471.789	3411
3473.505	3528
3475.217	3422
3476.929	3475
3478.641	3333
3480.354	3417
3482.066	3503
3483.777	3475
3485.487	3387
3487.197	3453
3488.908	3413
3490.617	3399
3492.327	3489
3494.035	3331
3495.743	3368
3497.451	3375
3499.158	3413
3500.866	3361
3502.572	3377
3504.278	3394
3505.984	3445
3507.689	3375
3509.396	3319
3511.1	3418
3512.804	3368
3514.508	3385
3516.211	3326
3517.913	3357
3519.616	3343
3521.319	3385
3523.021	3331
3524.722	3389
3526.422	3338
3528.124	3388
3529.824	3335
3531.524	3419
3533.222	3320
3534.921	3313
3536.62	3382
3538.318	3443
3540.016	3294
3541.714	3326
3543.41	3455
3545.107	3383
3546.803	3312
3548.5	3288
3550.194	3392
3551.889	3340
3553.583	3371
3555.279	3330
3556.972	3293
3558.666	3280
3560.358	3313
3562.051	3322
3563.742	3371
3565.435	3277
3567.126	3279
3568.817	3290
3570.507	3298
3572.197	3252
3573.888	3384
3575.577	3247
3577.265	3339
3578.954	3268
3580.642	3223
3582.329	3331
3584.017	3320
3585.704	3309
3587.391	3286
3589.077	3281
3590.762	3261
3592.449	3291
3594.133	3330
3595.817	3240
3597.501	3241
3599.185	3181
3600.869	3238
3602.552	3223
3604.234	3240
3605.916	3225
3607.598	3220
3609.279	3248
3610.961	3187
3612.642	3212
3614.321	3212
3616	3186
3617.68	3266
3619.36	3201
3621.039	3259
3622.716	3171
3624.394	3199
3626.071	3167
3627.748	3069
3629.425	3144
3631.102	3199
3632.778	3166
3634.452	3148
3636.127	3179
3637.803	3148
3639.477	3219
3641.151	3051
3642.823	3121
3644.497	3126
3646.171	3274
3647.842	3066
3649.515	3063
3651.185	3125
3652.857	3215
3654.527	3189
3656.198	3111
3657.868	3176
3659.537	3151
3661.207	3076
3662.875	3147
3664.544	3171
3666.212	3073
3667.879	3158
3669.546	3170
3671.212	3096
3672.88	3112
3674.546	3151
3676.211	3150
3677.875	3077
3679.541	3087
3681.205	3207
3682.87	3156
3684.533	3073
3686.196	3178
3687.859	3098
3689.521	3072
3691.184	3141
3692.845	3122
3694.507	3097
3696.167	3104
3697.827	3125
3699.487	3134
3701.148	3126
3702.808	3041
3704.466	3021
3706.125	3066
3707.783	3064
3709.442	3034
3711.099	3080
3712.757	3056
3714.412	3156
3716.068	3108
3717.725	3107
3719.381	3048
3721.036	3088
3722.689	2965
3724.344	3037
3725.998	3087
3727.652	3057
3729.305	3129
3730.958	3078
3732.61	3079
3734.262	3048
3735.915	3052
3737.565	3032
3739.217	3027
3740.866	3057
3742.516	3058
3744.165	3043
3745.816	3109
3747.464	3025
3749.113	3001
3750.761	3007
3752.409	3005
3754.057	3046
3755.703	2970
3757.35	3046
3758.996	3022
3760.641	3024
3762.289	3011
3763.933	3018
3765.577	3024
3767.222	2976
3768.865	3034
3770.508	2947
3772.152	2992
3773.796	3054
3775.438	2980
3777.079	2954
3778.721	3011
3780.363	3043
3782.003	2922
3783.643	2911
3785.283	2916
3786.923	2961
3788.563	2963
3790.203	3001
3791.841	2978
3793.479	2915
3795.115	2951
3796.753	2897
3798.391	2994
3800.027	3075
3801.664	2963
3803.299	2978
3804.935	3029
3806.571	3021
3808.206	2895
3809.839	2945
3811.473	2980
3813.107	2894
3814.74	2924
3816.375	2959
3818.006	2965
3819.638	2949
3821.27	2952
3822.9	2941
3824.532	2827
3826.163	2968
3827.792	2926
3829.423	2874
3831.051	2870
3832.682	2916
3834.311	2835
3835.938	2926
3837.566	2874
3839.193	2883
3840.821	2903
3842.448	2794
3844.075	2933
3845.7	2912
3847.325	2888
3848.951	2936
3850.576	2978
3852.201	2803
3853.825	2911
3855.448	2893
3857.072	2917
3858.694	2925
3860.318	2875
3861.939	2841
3863.562	2884
3865.183	2868
3866.804	2871
3868.426	2823
3870.045	2929
3871.666	2834
3873.285	2910
3874.904	2860
3876.524	2883
3878.142	2861
3879.76	2801
3881.378	2852
3882.995	2903
3884.612	2876
3886.229	2839
3887.845	2846
3889.461	2856
3891.076	2867
3892.691	2842
3894.307	2859
3895.922	2778
3897.536	2728
3899.149	2803
3900.761	2813
3902.374	2833
3903.988	2780
3905.6	2868
3907.212	2795
3908.822	2820
3910.433	2872
3912.045	2797
3913.655	2836
3915.265	2864
3916.875	2829
3918.483	2840
3920.093	2821
3921.702	2800
3923.309	2817
3924.917	2816
3926.523	2804
3928.13	2820
3929.739	2809
3931.344	2866
3932.95	2770
3934.555	2836
3936.159	2771
3937.766	2810
3939.369	2776
3940.974	2791
3942.577	2777
3944.181	2840
3945.783	2757
3947.386	2783
3948.989	2818
3950.59	2780
3952.191	2764
3953.791	2743
3955.394	2733
3956.994	2736
3958.593	2735
3960.192	2748
3961.791	2775
3963.392	2818
3964.99	2773
3966.588	2832
3968.185	2696
3969.782	2730
3971.379	2780
3972.976	2783
3974.572	2740
3976.168	2698
3977.763	2722
3979.358	2731
3980.954	2767
3982.548	2752
3984.142	2674
3985.736	2752
3987.329	2762
3988.922	2763
3990.516	2693
3992.108	2767
3993.698	2692
3995.29	2726
3996.881	2748
3998.473	2701
4000.064	2711
4001.653	2660
4003.242	2711
4004.832	2654
4006.422	2683
4008.01	2639
4009.598	2652
4011.186	2746
4012.773	2647
4014.36	2692
4015.947	2653
4017.534	2682
4019.119	2593
4020.705	2652
4022.291	2647
4023.876	2669
4025.461	2655
4027.044	2704
4028.627	2627
4030.211	2635
4031.795	2663
4033.378	2650
4034.96	2614
4036.542	2665
4038.124	2641
4039.704	2628
4041.286	2588
4042.867	2657
4044.447	2601
4046.026	2645
4047.606	2579
4049.187	2675
4050.765	2620
4052.343	2598
4053.92	2605
4055.498	2660
4057.076	2631
4058.654	2591
4060.23	2617
4061.806	2548
4063.381	2585
4064.957	2604
4066.533	2580
4068.107	2621
4069.682	2555
4071.256	2535
4072.829	2572
4074.404	2613
4075.977	2661
4077.549	2602
4079.121	2613
4080.693	2566
4082.265	2653
4083.836	2623
4085.407	2560
4086.977	2588
4088.547	2560
4090.117	2592
4091.687	2598
4093.256	2527
4094.825	2561
4096.392	2577
4097.96	2596
4099.528	2518
4101.097	2583
4102.663	2550
4104.229	2514
4105.795	2583
4107.361	2595
4108.928	2595
4110.493	2613
4112.058	2504
4113.621	2530
4115.186	2506
4116.75	2505
4118.313	2564
4119.876	2488
4121.438	2545
4123	2497
4124.562	2552
4126.125	2461
4127.686	2527
4129.246	2513
4130.807	2531
4132.367	2515
4133.927	2502
4135.486	2520
4137.046	2511
4138.604	2479
4140.162	2491
4141.72	2523
4143.279	2465
4144.836	2457
4146.393	2490
4147.949	2493
4149.505	2495
4151.062	2529
4152.617	2482
4154.172	2466
4155.727	2434
4157.281	2474
4158.836	2456
4160.39	2528
4161.943	2489
4163.496	2466
4165.048	2467
4166.601	2403
4168.154	2484
4169.706	2433
4171.257	2500
4172.808	2460
4174.358	2409
4175.909	2423
4177.458	2444
4179.008	2481
4180.558	2435
4182.106	2416
4183.655	2383
4185.204	2428
4186.751	2439
4188.298	2465
4189.845	2412
4191.392	2359
4192.939	2422
4194.485	2414
4196.031	2442
4197.576	2444
4199.121	2375
4200.666	2362
4202.211	2349
4203.754	2366
4205.298	2401
4206.84	2392
4208.384	2457
4209.927	2402
4211.47	2452
4213.011	2408
4214.552	2347
4216.094	2408
4217.635	2367
4219.175	2423
4220.716	2311
4222.255	2344
4223.793	2358
4225.335	2425
4226.873	2382
4228.411	2419
4229.948	2416
4231.486	2382
4233.024	2451
4234.562	2368
4236.098	2436
4237.634	2411
4239.169	2337
4240.705	2379
4242.241	2383
4243.776	2317
4245.31	2387
4246.844	2350
4248.378	2351
4249.911	2318
4251.445	2316
4252.978	2322
4254.51	2360
4256.042	2344
4257.574	2350
4259.107	2341
4260.638	2362
4262.169	2336
4263.699	2318
4265.228	2323
4266.759	2310
4268.289	2286
4269.818	2345
4271.345	2288
4272.874	2366
4274.402	2331
4275.931	2307
4277.458	2276
4278.985	2280
4280.512	2356
4282.037	2308
4283.564	2321
4285.089	2352
4286.615	2347
4288.139	2345
4289.664	2327
4291.187	2295
4292.712	2353
4294.235	2263
4295.759	2295
4297.281	2337
4298.804	2300
4300.327	2278
4301.849	2258
4303.37	2334
4304.891	2322
4306.412	2267
4307.933	2323
4309.453	2245
4310.973	2326
4312.492	2226
