398.1873	3151
400.7097	3152
403.2336	3153
405.7547	3122
408.2751	3257
410.7948	3158
413.3138	3153
415.83	3219
418.3497	3244
420.8666	3283
423.3829	3241
425.8985	3324
428.4133	3429
430.9275	3316
433.441	3381
435.9538	3408
438.4639	3289
440.9753	3422
443.4881	3429
445.9982	3416
448.5055	3418
451.0142	3361
453.5201	3316
456.0274	3427
458.5361	3357
461.04	3393
463.5453	3401
466.0478	3384
468.5517	3448
471.0549	3404
473.5574	3337
476.0572	3446
478.5584	3390
481.0568	3416
483.5545	3472
486.0557	3418
488.5521	3433
491.0478	3410
493.5449	3472
496.0392	3491
498.5349	3424
501.0299	3488
503.5222	3495
506.0139	3521
508.5048	3493
510.9991	3514
513.4887	3493
515.9777	3494
518.4659	3468
520.9534	3522
523.4403	3458
525.9306	3553
528.4161	3480
530.9009	3510
533.3851	3432
535.8687	3541
538.3535	3552
540.8356	3498
543.3171	3413
545.7979	3481
548.278	3549
550.7595	3420
553.2383	3573
555.7144	3502
558.1918	3468
560.6685	3584
563.1446	3511
565.6221	3616
568.0968	3517
570.5688	3553
573.0422	3618
575.515	3602
577.989	3636
580.4584	3635
582.9291	3675
585.3991	3661
587.8685	3695
590.3352	3688
592.8052	3628
595.2706	3659
597.7372	3640
600.2033	3573
602.6666	3629
605.1334	3638
607.5953	3540
610.0587	3658
612.5193	3632
614.9814	3641
617.4427	3648
619.9034	3678
622.3615	3644
624.8208	3665
627.2775	3590
629.7335	3645
632.1929	3674
634.6476	3587
637.1016	3614
639.5569	3639
642.0096	3592
644.4637	3661
646.9151	3693
649.3678	3660
651.8179	3657
654.2672	3555
656.7159	3660
659.166	3685
661.6154	3669
664.0622	3674
666.5082	3653
668.9537	3635
671.4005	3697
673.8445	3680
676.288	3733
678.7308	3740
681.1729	3762
683.6163	3768
686.0572	3744
688.4973	3786
690.9368	3760
693.3757	3706
695.8138	3766
698.2534	3786
700.6902	3784
703.1245	3821
705.56	3704
707.9949	3860
710.4311	3840
712.8647	3690
715.2957	3787
717.7279	3838
720.1595	3783
722.5905	3834
725.0208	3847
727.4505	3802
729.8795	3844
732.3058	3886
734.7336	3776
737.1626	3831
739.587	3844
742.0128	3873
744.4359	3868
746.8604	3931
749.2841	3906
751.7073	3942
754.1278	3970
756.5496	3932
758.9688	3992
761.3893	3978
763.8093	4116
766.2285	3964
768.6451	3996
771.0611	3965
773.4784	3928
775.895	4002
778.3091	4005
780.7244	3941
783.1371	4006
785.5493	4000
787.9626	4038
790.3754	3949
792.7856	4035
795.1951	4019
797.6039	3987
800.0121	3987
802.4236	4016
804.8306	3999
807.2369	4008
809.6425	4021
812.0475	4030
814.4538	4126
816.8575	4013
819.2606	4035
821.663	4067
824.0648	4010
826.4659	4087
828.8683	4054
831.2682	4047
833.6674	4031
836.066	4012
838.4639	3986
840.8632	4118
843.2579	3987
845.6539	4060
848.0493	4057
850.444	4117
852.84	4102
855.2315	4135
857.6243	4060
860.0165	4167
862.4081	4092
864.797	4146
867.1892	4098
869.5789	4168
871.9659	4067
874.3542	4146
876.74	4128
879.129	4025
881.5155	4134
883.8994	4180
886.2845	4083
888.6671	4080
891.051	4162
893.4343	4121
895.8169	4093
898.197	4058
900.5783	4120
902.9571	4076
905.3372	4078
907.7167	4092
910.0936	4127
912.4698	4150
914.8474	4122
917.2244	4142
919.5987	4174
921.9744	4229
924.3475	4233
926.72	4226
929.0918	4293
931.4669	4214
933.8375	4264
936.2074	4276
938.5767	4371
940.9454	4387
943.3154	4394
945.6829	4486
948.0497	4461
950.4178	4502
952.7833	4721
955.1483	4783
957.5145	4870
959.8782	4906
962.2412	4881
964.6036	4894
966.9655	4794
969.3266	4618
971.6871	4486
974.0471	4353
976.4064	4346
978.765	4283
981.125	4226
983.4824	4206
985.8373	4197
988.1935	4254
990.549	4231
992.9039	4288
995.2602	4278
997.6119	4215
999.965	4278
1002.317	4215
1004.667	4354
1007.02	4224
1009.371	4307
1011.719	4219
1014.068	4314
1016.415	4260
1018.765	4308
1021.111	4294
1023.458	4262
1025.804	4297
1028.147	4353
1030.49	4258
1032.837	4349
1035.179	4299
1037.522	4333
1039.862	4341
1042.204	4307
1044.546	4336
1046.884	4331
1049.224	4389
1051.562	4345
1053.899	4342
1056.237	4364
1058.575	4378
1060.91	4369
1063.244	4302
1065.58	4379
1067.913	4464
1070.248	4485
1072.579	4388
1074.911	4417
1077.242	4450
1079.572	4374
1081.905	4496
1084.234	4368
1086.562	4400
1088.89	4269
1091.217	4399
1093.544	4330
1095.871	4453
1098.197	4345
1100.521	4470
1102.845	4400
1105.169	4410
1107.491	4371
1109.814	4326
1112.135	4441
1114.456	4429
1116.776	4399
1119.096	4419
1121.415	4348
1123.734	4422
1126.052	4384
1128.369	4455
1130.686	4418
1133.002	4432
1135.318	4376
1137.632	4416
1139.945	4408
1142.258	4457
1144.573	4363
1146.884	4436
1149.196	4407
1151.505	4449
1153.816	4331
1156.124	4434
1158.435	4413
1160.742	4423
1163.051	4358
1165.356	4446
1167.663	4353
1169.97	4375
1172.276	4380
1174.579	4439
1176.881	4459
1179.186	4418
1181.487	4443
1183.79	4400
1186.092	4404
1188.392	4396
1190.691	4386
1192.991	4369
1195.291	4451
1197.588	4398
1199.885	4491
1202.181	4344
1204.479	4496
1206.775	4453
1209.07	4484
1211.363	4437
1213.656	4511
1215.949	4407
1218.241	4436
1220.534	4437
1222.825	4476
1225.115	4406
1227.405	4522
1229.693	4520
1231.984	4502
1234.271	4491
1236.558	4458
1238.845	4554
1241.131	4586
1243.416	4519
1245.703	4544
1247.987	4558
1250.269	4666
1252.552	4560
1254.834	4622
1257.118	4574
1259.399	4737
1261.678	4579
1263.958	4615
1266.237	4632
1268.516	4616
1270.794	4587
1273.072	4616
1275.347	4522
1277.624	4627
1279.899	4524
1282.175	4612
1284.449	4600
1286.722	4473
1288.995	4449
1291.266	4564
1293.54	4602
1295.81	4555
1298.081	4573
1300.35	4523
1302.62	4547
1304.889	4521
1307.156	4563
1309.425	4620
1311.69	4576
1313.957	4638
1316.222	4564
1318.488	4635
1320.751	4644
1323.016	4496
1325.278	4503
1327.54	4598
1329.803	4525
1332.065	4546
1334.325	4538
1336.584	4556
1338.843	4526
1341.101	4593
1343.36	4657
1345.617	4616
1347.876	4513
1350.131	4620
1352.387	4637
1354.643	4532
1356.897	4482
1359.151	4578
1361.403	4605
1363.656	4628
1365.909	4596
1368.16	4637
1370.409	4610
1372.659	4547
1374.909	4593
1377.157	4582
1379.407	4593
1381.655	4555
1383.9	4569
1386.147	4599
1388.393	4615
1390.64	4626
1392.885	4575
1395.127	4617
1397.37	4576
1399.614	4653
1401.854	4684
1404.098	4704
1406.339	4638
1408.578	4657
1410.818	4607
1413.056	4678
1415.297	4664
1417.533	4666
1419.771	4796
1422.006	4721
1424.243	4744
1426.479	4686
1428.715	4539
1430.948	4766
1433.182	4782
1435.414	4697
1437.647	4689
1439.88	4789
1442.11	4839
1444.342	4750
1446.571	4756
1448.799	4698
1451.029	4753
1453.258	4746
1455.485	4783
1457.711	4876
1459.937	4728
1462.164	4769
1464.39	4729
1466.614	4791
1468.838	4744
1471.06	4725
1473.283	4737
1475.506	4708
1477.727	4671
1479.949	4741
1482.169	4676
1484.389	4637
1486.609	4767
1488.828	4694
1491.045	4741
1493.261	4603
1495.477	4643
1497.693	4707
1499.91	4684
1502.125	4614
1504.339	4681
1506.553	4667
1508.766	4726
1510.979	4584
1513.191	4582
1515.402	4737
1517.613	4603
1519.823	4693
1522.033	4767
1524.242	4625
1526.451	4616
1528.657	4639
1530.865	4658
1533.072	4529
1535.278	4689
1537.484	4684
1539.687	4662
1541.892	4679
1544.096	4645
1546.299	4716
1548.502	4756
1550.703	4683
1552.905	4574
1555.104	4733
1557.303	4783
1559.505	4771
1561.703	4710
1563.902	4652
1566.099	4723
1568.295	4761
1570.494	4799
1572.689	4767
1574.883	4753
1577.079	4799
1579.272	4720
1581.467	4840
1583.659	4748
1585.853	4687
1588.044	4916
1590.234	4752
1592.424	4731
1594.615	4799
1596.806	4862
1598.994	4835
1601.182	4815
1603.369	4792
1605.557	4888
1607.744	4833
1609.929	4909
1612.114	4828
1614.298	4826
1616.482	4878
1618.667	4868
1620.85	4845
1623.032	4935
1625.214	4807
1627.395	4846
1629.575	4757
1631.755	4810
1633.935	4889
1636.114	4944
1638.292	4923
1640.471	4944
1642.647	4894
1644.823	4973
1647	4914
1649.175	4932
1651.348	4879
1653.525	4848
1655.698	4958
1657.87	4924
1660.043	4933
1662.213	4975
1664.387	4883
1666.558	4895
1668.727	4861
1670.896	4931
1673.064	4860
1675.233	4992
1677.401	4887
1679.569	4864
1681.735	4815
1683.902	4933
1686.066	4957
1688.233	4949
1690.397	4936
1692.559	4950
1694.723	4902
1696.885	4943
1699.048	4802
1701.21	4879
1703.37	4894
1705.53	4848
1707.689	4938
1709.849	4866
1712.009	4925
1714.166	4879
1716.323	4846
1718.479	4918
1720.634	4849
1722.793	5008
1724.948	4826
1727.102	4772
1729.255	4879
1731.408	5031
1733.562	4846
1735.714	4946
1737.865	4885
1740.016	4900
1742.166	4885
1744.316	4980
1746.467	4879
1748.616	4903
1750.764	4874
1752.911	4865
1755.056	4950
1757.205	4992
1759.35	4856
1761.496	4939
1763.641	4909
1765.785	4832
1767.927	4888
1770.072	4862
1772.214	4963
1774.355	4879
1776.496	4913
1778.637	4893
1780.778	4901
1782.918	5013
1785.057	4938
1787.194	4853
1789.333	4927
1791.472	4998
1793.608	4929
1795.745	5004
1797.879	4980
1800.015	5005
1802.148	5069
1804.284	4961
1806.417	4961
1808.548	5035
1810.682	4924
1812.812	5003
1814.946	4986
1817.075	4938
1819.205	4955
1821.335	4975
1823.463	4934
1825.59	4965
1827.721	4858
1829.847	4906
1831.973	5010
1834.098	4977
1836.223	4954
1838.351	4952
1840.475	5010
1842.598	4911
1844.721	4973
1846.843	4884
1848.966	4871
1851.087	4963
1853.21	4909
1855.33	4927
1857.449	4961
1859.568	4923
1861.688	4921
1863.806	4933
1865.924	4873
1868.039	4972
1870.155	4856
1872.273	4893
1874.388	4975
1876.503	4916
1878.617	4903
1880.73	4938
1882.844	4837
1884.956	4964
1887.068	4906
1889.18	4924
1891.291	4931
1893.4	4943
1895.511	5040
1897.621	5065
1899.73	4985
1901.837	4988
1903.944	5141
1906.053	5039
1908.159	4982
1910.265	4940
1912.369	5010
1914.474	4985
1916.577	5049
1918.683	5068
1920.785	4940
1922.888	4927
1924.989	4977
1927.091	5050
1929.193	5099
1931.294	4952
1933.393	4990
1935.493	5083
1937.59	4992
1939.689	5038
1941.788	5016
1943.884	5040
1945.98	5031
1948.077	5096
1950.171	4974
1952.267	5011
1954.361	5040
1956.455	4990
1958.548	5075
1960.64	5035
1962.733	5028
1964.824	5057
1966.915	5079
1969.005	4994
1971.096	5039
1973.185	5019
1975.275	5145
1977.363	5071
1979.45	4938
1981.537	5010
1983.623	5021
1985.711	5041
1987.796	4987
1989.881	5155
1991.965	5134
1994.047	5067
1996.132	5010
1998.215	5010
2000.297	5065
2002.378	5124
2004.46	5061
2006.54	4959
2008.62	5095
2010.7	4915
2012.779	5032
2014.858	5031
2016.934	5076
2019.013	4976
2021.09	4938
2023.165	5112
2025.241	5016
2027.317	5052
2029.39	4965
2031.466	5022
2033.538	5093
2035.612	5000
2037.683	5034
2039.755	4991
2041.827	4965
2043.898	5063
2045.968	5050
2048.038	5043
2050.106	4942
2052.177	5028
2054.244	4977
2056.313	5072
2058.379	5047
2060.444	5028
2062.511	5063
2064.577	5024
2066.641	5001
2068.705	5058
2070.77	5118
2072.832	5105
2074.896	5127
2076.958	5088
2079.02	5056
2081.081	4971
2083.141	5014
2085.2	5076
2087.261	5118
2089.319	4948
2091.377	5166
2093.435	5199
2095.492	4998
2097.552	5033
2099.607	4997
2101.663	4969
2103.718	5047
2105.771	5021
2107.826	5075
2109.879	5076
2111.932	5005
2113.985	5166
2116.037	5073
2118.088	5110
2120.141	5098
2122.191	5152
2124.239	5011
2126.288	5100
2128.337	5059
2130.387	4986
2132.434	5062
2134.481	5127
2136.528	5162
2138.574	5054
2140.618	5004
2142.665	5092
2144.71	5093
2146.753	5113
2148.797	5000
2150.838	5031
2152.883	4915
2154.923	5083
2156.965	5066
2159.007	5035
2161.046	4963
2163.086	5021
2165.126	5097
2167.163	4971
2169.202	5040
2171.239	5088
2173.277	5054
2175.314	5016
2177.349	4995
2179.385	5006
2181.42	5013
2183.453	4973
2185.49	4987
2187.522	5093
2189.555	5092
2191.586	5009
2193.619	4990
2195.651	4944
2197.682	5007
2199.711	5036
2201.74	4962
2203.769	4992
2205.799	4994
2207.828	5030
2209.855	5025
2211.882	4978
2213.908	4984
2215.934	4927
2217.961	4983
2219.986	4975
2222.01	4986
2224.034	4948
2226.057	4904
2228.08	4918
2230.104	5015
2232.124	5070
2234.145	4810
2236.166	4931
2238.186	4978
2240.207	4895
2242.227	5037
2244.244	4950
2246.262	4929
2248.28	4972
2250.299	4936
2252.314	5013
2254.33	4985
2256.346	4988
2258.36	5043
2260.375	5044
2262.391	5060
2264.403	5033
2266.416	4993
2268.427	4972
2270.44	5045
2272.453	4945
2274.463	4978
2276.474	5036
2278.483	5011
2280.493	4892
2282.501	5011
2284.51	5057
2286.518	5028
2288.524	4996
2290.532	4969
2292.537	5011
2294.544	5004
2296.55	4978
2298.554	4960
2300.557	4967
2302.562	5082
2304.566	5013
2306.568	5076
2308.569	4860
2310.572	5062
2312.573	4896
2314.573	4984
2316.574	5019
2318.573	5016
2320.571	4920
2322.571	4963
2324.569	4945
2326.567	4954
2328.564	4946
2330.56	4946
2332.556	4895
2334.551	4928
2336.546	4924
2338.542	4929
2340.535	4934
2342.529	4853
2344.521	4911
2346.512	4946
2348.505	4950
2350.497	5031
2352.487	4979
2354.478	4920
2356.468	4825
2358.457	4953
2360.446	4981
2362.434	4943
2364.422	4919
2366.408	4944
2368.395	4981
2370.383	4966
2372.369	4989
2374.353	4932
2376.338	4921
2378.321	4883
2380.307	4972
2382.29	4963
2384.272	4912
2386.254	4874
2388.235	4812
2390.218	4912
2392.198	4760
2394.179	4926
2396.157	4865
2398.137	4911
2400.115	4898
2402.095	4821
2404.072	4897
2406.048	4857
2408.026	4943
2410.001	4840
2411.977	4890
2413.953	4881
2415.927	4865
2417.9	4788
2419.875	4878
2421.847	4937
2423.821	4875
2425.792	4814
2427.763	4890
2429.736	4875
2431.706	4895
2433.677	4933
2435.646	4853
2437.615	4833
2439.583	4789
2441.551	4870
2443.519	4956
2445.486	4840
2447.452	4870
2449.418	4856
2451.383	4793
2453.348	4905
2455.314	4814
2457.278	4808
2459.241	4886
2461.205	4902
2463.167	4821
2465.131	4840
2467.091	4830
2469.052	4859
2471.012	4797
2472.972	4785
2474.932	4874
2476.891	4916
2478.85	4849
2480.808	4842
2482.766	4924
2484.722	4849
2486.68	4875
2488.636	4935
2490.591	4848
2492.546	4819
2494.5	4833
2496.456	4793
2498.41	4857
2500.362	4844
2502.315	4786
2504.266	4849
2506.218	4909
2508.169	4834
2510.121	4829
2512.07	4783
2514.019	4872
2515.968	4789
2517.918	4748
2519.866	4817
2521.813	4821
2523.76	4818
2525.707	4762
2527.653	4769
2529.599	4875
2531.543	4871
2533.489	4784
2535.433	4856
2537.376	4826
2539.32	4780
2541.264	4867
2543.205	4797
2545.147	4828
2547.087	4880
2549.029	4814
2550.969	4792
2552.908	4838
2554.847	4805
2556.786	4773
2558.724	4799
2560.663	4819
2562.6	4904
2564.537	4869
2566.473	4831
2568.408	4862
2570.345	4782
2572.28	4919
2574.214	4823
2576.148	4787
2578.081	4813
2580.014	4755
2581.947	4857
2583.879	4810
2585.81	4840
2587.741	4975
2589.67	4896
2591.602	4859
2593.532	4803
2595.461	4902
2597.388	4799
2599.316	4812
2601.244	4824
2603.172	4889
2605.098	4717
2607.023	4888
2608.949	4837
2610.873	4766
2612.8	4905
2614.723	4853
2616.647	4836
2618.569	4910
2620.493	4864
2622.416	4828
2624.338	4790
2626.258	4906
2628.179	4888
2630.099	4790
2632.019	4855
2633.939	4818
2635.857	4853
2637.775	4893
2639.694	4849
2641.61	4888
2643.528	4943
2645.444	4907
2647.361	4825
2649.276	4793
2651.19	4908
2653.105	4929
2655.019	4904
2656.934	4830
2658.846	4838
2660.758	4817
2662.67	4941
2664.583	4926
2666.493	4927
2668.404	4801
2670.313	4879
2672.223	4944
2674.134	4821
2676.042	4874
2677.95	4779
2679.858	4942
2681.765	4856
2683.673	4855
2685.579	4871
2687.483	4819
2689.389	4799
2691.294	4851
2693.198	4732
2695.104	4760
2697.006	4852
2698.909	4790
2700.811	4809
2702.713	4795
2704.615	4808
2706.516	4807
2708.417	4856
2710.316	4825
2712.216	4810
2714.115	4791
2716.014	4862
2717.913	4764
2719.81	4843
2721.707	4926
2723.603	4770
2725.501	4925
2727.396	4779
2729.292	4727
2731.186	4801
2733.081	4756
2734.976	4769
2736.87	4744
2738.762	4798
2740.653	4765
2742.546	4761
2744.437	4802
2746.329	4746
2748.22	4759
2750.11	4807
2751.999	4887
2753.889	4822
2755.778	4777
2757.666	4781
2759.553	4811
2761.44	4851
2763.328	4765
2765.215	4822
2767.101	4773
2768.986	4711
2770.87	4727
2772.754	4753
2774.638	4818
2776.523	4802
2778.405	4715
2780.288	4751
2782.17	4817
2784.051	4712
2785.934	4709
2787.814	4729
2789.694	4764
2791.574	4796
2793.453	4744
2795.332	4681
2797.212	4761
2799.088	4686
2800.966	4785
2802.843	4686
2804.719	4860
2806.597	4730
2808.471	4743
2810.346	4755
2812.221	4700
2814.094	4752
2815.969	4753
2817.843	4804
2819.714	4713
2821.587	4783
2823.459	4780
2825.329	4788
2827.202	4738
2829.072	4761
2830.942	4706
2832.811	4761
2834.68	4680
2836.549	4837
2838.418	4848
2840.284	4808
2842.152	4753
2844.018	4699
2845.885	4756
2847.751	4744
2849.616	4700
2851.482	4859
2853.345	4740
2855.208	4716
2857.074	4742
2858.937	4820
2860.799	4772
2862.66	4730
2864.522	4891
2866.385	4838
2868.245	4808
2870.104	4897
2871.964	4858
2873.824	4858
2875.683	4932
2877.542	4910
2879.4	4817
2881.257	4873
2883.114	4870
2884.97	4977
2886.827	4890
2888.683	5014
2890.537	4978
2892.392	4881
2894.246	4977
2896.1	4914
2897.954	4934
2899.807	4873
2901.66	4935
2903.51	4970
2905.362	4865
2907.214	4833
2909.065	4948
2910.915	4998
2912.765	5028
2914.613	4955
2916.463	5023
2918.311	5074
2920.158	4984
2922.006	5025
2923.853	5139
2925.698	5072
2927.546	5064
2929.392	5181
2931.236	5164
2933.081	5120
2934.924	5175
2936.77	5221
2938.613	5206
2940.455	5154
2942.298	5304
2944.139	5205
2945.982	5304
2947.823	5227
2949.662	5179
2951.503	5187
2953.342	5195
2955.182	5215
2957.021	5202
2958.858	5135
2960.697	5144
2962.534	5000
2964.37	5138
2966.207	5082
2968.044	5104
2969.879	4992
2971.714	5010
2973.548	4889
2975.383	4966
2977.218	4922
2979.051	4986
2980.883	4920
2982.715	4862
2984.547	4916
2986.379	4850
2988.21	4862
2990.04	4830
2991.87	4864
2993.7	4832
2995.53	4758
2997.359	4836
2999.187	4783
3001.015	4691
3002.842	4779
3004.669	4715
3006.497	4738
3008.323	4716
3010.148	4802
3011.974	4717
3013.797	4641
3015.623	4679
3017.447	4627
3019.27	4613
3021.094	4691
3022.915	4606
3024.737	4632
3026.56	4562
3028.38	4532
3030.201	4641
3032.022	4468
3033.84	4553
3035.662	4598
3037.481	4559
3039.298	4611
3041.117	4572
3042.933	4551
3044.752	4571
3046.568	4598
3048.385	4567
3050.2	4545
3052.016	4565
3053.83	4446
3055.646	4546
3057.46	4506
3059.272	4580
3061.086	4463
3062.898	4567
3064.711	4476
3066.524	4567
3068.335	4567
3070.145	4521
3071.956	4595
3073.766	4556
3075.576	4551
3077.385	4568
3079.193	4628
3081.002	4493
3082.81	4460
3084.618	4523
3086.425	4404
3088.231	4578
3090.036	4478
3091.842	4500
3093.648	4486
3095.452	4489
3097.257	4499
3099.06	4485
3100.863	4470
3102.666	4487
3104.47	4463
3106.272	4455
3108.073	4444
3109.875	4449
3111.676	4463
3113.477	4391
3115.277	4437
3117.077	4417
3118.874	4394
3120.673	4454
3122.473	4398
3124.271	4384
3126.066	4463
3127.863	4347
3129.66	4368
3131.456	4436
3133.252	4498
3135.047	4377
3136.842	4368
3138.635	4317
3140.429	4335
3142.223	4421
3144.016	4347
3145.808	4441
3147.6	4350
3149.392	4396
3151.183	4242
3152.975	4369
3154.765	4310
3156.553	4350
3158.344	4255
3160.132	4361
3161.922	4365
3163.71	4305
3165.497	4293
3167.285	4307
3169.071	4341
3170.858	4324
3172.645	4395
3174.429	4398
3176.214	4330
3177.998	4300
3179.783	4324
3181.568	4323
3183.351	4317
3185.133	4343
3186.915	4328
3188.698	4374
3190.481	4321
3192.261	4312
3194.042	4321
3195.822	4208
3197.601	4329
3199.381	4337
3201.161	4264
3202.939	4242
3204.717	4179
3206.495	4204
3208.272	4281
3210.05	4275
3211.826	4324
3213.602	4228
3215.376	4303
3217.151	4317
3218.927	4221
3220.702	4288
3222.476	4265
3224.249	4236
3226.021	4234
3227.793	4243
3229.567	4258
3231.339	4300
3233.109	4295
3234.88	4356
3236.651	4304
3238.421	4229
3240.191	4323
3241.96	4231
3243.728	4218
3245.497	4215
3247.263	4227
3249.033	4291
3250.799	4266
3252.566	4189
3254.331	4290
3256.097	4282
3257.863	4190
3259.628	4237
3261.392	4294
3263.156	4288
3264.919	4318
3266.683	4272
3268.447	4297
3270.208	4316
3271.969	4254
3273.731	4273
3275.492	4218
3277.253	4276
3279.013	4288
3280.773	4224
3282.532	4310
3284.291	4192
3286.05	4166
3287.808	4233
3289.566	4302
3291.323	4252
3293.079	4307
3294.835	4288
3296.593	4203
3298.348	4217
3300.102	4201
3301.857	4296
3303.611	4289
3305.366	4323
3307.119	4292
3308.872	4325
3310.624	4155
3312.376	4279
3314.129	4213
3315.881	4267
3317.631	4284
3319.38	4285
3321.13	4200
3322.88	4303
3324.631	4328
3326.379	4219
3328.126	4259
3329.875	4284
3331.622	4169
3333.371	4249
3335.116	4194
3336.863	4179
3338.609	4181
3340.353	4234
3342.1	4108
3343.845	4220
3345.588	4239
3347.332	4178
3349.074	4163
3350.817	4178
3352.56	4216
3354.303	4132
3356.043	4174
3357.785	4132
3359.525	4214
3361.268	4195
3363.007	4216
3364.745	4140
3366.485	4183
3368.223	4109
3369.962	4206
3371.701	4247
3373.438	4115
3375.174	4184
3376.911	4184
3378.647	4299
3380.384	4127
3382.118	4126
3383.854	4182
3385.588	4188
3387.322	4166
3389.057	4129
3390.79	4184
3392.522	4078
3394.255	4067
3395.987	4180
3397.719	4211
3399.451	4127
3401.181	4134
3402.911	4149
3404.641	4088
3406.371	4133
3408.101	4093
3409.83	4167
3411.558	4044
3413.285	4113
3415.011	4135
3416.739	4093
3418.467	4115
3420.193	4076
3421.919	4003
3423.644	4106
3425.368	4100
3427.094	4095
3428.818	4059
3430.542	4144
3432.264	4095
3433.987	4176
3435.712	4143
3437.434	4032
3439.155	3999
3440.876	3980
3442.596	3995
3444.317	4069
3446.039	4087
3447.757	4007
3449.477	4035
3451.195	3997
3452.914	4057
3454.632	4040
3456.35	4075
3458.067	4001
3459.784	3989
3461.5	4050
3463.216	4062
3464.932	3966
3466.647	4093
3468.362	4029
3470.076	3931
3471.789	3973
3473.505	4020
3475.217	3990
3476.929	4020
3478.641	3972
3480.354	3986
3482.066	3889
3483.777	4013
3485.487	3940
3487.197	3991
3488.908	3959
3490.617	3989
3492.327	3914
3494.035	3871
3495.743	3992
3497.451	3944
3499.158	3945
3500.866	3959
3502.572	4001
3504.278	3976
3505.984	3964
3507.689	3902
3509.396	3931
3511.1	3861
3512.804	3900
3514.508	3874
3516.211	3946
3517.913	3945
3519.616	3930
3521.319	3987
3523.021	3889
3524.722	3895
3526.422	3815
3528.124	3885
3529.824	3914
3531.524	3846
3533.222	3893
3534.921	3900
3536.62	3869
3538.318	3775
3540.016	3896
3541.714	3889
3543.41	3922
3545.107	3830
3546.803	3819
3548.5	3808
3550.194	3892
3551.889	3854
3553.583	3949
3555.279	3876
3556.972	3800
3558.666	3814
3560.358	3859
3562.051	3881
3563.742	3829
3565.435	3688
3567.126	3828
3568.817	3883
3570.507	3785
3572.197	3758
3573.888	3835
3575.577	3808
3577.265	3816
3578.954	3798
3580.642	3769
3582.329	3745
3584.017	3759
3585.704	3717
3587.391	3805
3589.077	3825
3590.762	3742
3592.449	3773
3594.133	3800
3595.817	3758
3597.501	3762
3599.185	3761
3600.869	3733
3602.552	3654
3604.234	3812
3605.916	3758
3607.598	3748
3609.279	3708
3610.961	3729
3612.642	3641
3614.321	3757
3616	3715
3617.68	3746
3619.36	3643
3621.039	3756
3622.716	3665
3624.394	3731
3626.071	3724
3627.748	3673
3629.425	3728
3631.102	3733
3632.778	3733
3634.452	3717
3636.127	3669
3637.803	3729
3639.477	3711
3641.151	3635
3642.823	3617
3644.497	3614
3646.171	3548
3647.842	3637
3649.515	3658
3651.185	3680
3652.857	3725
3654.527	3619
3656.198	3625
3657.868	3590
3659.537	3681
3661.207	3600
3662.875	3625
3664.544	3589
3666.212	3661
3667.879	3650
3669.546	3610
3671.212	3585
3672.88	3544
3674.546	3666
3676.211	3606
3677.875	3571
3679.541	3654
3681.205	3604
3682.87	3561
3684.533	3514
3686.196	3610
3687.859	3595
3689.521	3641
3691.184	3558
3692.845	3578
3694.507	3550
3696.167	3607
3697.827	3524
3699.487	3579
3701.148	3593
3702.808	3613
3704.466	3548
3706.125	3608
3707.783	3552
3709.442	3548
3711.099	3610
3712.757	3638
3714.412	3565
3716.068	3631
3717.725	3541
3719.381	3570
3721.036	3567
3722.689	3611
3724.344	3578
3725.998	3529
3727.652	3568
3729.305	3636
3730.958	3536
3732.61	3465
3734.262	3563
3735.915	3498
3737.565	3529
3739.217	3520
3740.866	3441
3742.516	3505
3744.165	3456
3745.816	3521
3747.464	3468
3749.113	3449
3750.761	3501
3752.409	3585
3754.057	3441
3755.703	3482
3757.35	3464
3758.996	3461
3760.641	3491
3762.289	3464
3763.933	3442
3765.577	3430
3767.222	3459
3768.865	3404
3770.508	3411
3772.152	3445
3773.796	3518
3775.438	3422
3777.079	3458
3778.721	3501
3780.363	3439
3782.003	3501
3783.643	3433
3785.283	3420
3786.923	3466
3788.563	3389
3790.203	3411
3791.841	3414
3793.479	3463
3795.115	3451
3796.753	3441
3798.391	3405
3800.027	3443
3801.664	3392
3803.299	3357
3804.935	3441
3806.571	3434
3808.206	3410
3809.839	3364
3811.473	3491
3813.107	3446
3814.74	3427
3816.375	3431
3818.006	3430
3819.638	3394
3821.27	3368
3822.9	3396
3824.532	3346
3826.163	3389
3827.792	3268
3829.423	3231
3831.051	3323
3832.682	3248
3834.311	3303
3835.938	3313
3837.566	3399
3839.193	3300
3840.821	3300
3842.448	3279
3844.075	3356
3845.7	3332
3847.325	3307
3848.951	3427
3850.576	3319
3852.201	3295
3853.825	3333
3855.448	3263
3857.072	3412
3858.694	3295
3860.318	3342
3861.939	3310
3863.562	3321
3865.183	3290
3866.804	3323
3868.426	3273
3870.045	3308
3871.666	3289
3873.285	3312
3874.904	3325
3876.524	3298
3878.142	3299
3879.76	3322
3881.378	3303
3882.995	3275
3884.612	3242
3886.229	3239
3887.845	3248
3889.461	3351
3891.076	3263
3892.691	3348
3894.307	3321
3895.922	3316
3897.536	3291
3899.149	3287
3900.761	3258
3902.374	3238
3903.988	3322
3905.6	3208
3907.212	3324
3908.822	3317
3910.433	3307
3912.045	3252
3913.655	3243
3915.265	3210
3916.875	3256
3918.483	3257
3920.093	3290
3921.702	3253
3923.309	3194
3924.917	3282
3926.523	3319
3928.13	3223
3929.739	3271
3931.344	3208
3932.95	3243
3934.555	3167
3936.159	3262
3937.766	3252
3939.369	3227
3940.974	3225
3942.577	3223
3944.181	3288
3945.783	3247
3947.386	3213
3948.989	3215
3950.59	3254
3952.191	3235
3953.791	3200
3955.394	3254
3956.994	3202
3958.593	3184
3960.192	3195
3961.791	3198
3963.392	3197
3964.99	3231
3966.588	3253
3968.185	3246
3969.782	3185
3971.379	3201
3972.976	3197
3974.572	3185
3976.168	3207
3977.763	3174
3979.358	3190
3980.954	3165
3982.548	3130
3984.142	3160
3985.736	3132
3987.329	3111
3988.922	3132
3990.516	3149
3992.108	3129
3993.698	3136
3995.29	3175
3996.881	3122
3998.473	3139
4000.064	3024
4001.653	3167
4003.242	3115
4004.832	3046
4006.422	3168
4008.01	3063
4009.598	3119
4011.186	3088
4012.773	3084
4014.36	3066
4015.947	3106
4017.534	3098
4019.119	3081
4020.705	3000
4022.291	3035
4023.876	3145
4025.461	3124
4027.044	3060
4028.627	3123
4030.211	3040
4031.795	3032
4033.378	3037
4034.96	3039
4036.542	2955
4038.124	3080
4039.704	3026
4041.286	3035
4042.867	3098
4044.447	3077
4046.026	2999
4047.606	3016
4049.187	2962
4050.765	3029
4052.343	2943
4053.92	2984
4055.498	2990
4057.076	3011
4058.654	3046
4060.23	3081
4061.806	2994
4063.381	2990
4064.957	2987
4066.533	3006
4068.107	3005
4069.682	2992
4071.256	3044
4072.829	2917
4074.404	3049
4075.977	2957
4077.549	2989
4079.121	2963
4080.693	2940
4082.265	2922
4083.836	3024
4085.407	2973
4086.977	2920
4088.547	3042
4090.117	2895
4091.687	2963
4093.256	2980
4094.825	2925
4096.392	2967
4097.96	3004
4099.528	2865
4101.097	3024
4102.663	2911
4104.229	2899
4105.795	2991
4107.361	3016
4108.928	2891
4110.493	2980
4112.058	2926
4113.621	2948
4115.186	2917
4116.75	2963
4118.313	2930
4119.876	2921
4121.438	2934
4123	2984
4124.562	2891
4126.125	2875
4127.686	2910
4129.246	2888
4130.807	2893
4132.367	2902
4133.927	2904
4135.486	2892
4137.046	2883
4138.604	2836
4140.162	2946
4141.72	2858
4143.279	2882
4144.836	2797
4146.393	2852
4147.949	2842
4149.505	2857
4151.062	2877
4152.617	2804
4154.172	2873
4155.727	2841
4157.281	2853
4158.836	2815
4160.39	2840
4161.943	2848
4163.496	2821
4165.048	2776
4166.601	2799
4168.154	2856
4169.706	2818
4171.257	2782
4172.808	2813
4174.358	2802
4175.909	2840
4177.458	2764
4179.008	2760
4180.558	2739
4182.106	2782
4183.655	2782
4185.204	2800
4186.751	2789
4188.298	2745
4189.845	2727
4191.392	2810
4192.939	2781
4194.485	2799
4196.031	2806
4197.576	2766
4199.121	2719
4200.666	2764
4202.211	2745
4203.754	2759
4205.298	2712
4206.84	2777
4208.384	2716
4209.927	2767
4211.47	2723
4213.011	2768
4214.552	2806
4216.094	2752
4217.635	2754
4219.175	2784
4220.716	2781
4222.255	2757
4223.793	2725
4225.335	2816
4226.873	2718
4228.411	2740
4229.948	2706
4231.486	2735
4233.024	2666
4234.562	2734
4236.098	2729
4237.634	2774
4239.169	2711
4240.705	2667
4242.241	2708
4243.776	2741
4245.31	2717
4246.844	2790
4248.378	2675
4249.911	2748
4251.445	2687
4252.978	2750
4254.51	2733
4256.042	2696
4257.574	2638
4259.107	2755
4260.638	2638
4262.169	2698
4263.699	2735
4265.228	2714
4266.759	2631
4268.289	2648
4269.818	2744
4271.345	2678
4272.874	2701
4274.402	2663
4275.931	2715
4277.458	2664
4278.985	2722
4280.512	2740
4282.037	2720
4283.564	2660
4285.089	2681
4286.615	2655
4288.139	2676
4289.664	2664
4291.187	2677
4292.712	2640
4294.235	2656
4295.759	2689
4297.281	2649
4298.804	2667
4300.327	2634
4301.849	2620
4303.37	2670
4304.891	2640
4306.412	2604
4307.933	2653
4309.453	2654
4310.973	2576
4312.492	2632
