398.1873	5352
400.7097	5418
403.2336	5441
405.7547	5432
408.2751	5408
410.7948	5483
413.3138	5535
415.83	5478
418.3497	5527
420.8666	5585
423.3829	5526
425.8985	5751
428.4133	5724
430.9275	5599
433.441	5597
435.9538	5706
438.4639	5842
440.9753	5688
443.4881	5745
445.9982	5836
448.5055	5744
451.0142	5686
453.5201	5742
456.0274	5649
458.5361	5739
461.04	5709
463.5453	5852
466.0478	5828
468.5517	5835
471.0549	5890
473.5574	5767
476.0572	5750
478.5584	5805
481.0568	5839
483.5545	5883
486.0557	5815
488.5521	5808
491.0478	5890
493.5449	5914
496.0392	5913
498.5349	5882
501.0299	5942
503.5222	5886
506.0139	5946
508.5048	6088
510.9991	6015
513.4887	5941
515.9777	5983
518.4659	6024
520.9534	5962
523.4403	6053
525.9306	5919
528.4161	6077
530.9009	6014
533.3851	6042
535.8687	6072
538.3535	5917
540.8356	6013
543.3171	5976
545.7979	5978
548.278	6048
550.7595	5977
553.2383	6019
555.7144	5923
558.1918	5992
560.6685	6036
563.1446	6120
565.6221	6084
568.0968	6157
570.5688	6091
573.0422	6130
575.515	6161
577.989	6318
580.4584	6235
582.9291	6322
585.3991	6184
587.8685	6229
590.3352	6221
592.8052	6241
595.2706	6270
597.7372	6324
600.2033	6195
602.6666	6245
605.1334	6293
607.5953	6153
610.0587	6221
612.5193	6260
614.9814	6180
617.4427	6148
619.9034	6200
622.3615	6173
624.8208	6228
627.2775	6132
629.7335	6250
632.1929	6223
634.6476	6244
637.1016	6151
639.5569	6289
642.0096	6313
644.4637	6246
646.9151	6333
649.3678	6234
651.8179	6300
654.2672	6337
656.7159	6394
659.166	6331
661.6154	6317
664.0622	6339
666.5082	6397
668.9537	6416
671.4005	6316
673.8445	6394
676.288	6395
678.7308	6459
681.1729	6456
683.6163	6414
686.0572	6340
688.4973	6465
690.9368	6340
693.3757	6462
695.8138	6524
698.2534	6487
700.6902	6542
703.1245	6625
705.56	6430
707.9949	6488
710.4311	6540
712.8647	6511
715.2957	6472
717.7279	6641
720.1595	6590
722.5905	6634
725.0208	6582
727.4505	6552
729.8795	6554
732.3058	6614
734.7336	6700
737.1626	6677
739.587	6637
742.0128	6743
744.4359	6740
746.8604	6792
749.2841	6777
751.7073	6817
754.1278	6920
756.5496	6745
758.9688	6965
761.3893	6862
763.8093	6915
766.2285	6862
768.6451	6806
771.0611	6998
773.4784	6959
775.895	6841
778.3091	6941
780.7244	7011
783.1371	6900
785.5493	6857
787.9626	6920
790.3754	6869
792.7856	6962
795.1951	6972
797.6039	6919
800.0121	6884
802.4236	7002
804.8306	7021
807.2369	7006
809.6425	6986
812.0475	6959
814.4538	7033
816.8575	6892
819.2606	6957
821.663	7077
824.0648	7083
826.4659	7050
828.8683	6922
831.2682	7116
833.6674	6915
836.066	7158
838.4639	7088
840.8632	7162
843.2579	7159
845.6539	6993
848.0493	7030
850.444	7106
852.84	7127
855.2315	6954
857.6243	7170
860.0165	7076
862.4081	7163
864.797	6954
867.1892	7042
869.5789	6976
871.9659	7001
874.3542	7167
876.74	7254
879.129	7049
881.5155	7092
883.8994	7060
886.2845	7278
888.6671	7089
891.051	7014
893.4343	7089
895.8169	7060
898.197	7175
900.5783	7036
902.9571	7196
905.3372	7181
907.7167	7220
910.0936	7251
912.4698	7227
914.8474	7241
917.2244	7188
919.5987	7269
921.9744	7388
924.3475	7464
926.72	7360
929.0918	7401
931.4669	7395
933.8375	7328
936.2074	7472
938.5767	7428
940.9454	7500
943.3154	7584
945.6829	7772
948.0497	7785
950.4178	7835
952.7833	8166
955.1483	8412
957.5145	8647
959.8782	8845
962.2412	8608
964.6036	8466
966.9655	8193
969.3266	8023
971.6871	7992
974.0471	7646
976.4064	7623
978.765	7454
981.125	7451
983.4824	7341
985.8373	7313
988.1935	7303
990.549	7307
992.9039	7426
995.2602	7418
997.6119	7377
999.965	7428
1002.317	7462
1004.667	7301
1007.02	7474
1009.371	7442
1011.719	7304
1014.068	7399
1016.415	7383
1018.765	7438
1021.111	7417
1023.458	7396
1025.804	7426
1028.147	7289
1030.49	7458
1032.837	7436
1035.179	7575
1037.522	7514
1039.862	7485
1042.204	7435
1044.546	7513
1046.884	7533
1049.224	7424
1051.562	7466
1053.899	7617
1056.237	7551
1058.575	7544
1060.91	7541
1063.244	7589
1065.58	7596
1067.913	7665
1070.248	7626
1072.579	7764
1074.911	7596
1077.242	7681
1079.572	7611
1081.905	7687
1084.234	7590
1086.562	7598
1088.89	7541
1091.217	7625
1093.544	7678
1095.871	7557
1098.197	7573
1100.521	7512
1102.845	7540
1105.169	7612
1107.491	7524
1109.814	7619
1112.135	7491
1114.456	7457
1116.776	7630
1119.096	7659
1121.415	7556
1123.734	7634
1126.052	7600
1128.369	7655
1130.686	7521
1133.002	7711
1135.318	7558
1137.632	7574
1139.945	7657
1142.258	7542
1144.573	7590
1146.884	7590
1149.196	7643
1151.505	7708
1153.816	7557
1156.124	7675
1158.435	7601
1160.742	7618
1163.051	7672
1165.356	7680
1167.663	7639
1169.97	7624
1172.276	7522
1174.579	7563
1176.881	7612
1179.186	7711
1181.487	7606
1183.79	7592
1186.092	7707
1188.392	7618
1190.691	7570
1192.991	7763
1195.291	7602
1197.588	7643
1199.885	7560
1202.181	7657
1204.479	7629
1206.775	7670
1209.07	7641
1211.363	7701
1213.656	7658
1215.949	7580
1218.241	7500
1220.534	7753
1222.825	7692
1225.115	7715
1227.405	7789
1229.693	7818
1231.984	7782
1234.271	7850
1236.558	7943
1238.845	7881
1241.131	7911
1243.416	7840
1245.703	7853
1247.987	7953
1250.269	7892
1252.552	7890
1254.834	7837
1257.118	7848
1259.399	7981
1261.678	7922
1263.958	7925
1266.237	7835
1268.516	7857
1270.794	7899
1273.072	7950
1275.347	7877
1277.624	7951
1279.899	7854
1282.175	7835
1284.449	7921
1286.722	7896
1288.995	7804
1291.266	7740
1293.54	7902
1295.81	7876
1298.081	7933
1300.35	7797
1302.62	7830
1304.889	7842
1307.156	7884
1309.425	7728
1311.69	7731
1313.957	7868
1316.222	7806
1318.488	7847
1320.751	7814
1323.016	7841
1325.278	7825
1327.54	7759
1329.803	7760
1332.065	7859
1334.325	7866
1336.584	7812
1338.843	7863
1341.101	7759
1343.36	7855
1345.617	7949
1347.876	7912
1350.131	7908
1352.387	7791
1354.643	7852
1356.897	7926
1359.151	7986
1361.403	7825
1363.656	7839
1365.909	7804
1368.16	7920
1370.409	7880
1372.659	7890
1374.909	7871
1377.157	7947
1379.407	7867
1381.655	8056
1383.9	7899
1386.147	7944
1388.393	7918
1390.64	7968
1392.885	8055
1395.127	7936
1397.37	8001
1399.614	7912
1401.854	7898
1404.098	8073
1406.339	8006
1408.578	7955
1410.818	8175
1413.056	8009
1415.297	8095
1417.533	8048
1419.771	8047
1422.006	8131
1424.243	8106
1426.479	8052
1428.715	8040
1430.948	8171
1433.182	7993
1435.414	8060
1437.647	8119
1439.88	8078
1442.11	8103
1444.342	8121
1446.571	8236
1448.799	8238
1451.029	8356
1453.258	8253
1455.485	8114
1457.711	8171
1459.937	8251
1462.164	8243
1464.39	8247
1466.614	8195
1468.838	8115
1471.06	7987
1473.283	8118
1475.506	8128
1477.727	8134
1479.949	8099
1482.169	7984
1484.389	7957
1486.609	8047
1488.828	8047
1491.045	8006
1493.261	7970
1495.477	7986
1497.693	8020
1499.91	7935
1502.125	7966
1504.339	7931
1506.553	7848
1508.766	7987
1510.979	7907
1513.191	7905
1515.402	7937
1517.613	7920
1519.823	7832
1522.033	7898
1524.242	7930
1526.451	7932
1528.657	7987
1530.865	7966
1533.072	7871
1535.278	7827
1537.484	7898
1539.687	7977
1541.892	7964
1544.096	8103
1546.299	8003
1548.502	8015
1550.703	8137
1552.905	8121
1555.104	8016
1557.303	8033
1559.505	8093
1561.703	8102
1563.902	8029
1566.099	8147
1568.295	8187
1570.494	8119
1572.689	8134
1574.883	8155
1577.079	8151
1579.272	8130
1581.467	8197
1583.659	8163
1585.853	8244
1588.044	8185
1590.234	8154
1592.424	8254
1594.615	8223
1596.806	8272
1598.994	8286
1601.182	8385
1603.369	8271
1605.557	8197
1607.744	8207
1609.929	8280
1612.114	8355
1614.298	8365
1616.482	8287
1618.667	8388
1620.85	8355
1623.032	8261
1625.214	8271
1627.395	8291
1629.575	8316
1631.755	8341
1633.935	8313
1636.114	8287
1638.292	8295
1640.471	8511
1642.647	8412
1644.823	8365
1647	8334
1649.175	8492
1651.348	8355
1653.525	8490
1655.698	8262
1657.87	8492
1660.043	8268
1662.213	8514
1664.387	8402
1666.558	8315
1668.727	8334
1670.896	8349
1673.064	8357
1675.233	8264
1677.401	8270
1679.569	8302
1681.735	8396
1683.902	8459
1686.066	8333
1688.233	8305
1690.397	8426
1692.559	8414
1694.723	8251
1696.885	8286
1699.048	8308
1701.21	8385
1703.37	8351
1705.53	8251
1707.689	8322
1709.849	8225
1712.009	8233
1714.166	8353
1716.323	8292
1718.479	8345
1720.634	8268
1722.793	8217
1724.948	8461
1727.102	8252
1729.255	8268
1731.408	8261
1733.562	8345
1735.714	8178
1737.865	8278
1740.016	8273
1742.166	8306
1744.316	8244
1746.467	8281
1748.616	8292
1750.764	8339
1752.911	8272
1755.056	8458
1757.205	8404
1759.35	8354
1761.496	8370
1763.641	8247
1765.785	8301
1767.927	8169
1770.072	8444
1772.214	8439
1774.355	8220
1776.496	8481
1778.637	8412
1780.778	8453
1782.918	8407
1785.057	8390
1787.194	8410
1789.333	8417
1791.472	8430
1793.608	8467
1795.745	8505
1797.879	8468
1800.015	8330
1802.148	8376
1804.284	8403
1806.417	8336
1808.548	8280
1810.682	8391
1812.812	8465
1814.946	8275
1817.075	8388
1819.205	8396
1821.335	8359
1823.463	8365
1825.59	8452
1827.721	8349
1829.847	8402
1831.973	8410
1834.098	8415
1836.223	8252
1838.351	8285
1840.475	8389
1842.598	8367
1844.721	8553
1846.843	8397
1848.966	8449
1851.087	8323
1853.21	8401
1855.33	8382
1857.449	8375
1859.568	8164
1861.688	8391
1863.806	8224
1865.924	8348
1868.039	8350
1870.155	8476
1872.273	8287
1874.388	8432
1876.503	8397
1878.617	8286
1880.73	8354
1882.844	8225
1884.956	8361
1887.068	8465
1889.18	8347
1891.291	8488
1893.4	8462
1895.511	8371
1897.621	8301
1899.73	8405
1901.837	8382
1903.944	8512
1906.053	8379
1908.159	8374
1910.265	8418
1912.369	8384
1914.474	8422
1916.577	8271
1918.683	8555
1920.785	8541
1922.888	8416
1924.989	8552
1927.091	8488
1929.193	8553
1931.294	8518
1933.393	8510
1935.493	8441
1937.59	8548
1939.689	8595
1941.788	8534
1943.884	8604
1945.98	8469
1948.077	8630
1950.171	8542
1952.267	8612
1954.361	8523
1956.455	8547
1958.548	8481
1960.64	8650
1962.733	8551
1964.824	8576
1966.915	8537
1969.005	8465
1971.096	8539
1973.185	8490
1975.275	8561
1977.363	8518
1979.45	8486
1981.537	8570
1983.623	8605
1985.711	8597
1987.796	8407
1989.881	8475
1991.965	8577
1994.047	8454
1996.132	8381
1998.215	8457
2000.297	8498
2002.378	8417
2004.46	8565
2006.54	8316
2008.62	8511
2010.7	8546
2012.779	8489
2014.858	8448
2016.934	8504
2019.013	8405
2021.09	8431
2023.165	8658
2025.241	8473
2027.317	8436
2029.39	8488
2031.466	8471
2033.538	8521
2035.612	8465
2037.683	8584
2039.755	8520
2041.827	8431
2043.898	8523
2045.968	8492
2048.038	8390
2050.106	8230
2052.177	8505
2054.244	8339
2056.313	8489
2058.379	8433
2060.444	8511
2062.511	8418
2064.577	8428
2066.641	8477
2068.705	8484
2070.77	8498
2072.832	8456
2074.896	8353
2076.958	8528
2079.02	8570
2081.081	8482
2083.141	8533
2085.2	8529
2087.261	8478
2089.319	8450
2091.377	8481
2093.435	8693
2095.492	8461
2097.552	8475
2099.607	8586
2101.663	8517
2103.718	8508
2105.771	8475
2107.826	8508
2109.879	8514
2111.932	8589
2113.985	8371
2116.037	8553
2118.088	8552
2120.141	8494
2122.191	8589
2124.239	8541
2126.288	8482
2128.337	8536
2130.387	8386
2132.434	8602
2134.481	8423
2136.528	8489
2138.574	8554
2140.618	8499
2142.665	8466
2144.71	8460
2146.753	8550
2148.797	8384
2150.838	8510
2152.883	8464
2154.923	8575
2156.965	8351
2159.007	8414
2161.046	8465
2163.086	8549
2165.126	8516
2167.163	8518
2169.202	8370
2171.239	8544
2173.277	8481
2175.314	8370
2177.349	8323
2179.385	8459
2181.42	8347
2183.453	8487
2185.49	8417
2187.522	8414
2189.555	8365
2191.586	8407
2193.619	8394
2195.651	8384
2197.682	8424
2199.711	8451
2201.74	8397
2203.769	8320
2205.799	8206
2207.828	8430
2209.855	8310
2211.882	8416
2213.908	8341
2215.934	8297
2217.961	8396
2219.986	8399
2222.01	8280
2224.034	8388
2226.057	8345
2228.08	8304
2230.104	8195
2232.124	8482
2234.145	8318
2236.166	8350
2238.186	8352
2240.207	8277
2242.227	8252
2244.244	8373
2246.262	8373
2248.28	8317
2250.299	8269
2252.314	8308
2254.33	8322
2256.346	8349
2258.36	8276
2260.375	8322
2262.391	8312
2264.403	8235
2266.416	8372
2268.427	8370
2270.44	8441
2272.453	8357
2274.463	8374
2276.474	8382
2278.483	8179
2280.493	8525
2282.501	8319
2284.51	8307
2286.518	8367
2288.524	8180
2290.532	8369
2292.537	8323
2294.544	8276
2296.55	8349
2298.554	8371
2300.557	8283
2302.562	8367
2304.566	8236
2306.568	8353
2308.569	8331
2310.572	8167
2312.573	8263
2314.573	8358
2316.574	8317
2318.573	8348
2320.571	8314
2322.571	8150
2324.569	8304
2326.567	8271
2328.564	8247
2330.56	8148
2332.556	8366
2334.551	8245
2336.546	8176
2338.542	8284
2340.535	8205
2342.529	8180
2344.521	8212
2346.512	8249
2348.505	8224
2350.497	8179
2352.487	8184
2354.478	8225
2356.468	8148
2358.457	8156
2360.446	8409
2362.434	8284
2364.422	8278
2366.408	8181
2368.395	8185
2370.383	8206
2372.369	8137
2374.353	8130
2376.338	8178
2378.321	8211
2380.307	8149
2382.29	8236
2384.272	8057
2386.254	8149
2388.235	8034
2390.218	8178
2392.198	8084
2394.179	8087
2396.157	8120
2398.137	8210
2400.115	8036
2402.095	8068
2404.072	8083
2406.048	8127
2408.026	8150
2410.001	8154
2411.977	8206
2413.953	8137
2415.927	8015
2417.9	8160
2419.875	7972
2421.847	7887
2423.821	8072
2425.792	8123
2427.763	8142
2429.736	8206
2431.706	8232
2433.677	8057
2435.646	8074
2437.615	8098
2439.583	8158
2441.551	8131
2443.519	7971
2445.486	8215
2447.452	8054
2449.418	8183
2451.383	7961
2453.348	8159
2455.314	8090
2457.278	8066
2459.241	8152
2461.205	8039
2463.167	8031
2465.131	8038
2467.091	8041
2469.052	8081
2471.012	8039
2472.972	8023
2474.932	8046
2476.891	7856
2478.85	8071
2480.808	8007
2482.766	8109
2484.722	8018
2486.68	7979
2488.636	8067
2490.591	7889
2492.546	8168
2494.5	7966
2496.456	7946
2498.41	8002
2500.362	7980
2502.315	8100
2504.266	8051
2506.218	7984
2508.169	7873
2510.121	7925
2512.07	7980
2514.019	7946
2515.968	7976
2517.918	7919
2519.866	8046
2521.813	7989
2523.76	8018
2525.707	7880
2527.653	8017
2529.599	8012
2531.543	7957
2533.489	8034
2535.433	8019
2537.376	7804
2539.32	8011
2541.264	8053
2543.205	7772
2545.147	7915
2547.087	7964
2549.029	7920
2550.969	8002
2552.908	8048
2554.847	7931
2556.786	7964
2558.724	8063
2560.663	7893
2562.6	8069
2564.537	7891
2566.473	8025
2568.408	8045
2570.345	7944
2572.28	7926
2574.214	7993
2576.148	7993
2578.081	7994
2580.014	8132
2581.947	7945
2583.879	7887
2585.81	7889
2587.741	7927
2589.67	7929
2591.602	7883
2593.532	8066
2595.461	7852
2597.388	8024
2599.316	7916
2601.244	7885
2603.172	8067
2605.098	8061
2607.023	7913
2608.949	8012
2610.873	7980
2612.8	8161
2614.723	8065
2616.647	8097
2618.569	8023
2620.493	8025
2622.416	7996
2624.338	7989
2626.258	7959
2628.179	8100
2630.099	8075
2632.019	8027
2633.939	7978
2635.857	8046
2637.775	8022
2639.694	8043
2641.61	8170
2643.528	7965
2645.444	8026
2647.361	8002
2649.276	7964
2651.19	8099
2653.105	8010
2655.019	8063
2656.934	8110
2658.846	8067
2660.758	8140
2662.67	7993
2664.583	7954
2666.493	7998
2668.404	7975
2670.313	8056
2672.223	8041
2674.134	8008
2676.042	7838
2677.95	7968
2679.858	7953
2681.765	8001
2683.673	7895
2685.579	8015
2687.483	7924
2689.389	7971
2691.294	7858
2693.198	7972
2695.104	7887
2697.006	7986
2698.909	7994
2700.811	7900
2702.713	8046
2704.615	8047
2706.516	7953
2708.417	7785
2710.316	7958
2712.216	7823
2714.115	7874
2716.014	7965
2717.913	7744
2719.81	7992
2721.707	7770
2723.603	8012
2725.501	7976
2727.396	7979
2729.292	7797
2731.186	7926
2733.081	7986
2734.976	7996
2736.87	7952
2738.762	7921
2740.653	7813
2742.546	7957
2744.437	7964
2746.329	7747
2748.22	7953
2750.11	7877
2751.999	7925
2753.889	7708
2755.778	7811
2757.666	7816
2759.553	7744
2761.44	7804
2763.328	7767
2765.215	7843
2767.101	7800
2768.986	7729
2770.87	7786
2772.754	7857
2774.638	7856
2776.523	7884
2778.405	7894
2780.288	7834
2782.17	7808
2784.051	7732
2785.934	7753
2787.814	7804
2789.694	7901
2791.574	7750
2793.453	7852
2795.332	7793
2797.212	7785
2799.088	7847
2800.966	7613
2802.843	7733
2804.719	7625
2806.597	7895
2808.471	7686
2810.346	7778
2812.221	7780
2814.094	7799
2815.969	7622
2817.843	7711
2819.714	7793
2821.587	7650
2823.459	7726
2825.329	7716
2827.202	7784
2829.072	7787
2830.942	7865
2832.811	7805
2834.68	7789
2836.549	7713
2838.418	7853
2840.284	7762
2842.152	7740
2844.018	7886
2845.885	7729
2847.751	7721
2849.616	7753
2851.482	7731
2853.345	7852
2855.208	7771
2857.074	7862
2858.937	7790
2860.799	7830
2862.66	7849
2864.522	7835
2866.385	7881
2868.245	7924
2870.104	7922
2871.964	8003
2873.824	8026
2875.683	8020
2877.542	7935
2879.4	8080
2881.257	8131
2883.114	8089
2884.97	8072
2886.827	8211
2888.683	8132
2890.537	8175
2892.392	8179
2894.246	8175
2896.1	8096
2897.954	8093
2899.807	8098
2901.66	8031
2903.51	8084
2905.362	8086
2907.214	8123
2909.065	8004
2910.915	8159
2912.765	8187
2914.613	8002
2916.463	8177
2918.311	8214
2920.158	8255
2922.006	8274
2923.853	8323
2925.698	8471
2927.546	8360
2929.392	8474
2931.236	8501
2933.081	8518
2934.924	8477
2936.77	8648
2938.613	8538
2940.455	8602
2942.298	8621
2944.139	8567
2945.982	8654
2947.823	8656
2949.662	8598
2951.503	8669
2953.342	8462
2955.182	8447
2957.021	8324
2958.858	8367
2960.697	8305
2962.534	8343
2964.37	8355
2966.207	8336
2968.044	8236
2969.879	8173
2971.714	8206
2973.548	8192
2975.383	8205
2977.218	7998
2979.051	8095
2980.883	8013
2982.715	8060
2984.547	8068
2986.379	8101
2988.21	7973
2990.04	7922
2991.87	7890
2993.7	7908
2995.53	7856
2997.359	7880
2999.187	7754
3001.015	7881
3002.842	7683
3004.669	7716
3006.497	7548
3008.323	7625
3010.148	7668
3011.974	7558
3013.797	7578
3015.623	7470
3017.447	7617
3019.27	7547
3021.094	7532
3022.915	7537
3024.737	7620
3026.56	7366
3028.38	7522
3030.201	7546
3032.022	7523
3033.84	7544
3035.662	7421
3037.481	7451
3039.298	7353
3041.117	7500
3042.933	7454
3044.752	7424
3046.568	7332
3048.385	7393
3050.2	7374
3052.016	7382
3053.83	7328
3055.646	7376
3057.46	7443
3059.272	7302
3061.086	7359
3062.898	7401
3064.711	7280
3066.524	7368
3068.335	7311
3070.145	7191
3071.956	7324
3073.766	7351
3075.576	7317
3077.385	7325
3079.193	7251
3081.002	7319
3082.81	7339
3084.618	7240
3086.425	7275
3088.231	7312
3090.036	7334
3091.842	7260
3093.648	7171
3095.452	7313
3097.257	7247
3099.06	7224
3100.863	7142
3102.666	7208
3104.47	7236
3106.272	7190
3108.073	7153
3109.875	7018
3111.676	7244
3113.477	7115
3115.277	7220
3117.077	7181
3118.874	7149
3120.673	7054
3122.473	7044
3124.271	7074
3126.066	7168
3127.863	7158
3129.66	7168
3131.456	7070
3133.252	7061
3135.047	7103
3136.842	7004
3138.635	6931
3140.429	7062
3142.223	7059
3144.016	7036
3145.808	7024
3147.6	7056
3149.392	7061
3151.183	7063
3152.975	7058
3154.765	6880
3156.553	6948
3158.344	7025
3160.132	7017
3161.922	7025
3163.71	6853
3165.497	7002
3167.285	6999
3169.071	7025
3170.858	6949
3172.645	6980
3174.429	6958
3176.214	7062
3177.998	6924
3179.783	6926
3181.568	6935
3183.351	6942
3185.133	7000
3186.915	7000
3188.698	6915
3190.481	7019
3192.261	7000
3194.042	7049
3195.822	6875
3197.601	6926
3199.381	6953
3201.161	6901
3202.939	6859
3204.717	6777
3206.495	6944
3208.272	6910
3210.05	6913
3211.826	6887
3213.602	7016
3215.376	6857
3217.151	6984
3218.927	6770
3220.702	6892
3222.476	6956
3224.249	6867
3226.021	6834
3227.793	6900
3229.567	6854
3231.339	6949
3233.109	6893
3234.88	6956
3236.651	6879
3238.421	6783
3240.191	6737
3241.96	6957
3243.728	6758
3245.497	6854
3247.263	6957
3249.033	6804
3250.799	6803
3252.566	6825
3254.331	6799
3256.097	6832
3257.863	6872
3259.628	6938
3261.392	6940
3263.156	6692
3264.919	6896
3266.683	6771
3268.447	6835
3270.208	6795
3271.969	6812
3273.731	6850
3275.492	6855
3277.253	6726
3279.013	6915
3280.773	6823
3282.532	6795
3284.291	6885
3286.05	6854
3287.808	6799
3289.566	6896
3291.323	6759
3293.079	6852
3294.835	6879
3296.593	6791
3298.348	6719
3300.102	6856
3301.857	6750
3303.611	6930
3305.366	6873
3307.119	6817
3308.872	6899
3310.624	6729
3312.376	6686
3314.129	6809
3315.881	6815
3317.631	6720
3319.38	6794
3321.13	6840
3322.88	6685
3324.631	6828
3326.379	6738
3328.126	6744
3329.875	6747
3331.622	6807
3333.371	6662
3335.116	6689
3336.863	6754
3338.609	6749
3340.353	6822
3342.1	6780
3343.845	6802
3345.588	6711
3347.332	6826
3349.074	6808
3350.817	6723
3352.56	6732
3354.303	6770
3356.043	6633
3357.785	6574
3359.525	6843
3361.268	6722
3363.007	6658
3364.745	6723
3366.485	6655
3368.223	6787
3369.962	6605
3371.701	6645
3373.438	6749
3375.174	6721
3376.911	6615
3378.647	6699
3380.384	6555
3382.118	6616
3383.854	6666
3385.588	6586
3387.322	6667
3389.057	6565
3390.79	6711
3392.522	6600
3394.255	6528
3395.987	6513
3397.719	6562
3399.451	6658
3401.181	6629
3402.911	6574
3404.641	6640
3406.371	6514
3408.101	6628
3409.83	6633
3411.558	6637
3413.285	6640
3415.011	6577
3416.739	6554
3418.467	6472
3420.193	6436
3421.919	6554
3423.644	6481
3425.368	6494
3427.094	6534
3428.818	6489
3430.542	6572
3432.264	6449
3433.987	6615
3435.712	6440
3437.434	6519
3439.155	6455
3440.876	6472
3442.596	6599
3444.317	6504
3446.039	6527
3447.757	6399
3449.477	6433
3451.195	6459
3452.914	6370
3454.632	6314
3456.35	6396
3458.067	6284
3459.784	6375
3461.5	6337
3463.216	6376
3464.932	6277
3466.647	6275
3468.362	6343
3470.076	6415
3471.789	6374
3473.505	6436
3475.217	6347
3476.929	6349
3478.641	6203
3480.354	6259
3482.066	6245
3483.777	6446
3485.487	6342
3487.197	6349
3488.908	6267
3490.617	6390
3492.327	6373
3494.035	6136
3495.743	6215
3497.451	6328
3499.158	6199
3500.866	6289
3502.572	6311
3504.278	6157
3505.984	6351
3507.689	6160
3509.396	6243
3511.1	6179
3512.804	6199
3514.508	6222
3516.211	6265
3517.913	6173
3519.616	6186
3521.319	6095
3523.021	6114
3524.722	6066
3526.422	6032
3528.124	6136
3529.824	6131
3531.524	6166
3533.222	6134
3534.921	6141
3536.62	6199
3538.318	6161
3540.016	6212
3541.714	6141
3543.41	6151
3545.107	6210
3546.803	6099
3548.5	6042
3550.194	6105
3551.889	6126
3553.583	6028
3555.279	5988
3556.972	6214
3558.666	6111
3560.358	5966
3562.051	6094
3563.742	6127
3565.435	6052
3567.126	5998
3568.817	5983
3570.507	6017
3572.197	6048
3573.888	5970
3575.577	6109
3577.265	5929
3578.954	6033
3580.642	6006
3582.329	6002
3584.017	6012
3585.704	6067
3587.391	5956
3589.077	6036
3590.762	5937
3592.449	5916
3594.133	5926
3595.817	5880
3597.501	5997
3599.185	5907
3600.869	5891
3602.552	5921
3604.234	5975
3605.916	5911
3607.598	5846
3609.279	5886
3610.961	5869
3612.642	5905
3614.321	5890
3616	5912
3617.68	5817
3619.36	5931
3621.039	5861
3622.716	5836
3624.394	5899
3626.071	5785
3627.748	5820
3629.425	5786
3631.102	5713
3632.778	5796
3634.452	5725
3636.127	5733
3637.803	5731
3639.477	5760
3641.151	5803
3642.823	5728
3644.497	5749
3646.171	5703
3647.842	5709
3649.515	5783
3651.185	5760
3652.857	5708
3654.527	5775
3656.198	5801
3657.868	5684
3659.537	5843
3661.207	5651
3662.875	5757
3664.544	5755
3666.212	5755
3667.879	5671
3669.546	5700
3671.212	5702
3672.88	5724
3674.546	5564
3676.211	5654
3677.875	5561
3679.541	5629
3681.205	5662
3682.87	5644
3684.533	5709
3686.196	5636
3687.859	5710
3689.521	5651
3691.184	5554
3692.845	5770
3694.507	5626
3696.167	5611
3697.827	5629
3699.487	5681
3701.148	5643
3702.808	5643
3704.466	5629
3706.125	5565
3707.783	5662
3709.442	5575
3711.099	5620
3712.757	5584
3714.412	5701
3716.068	5611
3717.725	5516
3719.381	5594
3721.036	5558
3722.689	5531
3724.344	5570
3725.998	5614
3727.652	5779
3729.305	5545
3730.958	5448
3732.61	5536
3734.262	5571
3735.915	5550
3737.565	5547
3739.217	5509
3740.866	5584
3742.516	5516
3744.165	5558
3745.816	5470
3747.464	5496
3749.113	5441
3750.761	5551
3752.409	5586
3754.057	5530
3755.703	5487
3757.35	5410
3758.996	5613
3760.641	5541
3762.289	5411
3763.933	5380
3765.577	5522
3767.222	5446
3768.865	5443
3770.508	5421
3772.152	5397
3773.796	5359
3775.438	5515
3777.079	5325
3778.721	5396
3780.363	5339
3782.003	5443
3783.643	5484
3785.283	5442
3786.923	5372
3788.563	5380
3790.203	5364
3791.841	5413
3793.479	5432
3795.115	5453
3796.753	5435
3798.391	5395
3800.027	5410
3801.664	5399
3803.299	5332
3804.935	5430
3806.571	5333
3808.206	5273
3809.839	5499
3811.473	5365
3813.107	5337
3814.74	5372
3816.375	5215
3818.006	5284
3819.638	5327
3821.27	5272
3822.9	5347
3824.532	5309
3826.163	5315
3827.792	5272
3829.423	5274
3831.051	5258
3832.682	5334
3834.311	5233
3835.938	5255
3837.566	5232
3839.193	5320
3840.821	5168
3842.448	5182
3844.075	5199
3845.7	5231
3847.325	5163
3848.951	5216
3850.576	5214
3852.201	5249
3853.825	5164
3855.448	5156
3857.072	5193
3858.694	5145
3860.318	5281
3861.939	5159
3863.562	5096
3865.183	5141
3866.804	5132
3868.426	5174
3870.045	5208
3871.666	5210
3873.285	5226
3874.904	5131
3876.524	5189
3878.142	5121
3879.76	5145
3881.378	5093
3882.995	5180
3884.612	5166
3886.229	5213
3887.845	5092
3889.461	5105
3891.076	5070
3892.691	5127
3894.307	5088
3895.922	5020
3897.536	5053
3899.149	5145
3900.761	5076
3902.374	5123
3903.988	5130
3905.6	5046
3907.212	5063
3908.822	5037
3910.433	5048
3912.045	5138
3913.655	5052
3915.265	5006
3916.875	5144
3918.483	5088
3920.093	5119
3921.702	5089
3923.309	5040
3924.917	5103
3926.523	5011
3928.13	5070
3929.739	5021
3931.344	4991
3932.95	5082
3934.555	4990
3936.159	5010
3937.766	5047
3939.369	4983
3940.974	4951
3942.577	5038
3944.181	5052
3945.783	5128
3947.386	5066
3948.989	4939
3950.59	5032
3952.191	5002
3953.791	4921
3955.394	4895
3956.994	4997
3958.593	4933
3960.192	5020
3961.791	4966
3963.392	5023
3964.99	4987
3966.588	5004
3968.185	4902
3969.782	4948
3971.379	4895
3972.976	4955
3974.572	4873
3976.168	4999
3977.763	4950
3979.358	4888
3980.954	4930
3982.548	4898
3984.142	4812
3985.736	4837
3987.329	4927
3988.922	4972
3990.516	4817
3992.108	4828
3993.698	4883
3995.29	4873
3996.881	4838
3998.473	4781
4000.064	4889
4001.653	4797
4003.242	4831
4004.832	4871
4006.422	4809
4008.01	4800
4009.598	4884
4011.186	4848
4012.773	4846
4014.36	4839
4015.947	4719
4017.534	4761
4019.119	4808
4020.705	4719
4022.291	4702
4023.876	4760
4025.461	4684
4027.044	4751
4028.627	4713
4030.211	4679
4031.795	4751
4033.378	4789
4034.96	4717
4036.542	4711
4038.124	4601
4039.704	4750
4041.286	4706
4042.867	4716
4044.447	4708
4046.026	4682
4047.606	4719
4049.187	4707
4050.765	4677
4052.343	4667
4053.92	4594
4055.498	4608
4057.076	4613
4058.654	4625
4060.23	4628
4061.806	4548
4063.381	4576
4064.957	4663
4066.533	4610
4068.107	4671
4069.682	4570
4071.256	4578
4072.829	4649
4074.404	4564
4075.977	4637
4077.549	4632
4079.121	4497
4080.693	4637
4082.265	4536
4083.836	4558
4085.407	4620
4086.977	4400
4088.547	4534
4090.117	4592
4091.687	4610
4093.256	4611
4094.825	4554
4096.392	4511
4097.96	4609
4099.528	4540
4101.097	4531
4102.663	4519
4104.229	4611
4105.795	4586
4107.361	4464
4108.928	4475
4110.493	4426
4112.058	4559
4113.621	4481
4115.186	4426
4116.75	4544
4118.313	4461
4119.876	4444
4121.438	4387
4123	4543
4124.562	4576
4126.125	4513
4127.686	4496
4129.246	4488
4130.807	4568
4132.367	4430
4133.927	4477
4135.486	4449
4137.046	4422
4138.604	4453
4140.162	4479
4141.72	4404
4143.279	4484
4144.836	4411
4146.393	4337
4147.949	4453
4149.505	4438
4151.062	4480
4152.617	4371
4154.172	4426
4155.727	4337
4157.281	4464
4158.836	4300
4160.39	4363
4161.943	4358
4163.496	4332
4165.048	4306
4166.601	4415
4168.154	4335
4169.706	4334
4171.257	4320
4172.808	4206
4174.358	4382
4175.909	4298
4177.458	4290
4179.008	4328
4180.558	4290
4182.106	4265
4183.655	4342
4185.204	4270
4186.751	4300
4188.298	4246
4189.845	4253
4191.392	4201
4192.939	4196
4194.485	4198
4196.031	4240
4197.576	4242
4199.121	4233
4200.666	4155
4202.211	4167
4203.754	4250
4205.298	4177
4206.84	4284
4208.384	4233
4209.927	4205
4211.47	4230
4213.011	4262
4214.552	4219
4216.094	4254
4217.635	4170
4219.175	4196
4220.716	4211
4222.255	4181
4223.793	4243
4225.335	4160
4226.873	4212
4228.411	4208
4229.948	4084
4231.486	4135
4233.024	4246
4234.562	4248
4236.098	4070
4237.634	4138
4239.169	4156
4240.705	4122
4242.241	4138
4243.776	4168
4245.31	4169
4246.844	4041
4248.378	4162
4249.911	4127
4251.445	4106
4252.978	4165
4254.51	4074
4256.042	4114
4257.574	4177
4259.107	4141
4260.638	4118
4262.169	4075
4263.699	4081
4265.228	4154
4266.759	4160
4268.289	4078
4269.818	4040
4271.345	4053
4272.874	4126
4274.402	4118
4275.931	4055
4277.458	4058
4278.985	4096
4280.512	4133
4282.037	4112
4283.564	4065
4285.089	4103
4286.615	3997
4288.139	4036
4289.664	4086
4291.187	4039
4292.712	4073
4294.235	3975
4295.759	4043
4297.281	4008
4298.804	4019
4300.327	3975
4301.849	4016
4303.37	4060
4304.891	4005
4306.412	3968
4307.933	3968
4309.453	3958
4310.973	4062
4312.492	3958
