398.1873	2846
400.7097	2898
403.2336	2848
405.7547	2885
408.2751	2923
410.7948	2871
413.3138	2858
415.83	3003
418.3497	2897
420.8666	3025
423.3829	3084
425.8985	3026
428.4133	3083
430.9275	3064
433.441	3084
435.9538	3010
438.4639	3091
440.9753	3040
443.4881	3058
445.9982	3070
448.5055	3082
451.0142	3066
453.5201	3069
456.0274	3044
458.5361	3077
461.04	3047
463.5453	3073
466.0478	3032
468.5517	3063
471.0549	3013
473.5574	3094
476.0572	3080
478.5584	3102
481.0568	3053
483.5545	3123
486.0557	3085
488.5521	3145
491.0478	3112
493.5449	3115
496.0392	3139
498.5349	3156
501.0299	3174
503.5222	3108
506.0139	3163
508.5048	3203
510.9991	3163
513.4887	3219
515.9777	3172
518.4659	3174
520.9534	3085
523.4403	3229
525.9306	3184
528.4161	3174
530.9009	3177
533.3851	3179
535.8687	3150
538.3535	3203
540.8356	3142
543.3171	3153
545.7979	3140
548.278	3172
550.7595	3130
553.2383	3195
555.7144	3177
558.1918	3194
560.6685	3192
563.1446	3183
565.6221	3186
568.0968	3235
570.5688	3277
573.0422	3233
575.515	3256
577.989	3283
580.4584	3339
582.9291	3268
585.3991	3346
587.8685	3371
590.3352	3260
592.8052	3274
595.2706	3339
597.7372	3264
600.2033	3358
602.6666	3304
605.1334	3339
607.5953	3211
610.0587	3319
612.5193	3295
614.9814	3294
617.4427	3259
619.9034	3218
622.3615	3313
624.8208	3266
627.2775	3272
629.7335	3285
632.1929	3260
634.6476	3286
637.1016	3264
639.5569	3272
642.0096	3245
644.4637	3289
646.9151	3262
649.3678	3275
651.8179	3323
654.2672	3299
656.7159	3275
659.166	3338
661.6154	3354
664.0622	3354
666.5082	3344
668.9537	3290
671.4005	3349
673.8445	3335
676.288	3381
678.7308	3320
681.1729	3425
683.6163	3389
686.0572	3326
688.4973	3414
690.9368	3346
693.3757	3372
695.8138	3493
698.2534	3365
700.6902	3390
703.1245	3322
705.56	3344
707.9949	3478
710.4311	3448
712.8647	3424
715.2957	3396
717.7279	3366
720.1595	3337
722.5905	3410
725.0208	3424
727.4505	3366
729.8795	3470
732.3058	3464
734.7336	3503
737.1626	3414
739.587	3502
742.0128	3436
744.4359	3499
746.8604	3568
749.2841	3550
751.7073	3567
754.1278	3598
756.5496	3593
758.9688	3596
761.3893	3533
763.8093	3644
766.2285	3568
768.6451	3593
771.0611	3654
773.4784	3613
775.895	3553
778.3091	3578
780.7244	3655
783.1371	3592
785.5493	3554
787.9626	3570
790.3754	3582
792.7856	3583
795.1951	3543
797.6039	3593
800.0121	3583
802.4236	3587
804.8306	3691
807.2369	3608
809.6425	3574
812.0475	3599
814.4538	3627
816.8575	3613
819.2606	3674
821.663	3636
824.0648	3629
826.4659	3626
828.8683	3604
831.2682	3664
833.6674	3593
836.066	3679
838.4639	3649
840.8632	3642
843.2579	3692
845.6539	3688
848.0493	3686
850.444	3707
852.84	3732
855.2315	3640
857.6243	3767
860.0165	3698
862.4081	3739
864.797	3656
867.1892	3625
869.5789	3590
871.9659	3700
874.3542	3683
876.74	3692
879.129	3767
881.5155	3766
883.8994	3763
886.2845	3735
888.6671	3721
891.051	3681
893.4343	3718
895.8169	3669
898.197	3706
900.5783	3692
902.9571	3679
905.3372	3713
907.7167	3702
910.0936	3769
912.4698	3739
914.8474	3798
917.2244	3829
919.5987	3749
921.9744	3849
924.3475	3773
926.72	3872
929.0918	3674
931.4669	3901
933.8375	3780
936.2074	3930
938.5767	3865
940.9454	3912
943.3154	4009
945.6829	4031
948.0497	4153
950.4178	4212
952.7833	4274
955.1483	4459
957.5145	4535
959.8782	4536
962.2412	4622
964.6036	4484
966.9655	4392
969.3266	4200
971.6871	4022
974.0471	4038
976.4064	3907
978.765	3894
981.125	3862
983.4824	3772
985.8373	3839
988.1935	3839
990.549	3821
992.9039	3955
995.2602	3784
997.6119	3753
999.965	3816
1002.317	3890
1004.667	3865
1007.02	3838
1009.371	3893
1011.719	3897
1014.068	3825
1016.415	3855
1018.765	3854
1021.111	3908
1023.458	3867
1025.804	3983
1028.147	3916
1030.49	3950
1032.837	3917
1035.179	3852
1037.522	3872
1039.862	3913
1042.204	3870
1044.546	3911
1046.884	3977
1049.224	3902
1051.562	3922
1053.899	3853
1056.237	3942
1058.575	3915
1060.91	3960
1063.244	3995
1065.58	3888
1067.913	3944
1070.248	3982
1072.579	3982
1074.911	3986
1077.242	3928
1079.572	3919
1081.905	4007
1084.234	4000
1086.562	4002
1088.89	3952
1091.217	3867
1093.544	3932
1095.871	3963
1098.197	3951
1100.521	3940
1102.845	3961
1105.169	3961
1107.491	3939
1109.814	3979
1112.135	3910
1114.456	3858
1116.776	3915
1119.096	3990
1121.415	3906
1123.734	4040
1126.052	4033
1128.369	3989
1130.686	3977
1133.002	3967
1135.318	3993
1137.632	3984
1139.945	4096
1142.258	3957
1144.573	3914
1146.884	4044
1149.196	3982
1151.505	3981
1153.816	3946
1156.124	3986
1158.435	4007
1160.742	3969
1163.051	4001
1165.356	3914
1167.663	4000
1169.97	3970
1172.276	3909
1174.579	4007
1176.881	3991
1179.186	3957
1181.487	3976
1183.79	4007
1186.092	4032
1188.392	4006
1190.691	4002
1192.991	4051
1195.291	4038
1197.588	4011
1199.885	3944
1202.181	3931
1204.479	4069
1206.775	3971
1209.07	4038
1211.363	3943
1213.656	3951
1215.949	4051
1218.241	4091
1220.534	4017
1222.825	4048
1225.115	4031
1227.405	4035
1229.693	4008
1231.984	4059
1234.271	3992
1236.558	4005
1238.845	4090
1241.131	4120
1243.416	4123
1245.703	4123
1247.987	4104
1250.269	4106
1252.552	4084
1254.834	4086
1257.118	4220
1259.399	4001
1261.678	4129
1263.958	4099
1266.237	4169
1268.516	4151
1270.794	4054
1273.072	4192
1275.347	4129
1277.624	4098
1279.899	4170
1282.175	4038
1284.449	4128
1286.722	4159
1288.995	4042
1291.266	4075
1293.54	4111
1295.81	4088
1298.081	4070
1300.35	4116
1302.62	4110
1304.889	4151
1307.156	4109
1309.425	4136
1311.69	4084
1313.957	4205
1316.222	4088
1318.488	4047
1320.751	4160
1323.016	4050
1325.278	4050
1327.54	4108
1329.803	4089
1332.065	4074
1334.325	4059
1336.584	4010
1338.843	4191
1341.101	4065
1343.36	4124
1345.617	4031
1347.876	4101
1350.131	4065
1352.387	4092
1354.643	4071
1356.897	4080
1359.151	4134
1361.403	4124
1363.656	4148
1365.909	4081
1368.16	4104
1370.409	4110
1372.659	4110
1374.909	4120
1377.157	4135
1379.407	4086
1381.655	4100
1383.9	4177
1386.147	4096
1388.393	4197
1390.64	4115
1392.885	4161
1395.127	4193
1397.37	4239
1399.614	4149
1401.854	4165
1404.098	4178
1406.339	4176
1408.578	4155
1410.818	4226
1413.056	4158
1415.297	4328
1417.533	4188
1419.771	4232
1422.006	4232
1424.243	4203
1426.479	4281
1428.715	4241
1430.948	4116
1433.182	4217
1435.414	4158
1437.647	4191
1439.88	4271
1442.11	4241
1444.342	4206
1446.571	4284
1448.799	4302
1451.029	4252
1453.258	4335
1455.485	4277
1457.711	4302
1459.937	4293
1462.164	4217
1464.39	4351
1466.614	4255
1468.838	4237
1471.06	4240
1473.283	4175
1475.506	4240
1477.727	4326
1479.949	4213
1482.169	4205
1484.389	4170
1486.609	4096
1488.828	4171
1491.045	4278
1493.261	4129
1495.477	4147
1497.693	4211
1499.91	4138
1502.125	4164
1504.339	4201
1506.553	4158
1508.766	4230
1510.979	4133
1513.191	4077
1515.402	4206
1517.613	4184
1519.823	4202
1522.033	4221
1524.242	4100
1526.451	4201
1528.657	4215
1530.865	4126
1533.072	4137
1535.278	4198
1537.484	4226
1539.687	4222
1541.892	4187
1544.096	4097
1546.299	4191
1548.502	4210
1550.703	4255
1552.905	4213
1555.104	4252
1557.303	4278
1559.505	4233
1561.703	4215
1563.902	4246
1566.099	4219
1568.295	4282
1570.494	4193
1572.689	4237
1574.883	4269
1577.079	4255
1579.272	4286
1581.467	4312
1583.659	4296
1585.853	4193
1588.044	4344
1590.234	4325
1592.424	4235
1594.615	4290
1596.806	4360
1598.994	4251
1601.182	4324
1603.369	4293
1605.557	4417
1607.744	4358
1609.929	4253
1612.114	4365
1614.298	4364
1616.482	4413
1618.667	4233
1620.85	4358
1623.032	4276
1625.214	4341
1627.395	4351
1629.575	4357
1631.755	4317
1633.935	4444
1636.114	4356
1638.292	4394
1640.471	4378
1642.647	4393
1644.823	4351
1647	4421
1649.175	4421
1651.348	4322
1653.525	4454
1655.698	4287
1657.87	4439
1660.043	4352
1662.213	4377
1664.387	4421
1666.558	4409
1668.727	4332
1670.896	4354
1673.064	4432
1675.233	4424
1677.401	4393
1679.569	4301
1681.735	4335
1683.902	4414
1686.066	4368
1688.233	4353
1690.397	4317
1692.559	4276
1694.723	4303
1696.885	4375
1699.048	4359
1701.21	4427
1703.37	4303
1705.53	4378
1707.689	4402
1709.849	4367
1712.009	4392
1714.166	4348
1716.323	4355
1718.479	4280
1720.634	4224
1722.793	4275
1724.948	4319
1727.102	4338
1729.255	4245
1731.408	4301
1733.562	4365
1735.714	4360
1737.865	4334
1740.016	4302
1742.166	4362
1744.316	4401
1746.467	4357
1748.616	4428
1750.764	4325
1752.911	4386
1755.056	4340
1757.205	4389
1759.35	4344
1761.496	4364
1763.641	4345
1765.785	4383
1767.927	4292
1770.072	4479
1772.214	4416
1774.355	4476
1776.496	4317
1778.637	4399
1780.778	4455
1782.918	4375
1785.057	4400
1787.194	4366
1789.333	4460
1791.472	4409
1793.608	4411
1795.745	4488
1797.879	4540
1800.015	4471
1802.148	4479
1804.284	4445
1806.417	4453
1808.548	4472
1810.682	4443
1812.812	4488
1814.946	4387
1817.075	4497
1819.205	4443
1821.335	4446
1823.463	4420
1825.59	4462
1827.721	4397
1829.847	4412
1831.973	4426
1834.098	4409
1836.223	4353
1838.351	4310
1840.475	4422
1842.598	4398
1844.721	4438
1846.843	4399
1848.966	4428
1851.087	4434
1853.21	4344
1855.33	4440
1857.449	4421
1859.568	4352
1861.688	4408
1863.806	4373
1865.924	4385
1868.039	4327
1870.155	4396
1872.273	4381
1874.388	4395
1876.503	4405
1878.617	4384
1880.73	4348
1882.844	4305
1884.956	4493
1887.068	4360
1889.18	4425
1891.291	4331
1893.4	4409
1895.511	4437
1897.621	4479
1899.73	4412
1901.837	4449
1903.944	4415
1906.053	4503
1908.159	4413
1910.265	4444
1912.369	4404
1914.474	4457
1916.577	4469
1918.683	4471
1920.785	4479
1922.888	4437
1924.989	4442
1927.091	4553
1929.193	4530
1931.294	4443
1933.393	4465
1935.493	4522
1937.59	4523
1939.689	4505
1941.788	4486
1943.884	4526
1945.98	4545
1948.077	4450
1950.171	4501
1952.267	4465
1954.361	4482
1956.455	4453
1958.548	4614
1960.64	4493
1962.733	4558
1964.824	4496
1966.915	4598
1969.005	4465
1971.096	4512
1973.185	4450
1975.275	4534
1977.363	4580
1979.45	4444
1981.537	4471
1983.623	4398
1985.711	4484
1987.796	4504
1989.881	4449
1991.965	4549
1994.047	4522
1996.132	4438
1998.215	4411
2000.297	4502
2002.378	4534
2004.46	4496
2006.54	4469
2008.62	4411
2010.7	4493
2012.779	4509
2014.858	4481
2016.934	4473
2019.013	4480
2021.09	4513
2023.165	4496
2025.241	4449
2027.317	4421
2029.39	4448
2031.466	4414
2033.538	4476
2035.612	4419
2037.683	4421
2039.755	4509
2041.827	4456
2043.898	4424
2045.968	4585
2048.038	4451
2050.106	4443
2052.177	4590
2054.244	4435
2056.313	4463
2058.379	4560
2060.444	4438
2062.511	4454
2064.577	4403
2066.641	4483
2068.705	4524
2070.77	4511
2072.832	4446
2074.896	4470
2076.958	4450
2079.02	4453
2081.081	4630
2083.141	4472
2085.2	4566
2087.261	4501
2089.319	4473
2091.377	4587
2093.435	4545
2095.492	4551
2097.552	4531
2099.607	4368
2101.663	4454
2103.718	4468
2105.771	4555
2107.826	4557
2109.879	4513
2111.932	4477
2113.985	4553
2116.037	4477
2118.088	4444
2120.141	4554
2122.191	4554
2124.239	4508
2126.288	4629
2128.337	4561
2130.387	4500
2132.434	4556
2134.481	4509
2136.528	4539
2138.574	4514
2140.618	4496
2142.665	4493
2144.71	4499
2146.753	4508
2148.797	4503
2150.838	4520
2152.883	4436
2154.923	4468
2156.965	4580
2159.007	4400
2161.046	4517
2163.086	4487
2165.126	4499
2167.163	4431
2169.202	4511
2171.239	4513
2173.277	4525
2175.314	4505
2177.349	4416
2179.385	4448
2181.42	4523
2183.453	4439
2185.49	4445
2187.522	4478
2189.555	4517
2191.586	4479
2193.619	4356
2195.651	4394
2197.682	4461
2199.711	4423
2201.74	4456
2203.769	4402
2205.799	4443
2207.828	4399
2209.855	4396
2211.882	4351
2213.908	4517
2215.934	4404
2217.961	4444
2219.986	4438
2222.01	4453
2224.034	4414
2226.057	4421
2228.08	4416
2230.104	4385
2232.124	4391
2234.145	4356
2236.166	4401
2238.186	4392
2240.207	4382
2242.227	4413
2244.244	4455
2246.262	4325
2248.28	4419
2250.299	4420
2252.314	4515
2254.33	4380
2256.346	4397
2258.36	4375
2260.375	4451
2262.391	4414
2264.403	4413
2266.416	4451
2268.427	4437
2270.44	4406
2272.453	4416
2274.463	4456
2276.474	4388
2278.483	4462
2280.493	4470
2282.501	4484
2284.51	4411
2286.518	4364
2288.524	4444
2290.532	4459
2292.537	4415
2294.544	4405
2296.55	4435
2298.554	4413
2300.557	4485
2302.562	4392
2304.566	4365
2306.568	4515
2308.569	4456
2310.572	4350
2312.573	4402
2314.573	4425
2316.574	4345
2318.573	4402
2320.571	4473
2322.571	4404
2324.569	4418
2326.567	4328
2328.564	4401
2330.56	4343
2332.556	4491
2334.551	4432
2336.546	4388
2338.542	4387
2340.535	4439
2342.529	4318
2344.521	4363
2346.512	4405
2348.505	4347
2350.497	4297
2352.487	4440
2354.478	4404
2356.468	4360
2358.457	4439
2360.446	4357
2362.434	4440
2364.422	4292
2366.408	4405
2368.395	4356
2370.383	4344
2372.369	4329
2374.353	4421
2376.338	4387
2378.321	4338
2380.307	4348
2382.29	4425
2384.272	4419
2386.254	4299
2388.235	4317
2390.218	4396
2392.198	4383
2394.179	4387
2396.157	4318
2398.137	4401
2400.115	4309
2402.095	4350
2404.072	4340
2406.048	4309
2408.026	4212
2410.001	4430
2411.977	4347
2413.953	4429
2415.927	4296
2417.9	4401
2419.875	4386
2421.847	4324
2423.821	4360
2425.792	4330
2427.763	4441
2429.736	4319
2431.706	4412
2433.677	4275
2435.646	4407
2437.615	4395
2439.583	4302
2441.551	4378
2443.519	4288
2445.486	4265
2447.452	4420
2449.418	4238
2451.383	4322
2453.348	4357
2455.314	4237
2457.278	4294
2459.241	4379
2461.205	4389
2463.167	4256
2465.131	4443
2467.091	4326
2469.052	4249
2471.012	4320
2472.972	4359
2474.932	4225
2476.891	4239
2478.85	4300
2480.808	4253
2482.766	4355
2484.722	4302
2486.68	4309
2488.636	4216
2490.591	4292
2492.546	4258
2494.5	4279
2496.456	4288
2498.41	4279
2500.362	4306
2502.315	4247
2504.266	4324
2506.218	4233
2508.169	4290
2510.121	4340
2512.07	4231
2514.019	4256
2515.968	4210
2517.918	4271
2519.866	4270
2521.813	4309
2523.76	4281
2525.707	4237
2527.653	4250
2529.599	4307
2531.543	4275
2533.489	4251
2535.433	4284
2537.376	4302
2539.32	4307
2541.264	4305
2543.205	4203
2545.147	4305
2547.087	4229
2549.029	4366
2550.969	4251
2552.908	4318
2554.847	4280
2556.786	4307
2558.724	4204
2560.663	4272
2562.6	4241
2564.537	4246
2566.473	4306
2568.408	4258
2570.345	4283
2572.28	4282
2574.214	4315
2576.148	4213
2578.081	4339
2580.014	4286
2581.947	4297
2583.879	4220
2585.81	4274
2587.741	4296
2589.67	4207
2591.602	4264
2593.532	4315
2595.461	4222
2597.388	4260
2599.316	4331
2601.244	4278
2603.172	4300
2605.098	4266
2607.023	4295
2608.949	4348
2610.873	4299
2612.8	4352
2614.723	4290
2616.647	4278
2618.569	4320
2620.493	4347
2622.416	4342
2624.338	4330
2626.258	4326
2628.179	4282
2630.099	4361
2632.019	4337
2633.939	4330
2635.857	4312
2637.775	4259
2639.694	4347
2641.61	4367
2643.528	4341
2645.444	4263
2647.361	4191
2649.276	4314
2651.19	4318
2653.105	4259
2655.019	4285
2656.934	4280
2658.846	4257
2660.758	4372
2662.67	4158
2664.583	4329
2666.493	4236
2668.404	4207
2670.313	4219
2672.223	4347
2674.134	4231
2676.042	4313
2677.95	4274
2679.858	4406
2681.765	4207
2683.673	4307
2685.579	4295
2687.483	4311
2689.389	4257
2691.294	4296
2693.198	4268
2695.104	4261
2697.006	4348
2698.909	4286
2700.811	4206
2702.713	4237
2704.615	4259
2706.516	4201
2708.417	4267
2710.316	4260
2712.216	4182
2714.115	4287
2716.014	4300
2717.913	4232
2719.81	4239
2721.707	4212
2723.603	4277
2725.501	4169
2727.396	4223
2729.292	4203
2731.186	4191
2733.081	4294
2734.976	4227
2736.87	4226
2738.762	4252
2740.653	4186
2742.546	4160
2744.437	4284
2746.329	4252
2748.22	4269
2750.11	4253
2751.999	4160
2753.889	4213
2755.778	4218
2757.666	4164
2759.553	4386
2761.44	4195
2763.328	4258
2765.215	4225
2767.101	4200
2768.986	4158
2770.87	4226
2772.754	4206
2774.638	4224
2776.523	4153
2778.405	4210
2780.288	4241
2782.17	4258
2784.051	4195
2785.934	4299
2787.814	4281
2789.694	4220
2791.574	4163
2793.453	4191
2795.332	4215
2797.212	4234
2799.088	4234
2800.966	4239
2802.843	4216
2804.719	4182
2806.597	4181
2808.471	4145
2810.346	4227
2812.221	4230
2814.094	4268
2815.969	4232
2817.843	4103
2819.714	4224
2821.587	4237
2823.459	4171
2825.329	4141
2827.202	4264
2829.072	4215
2830.942	4199
2832.811	4195
2834.68	4258
2836.549	4296
2838.418	4189
2840.284	4132
2842.152	4249
2844.018	4219
2845.885	4155
2847.751	4151
2849.616	4227
2851.482	4073
2853.345	4211
2855.208	4226
2857.074	4213
2858.937	4253
2860.799	4260
2862.66	4265
2864.522	4202
2866.385	4253
2868.245	4276
2870.104	4312
2871.964	4334
2873.824	4311
2875.683	4373
2877.542	4306
2879.4	4432
2881.257	4419
2883.114	4437
2884.97	4428
2886.827	4307
2888.683	4308
2890.537	4372
2892.392	4302
2894.246	4361
2896.1	4503
2897.954	4400
2899.807	4361
2901.66	4521
2903.51	4278
2905.362	4377
2907.214	4413
2909.065	4386
2910.915	4461
2912.765	4405
2914.613	4397
2916.463	4417
2918.311	4500
2920.158	4538
2922.006	4528
2923.853	4569
2925.698	4604
2927.546	4533
2929.392	4601
2931.236	4695
2933.081	4551
2934.924	4626
2936.77	4622
2938.613	4617
2940.455	4719
2942.298	4692
2944.139	4689
2945.982	4726
2947.823	4784
2949.662	4723
2951.503	4649
2953.342	4624
2955.182	4620
2957.021	4660
2958.858	4663
2960.697	4475
2962.534	4482
2964.37	4530
2966.207	4509
2968.044	4486
2969.879	4406
2971.714	4555
2973.548	4441
2975.383	4304
2977.218	4413
2979.051	4376
2980.883	4451
2982.715	4392
2984.547	4370
2986.379	4418
2988.21	4413
2990.04	4334
2991.87	4403
2993.7	4295
2995.53	4288
2997.359	4277
2999.187	4249
3001.015	4233
3002.842	4270
3004.669	4136
3006.497	4282
3008.323	4202
3010.148	4166
3011.974	4124
3013.797	4185
3015.623	4136
3017.447	4183
3019.27	4067
3021.094	4100
3022.915	4131
3024.737	4140
3026.56	4056
3028.38	4062
3030.201	4050
3032.022	4095
3033.84	4066
3035.662	4033
3037.481	4075
3039.298	3998
3041.117	3978
3042.933	4049
3044.752	4045
3046.568	4081
3048.385	4062
3050.2	4008
3052.016	4021
3053.83	4047
3055.646	3988
3057.46	4045
3059.272	4023
3061.086	4033
3062.898	3979
3064.711	3976
3066.524	4020
3068.335	3944
3070.145	4031
3071.956	3991
3073.766	3973
3075.576	3950
3077.385	3970
3079.193	4035
3081.002	3980
3082.81	3975
3084.618	4018
3086.425	3965
3088.231	3897
3090.036	3960
3091.842	3964
3093.648	3948
3095.452	3875
3097.257	4008
3099.06	3924
3100.863	3882
3102.666	3918
3104.47	3903
3106.272	3923
3108.073	3966
3109.875	4014
3111.676	3899
3113.477	3887
3115.277	3844
3117.077	3866
3118.874	3864
3120.673	3959
3122.473	3783
3124.271	3930
3126.066	3867
3127.863	3900
3129.66	3930
3131.456	3905
3133.252	3852
3135.047	3782
3136.842	3878
3138.635	3885
3140.429	3876
3142.223	3907
3144.016	3810
3145.808	3851
3147.6	3828
3149.392	3908
3151.183	3883
3152.975	3857
3154.765	3835
3156.553	3857
3158.344	3841
3160.132	3814
3161.922	3833
3163.71	3807
3165.497	3906
3167.285	3834
3169.071	3831
3170.858	3820
3172.645	3870
3174.429	3845
3176.214	3820
3177.998	3777
3179.783	3884
3181.568	3801
3183.351	3779
3185.133	3745
3186.915	3790
3188.698	3825
3190.481	3719
3192.261	3802
3194.042	3895
3195.822	3774
3197.601	3764
3199.381	3818
3201.161	3781
3202.939	3808
3204.717	3805
3206.495	3840
3208.272	3817
3210.05	3762
3211.826	3779
3213.602	3826
3215.376	3767
3217.151	3736
3218.927	3761
3220.702	3801
3222.476	3889
3224.249	3761
3226.021	3814
3227.793	3804
3229.567	3784
3231.339	3722
3233.109	3802
3234.88	3800
3236.651	3732
3238.421	3662
3240.191	3771
3241.96	3721
3243.728	3759
3245.497	3772
3247.263	3772
3249.033	3752
3250.799	3765
3252.566	3790
3254.331	3829
3256.097	3773
3257.863	3677
3259.628	3821
3261.392	3773
3263.156	3736
3264.919	3726
3266.683	3752
3268.447	3725
3270.208	3760
3271.969	3708
3273.731	3661
3275.492	3790
3277.253	3758
3279.013	3704
3280.773	3757
3282.532	3766
3284.291	3760
3286.05	3751
3287.808	3729
3289.566	3791
3291.323	3773
3293.079	3793
3294.835	3684
3296.593	3733
3298.348	3739
3300.102	3722
3301.857	3758
3303.611	3722
3305.366	3762
3307.119	3644
3308.872	3792
3310.624	3804
3312.376	3754
3314.129	3689
3315.881	3798
3317.631	3729
3319.38	3736
3321.13	3744
3322.88	3750
3324.631	3755
3326.379	3722
3328.126	3810
3329.875	3772
3331.622	3703
3333.371	3779
3335.116	3691
3336.863	3674
3338.609	3725
3340.353	3738
3342.1	3726
3343.845	3667
3345.588	3690
3347.332	3722
3349.074	3653
3350.817	3709
3352.56	3697
3354.303	3688
3356.043	3638
3357.785	3638
3359.525	3766
3361.268	3661
3363.007	3699
3364.745	3749
3366.485	3650
3368.223	3715
3369.962	3654
3371.701	3680
3373.438	3648
3375.174	3630
3376.911	3678
3378.647	3744
3380.384	3776
3382.118	3667
3383.854	3663
3385.588	3649
3387.322	3778
3389.057	3724
3390.79	3616
3392.522	3601
3394.255	3647
3395.987	3617
3397.719	3727
3399.451	3665
3401.181	3585
3402.911	3661
3404.641	3657
3406.371	3559
3408.101	3694
3409.83	3688
3411.558	3635
3413.285	3643
3415.011	3602
3416.739	3585
3418.467	3622
3420.193	3637
3421.919	3640
3423.644	3482
3425.368	3595
3427.094	3645
3428.818	3621
3430.542	3586
3432.264	3612
3433.987	3644
3435.712	3640
3437.434	3618
3439.155	3568
3440.876	3575
3442.596	3574
3444.317	3579
3446.039	3559
3447.757	3557
3449.477	3570
3451.195	3531
3452.914	3672
3454.632	3539
3456.35	3498
3458.067	3496
3459.784	3562
3461.5	3506
3463.216	3621
3464.932	3527
3466.647	3488
3468.362	3495
3470.076	3512
3471.789	3516
3473.505	3529
3475.217	3429
3476.929	3593
3478.641	3568
3480.354	3521
3482.066	3520
3483.777	3438
3485.487	3436
3487.197	3472
3488.908	3501
3490.617	3435
3492.327	3499
3494.035	3534
3495.743	3515
3497.451	3475
3499.158	3491
3500.866	3555
3502.572	3459
3504.278	3510
3505.984	3493
3507.689	3415
3509.396	3442
3511.1	3454
3512.804	3469
3514.508	3386
3516.211	3414
3517.913	3469
3519.616	3475
3521.319	3497
3523.021	3518
3524.722	3466
3526.422	3455
3528.124	3408
3529.824	3359
3531.524	3525
3533.222	3457
3534.921	3433
3536.62	3406
3538.318	3432
3540.016	3384
3541.714	3418
3543.41	3494
3545.107	3403
3546.803	3487
3548.5	3418
3550.194	3359
3551.889	3384
3553.583	3417
3555.279	3408
3556.972	3353
3558.666	3380
3560.358	3452
3562.051	3426
3563.742	3388
3565.435	3315
3567.126	3393
3568.817	3409
3570.507	3381
3572.197	3346
3573.888	3372
3575.577	3365
3577.265	3349
3578.954	3304
3580.642	3336
3582.329	3377
3584.017	3327
3585.704	3332
3587.391	3308
3589.077	3354
3590.762	3324
3592.449	3287
3594.133	3310
3595.817	3302
3597.501	3273
3599.185	3293
3600.869	3271
3602.552	3266
3604.234	3309
3605.916	3273
3607.598	3261
3609.279	3270
3610.961	3330
3612.642	3330
3614.321	3261
3616	3231
3617.68	3306
3619.36	3220
3621.039	3246
3622.716	3332
3624.394	3222
3626.071	3227
3627.748	3268
3629.425	3240
3631.102	3275
3632.778	3245
3634.452	3241
3636.127	3282
3637.803	3244
3639.477	3187
3641.151	3165
3642.823	3164
3644.497	3318
3646.171	3131
3647.842	3221
3649.515	3152
3651.185	3315
3652.857	3203
3654.527	3220
3656.198	3182
3657.868	3175
3659.537	3219
3661.207	3170
3662.875	3129
3664.544	3192
3666.212	3178
3667.879	3211
3669.546	3234
3671.212	3143
3672.88	3226
3674.546	3176
3676.211	3138
3677.875	3195
3679.541	3189
3681.205	3236
3682.87	3178
3684.533	3192
3686.196	3046
3687.859	3164
3689.521	3222
3691.184	3151
3692.845	3170
3694.507	3192
3696.167	3192
3697.827	3151
3699.487	3168
3701.148	3109
3702.808	3191
3704.466	3144
3706.125	3210
3707.783	3157
3709.442	3229
3711.099	3199
3712.757	3174
3714.412	3122
3716.068	3117
3717.725	3101
3719.381	3096
3721.036	3161
3722.689	3026
3724.344	3106
3725.998	3081
3727.652	3157
3729.305	3127
3730.958	3137
3732.61	3186
3734.262	3158
3735.915	3144
3737.565	3059
3739.217	3100
3740.866	3090
3742.516	3062
3744.165	3037
3745.816	3072
3747.464	3044
3749.113	3046
3750.761	3077
3752.409	3111
3754.057	3090
3755.703	3042
3757.35	3035
3758.996	3095
3760.641	3067
3762.289	3092
3763.933	3000
3765.577	3080
3767.222	2994
3768.865	3126
3770.508	3049
3772.152	3065
3773.796	3047
3775.438	3036
3777.079	3002
3778.721	3106
3780.363	3044
3782.003	2906
3783.643	3000
3785.283	3078
3786.923	3063
3788.563	2988
3790.203	3040
3791.841	3046
3793.479	2967
3795.115	3028
3796.753	3038
3798.391	3024
3800.027	3035
3801.664	3088
3803.299	3057
3804.935	3026
3806.571	3046
3808.206	3004
3809.839	3026
3811.473	2969
3813.107	2973
3814.74	2981
3816.375	3001
3818.006	2922
3819.638	2890
3821.27	3079
3822.9	2892
3824.532	2930
3826.163	2949
3827.792	3006
3829.423	2943
3831.051	3026
3832.682	3006
3834.311	3008
3835.938	2919
3837.566	2920
3839.193	2946
3840.821	2957
3842.448	2938
3844.075	2986
3845.7	2972
3847.325	2941
3848.951	2999
3850.576	2923
3852.201	2928
3853.825	2922
3855.448	2904
3857.072	2911
3858.694	2907
3860.318	2866
3861.939	2934
3863.562	2886
3865.183	2938
3866.804	2811
3868.426	2906
3870.045	2919
3871.666	2948
3873.285	2901
3874.904	2924
3876.524	2830
3878.142	2913
3879.76	2852
3881.378	2926
3882.995	2871
3884.612	2872
3886.229	2970
3887.845	2916
3889.461	2928
3891.076	2911
3892.691	2892
3894.307	2953
3895.922	2879
3897.536	2850
3899.149	2841
3900.761	2841
3902.374	2883
3903.988	2918
3905.6	2879
3907.212	2847
3908.822	2902
3910.433	2845
3912.045	2899
3913.655	2868
3915.265	2874
3916.875	2877
3918.483	2854
3920.093	2863
3921.702	2831
3923.309	2832
3924.917	2855
3926.523	2897
3928.13	2884
3929.739	2928
3931.344	2948
3932.95	2884
3934.555	2882
3936.159	2811
3937.766	2903
3939.369	2889
3940.974	2917
3942.577	2850
3944.181	2860
3945.783	2796
3947.386	2825
3948.989	2812
3950.59	2770
3952.191	2793
3953.791	2791
3955.394	2820
3956.994	2806
3958.593	2762
3960.192	2790
3961.791	2839
3963.392	2802
3964.99	2842
3966.588	2781
3968.185	2762
3969.782	2788
3971.379	2856
3972.976	2780
3974.572	2782
3976.168	2804
3977.763	2821
3979.358	2772
3980.954	2828
3982.548	2778
3984.142	2795
3985.736	2710
3987.329	2801
3988.922	2893
3990.516	2754
3992.108	2747
3993.698	2804
3995.29	2790
3996.881	2753
3998.473	2766
4000.064	2779
4001.653	2694
4003.242	2675
4004.832	2693
4006.422	2743
4008.01	2726
4009.598	2729
4011.186	2760
4012.773	2699
4014.36	2711
4015.947	2748
4017.534	2691
4019.119	2751
4020.705	2687
4022.291	2731
4023.876	2688
4025.461	2662
4027.044	2696
4028.627	2723
4030.211	2654
4031.795	2672
4033.378	2694
4034.96	2683
4036.542	2775
4038.124	2663
4039.704	2673
4041.286	2714
4042.867	2660
4044.447	2656
4046.026	2674
4047.606	2691
4049.187	2695
4050.765	2704
4052.343	2625
4053.92	2655
4055.498	2719
4057.076	2653
4058.654	2672
4060.23	2628
4061.806	2624
4063.381	2638
4064.957	2644
4066.533	2602
4068.107	2631
4069.682	2660
4071.256	2665
4072.829	2597
4074.404	2620
4075.977	2631
4077.549	2661
4079.121	2601
4080.693	2651
4082.265	2615
4083.836	2632
4085.407	2644
4086.977	2577
4088.547	2601
4090.117	2590
4091.687	2574
4093.256	2598
4094.825	2665
4096.392	2640
4097.96	2600
4099.528	2535
4101.097	2596
4102.663	2601
4104.229	2570
4105.795	2569
4107.361	2591
4108.928	2587
4110.493	2523
4112.058	2612
4113.621	2628
4115.186	2610
4116.75	2641
4118.313	2572
4119.876	2606
4121.438	2632
4123	2583
4124.562	2554
4126.125	2560
4127.686	2544
4129.246	2565
4130.807	2630
4132.367	2540
4133.927	2490
4135.486	2481
4137.046	2577
4138.604	2472
4140.162	2534
4141.72	2477
4143.279	2492
4144.836	2509
4146.393	2542
4147.949	2506
4149.505	2543
4151.062	2538
4152.617	2484
4154.172	2513
4155.727	2547
4157.281	2500
4158.836	2507
4160.39	2494
4161.943	2447
4163.496	2462
4165.048	2497
4166.601	2468
4168.154	2499
4169.706	2451
4171.257	2498
4172.808	2463
4174.358	2420
4175.909	2491
4177.458	2430
4179.008	2410
4180.558	2393
4182.106	2435
4183.655	2555
4185.204	2485
4186.751	2439
4188.298	2474
4189.845	2400
4191.392	2446
4192.939	2488
4194.485	2363
4196.031	2474
4197.576	2372
4199.121	2428
4200.666	2445
4202.211	2473
4203.754	2410
4205.298	2369
4206.84	2474
4208.384	2405
4209.927	2394
4211.47	2408
4213.011	2390
4214.552	2500
4216.094	2394
4217.635	2457
4219.175	2410
4220.716	2407
4222.255	2397
4223.793	2319
4225.335	2384
4226.873	2375
4228.411	2428
4229.948	2399
4231.486	2421
4233.024	2374
4234.562	2372
4236.098	2357
4237.634	2416
4239.169	2385
4240.705	2390
4242.241	2374
4243.776	2375
4245.31	2361
4246.844	2421
4248.378	2450
4249.911	2401
4251.445	2353
4252.978	2457
4254.51	2401
4256.042	2326
4257.574	2399
4259.107	2361
4260.638	2385
4262.169	2371
4263.699	2354
4265.228	2312
4266.759	2327
4268.289	2329
4269.818	2366
4271.345	2374
4272.874	2334
4274.402	2424
4275.931	2358
4277.458	2398
4278.985	2287
4280.512	2395
4282.037	2343
4283.564	2334
4285.089	2285
4286.615	2368
4288.139	2387
4289.664	2371
4291.187	2299
4292.712	2360
4294.235	2343
4295.759	2331
4297.281	2384
4298.804	2316
4300.327	2323
4301.849	2353
4303.37	2331
4304.891	2377
4306.412	2376
4307.933	2360
4309.453	2297
4310.973	2292
4312.492	2288
