398.1873	2801
400.7097	2813
403.2336	2808
405.7547	2849
408.2751	2802
410.7948	2865
413.3138	2867
415.83	2908
418.3497	2807
420.8666	2890
423.3829	2904
425.8985	3026
428.4133	2945
430.9275	2929
433.441	2960
435.9538	2955
438.4639	3021
440.9753	3097
443.4881	3061
445.9982	3003
448.5055	3050
451.0142	3029
453.5201	2970
456.0274	3019
458.5361	3009
461.04	3040
463.5453	2955
466.0478	3019
468.5517	3016
471.0549	3036
473.5574	2935
476.0572	3021
478.5584	3065
481.0568	3068
483.5545	3051
486.0557	3094
488.5521	2962
491.0478	3082
493.5449	3059
496.0392	3077
498.5349	3039
501.0299	3092
503.5222	3056
506.0139	3127
508.5048	3118
510.9991	3123
513.4887	3132
515.9777	3111
518.4659	3061
520.9534	3114
523.4403	3120
525.9306	3155
528.4161	3137
530.9009	3048
533.3851	3161
535.8687	3159
538.3535	3054
540.8356	3039
543.3171	3097
545.7979	3176
548.278	3172
550.7595	3099
553.2383	3046
555.7144	3134
558.1918	3114
560.6685	3164
563.1446	3224
565.6221	3113
568.0968	3220
570.5688	3117
573.0422	3219
575.515	3186
577.989	3243
580.4584	3224
582.9291	3215
585.3991	3227
587.8685	3160
590.3352	3255
592.8052	3228
595.2706	3246
597.7372	3220
600.2033	3225
602.6666	3241
605.1334	3180
607.5953	3289
610.0587	3214
612.5193	3235
614.9814	3282
617.4427	3203
619.9034	3174
622.3615	3183
624.8208	3223
627.2775	3153
629.7335	3220
632.1929	3238
634.6476	3214
637.1016	3171
639.5569	3189
642.0096	3215
644.4637	3223
646.9151	3304
649.3678	3204
651.8179	3188
654.2672	3356
656.7159	3270
659.166	3271
661.6154	3253
664.0622	3278
666.5082	3309
668.9537	3272
671.4005	3307
673.8445	3302
676.288	3302
678.7308	3331
681.1729	3286
683.6163	3333
686.0572	3281
688.4973	3333
690.9368	3374
693.3757	3301
695.8138	3349
698.2534	3337
700.6902	3349
703.1245	3317
705.56	3320
707.9949	3324
710.4311	3397
712.8647	3364
715.2957	3346
717.7279	3322
720.1595	3454
722.5905	3350
725.0208	3436
727.4505	3390
729.8795	3454
732.3058	3419
734.7336	3496
737.1626	3424
739.587	3493
742.0128	3405
744.4359	3477
746.8604	3460
749.2841	3422
751.7073	3563
754.1278	3489
756.5496	3526
758.9688	3485
761.3893	3513
763.8093	3479
766.2285	3523
768.6451	3487
771.0611	3551
773.4784	3526
775.895	3519
778.3091	3486
780.7244	3531
783.1371	3537
785.5493	3566
787.9626	3595
790.3754	3527
792.7856	3573
795.1951	3565
797.6039	3455
800.0121	3587
802.4236	3602
804.8306	3545
807.2369	3541
809.6425	3558
812.0475	3596
814.4538	3600
816.8575	3602
819.2606	3573
821.663	3526
824.0648	3603
826.4659	3613
828.8683	3543
831.2682	3562
833.6674	3629
836.066	3658
838.4639	3638
840.8632	3721
843.2579	3530
845.6539	3649
848.0493	3601
850.444	3640
852.84	3683
855.2315	3604
857.6243	3667
860.0165	3536
862.4081	3726
864.797	3712
867.1892	3627
869.5789	3683
871.9659	3628
874.3542	3733
876.74	3687
879.129	3602
881.5155	3610
883.8994	3710
886.2845	3643
888.6671	3675
891.051	3619
893.4343	3582
895.8169	3697
898.197	3649
900.5783	3634
902.9571	3673
905.3372	3642
907.7167	3677
910.0936	3756
912.4698	3678
914.8474	3757
917.2244	3685
919.5987	3737
921.9744	3750
924.3475	3738
926.72	3790
929.0918	3777
931.4669	3828
933.8375	3755
936.2074	3912
938.5767	3822
940.9454	3904
943.3154	3896
945.6829	3979
948.0497	4038
950.4178	4162
952.7833	4229
955.1483	4351
957.5145	4424
959.8782	4635
962.2412	4464
964.6036	4500
966.9655	4274
969.3266	4099
971.6871	4046
974.0471	3904
976.4064	3865
978.765	3813
981.125	3814
983.4824	3781
985.8373	3854
988.1935	3727
990.549	3789
992.9039	3763
995.2602	3880
997.6119	3752
999.965	3790
1002.317	3775
1004.667	3724
1007.02	3798
1009.371	3861
1011.719	3773
1014.068	3731
1016.415	3774
1018.765	3732
1021.111	3806
1023.458	3810
1025.804	3794
1028.147	3924
1030.49	3826
1032.837	3840
1035.179	3970
1037.522	3864
1039.862	3852
1042.204	3923
1044.546	3851
1046.884	3813
1049.224	3890
1051.562	3899
1053.899	3812
1056.237	3936
1058.575	3871
1060.91	3955
1063.244	3925
1065.58	3861
1067.913	3942
1070.248	4027
1072.579	3912
1074.911	3954
1077.242	3964
1079.572	3936
1081.905	3992
1084.234	3926
1086.562	3800
1088.89	3828
1091.217	3844
1093.544	3949
1095.871	3914
1098.197	3847
1100.521	3888
1102.845	3823
1105.169	3892
1107.491	3905
1109.814	3933
1112.135	3967
1114.456	3846
1116.776	3801
1119.096	3910
1121.415	3920
1123.734	3931
1126.052	3924
1128.369	3988
1130.686	3881
1133.002	3908
1135.318	3922
1137.632	3930
1139.945	3880
1142.258	3917
1144.573	3978
1146.884	3876
1149.196	3917
1151.505	3943
1153.816	3844
1156.124	3934
1158.435	3980
1160.742	4030
1163.051	3837
1165.356	3978
1167.663	3880
1169.97	3903
1172.276	3917
1174.579	3885
1176.881	3844
1179.186	3857
1181.487	3948
1183.79	3904
1186.092	3946
1188.392	3938
1190.691	3864
1192.991	4037
1195.291	3961
1197.588	3930
1199.885	3920
1202.181	3907
1204.479	3923
1206.775	3979
1209.07	3899
1211.363	3947
1213.656	3910
1215.949	3931
1218.241	3892
1220.534	3988
1222.825	4080
1225.115	3926
1227.405	3947
1229.693	4004
1231.984	4005
1234.271	4002
1236.558	4010
1238.845	4018
1241.131	4052
1243.416	4076
1245.703	4087
1247.987	4107
1250.269	3962
1252.552	4089
1254.834	4061
1257.118	4012
1259.399	4087
1261.678	4026
1263.958	4020
1266.237	4121
1268.516	4018
1270.794	4033
1273.072	4135
1275.347	4073
1277.624	4061
1279.899	3989
1282.175	4017
1284.449	4087
1286.722	3986
1288.995	4052
1291.266	3998
1293.54	3935
1295.81	4080
1298.081	3937
1300.35	4005
1302.62	4098
1304.889	4014
1307.156	3993
1309.425	4020
1311.69	4005
1313.957	4041
1316.222	3946
1318.488	4045
1320.751	4129
1323.016	4076
1325.278	4066
1327.54	4018
1329.803	4068
1332.065	3984
1334.325	3976
1336.584	3991
1338.843	4069
1341.101	4109
1343.36	4066
1345.617	4032
1347.876	4159
1350.131	3994
1352.387	4038
1354.643	3959
1356.897	3959
1359.151	4039
1361.403	4008
1363.656	3988
1365.909	4059
1368.16	4110
1370.409	4051
1372.659	3972
1374.909	4035
1377.157	4029
1379.407	4035
1381.655	4022
1383.9	4034
1386.147	4096
1388.393	4088
1390.64	4042
1392.885	4152
1395.127	4156
1397.37	4100
1399.614	4061
1401.854	4112
1404.098	4159
1406.339	4101
1408.578	4109
1410.818	4106
1413.056	4104
1415.297	4140
1417.533	4216
1419.771	4112
1422.006	4179
1424.243	4182
1426.479	4095
1428.715	4149
1430.948	4246
1433.182	4218
1435.414	4211
1437.647	4234
1439.88	4261
1442.11	4184
1444.342	4240
1446.571	4208
1448.799	4241
1451.029	4276
1453.258	4223
1455.485	4234
1457.711	4238
1459.937	4285
1462.164	4272
1464.39	4326
1466.614	4190
1468.838	4193
1471.06	4158
1473.283	4185
1475.506	4135
1477.727	4185
1479.949	4157
1482.169	4173
1484.389	4127
1486.609	4051
1488.828	4049
1491.045	4088
1493.261	4146
1495.477	4105
1497.693	4123
1499.91	4045
1502.125	4140
1504.339	4165
1506.553	4096
1508.766	4059
1510.979	4185
1513.191	4123
1515.402	4086
1517.613	4059
1519.823	4040
1522.033	4193
1524.242	4068
1526.451	4118
1528.657	4101
1530.865	4148
1533.072	4124
1535.278	4096
1537.484	4157
1539.687	4169
1541.892	4114
1544.096	4108
1546.299	4082
1548.502	4145
1550.703	4063
1552.905	4179
1555.104	4090
1557.303	4228
1559.505	4152
1561.703	4150
1563.902	4059
1566.099	4243
1568.295	4132
1570.494	4210
1572.689	4230
1574.883	4177
1577.079	4146
1579.272	4317
1581.467	4183
1583.659	4168
1585.853	4249
1588.044	4194
1590.234	4196
1592.424	4201
1594.615	4191
1596.806	4104
1598.994	4348
1601.182	4223
1603.369	4295
1605.557	4225
1607.744	4285
1609.929	4199
1612.114	4235
1614.298	4240
1616.482	4272
1618.667	4335
1620.85	4254
1623.032	4334
1625.214	4265
1627.395	4240
1629.575	4198
1631.755	4319
1633.935	4300
1636.114	4300
1638.292	4335
1640.471	4259
1642.647	4324
1644.823	4206
1647	4226
1649.175	4394
1651.348	4224
1653.525	4319
1655.698	4302
1657.87	4369
1660.043	4315
1662.213	4405
1664.387	4303
1666.558	4317
1668.727	4363
1670.896	4363
1673.064	4416
1675.233	4277
1677.401	4370
1679.569	4333
1681.735	4253
1683.902	4319
1686.066	4268
1688.233	4352
1690.397	4286
1692.559	4349
1694.723	4432
1696.885	4267
1699.048	4383
1701.21	4266
1703.37	4262
1705.53	4262
1707.689	4229
1709.849	4301
1712.009	4372
1714.166	4280
1716.323	4296
1718.479	4228
1720.634	4301
1722.793	4228
1724.948	4331
1727.102	4215
1729.255	4273
1731.408	4287
1733.562	4390
1735.714	4329
1737.865	4286
1740.016	4331
1742.166	4316
1744.316	4335
1746.467	4358
1748.616	4220
1750.764	4307
1752.911	4290
1755.056	4368
1757.205	4289
1759.35	4283
1761.496	4344
1763.641	4346
1765.785	4333
1767.927	4268
1770.072	4328
1772.214	4317
1774.355	4350
1776.496	4238
1778.637	4419
1780.778	4267
1782.918	4346
1785.057	4285
1787.194	4366
1789.333	4327
1791.472	4326
1793.608	4410
1795.745	4417
1797.879	4311
1800.015	4313
1802.148	4387
1804.284	4334
1806.417	4286
1808.548	4305
1810.682	4368
1812.812	4396
1814.946	4394
1817.075	4404
1819.205	4270
1821.335	4363
1823.463	4376
1825.59	4309
1827.721	4364
1829.847	4262
1831.973	4294
1834.098	4416
1836.223	4252
1838.351	4303
1840.475	4344
1842.598	4350
1844.721	4325
1846.843	4334
1848.966	4325
1851.087	4386
1853.21	4347
1855.33	4242
1857.449	4322
1859.568	4325
1861.688	4307
1863.806	4270
1865.924	4330
1868.039	4409
1870.155	4307
1872.273	4319
1874.388	4286
1876.503	4383
1878.617	4311
1880.73	4287
1882.844	4334
1884.956	4388
1887.068	4465
1889.18	4338
1891.291	4407
1893.4	4262
1895.511	4264
1897.621	4349
1899.73	4361
1901.837	4399
1903.944	4346
1906.053	4442
1908.159	4415
1910.265	4358
1912.369	4416
1914.474	4459
1916.577	4377
1918.683	4427
1920.785	4335
1922.888	4487
1924.989	4392
1927.091	4404
1929.193	4438
1931.294	4429
1933.393	4438
1935.493	4415
1937.59	4393
1939.689	4395
1941.788	4531
1943.884	4349
1945.98	4428
1948.077	4385
1950.171	4491
1952.267	4368
1954.361	4429
1956.455	4422
1958.548	4435
1960.64	4410
1962.733	4372
1964.824	4394
1966.915	4353
1969.005	4429
1971.096	4425
1973.185	4367
1975.275	4420
1977.363	4443
1979.45	4341
1981.537	4351
1983.623	4435
1985.711	4341
1987.796	4405
1989.881	4403
1991.965	4402
1994.047	4401
1996.132	4465
1998.215	4381
2000.297	4380
2002.378	4410
2004.46	4333
2006.54	4495
2008.62	4419
2010.7	4415
2012.779	4443
2014.858	4394
2016.934	4404
2019.013	4473
2021.09	4379
2023.165	4389
2025.241	4412
2027.317	4397
2029.39	4344
2031.466	4477
2033.538	4395
2035.612	4381
2037.683	4389
2039.755	4440
2041.827	4432
2043.898	4339
2045.968	4465
2048.038	4386
2050.106	4417
2052.177	4438
2054.244	4435
2056.313	4431
2058.379	4461
2060.444	4432
2062.511	4463
2064.577	4402
2066.641	4499
2068.705	4408
2070.77	4449
2072.832	4404
2074.896	4510
2076.958	4441
2079.02	4394
2081.081	4383
2083.141	4485
2085.2	4406
2087.261	4434
2089.319	4326
2091.377	4410
2093.435	4427
2095.492	4394
2097.552	4451
2099.607	4334
2101.663	4401
2103.718	4450
2105.771	4333
2107.826	4442
2109.879	4375
2111.932	4415
2113.985	4444
2116.037	4387
2118.088	4333
2120.141	4358
2122.191	4545
2124.239	4389
2126.288	4458
2128.337	4416
2130.387	4471
2132.434	4354
2134.481	4515
2136.528	4445
2138.574	4352
2140.618	4396
2142.665	4470
2144.71	4465
2146.753	4522
2148.797	4371
2150.838	4414
2152.883	4412
2154.923	4489
2156.965	4431
2159.007	4420
2161.046	4432
2163.086	4382
2165.126	4391
2167.163	4373
2169.202	4424
2171.239	4359
2173.277	4477
2175.314	4362
2177.349	4379
2179.385	4363
2181.42	4381
2183.453	4385
2185.49	4359
2187.522	4430
2189.555	4424
2191.586	4366
2193.619	4391
2195.651	4327
2197.682	4399
2199.711	4423
2201.74	4401
2203.769	4413
2205.799	4302
2207.828	4397
2209.855	4435
2211.882	4321
2213.908	4286
2215.934	4313
2217.961	4301
2219.986	4327
2222.01	4298
2224.034	4336
2226.057	4400
2228.08	4392
2230.104	4305
2232.124	4391
2234.145	4380
2236.166	4344
2238.186	4397
2240.207	4274
2242.227	4357
2244.244	4416
2246.262	4429
2248.28	4402
2250.299	4276
2252.314	4355
2254.33	4356
2256.346	4394
2258.36	4331
2260.375	4300
2262.391	4348
2264.403	4421
2266.416	4444
2268.427	4282
2270.44	4316
2272.453	4346
2274.463	4401
2276.474	4340
2278.483	4391
2280.493	4345
2282.501	4314
2284.51	4296
2286.518	4356
2288.524	4351
2290.532	4369
2292.537	4374
2294.544	4335
2296.55	4378
2298.554	4294
2300.557	4479
2302.562	4375
2304.566	4375
2306.568	4397
2308.569	4398
2310.572	4388
2312.573	4320
2314.573	4328
2316.574	4367
2318.573	4275
2320.571	4373
2322.571	4401
2324.569	4346
2326.567	4361
2328.564	4305
2330.56	4307
2332.556	4370
2334.551	4286
2336.546	4237
2338.542	4455
2340.535	4340
2342.529	4335
2344.521	4268
2346.512	4359
2348.505	4388
2350.497	4242
2352.487	4295
2354.478	4332
2356.468	4252
2358.457	4328
2360.446	4306
2362.434	4282
2364.422	4372
2366.408	4242
2368.395	4303
2370.383	4347
2372.369	4324
2374.353	4312
2376.338	4335
2378.321	4241
2380.307	4280
2382.29	4364
2384.272	4244
2386.254	4303
2388.235	4315
2390.218	4261
2392.198	4202
2394.179	4246
2396.157	4316
2398.137	4156
2400.115	4191
2402.095	4356
2404.072	4261
2406.048	4386
2408.026	4292
2410.001	4283
2411.977	4213
2413.953	4221
2415.927	4312
2417.9	4265
2419.875	4180
2421.847	4276
2423.821	4326
2425.792	4250
2427.763	4258
2429.736	4158
2431.706	4306
2433.677	4324
2435.646	4227
2437.615	4197
2439.583	4313
2441.551	4392
2443.519	4298
2445.486	4336
2447.452	4292
2449.418	4229
2451.383	4285
2453.348	4204
2455.314	4224
2457.278	4161
2459.241	4284
2461.205	4233
2463.167	4220
2465.131	4161
2467.091	4260
2469.052	4252
2471.012	4252
2472.972	4302
2474.932	4196
2476.891	4280
2478.85	4160
2480.808	4224
2482.766	4297
2484.722	4231
2486.68	4178
2488.636	4178
2490.591	4273
2492.546	4173
2494.5	4244
2496.456	4195
2498.41	4184
2500.362	4221
2502.315	4114
2504.266	4311
2506.218	4295
2508.169	4318
2510.121	4138
2512.07	4181
2514.019	4309
2515.968	4290
2517.918	4214
2519.866	4383
2521.813	4258
2523.76	4182
2525.707	4211
2527.653	4230
2529.599	4231
2531.543	4230
2533.489	4184
2535.433	4258
2537.376	4242
2539.32	4143
2541.264	4185
2543.205	4245
2545.147	4183
2547.087	4170
2549.029	4196
2550.969	4238
2552.908	4217
2554.847	4195
2556.786	4188
2558.724	4137
2560.663	4157
2562.6	4312
2564.537	4203
2566.473	4180
2568.408	4170
2570.345	4317
2572.28	4137
2574.214	4231
2576.148	4227
2578.081	4240
2580.014	4241
2581.947	4255
2583.879	4196
2585.81	4210
2587.741	4222
2589.67	4267
2591.602	4186
2593.532	4260
2595.461	4153
2597.388	4293
2599.316	4178
2601.244	4184
2603.172	4225
2605.098	4245
2607.023	4219
2608.949	4217
2610.873	4242
2612.8	4250
2614.723	4236
2616.647	4240
2618.569	4191
2620.493	4267
2622.416	4229
2624.338	4212
2626.258	4258
2628.179	4178
2630.099	4260
2632.019	4253
2633.939	4229
2635.857	4224
2637.775	4272
2639.694	4231
2641.61	4328
2643.528	4309
2645.444	4247
2647.361	4204
2649.276	4277
2651.19	4216
2653.105	4226
2655.019	4316
2656.934	4237
2658.846	4223
2660.758	4219
2662.67	4223
2664.583	4244
2666.493	4227
2668.404	4285
2670.313	4153
2672.223	4319
2674.134	4296
2676.042	4154
2677.95	4314
2679.858	4231
2681.765	4223
2683.673	4189
2685.579	4209
2687.483	4219
2689.389	4181
2691.294	4244
2693.198	4242
2695.104	4228
2697.006	4267
2698.909	4152
2700.811	4264
2702.713	4149
2704.615	4159
2706.516	4131
2708.417	4165
2710.316	4182
2712.216	4216
2714.115	4144
2716.014	4104
2717.913	4163
2719.81	4214
2721.707	4210
2723.603	4223
2725.501	4181
2727.396	4155
2729.292	4240
2731.186	4185
2733.081	4153
2734.976	4214
2736.87	4183
2738.762	4130
2740.653	4178
2742.546	4203
2744.437	4141
2746.329	4110
2748.22	4182
2750.11	4185
2751.999	4137
2753.889	4115
2755.778	4156
2757.666	4210
2759.553	4219
2761.44	4161
2763.328	4197
2765.215	4106
2767.101	4175
2768.986	4204
2770.87	4098
2772.754	4148
2774.638	4111
2776.523	4115
2778.405	4134
2780.288	4050
2782.17	4165
2784.051	4123
2785.934	4181
2787.814	4096
2789.694	4053
2791.574	4133
2793.453	4156
2795.332	4179
2797.212	4140
2799.088	4183
2800.966	4064
2802.843	4142
2804.719	4144
2806.597	4095
2808.471	4179
2810.346	4094
2812.221	4134
2814.094	4147
2815.969	4156
2817.843	4090
2819.714	4169
2821.587	4140
2823.459	4114
2825.329	4116
2827.202	4052
2829.072	4086
2830.942	4104
2832.811	4146
2834.68	4163
2836.549	4247
2838.418	4116
2840.284	4094
2842.152	3966
2844.018	4180
2845.885	4109
2847.751	4108
2849.616	4147
2851.482	4215
2853.345	4207
2855.208	4078
2857.074	4212
2858.937	4229
2860.799	4114
2862.66	4276
2864.522	4223
2866.385	4153
2868.245	4244
2870.104	4303
2871.964	4174
2873.824	4287
2875.683	4212
2877.542	4346
2879.4	4363
2881.257	4248
2883.114	4306
2884.97	4332
2886.827	4331
2888.683	4267
2890.537	4247
2892.392	4289
2894.246	4309
2896.1	4271
2897.954	4333
2899.807	4271
2901.66	4278
2903.51	4317
2905.362	4398
2907.214	4383
2909.065	4270
2910.915	4361
2912.765	4352
2914.613	4354
2916.463	4407
2918.311	4532
2920.158	4450
2922.006	4484
2923.853	4444
2925.698	4463
2927.546	4520
2929.392	4628
2931.236	4628
2933.081	4582
2934.924	4713
2936.77	4571
2938.613	4697
2940.455	4621
2942.298	4659
2944.139	4661
2945.982	4675
2947.823	4561
2949.662	4697
2951.503	4553
2953.342	4599
2955.182	4526
2957.021	4537
2958.858	4454
2960.697	4452
2962.534	4495
2964.37	4396
2966.207	4421
2968.044	4446
2969.879	4404
2971.714	4354
2973.548	4351
2975.383	4424
2977.218	4450
2979.051	4452
2980.883	4308
2982.715	4397
2984.547	4310
2986.379	4228
2988.21	4339
2990.04	4308
2991.87	4276
2993.7	4239
2995.53	4197
2997.359	4297
2999.187	4177
3001.015	4159
3002.842	4215
3004.669	4160
3006.497	4171
3008.323	4087
3010.148	4200
3011.974	4078
3013.797	4087
3015.623	4092
3017.447	4040
3019.27	3987
3021.094	4073
3022.915	3963
3024.737	4046
3026.56	4134
3028.38	3986
3030.201	3953
3032.022	4074
3033.84	4009
3035.662	3951
3037.481	3999
3039.298	3818
3041.117	4034
3042.933	3940
3044.752	3920
3046.568	4005
3048.385	3997
3050.2	3990
3052.016	3965
3053.83	3893
3055.646	3930
3057.46	4010
3059.272	3940
3061.086	3982
3062.898	3957
3064.711	3949
3066.524	3916
3068.335	3997
3070.145	3941
3071.956	3948
3073.766	3947
3075.576	3908
3077.385	3942
3079.193	3932
3081.002	3959
3082.81	3856
3084.618	3962
3086.425	3859
3088.231	3939
3090.036	3826
3091.842	3872
3093.648	3893
3095.452	3878
3097.257	3786
3099.06	3958
3100.863	3875
3102.666	3891
3104.47	3847
3106.272	3858
3108.073	3923
3109.875	3818
3111.676	3881
3113.477	3832
3115.277	3827
3117.077	3775
3118.874	3831
3120.673	3793
3122.473	3761
3124.271	3867
3126.066	3822
3127.863	3789
3129.66	3830
3131.456	3812
3133.252	3737
3135.047	3818
3136.842	3873
3138.635	3814
3140.429	3808
3142.223	3773
3144.016	3812
3145.808	3874
3147.6	3820
3149.392	3776
3151.183	3743
3152.975	3831
3154.765	3724
3156.553	3756
3158.344	3844
3160.132	3783
3161.922	3710
3163.71	3817
3165.497	3756
3167.285	3755
3169.071	3810
3170.858	3778
3172.645	3739
3174.429	3785
3176.214	3859
3177.998	3795
3179.783	3749
3181.568	3768
3183.351	3735
3185.133	3737
3186.915	3701
3188.698	3713
3190.481	3650
3192.261	3798
3194.042	3683
3195.822	3706
3197.601	3697
3199.381	3669
3201.161	3647
3202.939	3831
3204.717	3752
3206.495	3771
3208.272	3781
3210.05	3706
3211.826	3756
3213.602	3733
3215.376	3740
3217.151	3675
3218.927	3761
3220.702	3661
3222.476	3737
3224.249	3661
3226.021	3700
3227.793	3735
3229.567	3791
3231.339	3776
3233.109	3725
3234.88	3790
3236.651	3652
3238.421	3614
3240.191	3678
3241.96	3710
3243.728	3740
3245.497	3679
3247.263	3743
3249.033	3663
3250.799	3702
3252.566	3658
3254.331	3679
3256.097	3685
3257.863	3682
3259.628	3691
3261.392	3730
3263.156	3701
3264.919	3784
3266.683	3728
3268.447	3739
3270.208	3658
3271.969	3713
3273.731	3704
3275.492	3681
3277.253	3648
3279.013	3731
3280.773	3680
3282.532	3609
3284.291	3620
3286.05	3783
3287.808	3711
3289.566	3728
3291.323	3751
3293.079	3711
3294.835	3720
3296.593	3714
3298.348	3667
3300.102	3687
3301.857	3665
3303.611	3767
3305.366	3605
3307.119	3703
3308.872	3670
3310.624	3652
3312.376	3687
3314.129	3672
3315.881	3642
3317.631	3607
3319.38	3682
3321.13	3791
3322.88	3695
3324.631	3660
3326.379	3646
3328.126	3687
3329.875	3719
3331.622	3663
3333.371	3620
3335.116	3579
3336.863	3747
3338.609	3715
3340.353	3754
3342.1	3623
3343.845	3685
3345.588	3676
3347.332	3777
3349.074	3656
3350.817	3700
3352.56	3714
3354.303	3661
3356.043	3656
3357.785	3627
3359.525	3561
3361.268	3642
3363.007	3635
3364.745	3568
3366.485	3681
3368.223	3655
3369.962	3627
3371.701	3703
3373.438	3644
3375.174	3606
3376.911	3580
3378.647	3605
3380.384	3635
3382.118	3516
3383.854	3648
3385.588	3630
3387.322	3595
3389.057	3578
3390.79	3599
3392.522	3606
3394.255	3529
3395.987	3565
3397.719	3595
3399.451	3567
3401.181	3490
3402.911	3642
3404.641	3673
3406.371	3646
3408.101	3615
3409.83	3597
3411.558	3467
3413.285	3507
3415.011	3665
3416.739	3553
3418.467	3540
3420.193	3610
3421.919	3560
3423.644	3568
3425.368	3558
3427.094	3514
3428.818	3485
3430.542	3556
3432.264	3527
3433.987	3509
3435.712	3527
3437.434	3564
3439.155	3553
3440.876	3533
3442.596	3451
3444.317	3582
3446.039	3564
3447.757	3526
3449.477	3568
3451.195	3567
3452.914	3488
3454.632	3437
3456.35	3467
3458.067	3375
3459.784	3455
3461.5	3513
3463.216	3441
3464.932	3496
3466.647	3487
3468.362	3482
3470.076	3470
3471.789	3528
3473.505	3465
3475.217	3429
3476.929	3475
3478.641	3413
3480.354	3470
3482.066	3382
3483.777	3468
3485.487	3343
3487.197	3391
3488.908	3436
3490.617	3366
3492.327	3481
3494.035	3445
3495.743	3428
3497.451	3431
3499.158	3420
3500.866	3406
3502.572	3343
3504.278	3442
3505.984	3441
3507.689	3421
3509.396	3408
3511.1	3391
3512.804	3381
3514.508	3331
3516.211	3368
3517.913	3379
3519.616	3367
3521.319	3406
3523.021	3342
3524.722	3406
3526.422	3410
3528.124	3289
3529.824	3454
3531.524	3401
3533.222	3361
3534.921	3306
3536.62	3362
3538.318	3379
3540.016	3368
3541.714	3280
3543.41	3303
3545.107	3402
3546.803	3446
3548.5	3305
3550.194	3386
3551.889	3403
3553.583	3371
3555.279	3373
3556.972	3384
3558.666	3358
3560.358	3338
3562.051	3269
3563.742	3285
3565.435	3349
3567.126	3292
3568.817	3295
3570.507	3306
3572.197	3289
3573.888	3360
3575.577	3269
3577.265	3306
3578.954	3439
3580.642	3288
3582.329	3251
3584.017	3326
3585.704	3235
3587.391	3222
3589.077	3318
3590.762	3253
3592.449	3298
3594.133	3336
3595.817	3234
3597.501	3218
3599.185	3289
3600.869	3273
3602.552	3222
3604.234	3341
3605.916	3235
3607.598	3258
3609.279	3184
3610.961	3278
3612.642	3296
3614.321	3180
3616	3218
3617.68	3175
3619.36	3273
3621.039	3232
3622.716	3203
3624.394	3203
3626.071	3182
3627.748	3158
3629.425	3192
3631.102	3264
3632.778	3184
3634.452	3190
3636.127	3217
3637.803	3151
3639.477	3095
3641.151	3163
3642.823	3112
3644.497	3132
3646.171	3197
3647.842	3161
3649.515	3095
3651.185	3192
3652.857	3141
3654.527	3133
3656.198	3089
3657.868	3103
3659.537	3177
3661.207	3186
3662.875	3146
3664.544	3159
3666.212	3134
3667.879	3105
3669.546	3110
3671.212	3120
3672.88	3097
3674.546	3230
3676.211	3109
3677.875	3054
3679.541	3104
3681.205	3079
3682.87	3128
3684.533	3135
3686.196	3125
3687.859	3142
3689.521	3111
3691.184	3108
3692.845	3078
3694.507	3110
3696.167	3118
3697.827	3109
3699.487	3181
3701.148	3089
3702.808	3070
3704.466	3153
3706.125	3057
3707.783	3030
3709.442	3106
3711.099	3090
3712.757	3135
3714.412	3126
3716.068	3096
3717.725	3091
3719.381	3088
3721.036	3038
3722.689	3065
3724.344	3083
3725.998	3093
3727.652	3112
3729.305	3063
3730.958	3091
3732.61	3064
3734.262	3037
3735.915	2993
3737.565	3105
3739.217	2999
3740.866	3042
3742.516	3055
3744.165	2965
3745.816	3101
3747.464	3061
3749.113	3105
3750.761	2990
3752.409	3044
3754.057	2982
3755.703	3031
3757.35	3005
3758.996	3030
3760.641	3021
3762.289	3009
3763.933	2989
3765.577	3035
3767.222	3051
3768.865	2958
3770.508	2935
3772.152	2985
3773.796	2955
3775.438	3025
3777.079	2982
3778.721	2986
3780.363	3002
3782.003	2973
3783.643	2965
3785.283	2948
3786.923	2948
3788.563	2986
3790.203	2959
3791.841	2982
3793.479	2949
3795.115	2928
3796.753	3001
3798.391	2957
3800.027	2976
3801.664	2953
3803.299	2959
3804.935	2919
3806.571	2973
3808.206	3008
3809.839	2893
3811.473	2951
3813.107	2902
3814.74	3007
3816.375	2890
3818.006	2877
3819.638	2928
3821.27	2819
3822.9	2910
3824.532	2936
3826.163	2867
3827.792	2932
3829.423	2859
3831.051	2915
3832.682	2859
3834.311	2951
3835.938	2922
3837.566	2933
3839.193	2932
3840.821	2894
3842.448	2950
3844.075	2965
3845.7	2939
3847.325	2843
3848.951	2958
3850.576	2923
3852.201	2897
3853.825	2883
3855.448	2842
3857.072	2894
3858.694	2883
3860.318	2878
3861.939	2915
3863.562	2896
3865.183	2829
3866.804	2912
3868.426	2806
3870.045	2840
3871.666	2901
3873.285	2825
3874.904	2902
3876.524	2816
3878.142	2860
3879.76	2779
3881.378	2855
3882.995	2835
3884.612	2808
3886.229	2863
3887.845	2774
3889.461	2812
3891.076	2852
3892.691	2877
3894.307	2851
3895.922	2823
3897.536	2822
3899.149	2813
3900.761	2829
3902.374	2855
3903.988	2829
3905.6	2812
3907.212	2882
3908.822	2795
3910.433	2833
3912.045	2805
3913.655	2817
3915.265	2763
3916.875	2836
3918.483	2886
3920.093	2766
3921.702	2804
3923.309	2849
3924.917	2855
3926.523	2801
3928.13	2869
3929.739	2839
3931.344	2793
3932.95	2794
3934.555	2799
3936.159	2742
3937.766	2803
3939.369	2762
3940.974	2796
3942.577	2777
3944.181	2793
3945.783	2731
3947.386	2839
3948.989	2796
3950.59	2843
3952.191	2799
3953.791	2781
3955.394	2813
3956.994	2808
3958.593	2754
3960.192	2738
3961.791	2727
3963.392	2756
3964.99	2790
3966.588	2700
3968.185	2778
3969.782	2699
3971.379	2799
3972.976	2739
3974.572	2798
3976.168	2661
3977.763	2693
3979.358	2703
3980.954	2740
3982.548	2724
3984.142	2749
3985.736	2683
3987.329	2702
3988.922	2724
3990.516	2740
3992.108	2717
3993.698	2701
3995.29	2676
3996.881	2672
3998.473	2614
4000.064	2649
4001.653	2709
4003.242	2692
4004.832	2672
4006.422	2635
4008.01	2666
4009.598	2702
4011.186	2648
4012.773	2677
4014.36	2700
4015.947	2708
4017.534	2699
4019.119	2680
4020.705	2672
4022.291	2649
4023.876	2638
4025.461	2640
4027.044	2643
4028.627	2647
4030.211	2647
4031.795	2620
4033.378	2637
4034.96	2650
4036.542	2605
4038.124	2658
4039.704	2637
4041.286	2650
4042.867	2669
4044.447	2654
4046.026	2583
4047.606	2616
4049.187	2577
4050.765	2593
4052.343	2585
4053.92	2600
4055.498	2684
4057.076	2586
4058.654	2549
4060.23	2602
4061.806	2645
4063.381	2561
4064.957	2565
4066.533	2582
4068.107	2562
4069.682	2599
4071.256	2575
4072.829	2549
4074.404	2590
4075.977	2597
4077.549	2613
4079.121	2559
4080.693	2591
4082.265	2591
4083.836	2573
4085.407	2558
4086.977	2521
4088.547	2559
4090.117	2584
4091.687	2559
4093.256	2620
4094.825	2515
4096.392	2557
4097.96	2522
4099.528	2590
4101.097	2519
4102.663	2513
4104.229	2538
4105.795	2452
4107.361	2545
4108.928	2565
4110.493	2597
4112.058	2501
4113.621	2441
4115.186	2517
4116.75	2510
4118.313	2495
4119.876	2485
4121.438	2574
4123	2544
4124.562	2536
4126.125	2485
4127.686	2501
4129.246	2555
4130.807	2468
4132.367	2495
4133.927	2609
4135.486	2476
4137.046	2466
4138.604	2506
4140.162	2437
4141.72	2511
4143.279	2491
4144.836	2494
4146.393	2410
4147.949	2476
4149.505	2479
4151.062	2528
4152.617	2554
4154.172	2435
4155.727	2484
4157.281	2398
4158.836	2376
4160.39	2451
4161.943	2431
4163.496	2474
4165.048	2415
4166.601	2456
4168.154	2488
4169.706	2463
4171.257	2454
4172.808	2429
4174.358	2470
4175.909	2445
4177.458	2427
4179.008	2360
4180.558	2495
4182.106	2391
4183.655	2419
4185.204	2435
4186.751	2450
4188.298	2446
4189.845	2398
4191.392	2399
4192.939	2471
4194.485	2457
4196.031	2365
4197.576	2323
4199.121	2463
4200.666	2340
4202.211	2386
4203.754	2427
4205.298	2375
4206.84	2356
4208.384	2359
4209.927	2387
4211.47	2363
4213.011	2372
4214.552	2376
4216.094	2365
4217.635	2346
4219.175	2446
4220.716	2335
4222.255	2369
4223.793	2328
4225.335	2373
4226.873	2379
4228.411	2378
4229.948	2321
4231.486	2356
4233.024	2335
4234.562	2347
4236.098	2378
4237.634	2330
4239.169	2360
4240.705	2388
4242.241	2353
4243.776	2301
4245.31	2359
4246.844	2319
4248.378	2323
4249.911	2413
4251.445	2369
4252.978	2348
4254.51	2384
4256.042	2332
4257.574	2354
4259.107	2299
4260.638	2273
4262.169	2344
4263.699	2311
4265.228	2308
4266.759	2312
4268.289	2319
4269.818	2326
4271.345	2420
4272.874	2320
4274.402	2343
4275.931	2296
4277.458	2322
4278.985	2259
4280.512	2374
4282.037	2247
4283.564	2294
4285.089	2337
4286.615	2324
4288.139	2273
4289.664	2291
4291.187	2308
4292.712	2264
4294.235	2330
4295.759	2302
4297.281	2312
4298.804	2309
4300.327	2225
4301.849	2311
4303.37	2289
4304.891	2310
4306.412	2309
4307.933	2293
4309.453	2229
4310.973	2285
4312.492	2227
