398.1873	3151
400.7097	3101
403.2336	3044
405.7547	3116
408.2751	3185
410.7948	3061
413.3138	3174
415.83	3193
418.3497	3206
420.8666	3209
423.3829	3193
425.8985	3239
428.4133	3321
430.9275	3253
433.441	3311
435.9538	3256
438.4639	3288
440.9753	3366
443.4881	3344
445.9982	3224
448.5055	3317
451.0142	3237
453.5201	3275
456.0274	3299
458.5361	3307
461.04	3241
463.5453	3301
466.0478	3305
468.5517	3338
471.0549	3298
473.5574	3321
476.0572	3364
478.5584	3287
481.0568	3381
483.5545	3353
486.0557	3321
488.5521	3386
491.0478	3360
493.5449	3383
496.0392	3325
498.5349	3381
501.0299	3418
503.5222	3372
506.0139	3437
508.5048	3473
510.9991	3327
513.4887	3436
515.9777	3433
518.4659	3451
520.9534	3361
523.4403	3420
525.9306	3448
528.4161	3392
530.9009	3479
533.3851	3427
535.8687	3449
538.3535	3366
540.8356	3355
543.3171	3417
545.7979	3357
548.278	3454
550.7595	3505
553.2383	3428
555.7144	3457
558.1918	3476
560.6685	3474
563.1446	3445
565.6221	3439
568.0968	3423
570.5688	3453
573.0422	3511
575.515	3532
577.989	3570
580.4584	3535
582.9291	3430
585.3991	3579
587.8685	3552
590.3352	3573
592.8052	3548
595.2706	3548
597.7372	3506
600.2033	3550
602.6666	3615
605.1334	3454
607.5953	3585
610.0587	3520
612.5193	3551
614.9814	3596
617.4427	3569
619.9034	3514
622.3615	3509
624.8208	3555
627.2775	3500
629.7335	3604
632.1929	3520
634.6476	3481
637.1016	3539
639.5569	3450
642.0096	3547
644.4637	3649
646.9151	3562
649.3678	3554
651.8179	3491
654.2672	3629
656.7159	3532
659.166	3619
661.6154	3598
664.0622	3614
666.5082	3650
668.9537	3676
671.4005	3674
673.8445	3742
676.288	3648
678.7308	3564
681.1729	3706
683.6163	3644
686.0572	3598
688.4973	3657
690.9368	3646
693.3757	3693
695.8138	3631
698.2534	3669
700.6902	3704
703.1245	3664
705.56	3624
707.9949	3671
710.4311	3681
712.8647	3691
715.2957	3686
717.7279	3733
720.1595	3735
722.5905	3633
725.0208	3798
727.4505	3778
729.8795	3795
732.3058	3759
734.7336	3772
737.1626	3845
739.587	3883
742.0128	3767
744.4359	3785
746.8604	3870
749.2841	3839
751.7073	3832
754.1278	3915
756.5496	3871
758.9688	3885
761.3893	3851
763.8093	3875
766.2285	3904
768.6451	3897
771.0611	3862
773.4784	3854
775.895	3870
778.3091	3917
780.7244	3928
783.1371	3951
785.5493	3908
787.9626	3961
790.3754	3926
792.7856	3907
795.1951	4015
797.6039	3863
800.0121	3978
802.4236	3946
804.8306	3918
807.2369	3856
809.6425	3918
812.0475	3950
814.4538	3958
816.8575	3912
819.2606	4007
821.663	3971
824.0648	3837
826.4659	3983
828.8683	3941
831.2682	3909
833.6674	3998
836.066	4095
838.4639	3951
840.8632	3980
843.2579	4042
845.6539	4035
848.0493	4024
850.444	4005
852.84	4061
855.2315	3954
857.6243	4002
860.0165	4011
862.4081	3997
864.797	3984
867.1892	3993
869.5789	4051
871.9659	4105
874.3542	4019
876.74	3982
879.129	4031
881.5155	3986
883.8994	4085
886.2845	3941
888.6671	3984
891.051	3910
893.4343	3942
895.8169	4092
898.197	3988
900.5783	3968
902.9571	4068
905.3372	4002
907.7167	4004
910.0936	4053
912.4698	4156
914.8474	4044
917.2244	4034
919.5987	4179
921.9744	4119
924.3475	4202
926.72	4196
929.0918	4155
931.4669	4032
933.8375	4197
936.2074	4221
938.5767	4201
940.9454	4238
943.3154	4237
945.6829	4298
948.0497	4392
950.4178	4388
952.7833	4440
955.1483	4496
957.5145	4652
959.8782	4648
962.2412	4596
964.6036	4580
966.9655	4475
969.3266	4508
971.6871	4420
974.0471	4296
976.4064	4259
978.765	4227
981.125	4166
983.4824	4081
985.8373	4192
988.1935	4137
990.549	4117
992.9039	4221
995.2602	4068
997.6119	4134
999.965	4069
1002.317	4190
1004.667	4197
1007.02	4120
1009.371	4125
1011.719	4195
1014.068	4180
1016.415	4151
1018.765	4131
1021.111	4172
1023.458	4256
1025.804	4159
1028.147	4159
1030.49	4263
1032.837	4254
1035.179	4309
1037.522	4241
1039.862	4198
1042.204	4246
1044.546	4149
1046.884	4330
1049.224	4181
1051.562	4207
1053.899	4207
1056.237	4212
1058.575	4345
1060.91	4194
1063.244	4337
1065.58	4240
1067.913	4264
1070.248	4307
1072.579	4241
1074.911	4270
1077.242	4319
1079.572	4288
1081.905	4304
1084.234	4290
1086.562	4293
1088.89	4270
1091.217	4324
1093.544	4275
1095.871	4286
1098.197	4243
1100.521	4332
1102.845	4341
1105.169	4326
1107.491	4294
1109.814	4180
1112.135	4409
1114.456	4259
1116.776	4278
1119.096	4264
1121.415	4270
1123.734	4285
1126.052	4375
1128.369	4277
1130.686	4359
1133.002	4329
1135.318	4301
1137.632	4311
1139.945	4292
1142.258	4216
1144.573	4351
1146.884	4237
1149.196	4396
1151.505	4300
1153.816	4273
1156.124	4380
1158.435	4218
1160.742	4259
1163.051	4227
1165.356	4318
1167.663	4283
1169.97	4304
1172.276	4247
1174.579	4285
1176.881	4339
1179.186	4314
1181.487	4369
1183.79	4239
1186.092	4271
1188.392	4348
1190.691	4334
1192.991	4305
1195.291	4250
1197.588	4411
1199.885	4291
1202.181	4193
1204.479	4387
1206.775	4300
1209.07	4248
1211.363	4337
1213.656	4298
1215.949	4334
1218.241	4269
1220.534	4349
1222.825	4303
1225.115	4356
1227.405	4414
1229.693	4432
1231.984	4417
1234.271	4346
1236.558	4399
1238.845	4459
1241.131	4392
1243.416	4456
1245.703	4434
1247.987	4443
1250.269	4569
1252.552	4449
1254.834	4354
1257.118	4425
1259.399	4371
1261.678	4412
1263.958	4495
1266.237	4476
1268.516	4441
1270.794	4496
1273.072	4447
1275.347	4505
1277.624	4412
1279.899	4476
1282.175	4374
1284.449	4401
1286.722	4436
1288.995	4328
1291.266	4390
1293.54	4448
1295.81	4450
1298.081	4405
1300.35	4394
1302.62	4427
1304.889	4351
1307.156	4393
1309.425	4375
1311.69	4356
1313.957	4477
1316.222	4391
1318.488	4452
1320.751	4376
1323.016	4550
1325.278	4473
1327.54	4417
1329.803	4479
1332.065	4388
1334.325	4461
1336.584	4385
1338.843	4466
1341.101	4520
1343.36	4433
1345.617	4465
1347.876	4485
1350.131	4360
1352.387	4429
1354.643	4456
1356.897	4490
1359.151	4419
1361.403	4481
1363.656	4571
1365.909	4457
1368.16	4525
1370.409	4482
1372.659	4422
1374.909	4463
1377.157	4436
1379.407	4410
1381.655	4477
1383.9	4488
1386.147	4476
1388.393	4505
1390.64	4481
1392.885	4533
1395.127	4451
1397.37	4561
1399.614	4477
1401.854	4578
1404.098	4563
1406.339	4557
1408.578	4457
1410.818	4544
1413.056	4440
1415.297	4443
1417.533	4564
1419.771	4576
1422.006	4613
1424.243	4556
1426.479	4516
1428.715	4611
1430.948	4563
1433.182	4597
1435.414	4542
1437.647	4557
1439.88	4645
1442.11	4677
1444.342	4579
1446.571	4635
1448.799	4652
1451.029	4673
1453.258	4583
1455.485	4695
1457.711	4592
1459.937	4542
1462.164	4623
1464.39	4696
1466.614	4583
1468.838	4577
1471.06	4615
1473.283	4582
1475.506	4621
1477.727	4591
1479.949	4544
1482.169	4633
1484.389	4538
1486.609	4447
1488.828	4562
1491.045	4532
1493.261	4468
1495.477	4549
1497.693	4542
1499.91	4535
1502.125	4526
1504.339	4593
1506.553	4456
1508.766	4563
1510.979	4559
1513.191	4457
1515.402	4532
1517.613	4510
1519.823	4497
1522.033	4500
1524.242	4537
1526.451	4573
1528.657	4594
1530.865	4574
1533.072	4469
1535.278	4485
1537.484	4606
1539.687	4490
1541.892	4538
1544.096	4543
1546.299	4547
1548.502	4533
1550.703	4546
1552.905	4634
1555.104	4523
1557.303	4528
1559.505	4594
1561.703	4567
1563.902	4672
1566.099	4612
1568.295	4607
1570.494	4538
1572.689	4593
1574.883	4644
1577.079	4621
1579.272	4620
1581.467	4695
1583.659	4655
1585.853	4668
1588.044	4574
1590.234	4608
1592.424	4553
1594.615	4730
1596.806	4559
1598.994	4711
1601.182	4622
1603.369	4700
1605.557	4604
1607.744	4697
1609.929	4714
1612.114	4733
1614.298	4636
1616.482	4690
1618.667	4681
1620.85	4735
1623.032	4677
1625.214	4707
1627.395	4678
1629.575	4678
1631.755	4717
1633.935	4641
1636.114	4736
1638.292	4706
1640.471	4675
1642.647	4751
1644.823	4692
1647	4688
1649.175	4735
1651.348	4661
1653.525	4579
1655.698	4687
1657.87	4729
1660.043	4735
1662.213	4678
1664.387	4707
1666.558	4740
1668.727	4748
1670.896	4739
1673.064	4794
1675.233	4732
1677.401	4728
1679.569	4768
1681.735	4739
1683.902	4697
1686.066	4764
1688.233	4757
1690.397	4734
1692.559	4736
1694.723	4627
1696.885	4725
1699.048	4682
1701.21	4680
1703.37	4735
1705.53	4640
1707.689	4737
1709.849	4649
1712.009	4682
1714.166	4690
1716.323	4748
1718.479	4700
1720.634	4720
1722.793	4767
1724.948	4688
1727.102	4724
1729.255	4697
1731.408	4716
1733.562	4692
1735.714	4725
1737.865	4727
1740.016	4680
1742.166	4681
1744.316	4740
1746.467	4783
1748.616	4719
1750.764	4719
1752.911	4790
1755.056	4805
1757.205	4735
1759.35	4684
1761.496	4725
1763.641	4697
1765.785	4682
1767.927	4724
1770.072	4673
1772.214	4665
1774.355	4708
1776.496	4774
1778.637	4804
1780.778	4728
1782.918	4695
1785.057	4690
1787.194	4753
1789.333	4752
1791.472	4755
1793.608	4723
1795.745	4766
1797.879	4813
1800.015	4741
1802.148	4745
1804.284	4814
1806.417	4798
1808.548	4728
1810.682	4763
1812.812	4810
1814.946	4823
1817.075	4815
1819.205	4731
1821.335	4741
1823.463	4680
1825.59	4646
1827.721	4745
1829.847	4799
1831.973	4710
1834.098	4746
1836.223	4681
1838.351	4683
1840.475	4666
1842.598	4773
1844.721	4799
1846.843	4741
1848.966	4762
1851.087	4697
1853.21	4764
1855.33	4667
1857.449	4761
1859.568	4694
1861.688	4748
1863.806	4797
1865.924	4699
1868.039	4734
1870.155	4677
1872.273	4735
1874.388	4820
1876.503	4770
1878.617	4770
1880.73	4790
1882.844	4631
1884.956	4778
1887.068	4795
1889.18	4738
1891.291	4733
1893.4	4699
1895.511	4792
1897.621	4750
1899.73	4726
1901.837	4752
1903.944	4678
1906.053	4741
1908.159	4751
1910.265	4857
1912.369	4832
1914.474	4801
1916.577	4795
1918.683	4859
1920.785	4750
1922.888	4736
1924.989	4767
1927.091	4815
1929.193	4758
1931.294	4807
1933.393	4831
1935.493	4843
1937.59	4829
1939.689	4860
1941.788	4717
1943.884	4780
1945.98	4836
1948.077	4847
1950.171	4843
1952.267	4865
1954.361	4755
1956.455	4817
1958.548	4730
1960.64	4813
1962.733	4856
1964.824	4811
1966.915	4888
1969.005	4748
1971.096	4771
1973.185	4868
1975.275	4779
1977.363	4821
1979.45	4741
1981.537	4812
1983.623	4800
1985.711	4772
1987.796	4714
1989.881	4766
1991.965	4803
1994.047	4698
1996.132	4842
1998.215	4693
2000.297	4822
2002.378	4792
2004.46	4800
2006.54	4785
2008.62	4883
2010.7	4775
2012.779	4744
2014.858	4737
2016.934	4733
2019.013	4852
2021.09	4820
2023.165	4744
2025.241	4763
2027.317	4798
2029.39	4825
2031.466	4694
2033.538	4834
2035.612	4789
2037.683	4794
2039.755	4799
2041.827	4894
2043.898	4755
2045.968	4794
2048.038	4811
2050.106	4757
2052.177	4821
2054.244	4872
2056.313	4802
2058.379	4842
2060.444	4777
2062.511	4835
2064.577	4821
2066.641	4762
2068.705	4865
2070.77	4752
2072.832	4825
2074.896	4774
2076.958	4790
2079.02	4771
2081.081	4834
2083.141	4789
2085.2	4952
2087.261	4790
2089.319	4831
2091.377	4812
2093.435	4876
2095.492	4801
2097.552	4841
2099.607	4734
2101.663	4791
2103.718	4761
2105.771	4761
2107.826	4820
2109.879	4750
2111.932	4841
2113.985	4876
2116.037	4860
2118.088	4799
2120.141	4812
2122.191	4893
2124.239	4802
2126.288	4796
2128.337	4893
2130.387	4834
2132.434	4830
2134.481	4851
2136.528	4845
2138.574	4779
2140.618	4827
2142.665	4911
2144.71	4781
2146.753	4783
2148.797	4735
2150.838	4797
2152.883	4815
2154.923	4730
2156.965	4793
2159.007	4778
2161.046	4721
2163.086	4765
2165.126	4725
2167.163	4708
2169.202	4806
2171.239	4787
2173.277	4859
2175.314	4818
2177.349	4734
2179.385	4773
2181.42	4815
2183.453	4739
2185.49	4747
2187.522	4681
2189.555	4852
2191.586	4743
2193.619	4736
2195.651	4669
2197.682	4808
2199.711	4627
2201.74	4732
2203.769	4749
2205.799	4724
2207.828	4716
2209.855	4706
2211.882	4746
2213.908	4729
2215.934	4680
2217.961	4750
2219.986	4686
2222.01	4690
2224.034	4851
2226.057	4720
2228.08	4792
2230.104	4677
2232.124	4830
2234.145	4733
2236.166	4576
2238.186	4682
2240.207	4718
2242.227	4782
2244.244	4714
2246.262	4751
2248.28	4640
2250.299	4680
2252.314	4714
2254.33	4713
2256.346	4742
2258.36	4598
2260.375	4752
2262.391	4763
2264.403	4589
2266.416	4696
2268.427	4743
2270.44	4658
2272.453	4782
2274.463	4709
2276.474	4689
2278.483	4709
2280.493	4709
2282.501	4748
2284.51	4841
2286.518	4712
2288.524	4674
2290.532	4723
2292.537	4751
2294.544	4702
2296.55	4619
2298.554	4689
2300.557	4731
2302.562	4701
2304.566	4722
2306.568	4725
2308.569	4695
2310.572	4700
2312.573	4739
2314.573	4693
2316.574	4589
2318.573	4670
2320.571	4668
2322.571	4730
2324.569	4637
2326.567	4698
2328.564	4737
2330.56	4695
2332.556	4724
2334.551	4693
2336.546	4630
2338.542	4653
2340.535	4665
2342.529	4632
2344.521	4630
2346.512	4724
2348.505	4554
2350.497	4772
2352.487	4655
2354.478	4670
2356.468	4618
2358.457	4528
2360.446	4695
2362.434	4605
2364.422	4598
2366.408	4670
2368.395	4606
2370.383	4680
2372.369	4632
2374.353	4671
2376.338	4652
2378.321	4593
2380.307	4603
2382.29	4564
2384.272	4597
2386.254	4694
2388.235	4556
2390.218	4609
2392.198	4543
2394.179	4617
2396.157	4610
2398.137	4537
2400.115	4593
2402.095	4620
2404.072	4657
2406.048	4646
2408.026	4569
2410.001	4676
2411.977	4710
2413.953	4648
2415.927	4467
2417.9	4564
2419.875	4544
2421.847	4557
2423.821	4544
2425.792	4582
2427.763	4517
2429.736	4594
2431.706	4589
2433.677	4585
2435.646	4488
2437.615	4623
2439.583	4655
2441.551	4537
2443.519	4524
2445.486	4569
2447.452	4599
2449.418	4510
2451.383	4641
2453.348	4606
2455.314	4531
2457.278	4620
2459.241	4495
2461.205	4516
2463.167	4670
2465.131	4707
2467.091	4555
2469.052	4538
2471.012	4514
2472.972	4587
2474.932	4477
2476.891	4581
2478.85	4456
2480.808	4567
2482.766	4518
2484.722	4481
2486.68	4515
2488.636	4513
2490.591	4537
2492.546	4548
2494.5	4585
2496.456	4489
2498.41	4571
2500.362	4446
2502.315	4531
2504.266	4516
2506.218	4438
2508.169	4564
2510.121	4509
2512.07	4501
2514.019	4554
2515.968	4461
2517.918	4518
2519.866	4559
2521.813	4476
2523.76	4453
2525.707	4553
2527.653	4476
2529.599	4446
2531.543	4564
2533.489	4471
2535.433	4563
2537.376	4483
2539.32	4615
2541.264	4550
2543.205	4578
2545.147	4446
2547.087	4502
2549.029	4529
2550.969	4411
2552.908	4477
2554.847	4548
2556.786	4594
2558.724	4457
2560.663	4516
2562.6	4516
2564.537	4577
2566.473	4443
2568.408	4518
2570.345	4465
2572.28	4559
2574.214	4446
2576.148	4429
2578.081	4452
2580.014	4543
2581.947	4503
2583.879	4539
2585.81	4407
2587.741	4667
2589.67	4445
2591.602	4575
2593.532	4541
2595.461	4530
2597.388	4469
2599.316	4605
2601.244	4514
2603.172	4617
2605.098	4560
2607.023	4560
2608.949	4513
2610.873	4627
2612.8	4588
2614.723	4497
2616.647	4560
2618.569	4553
2620.493	4503
2622.416	4517
2624.338	4511
2626.258	4608
2628.179	4598
2630.099	4515
2632.019	4583
2633.939	4454
2635.857	4574
2637.775	4541
2639.694	4497
2641.61	4506
2643.528	4501
2645.444	4600
2647.361	4532
2649.276	4466
2651.19	4464
2653.105	4519
2655.019	4496
2656.934	4581
2658.846	4602
2660.758	4474
2662.67	4544
2664.583	4424
2666.493	4467
2668.404	4469
2670.313	4501
2672.223	4610
2674.134	4438
2676.042	4546
2677.95	4546
2679.858	4491
2681.765	4519
2683.673	4457
2685.579	4490
2687.483	4641
2689.389	4449
2691.294	4446
2693.198	4511
2695.104	4483
2697.006	4576
2698.909	4487
2700.811	4467
2702.713	4394
2704.615	4502
2706.516	4470
2708.417	4508
2710.316	4561
2712.216	4477
2714.115	4475
2716.014	4425
2717.913	4442
2719.81	4479
2721.707	4490
2723.603	4398
2725.501	4511
2727.396	4416
2729.292	4406
2731.186	4437
2733.081	4407
2734.976	4430
2736.87	4423
2738.762	4496
2740.653	4484
2742.546	4426
2744.437	4400
2746.329	4425
2748.22	4415
2750.11	4362
2751.999	4460
2753.889	4365
2755.778	4472
2757.666	4377
2759.553	4445
2761.44	4455
2763.328	4406
2765.215	4348
2767.101	4376
2768.986	4485
2770.87	4428
2772.754	4360
2774.638	4439
2776.523	4349
2778.405	4424
2780.288	4453
2782.17	4446
2784.051	4433
2785.934	4448
2787.814	4427
2789.694	4434
2791.574	4468
2793.453	4421
2795.332	4368
2797.212	4449
2799.088	4417
2800.966	4413
2802.843	4391
2804.719	4308
2806.597	4483
2808.471	4422
2810.346	4386
2812.221	4433
2814.094	4375
2815.969	4438
2817.843	4381
2819.714	4396
2821.587	4273
2823.459	4412
2825.329	4433
2827.202	4431
2829.072	4334
2830.942	4437
2832.811	4246
2834.68	4498
2836.549	4514
2838.418	4352
2840.284	4347
2842.152	4381
2844.018	4450
2845.885	4405
2847.751	4406
2849.616	4480
2851.482	4446
2853.345	4434
2855.208	4338
2857.074	4486
2858.937	4427
2860.799	4461
2862.66	4442
2864.522	4501
2866.385	4309
2868.245	4439
2870.104	4452
2871.964	4445
2873.824	4553
2875.683	4510
2877.542	4556
2879.4	4563
2881.257	4508
2883.114	4612
2884.97	4624
2886.827	4634
2888.683	4665
2890.537	4612
2892.392	4585
2894.246	4554
2896.1	4602
2897.954	4625
2899.807	4612
2901.66	4590
2903.51	4651
2905.362	4574
2907.214	4584
2909.065	4671
2910.915	4729
2912.765	4594
2914.613	4590
2916.463	4515
2918.311	4652
2920.158	4649
2922.006	4651
2923.853	4730
2925.698	4660
2927.546	4673
2929.392	4782
2931.236	4654
2933.081	4719
2934.924	4848
2936.77	4893
2938.613	4742
2940.455	4889
2942.298	4906
2944.139	4884
2945.982	4941
2947.823	4947
2949.662	4901
2951.503	4852
2953.342	4712
2955.182	4868
2957.021	4787
2958.858	4856
2960.697	4739
2962.534	4869
2964.37	4695
2966.207	4590
2968.044	4718
2969.879	4599
2971.714	4605
2973.548	4593
2975.383	4603
2977.218	4617
2979.051	4564
2980.883	4504
2982.715	4547
2984.547	4562
2986.379	4546
2988.21	4628
2990.04	4458
2991.87	4481
2993.7	4390
2995.53	4502
2997.359	4490
2999.187	4408
3001.015	4385
3002.842	4398
3004.669	4372
3006.497	4356
3008.323	4308
3010.148	4391
3011.974	4283
3013.797	4349
3015.623	4242
3017.447	4271
3019.27	4184
3021.094	4244
3022.915	4241
3024.737	4224
3026.56	4164
3028.38	4206
3030.201	4252
3032.022	4156
3033.84	4255
3035.662	4216
3037.481	4240
3039.298	4164
3041.117	4126
3042.933	4224
3044.752	4178
3046.568	4265
3048.385	4170
3050.2	4185
3052.016	4193
3053.83	4133
3055.646	4222
3057.46	4165
3059.272	4161
3061.086	4151
3062.898	4254
3064.711	4073
3066.524	4180
3068.335	4161
3070.145	4083
3071.956	4144
3073.766	4240
3075.576	4160
3077.385	4075
3079.193	4094
3081.002	4124
3082.81	4078
3084.618	4052
3086.425	4070
3088.231	4131
3090.036	4107
3091.842	4172
3093.648	4075
3095.452	4095
3097.257	4176
3099.06	4040
3100.863	4113
3102.666	4000
3104.47	4030
3106.272	4096
3108.073	4117
3109.875	4046
3111.676	4083
3113.477	4032
3115.277	4082
3117.077	4029
3118.874	4058
3120.673	4028
3122.473	4003
3124.271	3968
3126.066	4036
3127.863	3980
3129.66	4035
3131.456	3969
3133.252	3930
3135.047	3993
3136.842	4039
3138.635	4049
3140.429	4031
3142.223	3969
3144.016	4049
3145.808	3997
3147.6	3978
3149.392	3945
3151.183	4035
3152.975	3989
3154.765	4089
3156.553	3925
3158.344	4072
3160.132	3959
3161.922	3997
3163.71	4013
3165.497	3929
3167.285	3943
3169.071	3934
3170.858	4004
3172.645	3950
3174.429	3973
3176.214	3956
3177.998	3939
3179.783	3853
3181.568	3953
3183.351	3981
3185.133	3908
3186.915	3995
3188.698	3971
3190.481	3888
3192.261	3956
3194.042	3904
3195.822	4019
3197.601	3888
3199.381	3835
3201.161	3932
3202.939	3922
3204.717	3985
3206.495	3933
3208.272	3949
3210.05	3900
3211.826	3900
3213.602	3915
3215.376	3867
3217.151	3932
3218.927	3931
3220.702	3863
3222.476	3742
3224.249	3810
3226.021	3904
3227.793	3843
3229.567	3834
3231.339	3885
3233.109	3817
3234.88	3891
3236.651	3831
3238.421	3776
3240.191	3910
3241.96	3823
3243.728	3888
3245.497	3937
3247.263	3869
3249.033	3876
3250.799	3910
3252.566	3859
3254.331	3912
3256.097	3901
3257.863	3910
3259.628	3904
3261.392	3905
3263.156	3816
3264.919	3911
3266.683	3863
3268.447	3829
3270.208	3838
3271.969	3879
3273.731	3800
3275.492	3833
3277.253	3905
3279.013	3848
3280.773	3847
3282.532	3794
3284.291	3740
3286.05	3895
3287.808	3841
3289.566	3911
3291.323	3794
3293.079	3797
3294.835	3858
3296.593	3870
3298.348	3905
3300.102	3882
3301.857	3924
3303.611	3856
3305.366	3897
3307.119	3839
3308.872	3902
3310.624	3871
3312.376	3844
3314.129	3829
3315.881	3804
3317.631	3864
3319.38	3858
3321.13	3814
3322.88	3826
3324.631	3910
3326.379	3876
3328.126	3858
3329.875	3859
3331.622	3867
3333.371	3915
3335.116	3750
3336.863	3842
3338.609	3792
3340.353	3828
3342.1	3813
3343.845	3862
3345.588	3786
3347.332	3777
3349.074	3739
3350.817	3734
3352.56	3802
3354.303	3727
3356.043	3765
3357.785	3763
3359.525	3736
3361.268	3782
3363.007	3791
3364.745	3853
3366.485	3733
3368.223	3859
3369.962	3814
3371.701	3672
3373.438	3798
3375.174	3867
3376.911	3767
3378.647	3744
3380.384	3729
3382.118	3782
3383.854	3697
3385.588	3728
3387.322	3877
3389.057	3715
3390.79	3835
3392.522	3775
3394.255	3669
3395.987	3749
3397.719	3718
3399.451	3688
3401.181	3767
3402.911	3700
3404.641	3749
3406.371	3662
3408.101	3714
3409.83	3687
3411.558	3717
3413.285	3743
3415.011	3567
3416.739	3671
3418.467	3688
3420.193	3672
3421.919	3643
3423.644	3678
3425.368	3665
3427.094	3656
3428.818	3693
3430.542	3714
3432.264	3599
3433.987	3790
3435.712	3605
3437.434	3700
3439.155	3688
3440.876	3692
3442.596	3667
3444.317	3631
3446.039	3599
3447.757	3583
3449.477	3627
3451.195	3656
3452.914	3691
3454.632	3621
3456.35	3574
3458.067	3636
3459.784	3571
3461.5	3588
3463.216	3608
3464.932	3585
3466.647	3597
3468.362	3591
3470.076	3541
3471.789	3593
3473.505	3591
3475.217	3521
3476.929	3571
3478.641	3581
3480.354	3556
3482.066	3570
3483.777	3600
3485.487	3562
3487.197	3605
3488.908	3594
3490.617	3595
3492.327	3531
3494.035	3525
3495.743	3487
3497.451	3484
3499.158	3488
3500.866	3557
3502.572	3489
3504.278	3595
3505.984	3506
3507.689	3579
3509.396	3457
3511.1	3547
3512.804	3566
3514.508	3538
3516.211	3438
3517.913	3438
3519.616	3545
3521.319	3569
3523.021	3448
3524.722	3473
3526.422	3437
3528.124	3474
3529.824	3495
3531.524	3483
3533.222	3392
3534.921	3393
3536.62	3457
3538.318	3504
3540.016	3503
3541.714	3560
3543.41	3467
3545.107	3431
3546.803	3430
3548.5	3477
3550.194	3482
3551.889	3521
3553.583	3440
3555.279	3413
3556.972	3428
3558.666	3510
3560.358	3510
3562.051	3463
3563.742	3436
3565.435	3497
3567.126	3413
3568.817	3453
3570.507	3480
3572.197	3453
3573.888	3379
3575.577	3344
3577.265	3401
3578.954	3333
3580.642	3457
3582.329	3415
3584.017	3453
3585.704	3446
3587.391	3364
3589.077	3443
3590.762	3413
3592.449	3390
3594.133	3430
3595.817	3390
3597.501	3318
3599.185	3369
3600.869	3373
3602.552	3441
3604.234	3403
3605.916	3354
3607.598	3287
3609.279	3387
3610.961	3386
3612.642	3308
3614.321	3343
3616	3366
3617.68	3240
3619.36	3307
3621.039	3370
3622.716	3372
3624.394	3315
3626.071	3294
3627.748	3327
3629.425	3347
3631.102	3284
3632.778	3356
3634.452	3196
3636.127	3232
3637.803	3304
3639.477	3266
3641.151	3328
3642.823	3278
3644.497	3242
3646.171	3322
3647.842	3231
3649.515	3221
3651.185	3244
3652.857	3172
3654.527	3245
3656.198	3238
3657.868	3316
3659.537	3269
3661.207	3262
3662.875	3257
3664.544	3229
3666.212	3303
3667.879	3278
3669.546	3200
3671.212	3221
3672.88	3264
3674.546	3181
3676.211	3183
3677.875	3240
3679.541	3174
3681.205	3187
3682.87	3282
3684.533	3233
3686.196	3250
3687.859	3165
3689.521	3176
3691.184	3219
3692.845	3227
3694.507	3219
3696.167	3164
3697.827	3157
3699.487	3174
3701.148	3133
3702.808	3166
3704.466	3240
3706.125	3216
3707.783	3189
3709.442	3163
3711.099	3174
3712.757	3221
3714.412	3187
3716.068	3079
3717.725	3228
3719.381	3189
3721.036	3193
3722.689	3133
3724.344	3170
3725.998	3164
3727.652	3118
3729.305	3131
3730.958	3124
3732.61	3098
3734.262	3185
3735.915	3128
3737.565	3165
3739.217	3160
3740.866	3119
3742.516	3148
3744.165	3172
3745.816	3087
3747.464	3187
3749.113	3189
3750.761	3118
3752.409	3123
3754.057	3126
3755.703	3168
3757.35	3088
3758.996	3144
3760.641	3127
3762.289	3152
3763.933	3095
3765.577	3104
3767.222	3129
3768.865	3015
3770.508	3131
3772.152	3070
3773.796	3050
3775.438	3113
3777.079	3059
3778.721	3094
3780.363	3122
3782.003	3063
3783.643	3056
3785.283	3048
3786.923	3096
3788.563	3029
3790.203	3032
3791.841	3108
3793.479	3055
3795.115	3116
3796.753	3083
3798.391	3065
3800.027	3006
3801.664	3017
3803.299	3035
3804.935	3056
3806.571	3006
3808.206	3077
3809.839	3017
3811.473	3011
3813.107	3007
3814.74	3033
3816.375	2950
3818.006	3026
3819.638	3003
3821.27	3028
3822.9	3017
3824.532	3002
3826.163	3047
3827.792	2948
3829.423	2969
3831.051	2942
3832.682	3033
3834.311	3016
3835.938	3054
3837.566	3034
3839.193	2950
3840.821	3084
3842.448	3056
3844.075	2998
3845.7	2982
3847.325	2925
3848.951	2975
3850.576	2961
3852.201	2935
3853.825	2971
3855.448	2942
3857.072	2925
3858.694	2969
3860.318	3009
3861.939	2950
3863.562	3022
3865.183	2949
3866.804	2936
3868.426	2928
3870.045	2926
3871.666	2985
3873.285	2902
3874.904	2921
3876.524	2953
3878.142	2904
3879.76	2918
3881.378	2974
3882.995	2919
3884.612	2931
3886.229	2935
3887.845	2931
3889.461	2921
3891.076	2967
3892.691	2924
3894.307	2895
3895.922	2902
3897.536	2938
3899.149	2986
3900.761	2927
3902.374	2985
3903.988	2865
3905.6	2871
3907.212	2877
3908.822	2854
3910.433	2835
3912.045	2909
3913.655	2925
3915.265	2892
3916.875	2963
3918.483	2969
3920.093	2895
3921.702	2810
3923.309	2913
3924.917	2903
3926.523	2846
3928.13	2883
3929.739	2828
3931.344	2886
3932.95	2827
3934.555	2931
3936.159	2868
3937.766	2840
3939.369	2794
3940.974	2912
3942.577	2776
3944.181	2942
3945.783	2876
3947.386	2803
3948.989	2835
3950.59	2820
3952.191	2885
3953.791	2891
3955.394	2819
3956.994	2840
3958.593	2833
3960.192	2831
3961.791	2924
3963.392	2858
3964.99	2752
3966.588	2796
3968.185	2772
3969.782	2755
3971.379	2838
3972.976	2799
3974.572	2840
3976.168	2770
3977.763	2841
3979.358	2729
3980.954	2834
3982.548	2760
3984.142	2809
3985.736	2759
3987.329	2763
3988.922	2901
3990.516	2750
3992.108	2776
3993.698	2813
3995.29	2877
3996.881	2770
3998.473	2749
4000.064	2729
4001.653	2742
4003.242	2705
4004.832	2711
4006.422	2774
4008.01	2805
4009.598	2712
4011.186	2687
4012.773	2755
4014.36	2735
4015.947	2684
4017.534	2749
4019.119	2754
4020.705	2667
4022.291	2741
4023.876	2715
4025.461	2623
4027.044	2745
4028.627	2725
4030.211	2738
4031.795	2690
4033.378	2670
4034.96	2666
4036.542	2718
4038.124	2690
4039.704	2706
4041.286	2718
4042.867	2672
4044.447	2647
4046.026	2692
4047.606	2615
4049.187	2696
4050.765	2688
4052.343	2664
4053.92	2631
4055.498	2648
4057.076	2672
4058.654	2631
4060.23	2678
4061.806	2635
4063.381	2599
4064.957	2683
4066.533	2581
4068.107	2619
4069.682	2659
4071.256	2710
4072.829	2621
4074.404	2623
4075.977	2589
4077.549	2644
4079.121	2675
4080.693	2632
4082.265	2613
4083.836	2611
4085.407	2629
4086.977	2571
4088.547	2600
4090.117	2599
4091.687	2645
4093.256	2656
4094.825	2603
4096.392	2625
4097.96	2586
4099.528	2569
4101.097	2580
4102.663	2596
4104.229	2646
4105.795	2584
4107.361	2587
4108.928	2535
4110.493	2628
4112.058	2548
4113.621	2542
4115.186	2590
4116.75	2563
4118.313	2581
4119.876	2559
4121.438	2628
4123	2584
4124.562	2526
4126.125	2557
4127.686	2491
4129.246	2535
4130.807	2516
4132.367	2543
4133.927	2533
4135.486	2555
4137.046	2570
4138.604	2499
4140.162	2533
4141.72	2534
4143.279	2546
4144.836	2505
4146.393	2521
4147.949	2494
4149.505	2523
4151.062	2556
4152.617	2498
4154.172	2470
4155.727	2437
4157.281	2481
4158.836	2508
4160.39	2457
4161.943	2466
4163.496	2487
4165.048	2494
4166.601	2487
4168.154	2493
4169.706	2463
4171.257	2469
4172.808	2394
4174.358	2409
4175.909	2507
4177.458	2480
4179.008	2465
4180.558	2450
4182.106	2555
4183.655	2493
4185.204	2437
4186.751	2451
4188.298	2435
4189.845	2398
4191.392	2407
4192.939	2490
4194.485	2519
4196.031	2499
4197.576	2435
4199.121	2450
4200.666	2450
4202.211	2398
4203.754	2399
4205.298	2419
4206.84	2427
4208.384	2468
4209.927	2434
4211.47	2439
4213.011	2403
4214.552	2407
4216.094	2404
4217.635	2413
4219.175	2440
4220.716	2401
4222.255	2451
4223.793	2464
4225.335	2435
4226.873	2392
4228.411	2366
4229.948	2357
4231.486	2403
4233.024	2355
4234.562	2378
4236.098	2394
4237.634	2346
4239.169	2363
4240.705	2330
4242.241	2449
4243.776	2357
4245.31	2414
4246.844	2353
4248.378	2364
4249.911	2422
4251.445	2442
4252.978	2338
4254.51	2378
4256.042	2420
4257.574	2391
4259.107	2352
4260.638	2379
4262.169	2464
4263.699	2334
4265.228	2365
4266.759	2349
4268.289	2346
4269.818	2342
4271.345	2347
4272.874	2328
4274.402	2343
4275.931	2386
4277.458	2386
4278.985	2378
4280.512	2383
4282.037	2359
4283.564	2369
4285.089	2294
4286.615	2303
4288.139	2378
4289.664	2307
4291.187	2308
4292.712	2336
4294.235	2373
4295.759	2294
4297.281	2346
4298.804	2320
4300.327	2342
4301.849	2311
4303.37	2289
4304.891	2349
4306.412	2363
4307.933	2321
4309.453	2278
4310.973	2388
4312.492	2272
