398.1873	7649
400.7097	7705
403.2336	7681
405.7547	7757
408.2751	7666
410.7948	7686
413.3138	7823
415.83	7801
418.3497	7951
420.8666	7882
423.3829	7960
425.8985	7983
428.4133	8005
430.9275	8190
433.441	8139
435.9538	8271
438.4639	8077
440.9753	8091
443.4881	8203
445.9982	8114
448.5055	8197
451.0142	8137
453.5201	8104
456.0274	8282
458.5361	8169
461.04	8257
463.5453	8190
466.0478	8358
468.5517	8208
471.0549	8328
473.5574	8216
476.0572	8245
478.5584	8348
481.0568	8150
483.5545	8355
486.0557	8489
488.5521	8561
491.0478	8497
493.5449	8494
496.0392	8486
498.5349	8294
501.0299	8564
503.5222	8566
506.0139	8574
508.5048	8556
510.9991	8660
513.4887	8638
515.9777	8632
518.4659	8563
520.9534	8640
523.4403	8687
525.9306	8552
528.4161	8610
530.9009	8541
533.3851	8729
535.8687	8704
538.3535	8692
540.8356	8550
543.3171	8611
545.7979	8745
548.278	8774
550.7595	8691
553.2383	8718
555.7144	8621
558.1918	8700
560.6685	8787
563.1446	8658
565.6221	8892
568.0968	8820
570.5688	8912
573.0422	9022
575.515	8892
577.989	8925
580.4584	9008
582.9291	9047
585.3991	9045
587.8685	8985
590.3352	9155
592.8052	9100
595.2706	8950
597.7372	9037
600.2033	8956
602.6666	8954
605.1334	8974
607.5953	8982
610.0587	8856
612.5193	8929
614.9814	8961
617.4427	8979
619.9034	8830
622.3615	8964
624.8208	9030
627.2775	8888
629.7335	8927
632.1929	8928
634.6476	8889
637.1016	9043
639.5569	8933
642.0096	8966
644.4637	9212
646.9151	8947
649.3678	9032
651.8179	9187
654.2672	8996
656.7159	9098
659.166	9125
661.6154	8998
664.0622	9171
666.5082	9155
668.9537	9077
671.4005	9091
673.8445	9181
676.288	9208
678.7308	9278
681.1729	9206
683.6163	9412
686.0572	9247
688.4973	9283
690.9368	9331
693.3757	9317
695.8138	9297
698.2534	9391
700.6902	9499
703.1245	9370
705.56	9386
707.9949	9511
710.4311	9521
712.8647	9395
715.2957	9442
717.7279	9395
720.1595	9471
722.5905	9552
725.0208	9652
727.4505	9490
729.8795	9640
732.3058	9650
734.7336	9633
737.1626	9656
739.587	9738
742.0128	9702
744.4359	9740
746.8604	9767
749.2841	9971
751.7073	9774
754.1278	9758
756.5496	9976
758.9688	9850
761.3893	9901
763.8093	10169
766.2285	9942
768.6451	9885
771.0611	10096
773.4784	9857
775.895	10029
778.3091	9904
780.7244	9952
783.1371	9895
785.5493	9983
787.9626	10038
790.3754	10013
792.7856	9964
795.1951	9882
797.6039	10010
800.0121	9901
802.4236	9935
804.8306	10036
807.2369	9951
809.6425	10114
812.0475	10182
814.4538	10086
816.8575	9847
819.2606	10114
821.663	10230
824.0648	10106
826.4659	10091
828.8683	10196
831.2682	10163
833.6674	10091
836.066	10083
838.4639	10202
840.8632	10014
843.2579	10214
845.6539	10191
848.0493	10334
850.444	10224
852.84	10365
855.2315	10305
857.6243	10371
860.0165	10372
862.4081	10191
864.797	10281
867.1892	10338
869.5789	10208
871.9659	10268
874.3542	10305
876.74	10284
879.129	10133
881.5155	10207
883.8994	10263
886.2845	10267
888.6671	10220
891.051	10239
893.4343	10336
895.8169	10261
898.197	10269
900.5783	10282
902.9571	10386
905.3372	10160
907.7167	10328
910.0936	10454
912.4698	10407
914.8474	10420
917.2244	10392
919.5987	10475
921.9744	10519
924.3475	10535
926.72	10571
929.0918	10689
931.4669	10518
933.8375	10674
936.2074	10727
938.5767	10749
940.9454	10737
943.3154	10944
945.6829	11091
948.0497	11115
950.4178	11418
952.7833	11559
955.1483	11948
957.5145	12213
959.8782	12320
962.2412	12501
964.6036	12086
966.9655	11959
969.3266	11662
971.6871	11399
974.0471	11092
976.4064	10841
978.765	10809
981.125	10785
983.4824	10611
985.8373	10636
988.1935	10541
990.549	10547
992.9039	10501
995.2602	10522
997.6119	10654
999.965	10620
1002.317	10659
1004.667	10549
1007.02	10683
1009.371	10567
1011.719	10564
1014.068	10548
1016.415	10607
1018.765	10665
1021.111	10674
1023.458	10625
1025.804	10662
1028.147	10626
1030.49	10579
1032.837	10788
1035.179	10776
1037.522	10809
1039.862	10874
1042.204	10903
1044.546	10928
1046.884	10909
1049.224	10818
1051.562	10686
1053.899	10798
1056.237	10922
1058.575	10776
1060.91	10800
1063.244	11024
1065.58	10783
1067.913	11095
1070.248	11009
1072.579	10981
1074.911	11009
1077.242	10990
1079.572	10962
1081.905	10846
1084.234	10835
1086.562	10842
1088.89	10866
1091.217	10879
1093.544	10902
1095.871	10719
1098.197	10991
1100.521	10949
1102.845	10828
1105.169	10756
1107.491	10959
1109.814	10805
1112.135	10904
1114.456	10827
1116.776	10813
1119.096	10945
1121.415	10849
1123.734	11022
1126.052	10992
1128.369	11012
1130.686	10934
1133.002	10955
1135.318	10888
1137.632	10869
1139.945	10948
1142.258	10890
1144.573	10944
1146.884	10998
1149.196	10840
1151.505	11016
1153.816	10991
1156.124	11043
1158.435	10898
1160.742	10942
1163.051	11014
1165.356	10979
1167.663	11102
1169.97	10895
1172.276	11006
1174.579	10873
1176.881	10816
1179.186	10888
1181.487	10949
1183.79	10827
1186.092	10954
1188.392	10954
1190.691	11005
1192.991	11005
1195.291	10760
1197.588	10970
1199.885	10921
1202.181	11017
1204.479	11020
1206.775	10923
1209.07	11058
1211.363	11012
1213.656	11097
1215.949	11010
1218.241	11086
1220.534	11001
1222.825	10994
1225.115	11087
1227.405	11156
1229.693	11209
1231.984	11186
1234.271	11231
1236.558	11220
1238.845	11124
1241.131	11373
1243.416	11255
1245.703	11062
1247.987	11302
1250.269	11178
1252.552	11373
1254.834	11382
1257.118	11266
1259.399	11307
1261.678	11309
1263.958	11350
1266.237	11290
1268.516	11396
1270.794	11358
1273.072	11415
1275.347	11339
1277.624	11443
1279.899	11382
1282.175	11180
1284.449	11356
1286.722	11243
1288.995	11267
1291.266	11147
1293.54	11339
1295.81	11268
1298.081	11216
1300.35	11042
1302.62	11183
1304.889	11235
1307.156	11192
1309.425	11156
1311.69	11078
1313.957	11234
1316.222	11128
1318.488	11230
1320.751	11144
1323.016	11287
1325.278	11129
1327.54	11402
1329.803	11338
1332.065	11364
1334.325	11364
1336.584	11298
1338.843	11174
1341.101	11278
1343.36	11246
1345.617	11186
1347.876	11200
1350.131	11273
1352.387	11155
1354.643	11224
1356.897	11192
1359.151	11279
1361.403	11319
1363.656	11292
1365.909	11357
1368.16	11383
1370.409	11390
1372.659	11304
1374.909	11414
1377.157	11212
1379.407	11319
1381.655	11243
1383.9	11356
1386.147	11308
1388.393	11341
1390.64	11271
1392.885	11363
1395.127	11434
1397.37	11243
1399.614	11473
1401.854	11427
1404.098	11328
1406.339	11421
1408.578	11393
1410.818	11569
1413.056	11455
1415.297	11421
1417.533	11472
1419.771	11382
1422.006	11653
1424.243	11581
1426.479	11359
1428.715	11529
1430.948	11578
1433.182	11714
1435.414	11769
1437.647	11685
1439.88	11603
1442.11	11454
1444.342	11715
1446.571	11734
1448.799	11768
1451.029	11691
1453.258	11770
1455.485	11664
1457.711	11808
1459.937	11619
1462.164	11748
1464.39	11754
1466.614	11644
1468.838	11720
1471.06	11627
1473.283	11578
1475.506	11665
1477.727	11511
1479.949	11431
1482.169	11356
1484.389	11576
1486.609	11558
1488.828	11359
1491.045	11230
1493.261	11298
1495.477	11385
1497.693	11532
1499.91	11251
1502.125	11275
1504.339	11406
1506.553	11414
1508.766	11263
1510.979	11431
1513.191	11218
1515.402	11450
1517.613	11207
1519.823	11187
1522.033	11287
1524.242	11444
1526.451	11183
1528.657	11358
1530.865	11482
1533.072	11292
1535.278	11525
1537.484	11348
1539.687	11413
1541.892	11495
1544.096	11293
1546.299	11607
1548.502	11531
1550.703	11422
1552.905	11423
1555.104	11481
1557.303	11570
1559.505	11442
1561.703	11467
1563.902	11428
1566.099	11464
1568.295	11587
1570.494	11523
1572.689	11452
1574.883	11631
1577.079	11597
1579.272	11642
1581.467	11437
1583.659	11624
1585.853	11663
1588.044	11782
1590.234	11733
1592.424	11714
1594.615	11714
1596.806	11706
1598.994	11738
1601.182	11653
1603.369	11604
1605.557	11891
1607.744	11878
1609.929	11836
1612.114	11680
1614.298	11733
1616.482	11602
1618.667	11879
1620.85	11635
1623.032	11968
1625.214	11697
1627.395	11796
1629.575	11902
1631.755	11851
1633.935	11756
1636.114	11784
1638.292	11803
1640.471	11863
1642.647	11905
1644.823	11930
1647	11765
1649.175	11884
1651.348	11749
1653.525	11826
1655.698	11804
1657.87	11938
1660.043	12018
1662.213	11933
1664.387	11803
1666.558	11660
1668.727	11812
1670.896	11920
1673.064	11860
1675.233	11829
1677.401	11934
1679.569	11798
1681.735	11785
1683.902	11924
1686.066	11860
1688.233	11869
1690.397	11791
1692.559	11705
1694.723	11726
1696.885	11866
1699.048	11786
1701.21	11710
1703.37	11761
1705.53	11839
1707.689	11896
1709.849	11675
1712.009	11704
1714.166	11822
1716.323	11711
1718.479	11734
1720.634	11622
1722.793	11756
1724.948	11783
1727.102	11829
1729.255	11655
1731.408	11717
1733.562	11847
1735.714	11765
1737.865	11722
1740.016	11799
1742.166	11666
1744.316	11679
1746.467	11754
1748.616	11727
1750.764	11732
1752.911	11851
1755.056	11854
1757.205	11906
1759.35	11763
1761.496	11885
1763.641	11801
1765.785	11805
1767.927	11881
1770.072	11904
1772.214	11779
1774.355	11847
1776.496	11936
1778.637	12039
1780.778	11672
1782.918	11907
1785.057	11739
1787.194	11913
1789.333	11910
1791.472	11716
1793.608	11946
1795.745	11792
1797.879	11771
1800.015	11844
1802.148	11786
1804.284	11970
1806.417	11876
1808.548	11761
1810.682	11829
1812.812	11897
1814.946	11771
1817.075	11778
1819.205	11872
1821.335	11744
1823.463	11790
1825.59	11804
1827.721	11791
1829.847	11740
1831.973	11842
1834.098	11774
1836.223	11864
1838.351	11830
1840.475	11692
1842.598	11905
1844.721	11750
1846.843	11804
1848.966	11855
1851.087	11646
1853.21	11742
1855.33	11673
1857.449	11773
1859.568	11676
1861.688	11733
1863.806	11648
1865.924	11819
1868.039	11841
1870.155	11688
1872.273	11846
1874.388	11828
1876.503	11870
1878.617	11760
1880.73	11770
1882.844	11629
1884.956	11650
1887.068	11625
1889.18	11692
1891.291	11767
1893.4	11827
1895.511	11891
1897.621	11799
1899.73	11982
1901.837	11766
1903.944	11813
1906.053	11803
1908.159	11809
1910.265	11804
1912.369	12072
1914.474	12028
1916.577	11906
1918.683	11998
1920.785	11900
1922.888	11893
1924.989	11879
1927.091	12043
1929.193	11957
1931.294	11943
1933.393	11811
1935.493	11982
1937.59	11989
1939.689	11927
1941.788	12042
1943.884	11867
1945.98	11884
1948.077	12078
1950.171	12009
1952.267	12072
1954.361	12026
1956.455	11902
1958.548	11875
1960.64	12080
1962.733	11928
1964.824	12179
1966.915	11938
1969.005	11904
1971.096	11802
1973.185	11948
1975.275	11829
1977.363	11987
1979.45	11856
1981.537	11914
1983.623	11959
1985.711	11930
1987.796	11915
1989.881	11784
1991.965	11889
1994.047	11773
1996.132	11755
1998.215	11851
2000.297	11903
2002.378	11813
2004.46	11742
2006.54	11833
2008.62	11707
2010.7	11726
2012.779	11715
2014.858	11805
2016.934	11871
2019.013	11644
2021.09	11596
2023.165	11771
2025.241	11786
2027.317	11784
2029.39	11944
2031.466	11643
2033.538	11839
2035.612	11829
2037.683	11813
2039.755	11844
2041.827	11873
2043.898	11776
2045.968	11828
2048.038	11799
2050.106	11744
2052.177	11770
2054.244	11782
2056.313	11791
2058.379	11973
2060.444	11657
2062.511	11738
2064.577	11740
2066.641	11955
2068.705	11920
2070.77	11983
2072.832	11969
2074.896	11959
2076.958	11795
2079.02	11783
2081.081	11728
2083.141	11887
2085.2	11679
2087.261	11923
2089.319	11848
2091.377	11861
2093.435	11882
2095.492	11895
2097.552	11961
2099.607	11935
2101.663	11775
2103.718	11791
2105.771	11866
2107.826	11860
2109.879	11816
2111.932	11879
2113.985	11778
2116.037	11821
2118.088	11883
2120.141	11753
2122.191	11769
2124.239	11648
2126.288	11798
2128.337	11777
2130.387	11775
2132.434	11660
2134.481	11741
2136.528	11806
2138.574	11738
2140.618	11779
2142.665	11846
2144.71	11860
2146.753	11815
2148.797	11615
2150.838	11579
2152.883	11902
2154.923	11743
2156.965	11833
2159.007	11666
2161.046	11689
2163.086	11727
2165.126	11727
2167.163	11807
2169.202	11498
2171.239	11800
2173.277	11768
2175.314	11603
2177.349	11632
2179.385	11574
2181.42	11750
2183.453	11728
2185.49	11512
2187.522	11629
2189.555	11605
2191.586	11621
2193.619	11623
2195.651	11517
2197.682	11526
2199.711	11654
2201.74	11654
2203.769	11417
2205.799	11632
2207.828	11556
2209.855	11478
2211.882	11464
2213.908	11506
2215.934	11603
2217.961	11421
2219.986	11519
2222.01	11543
2224.034	11663
2226.057	11539
2228.08	11296
2230.104	11469
2232.124	11628
2234.145	11570
2236.166	11512
2238.186	11531
2240.207	11303
2242.227	11451
2244.244	11423
2246.262	11422
2248.28	11433
2250.299	11459
2252.314	11447
2254.33	11630
2256.346	11578
2258.36	11390
2260.375	11502
2262.391	11424
2264.403	11506
2266.416	11341
2268.427	11394
2270.44	11480
2272.453	11416
2274.463	11428
2276.474	11637
2278.483	11486
2280.493	11422
2282.501	11457
2284.51	11400
2286.518	11567
2288.524	11599
2290.532	11599
2292.537	11453
2294.544	11201
2296.55	11568
2298.554	11591
2300.557	11511
2302.562	11564
2304.566	11497
2306.568	11336
2308.569	11477
2310.572	11401
2312.573	11537
2314.573	11467
2316.574	11246
2318.573	11385
2320.571	11252
2322.571	11493
2324.569	11410
2326.567	11347
2328.564	11495
2330.56	11342
2332.556	11377
2334.551	11356
2336.546	11455
2338.542	11326
2340.535	11166
2342.529	11366
2344.521	11279
2346.512	11173
2348.505	11262
2350.497	11103
2352.487	11246
2354.478	11168
2356.468	11268
2358.457	11143
2360.446	11333
2362.434	11260
2364.422	11132
2366.408	11292
2368.395	11254
2370.383	11144
2372.369	11339
2374.353	11276
2376.338	11222
2378.321	11289
2380.307	11281
2382.29	11146
2384.272	11056
2386.254	11152
2388.235	11164
2390.218	11227
2392.198	11078
2394.179	11134
2396.157	11233
2398.137	11173
2400.115	11027
2402.095	11091
2404.072	11086
2406.048	11089
2408.026	11122
2410.001	11065
2411.977	10993
2413.953	11031
2415.927	11072
2417.9	11089
2419.875	11054
2421.847	11088
2423.821	10954
2425.792	11047
2427.763	10960
2429.736	11104
2431.706	11001
2433.677	11094
2435.646	10973
2437.615	11045
2439.583	11081
2441.551	11192
2443.519	11104
2445.486	10928
2447.452	11020
2449.418	11139
2451.383	11098
2453.348	11051
2455.314	11101
2457.278	10899
2459.241	10990
2461.205	11028
2463.167	10914
2465.131	11052
2467.091	11114
2469.052	10873
2471.012	11022
2472.972	11122
2474.932	10931
2476.891	11142
2478.85	10756
2480.808	10910
2482.766	10937
2484.722	10963
2486.68	10927
2488.636	10945
2490.591	10715
2492.546	10825
2494.5	10923
2496.456	10844
2498.41	10966
2500.362	10839
2502.315	10817
2504.266	10934
2506.218	10775
2508.169	10898
2510.121	10947
2512.07	10805
2514.019	10825
2515.968	10821
2517.918	10779
2519.866	10894
2521.813	10823
2523.76	10686
2525.707	10784
2527.653	10881
2529.599	10767
2531.543	10832
2533.489	10862
2535.433	10957
2537.376	10745
2539.32	11012
2541.264	10817
2543.205	10903
2545.147	10742
2547.087	10858
2549.029	10797
2550.969	10888
2552.908	10763
2554.847	11001
2556.786	10841
2558.724	10858
2560.663	11001
2562.6	10807
2564.537	10775
2566.473	10770
2568.408	10913
2570.345	10735
2572.28	10873
2574.214	10810
2576.148	10916
2578.081	10803
2580.014	10892
2581.947	10813
2583.879	10900
2585.81	10738
2587.741	10867
2589.67	10846
2591.602	10734
2593.532	10915
2595.461	10580
2597.388	10717
2599.316	10839
2601.244	10791
2603.172	10932
2605.098	10872
2607.023	10920
2608.949	10751
2610.873	10865
2612.8	10826
2614.723	10784
2616.647	10923
2618.569	10771
2620.493	11008
2622.416	10911
2624.338	10829
2626.258	10872
2628.179	10856
2630.099	10787
2632.019	10959
2633.939	10751
2635.857	10703
2637.775	10932
2639.694	10821
2641.61	10928
2643.528	10895
2645.444	10919
2647.361	10775
2649.276	10853
2651.19	10868
2653.105	10854
2655.019	10713
2656.934	10891
2658.846	10730
2660.758	10901
2662.67	10910
2664.583	10907
2666.493	10723
2668.404	10740
2670.313	10775
2672.223	10685
2674.134	10780
2676.042	10732
2677.95	10716
2679.858	10772
2681.765	10760
2683.673	10762
2685.579	10688
2687.483	10687
2689.389	10730
2691.294	10612
2693.198	10667
2695.104	10476
2697.006	10759
2698.909	10593
2700.811	10569
2702.713	10772
2704.615	10653
2706.516	10616
2708.417	10788
2710.316	10609
2712.216	10666
2714.115	10709
2716.014	10814
2717.913	10616
2719.81	10581
2721.707	10575
2723.603	10757
2725.501	10549
2727.396	10426
2729.292	10568
2731.186	10543
2733.081	10564
2734.976	10515
2736.87	10485
2738.762	10694
2740.653	10549
2742.546	10585
2744.437	10630
2746.329	10500
2748.22	10388
2750.11	10677
2751.999	10429
2753.889	10531
2755.778	10687
2757.666	10317
2759.553	10503
2761.44	10550
2763.328	10578
2765.215	10699
2767.101	10629
2768.986	10508
2770.87	10590
2772.754	10556
2774.638	10624
2776.523	10476
2778.405	10516
2780.288	10496
2782.17	10520
2784.051	10477
2785.934	10513
2787.814	10458
2789.694	10464
2791.574	10399
2793.453	10436
2795.332	10550
2797.212	10627
2799.088	10465
2800.966	10418
2802.843	10406
2804.719	10307
2806.597	10444
2808.471	10217
2810.346	10406
2812.221	10303
2814.094	10557
2815.969	10351
2817.843	10434
2819.714	10475
2821.587	10291
2823.459	10470
2825.329	10537
2827.202	10306
2829.072	10402
2830.942	10320
2832.811	10481
2834.68	10360
2836.549	10441
2838.418	10311
2840.284	10399
2842.152	10455
2844.018	10385
2845.885	10376
2847.751	10300
2849.616	10278
2851.482	10401
2853.345	10515
2855.208	10365
2857.074	10420
2858.937	10369
2860.799	10525
2862.66	10399
2864.522	10330
2866.385	10530
2868.245	10532
2870.104	10686
2871.964	10540
2873.824	10575
2875.683	10572
2877.542	10717
2879.4	10816
2881.257	10785
2883.114	10755
2884.97	10757
2886.827	10833
2888.683	10878
2890.537	10669
2892.392	10945
2894.246	10859
2896.1	10800
2897.954	10722
2899.807	10601
2901.66	10813
2903.51	10746
2905.362	10700
2907.214	10675
2909.065	10714
2910.915	10639
2912.765	10868
2914.613	10793
2916.463	10826
2918.311	10980
2920.158	10873
2922.006	10910
2923.853	11081
2925.698	11178
2927.546	11189
2929.392	11168
2931.236	11129
2933.081	11331
2934.924	11352
2936.77	11453
2938.613	11348
2940.455	11552
2942.298	11522
2944.139	11373
2945.982	11453
2947.823	11356
2949.662	11445
2951.503	11400
2953.342	11225
2955.182	11148
2957.021	11164
2958.858	11202
2960.697	11060
2962.534	11008
2964.37	10917
2966.207	10834
2968.044	10945
2969.879	10771
2971.714	10897
2973.548	10825
2975.383	10735
2977.218	10639
2979.051	10796
2980.883	10670
2982.715	10625
2984.547	10730
2986.379	10692
2988.21	10544
2990.04	10649
2991.87	10475
2993.7	10498
2995.53	10518
2997.359	10398
2999.187	10129
3001.015	10184
3002.842	10401
3004.669	10236
3006.497	10092
3008.323	10119
3010.148	10114
3011.974	10005
3013.797	10158
3015.623	10050
3017.447	10039
3019.27	9886
3021.094	9984
3022.915	10033
3024.737	9993
3026.56	9901
3028.38	9935
3030.201	9909
3032.022	9903
3033.84	9811
3035.662	9772
3037.481	9747
3039.298	9789
3041.117	9781
3042.933	9768
3044.752	9815
3046.568	9796
3048.385	9900
3050.2	9855
3052.016	9715
3053.83	9636
3055.646	9844
3057.46	9734
3059.272	9787
3061.086	9755
3062.898	9824
3064.711	9602
3066.524	9906
3068.335	9717
3070.145	9641
3071.956	9736
3073.766	9771
3075.576	9703
3077.385	9685
3079.193	9635
3081.002	9623
3082.81	9586
3084.618	9603
3086.425	9641
3088.231	9633
3090.036	9593
3091.842	9497
3093.648	9528
3095.452	9616
3097.257	9479
3099.06	9546
3100.863	9487
3102.666	9467
3104.47	9528
3106.272	9313
3108.073	9545
3109.875	9275
3111.676	9488
3113.477	9361
3115.277	9404
3117.077	9369
3118.874	9349
3120.673	9513
3122.473	9325
3124.271	9379
3126.066	9317
3127.863	9225
3129.66	9420
3131.456	9446
3133.252	9324
3135.047	9373
3136.842	9247
3138.635	9139
3140.429	9318
3142.223	9312
3144.016	9338
3145.808	9210
3147.6	9296
3149.392	9189
3151.183	9327
3152.975	9222
3154.765	9240
3156.553	9233
3158.344	9170
3160.132	9199
3161.922	9185
3163.71	9099
3165.497	9179
3167.285	9219
3169.071	9294
3170.858	9186
3172.645	9227
3174.429	9278
3176.214	9146
3177.998	9111
3179.783	9148
3181.568	9198
3183.351	9171
3185.133	9014
3186.915	9255
3188.698	9145
3190.481	9100
3192.261	9120
3194.042	9128
3195.822	9030
3197.601	9027
3199.381	9156
3201.161	9128
3202.939	9127
3204.717	9059
3206.495	9061
3208.272	9023
3210.05	8998
3211.826	9027
3213.602	8980
3215.376	9089
3217.151	9108
3218.927	9078
3220.702	9035
3222.476	9003
3224.249	9005
3226.021	9056
3227.793	9029
3229.567	8949
3231.339	8965
3233.109	9140
3234.88	9053
3236.651	9040
3238.421	8993
3240.191	8934
3241.96	8975
3243.728	9022
3245.497	8918
3247.263	9019
3249.033	8979
3250.799	9037
3252.566	8885
3254.331	8924
3256.097	9013
3257.863	8980
3259.628	8987
3261.392	8993
3263.156	8919
3264.919	8921
3266.683	8920
3268.447	8965
3270.208	9002
3271.969	9012
3273.731	8991
3275.492	9002
3277.253	9063
3279.013	8923
3280.773	8861
3282.532	8883
3284.291	9015
3286.05	8952
3287.808	8865
3289.566	8856
3291.323	8965
3293.079	8954
3294.835	8936
3296.593	8828
3298.348	8866
3300.102	9095
3301.857	9005
3303.611	9029
3305.366	8935
3307.119	8796
3308.872	9030
3310.624	8868
3312.376	8936
3314.129	8947
3315.881	8833
3317.631	8792
3319.38	8804
3321.13	8840
3322.88	8908
3324.631	8886
3326.379	8811
3328.126	8810
3329.875	8788
3331.622	8917
3333.371	8814
3335.116	8787
3336.863	8878
3338.609	8737
3340.353	8814
3342.1	8817
3343.845	8899
3345.588	8925
3347.332	8878
3349.074	8694
3350.817	8798
3352.56	8892
3354.303	8715
3356.043	8536
3357.785	8682
3359.525	8720
3361.268	8700
3363.007	8737
3364.745	8655
3366.485	8779
3368.223	8677
3369.962	8684
3371.701	8762
3373.438	8540
3375.174	8716
3376.911	8733
3378.647	8608
3380.384	8630
3382.118	8676
3383.854	8616
3385.588	8783
3387.322	8654
3389.057	8512
3390.79	8577
3392.522	8546
3394.255	8598
3395.987	8602
3397.719	8496
3399.451	8455
3401.181	8579
3402.911	8514
3404.641	8609
3406.371	8479
3408.101	8639
3409.83	8497
3411.558	8577
3413.285	8505
3415.011	8539
3416.739	8693
3418.467	8515
3420.193	8481
3421.919	8489
3423.644	8570
3425.368	8504
3427.094	8498
3428.818	8517
3430.542	8480
3432.264	8367
3433.987	8442
3435.712	8465
3437.434	8444
3439.155	8443
3440.876	8502
3442.596	8353
3444.317	8496
3446.039	8370
3447.757	8356
3449.477	8333
3451.195	8382
3452.914	8507
3454.632	8412
3456.35	8321
3458.067	8396
3459.784	8410
3461.5	8096
3463.216	8317
3464.932	8221
3466.647	8221
3468.362	8356
3470.076	8280
3471.789	8208
3473.505	8301
3475.217	8243
3476.929	8124
3478.641	8230
3480.354	8167
3482.066	8177
3483.777	8070
3485.487	8168
3487.197	8160
3488.908	8164
3490.617	8201
3492.327	8039
3494.035	8121
3495.743	8143
3497.451	8017
3499.158	8069
3500.866	8135
3502.572	8028
3504.278	8051
3505.984	8091
3507.689	8095
3509.396	8091
3511.1	7999
3512.804	7966
3514.508	8052
3516.211	7992
3517.913	7959
3519.616	7993
3521.319	7904
3523.021	8018
3524.722	8022
3526.422	8127
3528.124	8059
3529.824	7966
3531.524	8057
3533.222	7884
3534.921	7892
3536.62	7993
3538.318	7919
3540.016	7883
3541.714	7899
3543.41	8042
3545.107	7864
3546.803	8014
3548.5	7818
3550.194	8035
3551.889	7719
3553.583	7928
3555.279	7640
3556.972	7869
3558.666	7929
3560.358	7747
3562.051	7860
3563.742	7772
3565.435	7785
3567.126	7853
3568.817	7900
3570.507	7867
3572.197	7843
3573.888	7816
3575.577	7823
3577.265	7941
3578.954	7729
3580.642	7765
3582.329	7761
3584.017	7778
3585.704	7711
3587.391	7604
3589.077	7697
3590.762	7626
3592.449	7743
3594.133	7720
3595.817	7620
3597.501	7705
3599.185	7674
3600.869	7792
3602.552	7675
3604.234	7634
3605.916	7611
3607.598	7616
3609.279	7514
3610.961	7666
3612.642	7616
3614.321	7515
3616	7535
3617.68	7504
3619.36	7548
3621.039	7419
3622.716	7521
3624.394	7470
3626.071	7489
3627.748	7510
3629.425	7496
3631.102	7404
3632.778	7415
3634.452	7360
3636.127	7473
3637.803	7477
3639.477	7524
3641.151	7298
3642.823	7340
3644.497	7474
3646.171	7452
3647.842	7496
3649.515	7402
3651.185	7300
3652.857	7353
3654.527	7322
3656.198	7375
3657.868	7363
3659.537	7390
3661.207	7417
3662.875	7235
3664.544	7307
3666.212	7398
3667.879	7376
3669.546	7306
3671.212	7280
3672.88	7294
3674.546	7308
3676.211	7237
3677.875	7293
3679.541	7351
3681.205	7313
3682.87	7221
3684.533	7254
3686.196	7211
3687.859	7301
3689.521	7236
3691.184	7299
3692.845	7327
3694.507	7124
3696.167	7217
3697.827	7210
3699.487	7295
3701.148	7231
3702.808	7257
3704.466	7113
3706.125	7172
3707.783	7205
3709.442	7117
3711.099	7084
3712.757	7225
3714.412	7077
3716.068	7122
3717.725	7275
3719.381	7313
3721.036	7103
3722.689	7130
3724.344	7124
3725.998	6985
3727.652	7209
3729.305	7155
3730.958	7046
3732.61	7097
3734.262	7099
3735.915	7120
3737.565	7064
3739.217	7172
3740.866	7186
3742.516	7031
3744.165	7134
3745.816	7028
3747.464	7047
3749.113	7004
3750.761	6986
3752.409	7041
3754.057	7035
3755.703	7095
3757.35	6966
3758.996	7012
3760.641	7000
3762.289	7029
3763.933	7038
3765.577	7101
3767.222	7073
3768.865	6998
3770.508	6913
3772.152	7026
3773.796	7047
3775.438	7070
3777.079	6943
3778.721	7017
3780.363	6878
3782.003	6953
3783.643	6881
3785.283	6905
3786.923	6877
3788.563	6930
3790.203	6884
3791.841	7001
3793.479	6868
3795.115	6824
3796.753	6879
3798.391	6897
3800.027	6787
3801.664	6857
3803.299	6833
3804.935	6829
3806.571	6861
3808.206	6719
3809.839	6766
3811.473	6773
3813.107	6836
3814.74	6836
3816.375	6704
3818.006	6798
3819.638	6782
3821.27	6816
3822.9	6746
3824.532	6770
3826.163	6668
3827.792	6806
3829.423	6646
3831.051	6717
3832.682	6727
3834.311	6711
3835.938	6692
3837.566	6747
3839.193	6706
3840.821	6538
3842.448	6664
3844.075	6700
3845.7	6696
3847.325	6589
3848.951	6575
3850.576	6617
3852.201	6455
3853.825	6645
3855.448	6656
3857.072	6609
3858.694	6551
3860.318	6610
3861.939	6545
3863.562	6644
3865.183	6608
3866.804	6574
3868.426	6438
3870.045	6550
3871.666	6640
3873.285	6575
3874.904	6499
3876.524	6463
3878.142	6497
3879.76	6611
3881.378	6571
3882.995	6561
3884.612	6569
3886.229	6510
3887.845	6604
3889.461	6531
3891.076	6580
3892.691	6550
3894.307	6551
3895.922	6633
3897.536	6495
3899.149	6564
3900.761	6401
3902.374	6611
3903.988	6542
3905.6	6347
3907.212	6439
3908.822	6564
3910.433	6582
3912.045	6412
3913.655	6540
3915.265	6433
3916.875	6344
3918.483	6365
3920.093	6410
3921.702	6493
3923.309	6414
3924.917	6420
3926.523	6594
3928.13	6431
3929.739	6385
3931.344	6384
3932.95	6462
3934.555	6479
3936.159	6546
3937.766	6378
3939.369	6365
3940.974	6406
3942.577	6288
3944.181	6398
3945.783	6385
3947.386	6412
3948.989	6381
3950.59	6412
3952.191	6306
3953.791	6400
3955.394	6349
3956.994	6272
3958.593	6303
3960.192	6283
3961.791	6359
3963.392	6270
3964.99	6277
3966.588	6244
3968.185	6362
3969.782	6263
3971.379	6275
3972.976	6200
3974.572	6187
3976.168	6205
3977.763	6359
3979.358	6313
3980.954	6265
3982.548	6312
3984.142	6272
3985.736	6263
3987.329	6210
3988.922	6212
3990.516	6153
3992.108	6154
3993.698	6133
3995.29	6127
3996.881	6102
3998.473	6084
4000.064	6107
4001.653	6180
4003.242	6173
4004.832	6118
4006.422	6127
4008.01	6043
4009.598	6073
4011.186	6093
4012.773	6129
4014.36	6095
4015.947	6078
4017.534	6070
4019.119	6102
4020.705	6042
4022.291	5949
4023.876	6023
4025.461	6000
4027.044	6036
4028.627	5975
4030.211	5968
4031.795	5848
4033.378	5916
4034.96	5968
4036.542	5866
4038.124	5979
4039.704	5932
4041.286	5900
4042.867	5935
4044.447	5897
4046.026	5856
4047.606	5952
4049.187	5912
4050.765	5838
4052.343	5778
4053.92	5879
4055.498	5855
4057.076	5776
4058.654	5881
4060.23	5859
4061.806	5817
4063.381	5815
4064.957	5848
4066.533	5892
4068.107	5759
4069.682	5747
4071.256	5747
4072.829	5727
4074.404	5788
4075.977	5760
4077.549	5738
4079.121	5753
4080.693	5738
4082.265	5840
4083.836	5750
4085.407	5776
4086.977	5798
4088.547	5863
4090.117	5796
4091.687	5771
4093.256	5689
4094.825	5757
4096.392	5785
4097.96	5724
4099.528	5689
4101.097	5720
4102.663	5770
4104.229	5618
4105.795	5684
4107.361	5633
4108.928	5688
4110.493	5755
4112.058	5751
4113.621	5665
4115.186	5688
4116.75	5748
4118.313	5713
4119.876	5626
4121.438	5710
4123	5623
4124.562	5655
4126.125	5636
4127.686	5648
4129.246	5689
4130.807	5642
4132.367	5635
4133.927	5508
4135.486	5443
4137.046	5554
4138.604	5498
4140.162	5521
4141.72	5493
4143.279	5517
4144.836	5535
4146.393	5518
4147.949	5493
4149.505	5588
4151.062	5562
4152.617	5588
4154.172	5524
4155.727	5383
4157.281	5495
4158.836	5524
4160.39	5405
4161.943	5527
4163.496	5349
4165.048	5436
4166.601	5411
4168.154	5546
4169.706	5477
4171.257	5417
4172.808	5395
4174.358	5492
4175.909	5424
4177.458	5501
4179.008	5373
4180.558	5380
4182.106	5323
4183.655	5481
4185.204	5306
4186.751	5335
4188.298	5364
4189.845	5348
4191.392	5410
4192.939	5383
4194.485	5454
4196.031	5285
4197.576	5388
4199.121	5332
4200.666	5338
4202.211	5381
4203.754	5251
4205.298	5238
4206.84	5306
4208.384	5414
4209.927	5239
4211.47	5368
4213.011	5229
4214.552	5299
4216.094	5313
4217.635	5221
4219.175	5243
4220.716	5233
4222.255	5227
4223.793	5230
4225.335	5199
4226.873	5325
4228.411	5269
4229.948	5259
4231.486	5319
4233.024	5244
4234.562	5200
4236.098	5208
4237.634	5171
4239.169	5187
4240.705	5164
4242.241	5292
4243.776	5159
4245.31	5240
4246.844	5242
4248.378	5154
4249.911	5150
4251.445	5257
4252.978	5155
4254.51	5198
4256.042	5151
4257.574	5188
4259.107	5145
4260.638	5238
4262.169	5177
4263.699	5070
4265.228	5145
4266.759	5096
4268.289	5122
4269.818	5112
4271.345	5191
4272.874	5232
4274.402	5049
4275.931	5231
4277.458	5113
4278.985	5074
4280.512	5111
4282.037	5125
4283.564	5053
4285.089	5178
4286.615	4959
4288.139	5101
4289.664	5076
4291.187	5024
4292.712	5087
4294.235	5063
4295.759	5024
4297.281	5005
4298.804	5069
4300.327	4966
4301.849	4982
4303.37	5055
4304.891	4928
4306.412	5040
4307.933	4956
4309.453	4955
4310.973	4943
4312.492	4925
