398.1873	10453
400.7097	10503
403.2336	10505
405.7547	10535
408.2751	10538
410.7948	10503
413.3138	10569
415.83	10745
418.3497	10670
420.8666	10736
423.3829	10675
425.8985	11138
428.4133	10939
430.9275	10954
433.441	11207
435.9538	11086
438.4639	11105
440.9753	10939
443.4881	11247
445.9982	11106
448.5055	11145
451.0142	11171
453.5201	11189
456.0274	11283
458.5361	11392
461.04	11231
463.5453	11206
466.0478	11276
468.5517	11338
471.0549	11422
473.5574	11315
476.0572	11381
478.5584	11388
481.0568	11504
483.5545	11606
486.0557	11468
488.5521	11597
491.0478	11672
493.5449	11538
496.0392	11565
498.5349	11545
501.0299	11702
503.5222	11770
506.0139	11774
508.5048	11818
510.9991	11708
513.4887	11790
515.9777	11771
518.4659	11891
520.9534	11871
523.4403	11949
525.9306	11842
528.4161	11870
530.9009	11901
533.3851	11995
535.8687	11763
538.3535	11758
540.8356	11940
543.3171	11850
545.7979	11824
548.278	11912
550.7595	11870
553.2383	12079
555.7144	11902
558.1918	12039
560.6685	12069
563.1446	11897
565.6221	12034
568.0968	11967
570.5688	11877
573.0422	12200
575.515	12008
577.989	12293
580.4584	12397
582.9291	12176
585.3991	12134
587.8685	12260
590.3352	12497
592.8052	12274
595.2706	12324
597.7372	12264
600.2033	12182
602.6666	12266
605.1334	12205
607.5953	12216
610.0587	12424
612.5193	12279
614.9814	12343
617.4427	12239
619.9034	12267
622.3615	12296
624.8208	12292
627.2775	12380
629.7335	12321
632.1929	12329
634.6476	12532
637.1016	12337
639.5569	12498
642.0096	12283
644.4637	12492
646.9151	12448
649.3678	12499
651.8179	12431
654.2672	12743
656.7159	12589
659.166	12501
661.6154	12626
664.0622	12734
666.5082	12692
668.9537	12610
671.4005	12807
673.8445	12640
676.288	12915
678.7308	12681
681.1729	12769
683.6163	12698
686.0572	12762
688.4973	12943
690.9368	12893
693.3757	12918
695.8138	12693
698.2534	12845
700.6902	12895
703.1245	12888
705.56	13028
707.9949	12986
710.4311	12750
712.8647	13081
715.2957	12893
717.7279	13271
720.1595	12967
722.5905	13221
725.0208	13129
727.4505	13081
729.8795	13218
732.3058	13216
734.7336	13432
737.1626	13423
739.587	13329
742.0128	13521
744.4359	13557
746.8604	13611
749.2841	13503
751.7073	13696
754.1278	13580
756.5496	13891
758.9688	13774
761.3893	13645
763.8093	13552
766.2285	13734
768.6451	13896
771.0611	13669
773.4784	13891
775.895	13827
778.3091	13817
780.7244	13834
783.1371	13687
785.5493	13838
787.9626	13773
790.3754	13794
792.7856	13620
795.1951	13847
797.6039	13814
800.0121	13721
802.4236	13710
804.8306	13894
807.2369	13905
809.6425	14013
812.0475	13824
814.4538	14039
816.8575	13951
819.2606	14096
821.663	14026
824.0648	13959
826.4659	13983
828.8683	13891
831.2682	14060
833.6674	14047
836.066	14089
838.4639	13963
840.8632	14055
843.2579	14157
845.6539	14032
848.0493	14122
850.444	14055
852.84	14171
855.2315	14122
857.6243	14198
860.0165	14069
862.4081	14028
864.797	14178
867.1892	14203
869.5789	13955
871.9659	14212
874.3542	14202
876.74	14219
879.129	14103
881.5155	14057
883.8994	14103
886.2845	14192
888.6671	14025
891.051	14108
893.4343	13937
895.8169	14231
898.197	14247
900.5783	14098
902.9571	14506
905.3372	14144
907.7167	14310
910.0936	14235
912.4698	14263
914.8474	14391
917.2244	14344
919.5987	14737
921.9744	14450
924.3475	14630
926.72	14756
929.0918	14498
931.4669	14716
933.8375	14547
936.2074	14538
938.5767	14807
940.9454	14740
943.3154	14748
945.6829	15168
948.0497	15061
950.4178	15161
952.7833	15589
955.1483	15522
957.5145	15864
959.8782	16164
962.2412	16179
964.6036	15868
966.9655	15652
969.3266	15332
971.6871	15266
974.0471	14882
976.4064	14861
978.765	14555
981.125	14636
983.4824	14796
985.8373	14521
988.1935	14477
990.549	14485
992.9039	14555
995.2602	14778
997.6119	14646
999.965	14748
1002.317	14626
1004.667	14643
1007.02	14816
1009.371	14642
1011.719	14587
1014.068	14438
1016.415	14521
1018.765	14781
1021.111	14797
1023.458	14653
1025.804	14935
1028.147	14678
1030.49	14932
1032.837	14704
1035.179	14814
1037.522	14843
1039.862	14748
1042.204	14933
1044.546	14987
1046.884	14994
1049.224	14912
1051.562	14831
1053.899	14829
1056.237	14772
1058.575	14885
1060.91	14993
1063.244	14802
1065.58	14933
1067.913	14979
1070.248	15285
1072.579	14980
1074.911	14827
1077.242	14841
1079.572	15147
1081.905	15029
1084.234	14980
1086.562	15003
1088.89	14964
1091.217	15045
1093.544	14973
1095.871	15159
1098.197	14911
1100.521	15023
1102.845	15089
1105.169	15073
1107.491	15053
1109.814	15170
1112.135	15216
1114.456	15077
1116.776	15219
1119.096	15167
1121.415	15040
1123.734	15374
1126.052	15142
1128.369	15237
1130.686	15207
1133.002	15412
1135.318	15320
1137.632	15311
1139.945	15318
1142.258	15178
1144.573	15317
1146.884	15146
1149.196	15347
1151.505	15263
1153.816	15234
1156.124	15279
1158.435	15273
1160.742	15155
1163.051	15254
1165.356	15247
1167.663	15234
1169.97	15246
1172.276	15252
1174.579	15376
1176.881	15172
1179.186	15361
1181.487	15088
1183.79	15360
1186.092	15274
1188.392	15308
1190.691	15278
1192.991	15293
1195.291	15079
1197.588	15254
1199.885	15217
1202.181	15129
1204.479	15188
1206.775	15234
1209.07	15243
1211.363	15184
1213.656	15378
1215.949	15398
1218.241	15421
1220.534	15221
1222.825	15474
1225.115	15459
1227.405	15446
1229.693	15545
1231.984	15684
1234.271	15764
1236.558	15617
1238.845	15423
1241.131	15787
1243.416	15556
1245.703	15526
1247.987	15767
1250.269	15729
1252.552	15794
1254.834	15664
1257.118	15729
1259.399	15730
1261.678	15758
1263.958	15695
1266.237	15796
1268.516	15715
1270.794	15636
1273.072	15763
1275.347	15844
1277.624	15647
1279.899	15654
1282.175	15827
1284.449	15834
1286.722	15699
1288.995	15750
1291.266	15446
1293.54	15686
1295.81	15912
1298.081	15705
1300.35	15500
1302.62	15668
1304.889	15554
1307.156	15709
1309.425	15613
1311.69	15647
1313.957	15702
1316.222	15513
1318.488	15634
1320.751	15646
1323.016	15762
1325.278	15685
1327.54	15679
1329.803	15707
1332.065	15587
1334.325	15726
1336.584	15529
1338.843	15702
1341.101	15852
1343.36	15886
1345.617	15840
1347.876	15694
1350.131	15612
1352.387	15613
1354.643	15927
1356.897	15737
1359.151	15868
1361.403	15896
1363.656	15740
1365.909	15855
1368.16	15866
1370.409	15941
1372.659	15948
1374.909	15890
1377.157	15903
1379.407	15847
1381.655	15925
1383.9	15913
1386.147	15995
1388.393	15894
1390.64	15928
1392.885	15979
1395.127	16085
1397.37	16226
1399.614	16075
1401.854	16014
1404.098	16096
1406.339	15912
1408.578	16059
1410.818	16138
1413.056	16181
1415.297	15889
1417.533	16096
1419.771	16078
1422.006	16119
1424.243	16145
1426.479	16119
1428.715	16108
1430.948	16192
1433.182	16298
1435.414	16225
1437.647	16363
1439.88	16441
1442.11	16279
1444.342	16127
1446.571	16364
1448.799	16305
1451.029	16394
1453.258	16506
1455.485	16442
1457.711	16485
1459.937	16456
1462.164	16363
1464.39	16472
1466.614	16270
1468.838	16176
1471.06	16366
1473.283	16330
1475.506	16223
1477.727	15966
1479.949	16166
1482.169	16339
1484.389	16039
1486.609	16092
1488.828	16218
1491.045	16107
1493.261	16172
1495.477	15984
1497.693	16187
1499.91	16166
1502.125	15914
1504.339	16138
1506.553	16041
1508.766	15985
1510.979	16011
1513.191	16051
1515.402	16206
1517.613	15933
1519.823	15902
1522.033	16091
1524.242	16050
1526.451	15864
1528.657	16036
1530.865	16125
1533.072	16257
1535.278	15995
1537.484	16206
1539.687	15982
1541.892	15907
1544.096	16125
1546.299	16154
1548.502	16036
1550.703	16143
1552.905	16227
1555.104	16137
1557.303	16388
1559.505	16297
1561.703	16246
1563.902	16319
1566.099	16459
1568.295	16458
1570.494	16424
1572.689	16563
1574.883	16286
1577.079	16414
1579.272	16291
1581.467	16467
1583.659	16512
1585.853	16319
1588.044	16483
1590.234	16436
1592.424	16459
1594.615	16311
1596.806	16610
1598.994	16400
1601.182	16507
1603.369	16387
1605.557	16720
1607.744	16813
1609.929	16595
1612.114	16574
1614.298	16616
1616.482	16471
1618.667	16720
1620.85	16657
1623.032	16820
1625.214	16530
1627.395	16637
1629.575	16598
1631.755	16749
1633.935	16634
1636.114	16614
1638.292	16720
1640.471	16501
1642.647	16903
1644.823	16675
1647	16392
1649.175	16635
1651.348	16524
1653.525	16615
1655.698	16650
1657.87	16835
1660.043	16550
1662.213	16644
1664.387	16651
1666.558	16675
1668.727	16795
1670.896	16801
1673.064	16574
1675.233	16684
1677.401	16710
1679.569	16478
1681.735	16737
1683.902	16658
1686.066	16565
1688.233	16588
1690.397	16764
1692.559	16448
1694.723	16622
1696.885	16789
1699.048	16578
1701.21	16706
1703.37	16516
1705.53	16502
1707.689	16554
1709.849	16638
1712.009	16542
1714.166	16439
1716.323	16456
1718.479	16512
1720.634	16532
1722.793	16505
1724.948	16629
1727.102	16653
1729.255	16474
1731.408	16538
1733.562	16347
1735.714	16477
1737.865	16665
1740.016	16726
1742.166	16595
1744.316	16465
1746.467	16679
1748.616	16708
1750.764	16535
1752.911	16652
1755.056	16592
1757.205	16673
1759.35	16739
1761.496	16734
1763.641	16637
1765.785	16777
1767.927	16720
1770.072	16715
1772.214	16632
1774.355	16860
1776.496	16822
1778.637	16895
1780.778	16800
1782.918	16886
1785.057	16658
1787.194	16781
1789.333	16741
1791.472	16862
1793.608	16657
1795.745	17004
1797.879	16903
1800.015	16970
1802.148	16691
1804.284	16685
1806.417	16922
1808.548	16594
1810.682	16813
1812.812	16880
1814.946	16895
1817.075	16909
1819.205	16746
1821.335	16812
1823.463	16886
1825.59	16772
1827.721	16572
1829.847	16665
1831.973	16857
1834.098	16621
1836.223	16748
1838.351	16739
1840.475	16590
1842.598	16711
1844.721	16764
1846.843	16652
1848.966	16546
1851.087	16671
1853.21	16597
1855.33	16514
1857.449	16376
1859.568	16705
1861.688	16870
1863.806	16574
1865.924	16572
1868.039	16737
1870.155	16382
1872.273	16570
1874.388	16592
1876.503	16607
1878.617	16757
1880.73	16600
1882.844	16416
1884.956	16820
1887.068	16464
1889.18	16748
1891.291	16908
1893.4	16592
1895.511	16867
1897.621	16817
1899.73	16802
1901.837	16639
1903.944	16816
1906.053	16728
1908.159	16680
1910.265	16821
1912.369	16737
1914.474	16884
1916.577	17101
1918.683	16910
1920.785	16921
1922.888	16864
1924.989	16702
1927.091	16958
1929.193	16864
1931.294	16980
1933.393	16882
1935.493	16647
1937.59	16893
1939.689	17035
1941.788	17030
1943.884	17134
1945.98	16875
1948.077	16760
1950.171	17004
1952.267	17043
1954.361	16882
1956.455	16956
1958.548	16861
1960.64	16901
1962.733	16857
1964.824	16685
1966.915	16733
1969.005	16971
1971.096	16706
1973.185	16974
1975.275	16738
1977.363	16819
1979.45	16688
1981.537	16828
1983.623	16731
1985.711	16855
1987.796	16708
1989.881	16827
1991.965	16751
1994.047	16704
1996.132	16858
1998.215	16622
2000.297	16746
2002.378	16686
2004.46	16519
2006.54	16767
2008.62	16573
2010.7	16947
2012.779	16633
2014.858	16556
2016.934	16696
2019.013	16615
2021.09	16519
2023.165	16765
2025.241	16667
2027.317	16659
2029.39	16445
2031.466	16655
2033.538	16753
2035.612	16646
2037.683	16605
2039.755	16707
2041.827	16639
2043.898	16869
2045.968	16459
2048.038	16484
2050.106	16776
2052.177	16521
2054.244	16884
2056.313	16738
2058.379	16857
2060.444	16707
2062.511	16802
2064.577	16673
2066.641	16644
2068.705	16911
2070.77	16869
2072.832	16714
2074.896	16673
2076.958	16731
2079.02	16931
2081.081	16818
2083.141	16722
2085.2	16833
2087.261	16785
2089.319	16600
2091.377	16862
2093.435	16879
2095.492	16505
2097.552	16538
2099.607	16677
2101.663	16624
2103.718	16734
2105.771	16908
2107.826	16792
2109.879	16650
2111.932	16596
2113.985	16653
2116.037	16885
2118.088	16740
2120.141	16656
2122.191	16765
2124.239	16649
2126.288	16675
2128.337	16686
2130.387	16578
2132.434	16739
2134.481	16542
2136.528	16885
2138.574	16684
2140.618	16606
2142.665	16584
2144.71	16720
2146.753	16673
2148.797	16569
2150.838	16703
2152.883	16610
2154.923	16692
2156.965	16814
2159.007	16557
2161.046	16615
2163.086	16624
2165.126	16593
2167.163	16396
2169.202	16510
2171.239	16548
2173.277	16570
2175.314	16536
2177.349	16451
2179.385	16594
2181.42	16544
2183.453	16356
2185.49	16454
2187.522	16368
2189.555	16429
2191.586	16330
2193.619	16245
2195.651	16431
2197.682	16214
2199.711	16433
2201.74	16372
2203.769	16260
2205.799	16177
2207.828	16345
2209.855	16314
2211.882	16345
2213.908	16303
2215.934	16226
2217.961	16244
2219.986	16207
2222.01	16053
2224.034	16316
2226.057	16322
2228.08	16203
2230.104	16346
2232.124	16358
2234.145	16315
2236.166	16278
2238.186	16285
2240.207	16097
2242.227	16373
2244.244	16161
2246.262	16126
2248.28	16178
2250.299	16350
2252.314	16411
2254.33	16196
2256.346	16250
2258.36	16388
2260.375	16339
2262.391	16081
2264.403	16296
2266.416	16093
2268.427	16030
2270.44	16172
2272.453	16272
2274.463	16206
2276.474	16253
2278.483	16173
2280.493	16312
2282.501	16135
2284.51	16311
2286.518	16413
2288.524	16160
2290.532	16257
2292.537	16241
2294.544	16103
2296.55	16135
2298.554	16109
2300.557	16431
2302.562	16210
2304.566	16272
2306.568	16292
2308.569	16158
2310.572	16251
2312.573	16146
2314.573	16196
2316.574	16199
2318.573	16121
2320.571	16055
2322.571	16000
2324.569	16040
2326.567	16106
2328.564	15995
2330.56	15950
2332.556	16194
2334.551	16046
2336.546	15982
2338.542	15907
2340.535	16060
2342.529	15949
2344.521	16005
2346.512	15932
2348.505	15725
2350.497	15954
2352.487	16067
2354.478	15970
2356.468	15883
2358.457	15905
2360.446	15947
2362.434	15818
2364.422	15819
2366.408	15928
2368.395	15919
2370.383	15818
2372.369	15960
2374.353	15815
2376.338	15765
2378.321	15718
2380.307	16035
2382.29	15742
2384.272	15669
2386.254	15616
2388.235	15830
2390.218	15773
2392.198	15631
2394.179	15696
2396.157	15813
2398.137	15626
2400.115	15589
2402.095	15803
2404.072	15745
2406.048	15697
2408.026	15568
2410.001	15587
2411.977	15519
2413.953	15575
2415.927	15669
2417.9	15943
2419.875	15774
2421.847	15728
2423.821	15821
2425.792	15565
2427.763	15886
2429.736	15692
2431.706	15845
2433.677	15536
2435.646	15752
2437.615	15749
2439.583	15552
2441.551	15857
2443.519	15831
2445.486	15709
2447.452	15652
2449.418	15617
2451.383	15584
2453.348	15672
2455.314	15727
2457.278	15506
2459.241	15680
2461.205	15607
2463.167	15497
2465.131	15422
2467.091	15575
2469.052	15642
2471.012	15578
2472.972	15706
2474.932	15481
2476.891	15485
2478.85	15503
2480.808	15245
2482.766	15523
2484.722	15593
2486.68	15576
2488.636	15563
2490.591	15460
2492.546	15299
2494.5	15594
2496.456	15436
2498.41	15582
2500.362	15538
2502.315	15408
2504.266	15751
2506.218	15467
2508.169	15284
2510.121	15485
2512.07	15441
2514.019	15328
2515.968	15486
2517.918	15481
2519.866	15412
2521.813	15453
2523.76	15431
2525.707	15438
2527.653	15320
2529.599	15351
2531.543	15536
2533.489	15278
2535.433	15259
2537.376	15466
2539.32	15348
2541.264	15374
2543.205	15464
2545.147	15359
2547.087	15329
2549.029	15324
2550.969	15192
2552.908	15355
2554.847	15508
2556.786	15283
2558.724	15288
2560.663	15301
2562.6	15411
2564.537	15349
2566.473	15499
2568.408	15307
2570.345	15359
2572.28	15495
2574.214	15376
2576.148	15450
2578.081	15299
2580.014	15410
2581.947	15524
2583.879	15267
2585.81	15257
2587.741	15547
2589.67	15301
2591.602	15526
2593.532	15534
2595.461	15318
2597.388	15433
2599.316	15335
2601.244	15282
2603.172	15421
2605.098	15375
2607.023	15401
2608.949	15492
2610.873	15325
2612.8	15490
2614.723	15492
2616.647	15246
2618.569	15304
2620.493	15484
2622.416	15437
2624.338	15500
2626.258	15262
2628.179	15504
2630.099	15453
2632.019	15482
2633.939	15448
2635.857	15402
2637.775	15422
2639.694	15414
2641.61	15459
2643.528	15649
2645.444	15302
2647.361	15300
2649.276	15299
2651.19	15611
2653.105	15344
2655.019	15452
2656.934	15553
2658.846	15379
2660.758	15390
2662.67	15551
2664.583	15480
2666.493	15314
2668.404	15310
2670.313	15436
2672.223	15421
2674.134	15382
2676.042	15446
2677.95	15372
2679.858	15265
2681.765	15138
2683.673	15220
2685.579	15238
2687.483	15327
2689.389	15217
2691.294	15425
2693.198	15154
2695.104	15205
2697.006	15117
2698.909	15023
2700.811	15259
2702.713	15194
2704.615	15251
2706.516	15098
2708.417	15203
2710.316	15243
2712.216	15019
2714.115	15250
2716.014	15082
2717.913	15180
2719.81	15174
2721.707	15037
2723.603	15247
2725.501	15148
2727.396	15129
2729.292	15023
2731.186	14946
2733.081	15156
2734.976	15052
2736.87	15018
2738.762	14975
2740.653	15205
2742.546	15004
2744.437	15062
2746.329	15025
2748.22	15030
2750.11	15000
2751.999	15002
2753.889	14917
2755.778	14873
2757.666	15007
2759.553	14983
2761.44	15128
2763.328	14848
2765.215	15035
2767.101	14886
2768.986	15019
2770.87	14899
2772.754	15103
2774.638	14873
2776.523	14887
2778.405	14834
2780.288	14942
2782.17	14753
2784.051	14743
2785.934	15033
2787.814	14985
2789.694	14920
2791.574	14950
2793.453	14924
2795.332	14898
2797.212	14910
2799.088	14772
2800.966	14817
2802.843	14840
2804.719	14941
2806.597	15158
2808.471	14992
2810.346	14772
2812.221	14822
2814.094	14866
2815.969	14838
2817.843	14750
2819.714	14931
2821.587	14595
2823.459	14778
2825.329	14711
2827.202	14852
2829.072	14544
2830.942	14634
2832.811	14855
2834.68	14864
2836.549	14718
2838.418	14629
2840.284	14817
2842.152	14630
2844.018	14691
2845.885	14761
2847.751	14639
2849.616	14660
2851.482	14787
2853.345	14887
2855.208	14789
2857.074	14858
2858.937	14668
2860.799	14752
2862.66	15081
2864.522	14944
2866.385	14699
2868.245	14730
2870.104	14860
2871.964	14818
2873.824	14958
2875.683	14959
2877.542	14924
2879.4	15063
2881.257	15030
2883.114	15139
2884.97	15284
2886.827	15010
2888.683	15224
2890.537	15294
2892.392	15377
2894.246	15281
2896.1	15010
2897.954	15204
2899.807	15122
2901.66	15025
2903.51	15032
2905.362	15106
2907.214	14967
2909.065	14945
2910.915	14883
2912.765	15156
2914.613	15031
2916.463	15212
2918.311	15196
2920.158	14979
2922.006	15313
2923.853	15167
2925.698	15145
2927.546	15054
2929.392	15286
2931.236	15329
2933.081	15434
2934.924	15238
2936.77	15299
2938.613	15318
2940.455	15498
2942.298	15685
2944.139	15517
2945.982	15801
2947.823	15437
2949.662	15618
2951.503	15545
2953.342	15501
2955.182	15392
2957.021	15420
2958.858	15502
2960.697	15496
2962.534	15541
2964.37	15553
2966.207	15219
2968.044	15050
2969.879	15027
2971.714	14994
2973.548	14927
2975.383	14705
2977.218	14669
2979.051	14939
2980.883	14718
2982.715	14736
2984.547	14690
2986.379	14717
2988.21	14614
2990.04	14573
2991.87	14624
2993.7	14755
2995.53	14542
2997.359	14640
2999.187	14450
3001.015	14469
3002.842	14450
3004.669	14420
3006.497	14277
3008.323	14256
3010.148	14271
3011.974	14129
3013.797	14345
3015.623	14118
3017.447	14221
3019.27	14299
3021.094	14039
3022.915	13936
3024.737	14031
3026.56	14053
3028.38	14262
3030.201	13942
3032.022	14041
3033.84	13973
3035.662	14020
3037.481	13983
3039.298	14056
3041.117	13942
3042.933	14033
3044.752	13925
3046.568	13806
3048.385	13973
3050.2	13889
3052.016	13942
3053.83	13955
3055.646	13920
3057.46	13850
3059.272	13772
3061.086	13831
3062.898	13828
3064.711	13617
3066.524	13943
3068.335	13806
3070.145	13678
3071.956	13656
3073.766	13706
3075.576	13757
3077.385	13569
3079.193	13752
3081.002	13613
3082.81	13411
3084.618	13701
3086.425	13601
3088.231	13741
3090.036	13570
3091.842	13709
3093.648	13501
3095.452	13520
3097.257	13526
3099.06	13456
3100.863	13428
3102.666	13417
3104.47	13540
3106.272	13321
3108.073	13355
3109.875	13488
3111.676	13551
3113.477	13426
3115.277	13316
3117.077	13461
3118.874	13362
3120.673	13322
3122.473	13374
3124.271	13304
3126.066	13314
3127.863	13367
3129.66	13393
3131.456	13199
3133.252	13247
3135.047	13194
3136.842	13213
3138.635	13177
3140.429	13222
3142.223	13191
3144.016	13146
3145.808	13005
3147.6	13163
3149.392	13155
3151.183	13228
3152.975	13210
3154.765	13183
3156.553	13129
3158.344	12995
3160.132	13067
3161.922	12921
3163.71	12917
3165.497	13167
3167.285	13186
3169.071	12918
3170.858	13005
3172.645	12956
3174.429	13000
3176.214	12851
3177.998	12962
3179.783	12842
3181.568	12997
3183.351	12727
3185.133	12957
3186.915	12956
3188.698	12880
3190.481	12864
3192.261	12792
3194.042	12813
3195.822	12824
3197.601	12842
3199.381	12760
3201.161	12881
3202.939	12762
3204.717	12778
3206.495	12875
3208.272	12785
3210.05	12836
3211.826	12792
3213.602	12743
3215.376	12720
3217.151	12628
3218.927	12772
3220.702	12799
3222.476	12639
3224.249	12725
3226.021	12689
3227.793	12663
3229.567	12702
3231.339	12729
3233.109	12590
3234.88	12711
3236.651	12559
3238.421	12611
3240.191	12604
3241.96	12586
3243.728	12744
3245.497	12540
3247.263	12736
3249.033	12697
3250.799	12721
3252.566	12643
3254.331	12617
3256.097	12708
3257.863	12579
3259.628	12707
3261.392	12669
3263.156	12627
3264.919	12508
3266.683	12629
3268.447	12704
3270.208	12534
3271.969	12575
3273.731	12578
3275.492	12349
3277.253	12651
3279.013	12651
3280.773	12505
3282.532	12494
3284.291	12449
3286.05	12587
3287.808	12528
3289.566	12521
3291.323	12449
3293.079	12470
3294.835	12565
3296.593	12574
3298.348	12553
3300.102	12520
3301.857	12175
3303.611	12374
3305.366	12548
3307.119	12455
3308.872	12600
3310.624	12407
3312.376	12503
3314.129	12567
3315.881	12553
3317.631	12431
3319.38	12440
3321.13	12470
3322.88	12530
3324.631	12608
3326.379	12289
3328.126	12376
3329.875	12329
3331.622	12482
3333.371	12401
3335.116	12437
3336.863	12415
3338.609	12284
3340.353	12337
3342.1	12272
3343.845	12285
3345.588	12284
3347.332	12280
3349.074	12349
3350.817	12292
3352.56	12268
3354.303	12190
3356.043	12108
3357.785	12213
3359.525	12154
3361.268	12109
3363.007	12371
3364.745	12114
3366.485	12141
3368.223	12089
3369.962	12183
3371.701	12208
3373.438	12261
3375.174	12150
3376.911	12130
3378.647	12262
3380.384	12189
3382.118	12242
3383.854	12058
3385.588	12276
3387.322	12196
3389.057	12079
3390.79	12308
3392.522	12086
3394.255	11866
3395.987	12148
3397.719	12118
3399.451	12023
3401.181	12141
3402.911	11986
3404.641	12154
3406.371	11827
3408.101	12012
3409.83	12039
3411.558	12096
3413.285	11939
3415.011	12025
3416.739	12057
3418.467	11956
3420.193	11982
3421.919	11972
3423.644	11980
3425.368	11888
3427.094	11886
3428.818	11983
3430.542	12067
3432.264	11825
3433.987	11871
3435.712	11784
3437.434	11701
3439.155	11792
3440.876	11987
3442.596	11897
3444.317	11931
3446.039	11846
3447.757	11592
3449.477	11829
3451.195	11769
3452.914	11785
3454.632	11732
3456.35	11601
3458.067	11748
3459.784	11643
3461.5	11749
3463.216	11481
3464.932	11739
3466.647	11652
3468.362	11571
3470.076	11609
3471.789	11557
3473.505	11644
3475.217	11607
3476.929	11619
3478.641	11412
3480.354	11462
3482.066	11506
3483.777	11613
3485.487	11503
3487.197	11479
3488.908	11448
3490.617	11440
3492.327	11293
3494.035	11346
3495.743	11370
3497.451	11555
3499.158	11379
3500.866	11275
3502.572	11288
3504.278	11416
3505.984	11312
3507.689	11401
3509.396	11344
3511.1	11263
3512.804	11438
3514.508	11369
3516.211	11368
3517.913	11121
3519.616	11251
3521.319	11216
3523.021	11279
3524.722	11184
3526.422	11201
3528.124	11225
3529.824	11295
3531.524	11173
3533.222	11256
3534.921	11256
3536.62	11232
3538.318	11238
3540.016	11133
3541.714	11081
3543.41	11182
3545.107	11080
3546.803	10924
3548.5	11186
3550.194	11054
3551.889	11120
3553.583	11073
3555.279	11193
3556.972	11234
3558.666	11056
3560.358	11226
3562.051	11151
3563.742	11127
3565.435	10976
3567.126	11130
3568.817	11065
3570.507	11081
3572.197	10929
3573.888	11084
3575.577	10980
3577.265	10937
3578.954	11059
3580.642	10982
3582.329	10979
3584.017	10867
3585.704	10983
3587.391	10821
3589.077	10916
3590.762	10757
3592.449	11015
3594.133	10888
3595.817	10876
3597.501	10870
3599.185	10783
3600.869	10761
3602.552	10721
3604.234	10697
3605.916	10711
3607.598	10701
3609.279	10677
3610.961	10758
3612.642	10786
3614.321	10696
3616	10738
3617.68	10720
3619.36	10729
3621.039	10640
3622.716	10628
3624.394	10609
3626.071	10683
3627.748	10488
3629.425	10694
3631.102	10613
3632.778	10557
3634.452	10602
3636.127	10609
3637.803	10524
3639.477	10618
3641.151	10410
3642.823	10526
3644.497	10641
3646.171	10474
3647.842	10547
3649.515	10519
3651.185	10464
3652.857	10637
3654.527	10564
3656.198	10380
3657.868	10346
3659.537	10379
3661.207	10347
3662.875	10365
3664.544	10371
3666.212	10433
3667.879	10317
3669.546	10488
3671.212	10409
3672.88	10424
3674.546	10327
3676.211	10377
3677.875	10382
3679.541	10264
3681.205	10296
3682.87	10281
3684.533	10382
3686.196	10300
3687.859	10200
3689.521	10345
3691.184	10228
3692.845	10305
3694.507	10388
3696.167	10324
3697.827	10331
3699.487	10310
3701.148	10199
3702.808	10265
3704.466	10297
3706.125	10245
3707.783	10205
3709.442	10294
3711.099	10206
3712.757	10190
3714.412	10328
3716.068	10324
3717.725	10219
3719.381	10166
3721.036	10027
3722.689	10185
3724.344	10185
3725.998	10063
3727.652	10164
3729.305	10109
3730.958	10113
3732.61	10170
3734.262	9948
3735.915	10110
3737.565	10059
3739.217	10110
3740.866	10208
3742.516	10186
3744.165	10058
3745.816	9938
3747.464	10040
3749.113	10007
3750.761	10027
3752.409	9976
3754.057	10018
3755.703	10134
3757.35	10042
3758.996	10031
3760.641	9926
3762.289	9993
3763.933	9884
3765.577	9927
3767.222	10051
3768.865	10128
3770.508	9914
3772.152	9869
3773.796	9903
3775.438	9759
3777.079	9780
3778.721	9861
3780.363	9802
3782.003	9972
3783.643	9865
3785.283	9830
3786.923	9790
3788.563	9812
3790.203	9790
3791.841	9818
3793.479	9856
3795.115	9697
3796.753	9780
3798.391	9713
3800.027	9767
3801.664	9846
3803.299	9754
3804.935	9789
3806.571	9838
3808.206	9701
3809.839	9721
3811.473	9752
3813.107	9684
3814.74	9759
3816.375	9617
3818.006	9744
3819.638	9696
3821.27	9709
3822.9	9544
3824.532	9687
3826.163	9667
3827.792	9633
3829.423	9427
3831.051	9547
3832.682	9421
3834.311	9438
3835.938	9554
3837.566	9452
3839.193	9454
3840.821	9420
3842.448	9403
3844.075	9622
3845.7	9509
3847.325	9460
3848.951	9389
3850.576	9493
3852.201	9472
3853.825	9467
3855.448	9464
3857.072	9376
3858.694	9333
3860.318	9507
3861.939	9341
3863.562	9460
3865.183	9468
3866.804	9200
3868.426	9305
3870.045	9380
3871.666	9269
3873.285	9442
3874.904	9245
3876.524	9283
3878.142	9182
3879.76	9284
3881.378	9321
3882.995	9326
3884.612	9377
3886.229	9419
3887.845	9266
3889.461	9299
3891.076	9168
3892.691	9305
3894.307	9251
3895.922	9193
3897.536	9230
3899.149	9298
3900.761	9191
3902.374	9165
3903.988	9289
3905.6	9386
3907.212	9298
3908.822	9346
3910.433	9125
3912.045	9180
3913.655	9248
3915.265	9097
3916.875	9268
3918.483	9186
3920.093	9091
3921.702	9184
3923.309	9010
3924.917	9109
3926.523	9069
3928.13	9131
3929.739	9181
3931.344	9277
3932.95	9124
3934.555	9250
3936.159	9140
3937.766	9090
3939.369	9131
3940.974	9151
3942.577	9149
3944.181	9121
3945.783	9134
3947.386	8967
3948.989	9085
3950.59	9078
3952.191	8825
3953.791	9040
3955.394	9130
3956.994	8947
3958.593	9059
3960.192	8962
3961.791	9027
3963.392	8948
3964.99	8896
3966.588	9024
3968.185	8962
3969.782	8980
3971.379	8953
3972.976	8951
3974.572	8913
3976.168	8834
3977.763	9047
3979.358	8873
3980.954	8797
3982.548	8923
3984.142	8652
3985.736	8810
3987.329	8879
3988.922	8663
3990.516	8664
3992.108	8697
3993.698	8773
3995.29	8896
3996.881	8721
3998.473	8784
4000.064	8719
4001.653	8747
4003.242	8731
4004.832	8698
4006.422	8705
4008.01	8608
4009.598	8721
4011.186	8612
4012.773	8639
4014.36	8630
4015.947	8529
4017.534	8654
4019.119	8557
4020.705	8519
4022.291	8552
4023.876	8528
4025.461	8560
4027.044	8663
4028.627	8522
4030.211	8472
4031.795	8458
4033.378	8625
4034.96	8325
4036.542	8387
4038.124	8291
4039.704	8443
4041.286	8432
4042.867	8359
4044.447	8444
4046.026	8545
4047.606	8410
4049.187	8476
4050.765	8440
4052.343	8303
4053.92	8253
4055.498	8468
4057.076	8406
4058.654	8401
4060.23	8307
4061.806	8400
4063.381	8304
4064.957	8269
4066.533	8203
4068.107	8304
4069.682	8353
4071.256	8309
4072.829	8269
4074.404	8314
4075.977	8291
4077.549	8271
4079.121	8196
4080.693	8135
4082.265	8211
4083.836	8202
4085.407	8303
4086.977	8088
4088.547	8136
4090.117	8240
4091.687	8283
4093.256	8339
4094.825	8135
4096.392	8133
4097.96	8142
4099.528	8194
4101.097	8232
4102.663	8160
4104.229	8166
4105.795	8085
4107.361	8133
4108.928	8182
4110.493	8084
4112.058	8267
4113.621	7931
4115.186	8115
4116.75	8229
4118.313	8077
4119.876	8017
4121.438	7998
4123	8112
4124.562	8064
4126.125	8128
4127.686	8047
4129.246	7951
4130.807	7948
4132.367	7888
4133.927	8002
4135.486	7981
4137.046	7949
4138.604	7917
4140.162	7842
4141.72	7792
4143.279	7845
4144.836	7837
4146.393	7862
4147.949	7827
4149.505	7764
4151.062	7952
4152.617	7769
4154.172	7785
4155.727	7680
4157.281	7896
4158.836	7815
4160.39	7863
4161.943	7818
4163.496	7735
4165.048	7715
4166.601	7783
4168.154	7759
4169.706	7772
4171.257	7804
4172.808	7695
4174.358	7809
4175.909	7750
4177.458	7683
4179.008	7722
4180.558	7784
4182.106	7691
4183.655	7679
4185.204	7609
4186.751	7658
4188.298	7562
4189.845	7591
4191.392	7619
4192.939	7558
4194.485	7565
4196.031	7578
4197.576	7539
4199.121	7660
4200.666	7543
4202.211	7563
4203.754	7538
4205.298	7412
4206.84	7560
4208.384	7592
4209.927	7527
4211.47	7503
4213.011	7519
4214.552	7513
4216.094	7435
4217.635	7433
4219.175	7372
4220.716	7454
4222.255	7449
4223.793	7566
4225.335	7464
4226.873	7404
4228.411	7486
4229.948	7382
4231.486	7443
4233.024	7359
4234.562	7531
4236.098	7459
4237.634	7331
4239.169	7430
4240.705	7321
4242.241	7427
4243.776	7349
4245.31	7448
4246.844	7366
4248.378	7236
4249.911	7314
4251.445	7334
4252.978	7253
4254.51	7339
4256.042	7238
4257.574	7397
4259.107	7291
4260.638	7299
4262.169	7368
4263.699	7332
4265.228	7297
4266.759	7352
4268.289	7241
4269.818	7272
4271.345	7333
4272.874	7261
4274.402	7293
4275.931	7294
4277.458	7312
4278.985	7179
4280.512	7250
4282.037	7192
4283.564	7208
4285.089	7229
4286.615	7206
4288.139	7297
4289.664	7080
4291.187	7231
4292.712	7041
4294.235	7196
4295.759	7087
4297.281	7311
4298.804	7133
4300.327	7184
4301.849	7164
4303.37	6972
4304.891	7033
4306.412	7077
4307.933	7115
4309.453	7133
4310.973	7113
4312.492	7071
