398.1873	6181
400.7097	5962
403.2336	6194
405.7547	6063
408.2751	6191
410.7948	6232
413.3138	6347
415.83	6240
418.3497	6354
420.8666	6268
423.3829	6400
425.8985	6435
428.4133	6408
430.9275	6465
433.441	6471
435.9538	6490
438.4639	6433
440.9753	6470
443.4881	6618
445.9982	6606
448.5055	6525
451.0142	6527
453.5201	6471
456.0274	6631
458.5361	6572
461.04	6521
463.5453	6560
466.0478	6398
468.5517	6574
471.0549	6445
473.5574	6714
476.0572	6580
478.5584	6571
481.0568	6621
483.5545	6582
486.0557	6626
488.5521	6622
491.0478	6599
493.5449	6714
496.0392	6765
498.5349	6680
501.0299	6740
503.5222	6768
506.0139	6727
508.5048	6770
510.9991	6799
513.4887	6812
515.9777	6898
518.4659	6754
520.9534	6846
523.4403	6785
525.9306	6856
528.4161	6916
530.9009	6797
533.3851	6826
535.8687	6873
538.3535	6740
540.8356	6810
543.3171	6871
545.7979	6835
548.278	6844
550.7595	6864
553.2383	7011
555.7144	6860
558.1918	6947
560.6685	6925
563.1446	6908
565.6221	6892
568.0968	6975
570.5688	6975
573.0422	7216
575.515	7093
577.989	7034
580.4584	7068
582.9291	7019
585.3991	7232
587.8685	7085
590.3352	7046
592.8052	7192
595.2706	7117
597.7372	7170
600.2033	7082
602.6666	7018
605.1334	7003
607.5953	7072
610.0587	7152
612.5193	7070
614.9814	7146
617.4427	7093
619.9034	7038
622.3615	7132
624.8208	7023
627.2775	6960
629.7335	7011
632.1929	7048
634.6476	7087
637.1016	6976
639.5569	7138
642.0096	6989
644.4637	7140
646.9151	7032
649.3678	7163
651.8179	7130
654.2672	7215
656.7159	7119
659.166	7263
661.6154	7135
664.0622	7217
666.5082	7112
668.9537	7273
671.4005	7275
673.8445	7337
676.288	7320
678.7308	7382
681.1729	7317
683.6163	7323
686.0572	7283
688.4973	7334
690.9368	7237
693.3757	7186
695.8138	7358
698.2534	7273
700.6902	7444
703.1245	7409
705.56	7381
707.9949	7416
710.4311	7488
712.8647	7379
715.2957	7496
717.7279	7503
720.1595	7579
722.5905	7508
725.0208	7389
727.4505	7544
729.8795	7550
732.3058	7583
734.7336	7504
737.1626	7612
739.587	7572
742.0128	7754
744.4359	7645
746.8604	7757
749.2841	7674
751.7073	7693
754.1278	7626
756.5496	7775
758.9688	7830
761.3893	7885
763.8093	7880
766.2285	7952
768.6451	7897
771.0611	7757
773.4784	7773
775.895	7925
778.3091	7837
780.7244	8058
783.1371	7946
785.5493	7935
787.9626	7867
790.3754	7828
792.7856	7860
795.1951	7856
797.6039	7909
800.0121	7874
802.4236	7823
804.8306	7882
807.2369	7800
809.6425	7893
812.0475	7917
814.4538	8080
816.8575	8002
819.2606	7993
821.663	7928
824.0648	7941
826.4659	8009
828.8683	7896
831.2682	8070
833.6674	8041
836.066	7932
838.4639	7918
840.8632	8119
843.2579	7980
845.6539	8053
848.0493	8114
850.444	8152
852.84	8050
855.2315	8061
857.6243	8176
860.0165	8064
862.4081	8153
864.797	8050
867.1892	8079
869.5789	7937
871.9659	8137
874.3542	8253
876.74	8163
879.129	7999
881.5155	8035
883.8994	8096
886.2845	7981
888.6671	7975
891.051	8027
893.4343	7969
895.8169	8099
898.197	7971
900.5783	8171
902.9571	8104
905.3372	8271
907.7167	8133
910.0936	8083
912.4698	8250
914.8474	8278
917.2244	8179
919.5987	8214
921.9744	8320
924.3475	8410
926.72	8413
929.0918	8341
931.4669	8421
933.8375	8536
936.2074	8362
938.5767	8664
940.9454	8550
943.3154	8692
945.6829	8730
948.0497	8935
950.4178	8992
952.7833	9285
955.1483	9446
957.5145	9646
959.8782	9679
962.2412	9847
964.6036	9581
966.9655	9373
969.3266	9063
971.6871	8833
974.0471	8579
976.4064	8719
978.765	8507
981.125	8465
983.4824	8293
985.8373	8291
988.1935	8412
990.549	8279
992.9039	8311
995.2602	8307
997.6119	8315
999.965	8395
1002.317	8398
1004.667	8334
1007.02	8312
1009.371	8242
1011.719	8370
1014.068	8335
1016.415	8386
1018.765	8461
1021.111	8541
1023.458	8437
1025.804	8445
1028.147	8569
1030.49	8445
1032.837	8471
1035.179	8494
1037.522	8521
1039.862	8446
1042.204	8570
1044.546	8449
1046.884	8551
1049.224	8458
1051.562	8531
1053.899	8750
1056.237	8506
1058.575	8556
1060.91	8631
1063.244	8601
1065.58	8698
1067.913	8791
1070.248	8574
1072.579	8776
1074.911	8645
1077.242	8694
1079.572	8676
1081.905	8579
1084.234	8587
1086.562	8584
1088.89	8550
1091.217	8404
1093.544	8690
1095.871	8580
1098.197	8664
1100.521	8597
1102.845	8558
1105.169	8487
1107.491	8483
1109.814	8524
1112.135	8600
1114.456	8553
1116.776	8593
1119.096	8597
1121.415	8703
1123.734	8622
1126.052	8653
1128.369	8603
1130.686	8679
1133.002	8551
1135.318	8514
1137.632	8483
1139.945	8680
1142.258	8561
1144.573	8720
1146.884	8645
1149.196	8586
1151.505	8605
1153.816	8523
1156.124	8634
1158.435	8639
1160.742	8780
1163.051	8515
1165.356	8692
1167.663	8607
1169.97	8539
1172.276	8563
1174.579	8624
1176.881	8734
1179.186	8848
1181.487	8516
1183.79	8706
1186.092	8668
1188.392	8536
1190.691	8603
1192.991	8595
1195.291	8515
1197.588	8835
1199.885	8735
1202.181	8670
1204.479	8661
1206.775	8698
1209.07	8560
1211.363	8727
1213.656	8721
1215.949	8637
1218.241	8654
1220.534	8652
1222.825	8769
1225.115	8829
1227.405	8848
1229.693	8796
1231.984	8743
1234.271	8807
1236.558	8859
1238.845	8984
1241.131	8866
1243.416	8992
1245.703	8869
1247.987	8901
1250.269	9059
1252.552	9008
1254.834	9069
1257.118	8871
1259.399	8946
1261.678	9032
1263.958	8967
1266.237	8915
1268.516	8908
1270.794	8950
1273.072	9027
1275.347	8782
1277.624	8887
1279.899	8951
1282.175	8973
1284.449	8984
1286.722	8808
1288.995	8765
1291.266	8961
1293.54	8792
1295.81	8918
1298.081	8909
1300.35	8757
1302.62	8841
1304.889	8852
1307.156	8788
1309.425	8787
1311.69	8771
1313.957	8794
1316.222	9020
1318.488	8856
1320.751	8886
1323.016	8862
1325.278	8975
1327.54	8827
1329.803	8936
1332.065	8866
1334.325	8906
1336.584	8905
1338.843	8925
1341.101	8826
1343.36	8965
1345.617	8880
1347.876	8964
1350.131	8820
1352.387	8867
1354.643	8994
1356.897	8947
1359.151	8943
1361.403	8807
1363.656	9026
1365.909	8896
1368.16	8870
1370.409	8861
1372.659	8837
1374.909	8863
1377.157	8912
1379.407	8886
1381.655	9032
1383.9	9026
1386.147	8981
1388.393	9052
1390.64	8918
1392.885	8962
1395.127	9061
1397.37	8979
1399.614	9116
1401.854	8907
1404.098	9108
1406.339	8973
1408.578	9008
1410.818	9125
1413.056	9122
1415.297	9071
1417.533	9232
1419.771	9162
1422.006	9142
1424.243	9205
1426.479	8971
1428.715	9120
1430.948	9281
1433.182	9015
1435.414	9209
1437.647	9105
1439.88	9274
1442.11	9181
1444.342	9168
1446.571	9220
1448.799	9162
1451.029	9355
1453.258	9316
1455.485	9366
1457.711	9217
1459.937	9203
1462.164	9382
1464.39	9227
1466.614	9158
1468.838	9281
1471.06	9196
1473.283	9008
1475.506	9112
1477.727	9194
1479.949	8881
1482.169	9131
1484.389	9061
1486.609	9105
1488.828	8923
1491.045	9071
1493.261	9117
1495.477	9080
1497.693	9054
1499.91	8874
1502.125	9053
1504.339	8915
1506.553	8971
1508.766	9014
1510.979	8841
1513.191	9008
1515.402	8933
1517.613	8880
1519.823	9084
1522.033	9011
1524.242	9057
1526.451	8925
1528.657	8918
1530.865	8858
1533.072	8971
1535.278	8951
1537.484	9020
1539.687	8972
1541.892	9058
1544.096	8985
1546.299	9024
1548.502	9101
1550.703	8957
1552.905	9135
1555.104	8974
1557.303	9186
1559.505	9146
1561.703	9043
1563.902	9114
1566.099	9051
1568.295	9232
1570.494	9245
1572.689	9083
1574.883	9154
1577.079	9268
1579.272	9195
1581.467	9260
1583.659	9287
1585.853	9221
1588.044	9287
1590.234	9315
1592.424	9201
1594.615	9268
1596.806	9310
1598.994	9365
1601.182	9408
1603.369	9310
1605.557	9323
1607.744	9240
1609.929	9333
1612.114	9196
1614.298	9439
1616.482	9374
1618.667	9181
1620.85	9373
1623.032	9438
1625.214	9245
1627.395	9303
1629.575	9366
1631.755	9405
1633.935	9473
1636.114	9333
1638.292	9259
1640.471	9478
1642.647	9291
1644.823	9458
1647	9455
1649.175	9388
1651.348	9301
1653.525	9507
1655.698	9382
1657.87	9573
1660.043	9479
1662.213	9472
1664.387	9331
1666.558	9642
1668.727	9546
1670.896	9492
1673.064	9413
1675.233	9433
1677.401	9495
1679.569	9475
1681.735	9428
1683.902	9393
1686.066	9549
1688.233	9421
1690.397	9363
1692.559	9416
1694.723	9519
1696.885	9458
1699.048	9474
1701.21	9524
1703.37	9258
1705.53	9348
1707.689	9434
1709.849	9313
1712.009	9248
1714.166	9297
1716.323	9378
1718.479	9317
1720.634	9336
1722.793	9344
1724.948	9260
1727.102	9310
1729.255	9473
1731.408	9372
1733.562	9359
1735.714	9346
1737.865	9262
1740.016	9379
1742.166	9321
1744.316	9315
1746.467	9413
1748.616	9478
1750.764	9327
1752.911	9530
1755.056	9475
1757.205	9358
1759.35	9531
1761.496	9428
1763.641	9376
1765.785	9380
1767.927	9496
1770.072	9538
1772.214	9468
1774.355	9416
1776.496	9340
1778.637	9419
1780.778	9322
1782.918	9400
1785.057	9585
1787.194	9483
1789.333	9409
1791.472	9490
1793.608	9483
1795.745	9301
1797.879	9473
1800.015	9471
1802.148	9518
1804.284	9353
1806.417	9551
1808.548	9418
1810.682	9535
1812.812	9547
1814.946	9541
1817.075	9545
1819.205	9620
1821.335	9379
1823.463	9450
1825.59	9446
1827.721	9527
1829.847	9298
1831.973	9480
1834.098	9390
1836.223	9357
1838.351	9579
1840.475	9388
1842.598	9346
1844.721	9381
1846.843	9269
1848.966	9371
1851.087	9434
1853.21	9426
1855.33	9416
1857.449	9359
1859.568	9415
1861.688	9462
1863.806	9419
1865.924	9367
1868.039	9454
1870.155	9339
1872.273	9264
1874.388	9285
1876.503	9394
1878.617	9497
1880.73	9274
1882.844	9457
1884.956	9460
1887.068	9464
1889.18	9500
1891.291	9416
1893.4	9517
1895.511	9514
1897.621	9405
1899.73	9551
1901.837	9336
1903.944	9652
1906.053	9419
1908.159	9423
1910.265	9481
1912.369	9511
1914.474	9450
1916.577	9521
1918.683	9608
1920.785	9569
1922.888	9572
1924.989	9636
1927.091	9526
1929.193	9522
1931.294	9601
1933.393	9473
1935.493	9446
1937.59	9643
1939.689	9542
1941.788	9551
1943.884	9460
1945.98	9576
1948.077	9659
1950.171	9608
1952.267	9696
1954.361	9588
1956.455	9594
1958.548	9522
1960.64	9545
1962.733	9415
1964.824	9363
1966.915	9547
1969.005	9577
1971.096	9555
1973.185	9467
1975.275	9433
1977.363	9537
1979.45	9396
1981.537	9389
1983.623	9620
1985.711	9569
1987.796	9405
1989.881	9416
1991.965	9480
1994.047	9461
1996.132	9476
1998.215	9501
2000.297	9552
2002.378	9501
2004.46	9462
2006.54	9565
2008.62	9505
2010.7	9430
2012.779	9598
2014.858	9437
2016.934	9472
2019.013	9344
2021.09	9492
2023.165	9298
2025.241	9470
2027.317	9389
2029.39	9328
2031.466	9447
2033.538	9395
2035.612	9450
2037.683	9423
2039.755	9361
2041.827	9482
2043.898	9447
2045.968	9471
2048.038	9416
2050.106	9426
2052.177	9468
2054.244	9502
2056.313	9504
2058.379	9433
2060.444	9469
2062.511	9552
2064.577	9435
2066.641	9475
2068.705	9507
2070.77	9449
2072.832	9443
2074.896	9561
2076.958	9504
2079.02	9445
2081.081	9547
2083.141	9435
2085.2	9676
2087.261	9702
2089.319	9429
2091.377	9556
2093.435	9627
2095.492	9481
2097.552	9536
2099.607	9528
2101.663	9619
2103.718	9541
2105.771	9543
2107.826	9534
2109.879	9492
2111.932	9596
2113.985	9527
2116.037	9416
2118.088	9541
2120.141	9551
2122.191	9526
2124.239	9475
2126.288	9552
2128.337	9483
2130.387	9441
2132.434	9547
2134.481	9470
2136.528	9499
2138.574	9461
2140.618	9511
2142.665	9394
2144.71	9504
2146.753	9524
2148.797	9402
2150.838	9533
2152.883	9552
2154.923	9474
2156.965	9469
2159.007	9438
2161.046	9503
2163.086	9453
2165.126	9340
2167.163	9419
2169.202	9633
2171.239	9504
2173.277	9485
2175.314	9344
2177.349	9333
2179.385	9367
2181.42	9429
2183.453	9344
2185.49	9352
2187.522	9230
2189.555	9456
2191.586	9525
2193.619	9432
2195.651	9345
2197.682	9357
2199.711	9399
2201.74	9398
2203.769	9381
2205.799	9317
2207.828	9407
2209.855	9153
2211.882	9305
2213.908	9275
2215.934	9362
2217.961	9323
2219.986	9151
2222.01	9294
2224.034	9261
2226.057	9218
2228.08	9230
2230.104	9230
2232.124	9346
2234.145	9344
2236.166	9155
2238.186	9215
2240.207	9283
2242.227	9378
2244.244	9110
2246.262	9233
2248.28	9314
2250.299	9221
2252.314	9377
2254.33	9283
2256.346	9491
2258.36	9350
2260.375	9386
2262.391	9362
2264.403	9124
2266.416	9392
2268.427	9327
2270.44	9320
2272.453	9337
2274.463	9192
2276.474	9181
2278.483	9153
2280.493	9315
2282.501	9358
2284.51	9213
2286.518	9316
2288.524	9333
2290.532	9323
2292.537	9115
2294.544	9284
2296.55	9406
2298.554	9295
2300.557	9279
2302.562	9258
2304.566	9464
2306.568	9278
2308.569	9283
2310.572	9326
2312.573	9054
2314.573	9297
2316.574	9273
2318.573	9301
2320.571	9344
2322.571	9202
2324.569	8994
2326.567	9174
2328.564	9265
2330.56	9254
2332.556	9179
2334.551	9081
2336.546	9148
2338.542	9184
2340.535	9211
2342.529	9184
2344.521	9172
2346.512	9261
2348.505	9126
2350.497	9028
2352.487	9207
2354.478	9129
2356.468	9275
2358.457	9091
2360.446	9024
2362.434	9160
2364.422	9047
2366.408	9092
2368.395	9200
2370.383	9117
2372.369	9032
2374.353	9144
2376.338	9083
2378.321	9012
2380.307	9059
2382.29	8978
2384.272	9166
2386.254	9070
2388.235	9072
2390.218	9087
2392.198	8892
2394.179	9008
2396.157	9033
2398.137	9099
2400.115	9134
2402.095	9068
2404.072	9117
2406.048	9047
2408.026	8890
2410.001	8947
2411.977	8975
2413.953	8919
2415.927	8934
2417.9	9016
2419.875	9054
2421.847	8910
2423.821	9069
2425.792	8907
2427.763	9023
2429.736	8988
2431.706	9089
2433.677	8977
2435.646	9088
2437.615	9146
2439.583	8972
2441.551	9043
2443.519	8969
2445.486	8992
2447.452	9015
2449.418	8955
2451.383	9106
2453.348	8820
2455.314	9186
2457.278	9020
2459.241	8992
2461.205	9035
2463.167	8899
2465.131	9044
2467.091	8950
2469.052	8961
2471.012	8948
2472.972	9049
2474.932	8777
2476.891	8953
2478.85	8976
2480.808	8893
2482.766	8940
2484.722	8924
2486.68	8972
2488.636	8929
2490.591	8742
2492.546	8891
2494.5	8802
2496.456	8824
2498.41	8903
2500.362	8925
2502.315	8910
2504.266	8949
2506.218	8886
2508.169	8703
2510.121	8771
2512.07	8955
2514.019	8768
2515.968	8837
2517.918	8849
2519.866	8656
2521.813	8835
2523.76	8837
2525.707	8920
2527.653	8930
2529.599	8901
2531.543	8867
2533.489	8851
2535.433	8751
2537.376	8717
2539.32	8956
2541.264	8872
2543.205	8763
2545.147	8842
2547.087	8752
2549.029	8933
2550.969	8813
2552.908	8821
2554.847	8881
2556.786	8901
2558.724	8903
2560.663	8837
2562.6	8808
2564.537	8813
2566.473	8763
2568.408	8883
2570.345	8847
2572.28	8797
2574.214	8888
2576.148	9018
2578.081	8888
2580.014	8903
2581.947	8921
2583.879	8895
2585.81	8803
2587.741	8895
2589.67	8764
2591.602	8784
2593.532	8896
2595.461	8906
2597.388	8818
2599.316	8873
2601.244	8771
2603.172	8849
2605.098	8955
2607.023	8885
2608.949	8917
2610.873	8750
2612.8	8868
2614.723	8889
2616.647	8841
2618.569	8929
2620.493	8903
2622.416	8867
2624.338	8990
2626.258	8921
2628.179	8930
2630.099	8988
2632.019	8947
2633.939	9014
2635.857	8875
2637.775	8843
2639.694	8869
2641.61	8831
2643.528	8886
2645.444	8917
2647.361	8832
2649.276	8823
2651.19	8975
2653.105	8885
2655.019	8737
2656.934	8934
2658.846	8834
2660.758	8942
2662.67	8795
2664.583	9006
2666.493	8994
2668.404	8915
2670.313	8827
2672.223	8888
2674.134	8803
2676.042	8728
2677.95	8961
2679.858	8744
2681.765	8883
2683.673	8805
2685.579	8779
2687.483	8973
2689.389	8795
2691.294	8824
2693.198	8785
2695.104	8677
2697.006	8802
2698.909	8728
2700.811	8768
2702.713	8770
2704.615	8759
2706.516	8645
2708.417	8936
2710.316	8703
2712.216	8590
2714.115	8819
2716.014	8652
2717.913	8555
2719.81	8599
2721.707	8781
2723.603	8844
2725.501	8711
2727.396	8701
2729.292	8741
2731.186	8741
2733.081	8673
2734.976	8579
2736.87	8769
2738.762	8683
2740.653	8661
2742.546	8718
2744.437	8659
2746.329	8711
2748.22	8669
2750.11	8708
2751.999	8686
2753.889	8652
2755.778	8697
2757.666	8541
2759.553	8681
2761.44	8694
2763.328	8592
2765.215	8812
2767.101	8580
2768.986	8655
2770.87	8708
2772.754	8621
2774.638	8611
2776.523	8666
2778.405	8542
2780.288	8875
2782.17	8719
2784.051	8492
2785.934	8630
2787.814	8565
2789.694	8661
2791.574	8562
2793.453	8680
2795.332	8664
2797.212	8624
2799.088	8659
2800.966	8651
2802.843	8650
2804.719	8713
2806.597	8646
2808.471	8548
2810.346	8699
2812.221	8651
2814.094	8638
2815.969	8601
2817.843	8566
2819.714	8524
2821.587	8564
2823.459	8495
2825.329	8577
2827.202	8657
2829.072	8450
2830.942	8500
2832.811	8555
2834.68	8582
2836.549	8526
2838.418	8650
2840.284	8611
2842.152	8583
2844.018	8708
2845.885	8650
2847.751	8554
2849.616	8590
2851.482	8617
2853.345	8441
2855.208	8602
2857.074	8615
2858.937	8495
2860.799	8728
2862.66	8599
2864.522	8752
2866.385	8782
2868.245	8712
2870.104	8871
2871.964	8778
2873.824	8876
2875.683	8752
2877.542	8968
2879.4	8954
2881.257	8965
2883.114	8912
2884.97	9056
2886.827	8906
2888.683	8881
2890.537	8991
2892.392	9070
2894.246	8921
2896.1	8937
2897.954	9001
2899.807	8929
2901.66	8933
2903.51	9003
2905.362	8945
2907.214	9019
2909.065	8972
2910.915	9112
2912.765	9034
2914.613	9043
2916.463	9211
2918.311	9069
2920.158	9144
2922.006	9135
2923.853	9286
2925.698	9382
2927.546	9306
2929.392	9390
2931.236	9419
2933.081	9513
2934.924	9568
2936.77	9515
2938.613	9539
2940.455	9721
2942.298	9641
2944.139	9618
2945.982	9685
2947.823	9484
2949.662	9447
2951.503	9585
2953.342	9321
2955.182	9406
2957.021	9297
2958.858	9414
2960.697	9380
2962.534	9254
2964.37	9309
2966.207	9081
2968.044	9065
2969.879	9067
2971.714	9078
2973.548	8997
2975.383	8981
2977.218	9010
2979.051	9065
2980.883	8918
2982.715	8924
2984.547	8904
2986.379	9013
2988.21	8843
2990.04	8887
2991.87	8859
2993.7	8836
2995.53	8736
2997.359	8752
2999.187	8768
3001.015	8703
3002.842	8654
3004.669	8422
3006.497	8633
3008.323	8548
3010.148	8535
3011.974	8304
3013.797	8317
3015.623	8346
3017.447	8324
3019.27	8276
3021.094	8224
3022.915	8291
3024.737	8345
3026.56	8036
3028.38	8205
3030.201	8234
3032.022	8256
3033.84	8182
3035.662	8138
3037.481	8238
3039.298	8307
3041.117	8328
3042.933	8108
3044.752	8114
3046.568	8109
3048.385	8160
3050.2	8106
3052.016	8069
3053.83	8104
3055.646	8239
3057.46	8153
3059.272	8195
3061.086	8130
3062.898	8139
3064.711	8049
3066.524	8082
3068.335	8077
3070.145	8071
3071.956	8200
3073.766	8065
3075.576	8001
3077.385	8114
3079.193	8009
3081.002	8001
3082.81	7969
3084.618	7990
3086.425	7970
3088.231	8119
3090.036	7955
3091.842	8072
3093.648	7887
3095.452	7981
3097.257	7855
3099.06	7978
3100.863	8052
3102.666	7941
3104.47	8021
3106.272	7872
3108.073	7881
3109.875	7866
3111.676	7917
3113.477	7745
3115.277	7920
3117.077	7884
3118.874	7812
3120.673	8016
3122.473	7773
3124.271	7757
3126.066	7800
3127.863	7857
3129.66	7869
3131.456	7776
3133.252	7820
3135.047	7676
3136.842	7920
3138.635	7731
3140.429	7842
3142.223	7754
3144.016	7755
3145.808	7745
3147.6	7735
3149.392	7758
3151.183	7699
3152.975	7772
3154.765	7618
3156.553	7808
3158.344	7759
3160.132	7570
3161.922	7648
3163.71	7783
3165.497	7722
3167.285	7641
3169.071	7803
3170.858	7684
3172.645	7602
3174.429	7764
3176.214	7579
3177.998	7695
3179.783	7666
3181.568	7659
3183.351	7494
3185.133	7634
3186.915	7618
3188.698	7681
3190.481	7419
3192.261	7534
3194.042	7668
3195.822	7575
3197.601	7598
3199.381	7588
3201.161	7562
3202.939	7700
3204.717	7613
3206.495	7804
3208.272	7592
3210.05	7567
3211.826	7610
3213.602	7603
3215.376	7457
3217.151	7680
3218.927	7640
3220.702	7603
3222.476	7514
3224.249	7491
3226.021	7586
3227.793	7638
3229.567	7559
3231.339	7446
3233.109	7544
3234.88	7471
3236.651	7626
3238.421	7557
3240.191	7530
3241.96	7594
3243.728	7501
3245.497	7509
3247.263	7490
3249.033	7583
3250.799	7424
3252.566	7590
3254.331	7520
3256.097	7541
3257.863	7410
3259.628	7448
3261.392	7517
3263.156	7463
3264.919	7581
3266.683	7589
3268.447	7490
3270.208	7468
3271.969	7538
3273.731	7525
3275.492	7563
3277.253	7561
3279.013	7560
3280.773	7567
3282.532	7523
3284.291	7447
3286.05	7567
3287.808	7561
3289.566	7645
3291.323	7393
3293.079	7450
3294.835	7490
3296.593	7538
3298.348	7456
3300.102	7507
3301.857	7548
3303.611	7575
3305.366	7632
3307.119	7458
3308.872	7520
3310.624	7495
3312.376	7379
3314.129	7442
3315.881	7457
3317.631	7565
3319.38	7428
3321.13	7589
3322.88	7550
3324.631	7263
3326.379	7462
3328.126	7581
3329.875	7348
3331.622	7434
3333.371	7460
3335.116	7433
3336.863	7346
3338.609	7410
3340.353	7418
3342.1	7394
3343.845	7332
3345.588	7479
3347.332	7507
3349.074	7398
3350.817	7501
3352.56	7362
3354.303	7335
3356.043	7272
3357.785	7393
3359.525	7331
3361.268	7303
3363.007	7315
3364.745	7337
3366.485	7325
3368.223	7340
3369.962	7287
3371.701	7259
3373.438	7297
3375.174	7358
3376.911	7287
3378.647	7285
3380.384	7241
3382.118	7276
3383.854	7214
3385.588	7208
3387.322	7224
3389.057	7398
3390.79	7167
3392.522	7183
3394.255	7218
3395.987	7279
3397.719	7316
3399.451	7179
3401.181	7447
3402.911	7258
3404.641	7357
3406.371	7191
3408.101	7167
3409.83	7314
3411.558	7265
3413.285	7298
3415.011	7179
3416.739	7224
3418.467	7151
3420.193	7139
3421.919	7230
3423.644	7161
3425.368	7141
3427.094	7198
3428.818	7258
3430.542	7208
3432.264	7010
3433.987	7211
3435.712	7192
3437.434	7253
3439.155	7203
3440.876	7229
3442.596	7062
3444.317	7102
3446.039	7101
3447.757	7047
3449.477	7062
3451.195	7149
3452.914	7261
3454.632	7090
3456.35	7132
3458.067	7048
3459.784	6958
3461.5	7053
3463.216	6911
3464.932	7009
3466.647	6997
3468.362	6809
3470.076	6944
3471.789	6992
3473.505	6938
3475.217	6906
3476.929	7036
3478.641	6953
3480.354	6967
3482.066	6887
3483.777	7038
3485.487	6984
3487.197	6962
3488.908	6918
3490.617	6849
3492.327	6843
3494.035	6919
3495.743	6874
3497.451	6856
3499.158	6834
3500.866	6855
3502.572	6934
3504.278	6879
3505.984	6931
3507.689	6889
3509.396	6942
3511.1	6821
3512.804	6721
3514.508	6767
3516.211	6827
3517.913	6727
3519.616	6669
3521.319	6738
3523.021	6806
3524.722	6711
3526.422	6749
3528.124	6757
3529.824	6833
3531.524	6679
3533.222	6758
3534.921	6749
3536.62	6783
3538.318	6737
3540.016	6608
3541.714	6715
3543.41	6674
3545.107	6730
3546.803	6644
3548.5	6710
3550.194	6656
3551.889	6725
3553.583	6640
3555.279	6709
3556.972	6722
3558.666	6602
3560.358	6729
3562.051	6648
3563.742	6507
3565.435	6618
3567.126	6733
3568.817	6567
3570.507	6620
3572.197	6589
3573.888	6490
3575.577	6654
3577.265	6601
3578.954	6689
3580.642	6571
3582.329	6585
3584.017	6589
3585.704	6602
3587.391	6595
3589.077	6599
3590.762	6403
3592.449	6609
3594.133	6492
3595.817	6496
3597.501	6455
3599.185	6560
3600.869	6577
3602.552	6502
3604.234	6489
3605.916	6496
3607.598	6575
3609.279	6496
3610.961	6497
3612.642	6398
3614.321	6424
3616	6271
3617.68	6404
3619.36	6362
3621.039	6380
3622.716	6317
3624.394	6282
3626.071	6348
3627.748	6413
3629.425	6450
3631.102	6405
3632.778	6369
3634.452	6343
3636.127	6465
3637.803	6349
3639.477	6325
3641.151	6298
3642.823	6195
3644.497	6255
3646.171	6294
3647.842	6264
3649.515	6362
3651.185	6198
3652.857	6268
3654.527	6272
3656.198	6191
3657.868	6285
3659.537	6226
3661.207	6357
3662.875	6168
3664.544	6188
3666.212	6108
3667.879	6167
3669.546	6153
3671.212	6248
3672.88	6174
3674.546	6310
3676.211	6329
3677.875	6212
3679.541	6195
3681.205	6188
3682.87	6190
3684.533	6112
3686.196	6174
3687.859	6229
3689.521	6227
3691.184	6147
3692.845	6043
3694.507	6123
3696.167	6230
3697.827	6024
3699.487	6262
3701.148	6209
3702.808	6157
3704.466	6163
3706.125	6127
3707.783	6028
3709.442	6144
3711.099	6093
3712.757	6199
3714.412	6112
3716.068	6133
3717.725	6131
3719.381	6169
3721.036	6132
3722.689	6014
3724.344	6050
3725.998	6055
3727.652	6089
3729.305	6147
3730.958	6018
3732.61	6072
3734.262	6028
3735.915	6022
3737.565	6016
3739.217	6008
3740.866	5990
3742.516	6076
3744.165	6200
3745.816	5981
3747.464	5972
3749.113	6100
3750.761	5892
3752.409	6032
3754.057	5866
3755.703	5894
3757.35	5930
3758.996	5956
3760.641	5946
3762.289	6043
3763.933	5955
3765.577	5930
3767.222	5890
3768.865	5947
3770.508	5956
3772.152	5999
3773.796	5875
3775.438	6071
3777.079	5927
3778.721	5967
3780.363	5931
3782.003	5869
3783.643	5884
3785.283	5948
3786.923	5948
3788.563	5836
3790.203	5921
3791.841	5834
3793.479	5946
3795.115	5903
3796.753	5823
3798.391	5811
3800.027	5759
3801.664	5763
3803.299	5777
3804.935	5816
3806.571	5840
3808.206	5845
3809.839	5800
3811.473	5813
3813.107	5660
3814.74	5654
3816.375	5730
3818.006	5770
3819.638	5667
3821.27	5886
3822.9	5766
3824.532	5828
3826.163	5761
3827.792	5827
3829.423	5785
3831.051	5657
3832.682	5762
3834.311	5692
3835.938	5749
3837.566	5662
3839.193	5664
3840.821	5685
3842.448	5738
3844.075	5688
3845.7	5779
3847.325	5644
3848.951	5743
3850.576	5756
3852.201	5739
3853.825	5613
3855.448	5698
3857.072	5656
3858.694	5687
3860.318	5662
3861.939	5721
3863.562	5680
3865.183	5606
3866.804	5693
3868.426	5585
3870.045	5638
3871.666	5703
3873.285	5544
3874.904	5575
3876.524	5650
3878.142	5642
3879.76	5679
3881.378	5615
3882.995	5593
3884.612	5603
3886.229	5684
3887.845	5602
3889.461	5608
3891.076	5574
3892.691	5437
3894.307	5564
3895.922	5548
3897.536	5553
3899.149	5581
3900.761	5391
3902.374	5570
3903.988	5578
3905.6	5627
3907.212	5505
3908.822	5587
3910.433	5503
3912.045	5569
3913.655	5526
3915.265	5564
3916.875	5561
3918.483	5616
3920.093	5453
3921.702	5565
3923.309	5515
3924.917	5506
3926.523	5606
3928.13	5496
3929.739	5575
3931.344	5470
3932.95	5468
3934.555	5595
3936.159	5484
3937.766	5447
3939.369	5409
3940.974	5481
3942.577	5572
3944.181	5415
3945.783	5425
3947.386	5443
3948.989	5480
3950.59	5508
3952.191	5292
3953.791	5492
3955.394	5397
3956.994	5409
3958.593	5447
3960.192	5497
3961.791	5406
3963.392	5395
3964.99	5466
3966.588	5328
3968.185	5358
3969.782	5345
3971.379	5350
3972.976	5374
3974.572	5294
3976.168	5397
3977.763	5403
3979.358	5299
3980.954	5382
3982.548	5300
3984.142	5424
3985.736	5324
3987.329	5378
3988.922	5303
3990.516	5403
3992.108	5358
3993.698	5238
3995.29	5237
3996.881	5209
3998.473	5241
4000.064	5224
4001.653	5195
4003.242	5226
4004.832	5233
4006.422	5088
4008.01	5179
4009.598	5204
4011.186	5238
4012.773	5185
4014.36	5199
4015.947	5228
4017.534	5207
4019.119	5104
4020.705	5170
4022.291	5205
4023.876	5126
4025.461	5085
4027.044	5198
4028.627	5200
4030.211	5123
4031.795	5079
4033.378	5100
4034.96	5121
4036.542	5047
4038.124	5116
4039.704	5100
4041.286	5061
4042.867	5031
4044.447	5179
4046.026	5005
4047.606	4997
4049.187	5074
4050.765	5038
4052.343	5100
4053.92	5079
4055.498	5014
4057.076	5069
4058.654	5055
4060.23	4979
4061.806	5083
4063.381	5016
4064.957	5034
4066.533	5008
4068.107	5099
4069.682	5062
4071.256	5061
4072.829	5130
4074.404	5032
4075.977	5091
4077.549	5059
4079.121	4980
4080.693	4998
4082.265	4942
4083.836	5001
4085.407	5016
4086.977	5004
4088.547	4971
4090.117	5013
4091.687	4926
4093.256	4927
4094.825	4903
4096.392	5010
4097.96	5015
4099.528	5085
4101.097	4932
4102.663	4918
4104.229	5018
4105.795	4953
4107.361	5016
4108.928	4982
4110.493	4977
4112.058	4947
4113.621	4929
4115.186	4918
4116.75	4921
4118.313	4922
4119.876	4828
4121.438	4887
4123	4835
4124.562	4847
4126.125	4917
4127.686	4894
4129.246	4946
4130.807	4908
4132.367	4864
4133.927	4830
4135.486	4801
4137.046	4822
4138.604	4858
4140.162	4780
4141.72	4796
4143.279	4739
4144.836	4707
4146.393	4817
4147.949	4731
4149.505	4705
4151.062	4809
4152.617	4764
4154.172	4766
4155.727	4764
4157.281	4746
4158.836	4732
4160.39	4704
4161.943	4669
4163.496	4766
4165.048	4653
4166.601	4610
4168.154	4715
4169.706	4661
4171.257	4696
4172.808	4684
4174.358	4662
4175.909	4789
4177.458	4623
4179.008	4684
4180.558	4615
4182.106	4642
4183.655	4679
4185.204	4583
4186.751	4630
4188.298	4688
4189.845	4633
4191.392	4646
4192.939	4571
4194.485	4605
4196.031	4637
4197.576	4685
4199.121	4565
4200.666	4571
4202.211	4590
4203.754	4506
4205.298	4593
4206.84	4586
4208.384	4489
4209.927	4562
4211.47	4566
4213.011	4499
4214.552	4589
4216.094	4605
4217.635	4470
4219.175	4602
4220.716	4537
4222.255	4568
4223.793	4565
4225.335	4522
4226.873	4603
4228.411	4572
4229.948	4451
4231.486	4508
4233.024	4579
4234.562	4457
4236.098	4543
4237.634	4519
4239.169	4486
4240.705	4467
4242.241	4464
4243.776	4491
4245.31	4496
4246.844	4504
4248.378	4538
4249.911	4532
4251.445	4468
4252.978	4576
4254.51	4460
4256.042	4420
4257.574	4420
4259.107	4473
4260.638	4443
4262.169	4411
4263.699	4506
4265.228	4504
4266.759	4483
4268.289	4419
4269.818	4459
4271.345	4469
4272.874	4457
4274.402	4512
4275.931	4415
4277.458	4417
4278.985	4436
4280.512	4344
4282.037	4408
4283.564	4395
4285.089	4380
4286.615	4293
4288.139	4290
4289.664	4323
4291.187	4349
4292.712	4332
4294.235	4358
4295.759	4414
4297.281	4428
4298.804	4370
4300.327	4434
4301.849	4370
4303.37	4276
4304.891	4337
4306.412	4280
4307.933	4284
4309.453	4338
4310.973	4249
4312.492	4337
