398.1873	8043
400.7097	8144
403.2336	8030
405.7547	8129
408.2751	8214
410.7948	8123
413.3138	8203
415.83	8351
418.3497	8294
420.8666	8402
423.3829	8510
425.8985	8627
428.4133	8648
430.9275	8670
433.441	8748
435.9538	8799
438.4639	8762
440.9753	8732
443.4881	8797
445.9982	8752
448.5055	8844
451.0142	8646
453.5201	8813
456.0274	8772
458.5361	8757
461.04	8671
463.5453	8645
466.0478	8601
468.5517	8738
471.0549	8811
473.5574	8954
476.0572	8991
478.5584	8819
481.0568	8875
483.5545	8886
486.0557	8963
488.5521	8910
491.0478	9030
493.5449	9053
496.0392	8994
498.5349	9098
501.0299	9067
503.5222	9081
506.0139	9078
508.5048	9158
510.9991	9082
513.4887	9174
515.9777	9258
518.4659	9104
520.9534	9117
523.4403	9148
525.9306	9020
528.4161	9287
530.9009	9121
533.3851	9113
535.8687	9298
538.3535	9194
540.8356	9212
543.3171	9023
545.7979	9220
548.278	9224
550.7595	9123
553.2383	9174
555.7144	9199
558.1918	9279
560.6685	9230
563.1446	9273
565.6221	9337
568.0968	9365
570.5688	9344
573.0422	9354
575.515	9355
577.989	9515
580.4584	9605
582.9291	9472
585.3991	9497
587.8685	9585
590.3352	9576
592.8052	9618
595.2706	9500
597.7372	9446
600.2033	9412
602.6666	9487
605.1334	9408
607.5953	9590
610.0587	9599
612.5193	9526
614.9814	9429
617.4427	9532
619.9034	9437
622.3615	9605
624.8208	9601
627.2775	9469
629.7335	9576
632.1929	9460
634.6476	9431
637.1016	9434
639.5569	9589
642.0096	9550
644.4637	9672
646.9151	9428
649.3678	9566
651.8179	9590
654.2672	9616
656.7159	9568
659.166	9669
661.6154	9736
664.0622	9786
666.5082	9776
668.9537	9776
671.4005	9661
673.8445	9853
676.288	9824
678.7308	9883
681.1729	9893
683.6163	9761
686.0572	9797
688.4973	9872
690.9368	9930
693.3757	9893
695.8138	9866
698.2534	9785
700.6902	9836
703.1245	9881
705.56	9758
707.9949	10069
710.4311	9805
712.8647	9907
715.2957	9840
717.7279	10031
720.1595	10064
722.5905	10076
725.0208	10034
727.4505	10099
729.8795	10080
732.3058	10126
734.7336	10435
737.1626	10159
739.587	10096
742.0128	10216
744.4359	10301
746.8604	10334
749.2841	10408
751.7073	10267
754.1278	10418
756.5496	10413
758.9688	10505
761.3893	10496
763.8093	10518
766.2285	10502
768.6451	10487
771.0611	10594
773.4784	10446
775.895	10665
778.3091	10564
780.7244	10482
783.1371	10615
785.5493	10463
787.9626	10442
790.3754	10581
792.7856	10573
795.1951	10634
797.6039	10625
800.0121	10537
802.4236	10619
804.8306	10676
807.2369	10492
809.6425	10689
812.0475	10794
814.4538	10614
816.8575	10728
819.2606	10694
821.663	10708
824.0648	10715
826.4659	10640
828.8683	10555
831.2682	10846
833.6674	10661
836.066	10784
838.4639	10775
840.8632	10785
843.2579	10703
845.6539	10787
848.0493	10861
850.444	10946
852.84	10934
855.2315	10869
857.6243	10987
860.0165	10792
862.4081	11082
864.797	10728
867.1892	10804
869.5789	10803
871.9659	10800
874.3542	10865
876.74	10812
879.129	10835
881.5155	10884
883.8994	10791
886.2845	10807
888.6671	10847
891.051	10688
893.4343	10921
895.8169	10939
898.197	10802
900.5783	10806
902.9571	10849
905.3372	10812
907.7167	10896
910.0936	11021
912.4698	11025
914.8474	11073
917.2244	10961
919.5987	11144
921.9744	11129
924.3475	11374
926.72	11340
929.0918	11236
931.4669	11381
933.8375	11242
936.2074	11441
938.5767	11386
940.9454	11748
943.3154	11709
945.6829	11745
948.0497	12026
950.4178	12288
952.7833	12519
955.1483	13035
957.5145	13342
959.8782	13445
962.2412	13648
964.6036	13265
966.9655	12811
969.3266	12383
971.6871	12151
974.0471	11718
976.4064	11582
978.765	11274
981.125	11427
983.4824	11212
985.8373	11232
988.1935	11084
990.549	11135
992.9039	11108
995.2602	11199
997.6119	11141
999.965	11245
1002.317	11302
1004.667	11324
1007.02	11202
1009.371	11382
1011.719	11275
1014.068	11356
1016.415	11227
1018.765	11406
1021.111	11320
1023.458	11312
1025.804	11397
1028.147	11430
1030.49	11200
1032.837	11401
1035.179	11394
1037.522	11379
1039.862	11356
1042.204	11424
1044.546	11531
1046.884	11431
1049.224	11472
1051.562	11470
1053.899	11623
1056.237	11497
1058.575	11440
1060.91	11529
1063.244	11673
1065.58	11562
1067.913	11676
1070.248	11737
1072.579	11779
1074.911	11705
1077.242	11570
1079.572	11887
1081.905	11433
1084.234	11550
1086.562	11623
1088.89	11486
1091.217	11503
1093.544	11675
1095.871	11543
1098.197	11549
1100.521	11574
1102.845	11522
1105.169	11392
1107.491	11615
1109.814	11483
1112.135	11596
1114.456	11477
1116.776	11564
1119.096	11535
1121.415	11664
1123.734	11396
1126.052	11498
1128.369	11558
1130.686	11488
1133.002	11563
1135.318	11734
1137.632	11594
1139.945	11502
1142.258	11710
1144.573	11564
1146.884	11672
1149.196	11546
1151.505	11621
1153.816	11505
1156.124	11641
1158.435	11520
1160.742	11650
1163.051	11722
1165.356	11493
1167.663	11659
1169.97	11494
1172.276	11566
1174.579	11484
1176.881	11584
1179.186	11564
1181.487	11487
1183.79	11610
1186.092	11568
1188.392	11581
1190.691	11577
1192.991	11508
1195.291	11519
1197.588	11622
1199.885	11751
1202.181	11474
1204.479	11571
1206.775	11627
1209.07	11689
1211.363	11778
1213.656	11604
1215.949	11774
1218.241	11654
1220.534	11586
1222.825	11710
1225.115	11734
1227.405	11698
1229.693	11875
1231.984	11703
1234.271	11764
1236.558	11869
1238.845	11790
1241.131	12045
1243.416	12073
1245.703	11894
1247.987	12023
1250.269	11963
1252.552	11988
1254.834	11944
1257.118	12031
1259.399	12038
1261.678	11970
1263.958	11979
1266.237	11973
1268.516	11889
1270.794	11879
1273.072	11898
1275.347	12027
1277.624	11890
1279.899	11946
1282.175	11994
1284.449	11797
1286.722	11965
1288.995	11867
1291.266	11916
1293.54	11782
1295.81	11951
1298.081	11891
1300.35	11895
1302.62	11777
1304.889	11754
1307.156	11890
1309.425	11730
1311.69	11871
1313.957	11894
1316.222	11804
1318.488	11959
1320.751	11866
1323.016	11921
1325.278	11717
1327.54	12136
1329.803	11831
1332.065	12027
1334.325	11901
1336.584	11978
1338.843	11779
1341.101	11892
1343.36	11970
1345.617	11877
1347.876	11888
1350.131	11869
1352.387	11599
1354.643	11964
1356.897	11721
1359.151	11913
1361.403	11990
1363.656	11958
1365.909	11904
1368.16	11855
1370.409	11863
1372.659	11854
1374.909	12056
1377.157	11858
1379.407	12040
1381.655	11880
1383.9	11942
1386.147	11934
1388.393	11963
1390.64	12017
1392.885	12085
1395.127	11991
1397.37	12109
1399.614	12074
1401.854	12196
1404.098	12062
1406.339	12229
1408.578	12119
1410.818	12153
1413.056	12112
1415.297	12113
1417.533	12111
1419.771	12050
1422.006	12129
1424.243	12320
1426.479	12204
1428.715	12132
1430.948	12372
1433.182	12218
1435.414	12382
1437.647	12270
1439.88	12207
1442.11	12451
1444.342	12282
1446.571	12319
1448.799	12588
1451.029	12489
1453.258	12459
1455.485	12360
1457.711	12289
1459.937	12242
1462.164	12351
1464.39	12289
1466.614	12192
1468.838	12295
1471.06	12275
1473.283	12122
1475.506	12365
1477.727	12106
1479.949	12184
1482.169	12144
1484.389	12057
1486.609	11998
1488.828	12008
1491.045	12168
1493.261	12060
1495.477	11988
1497.693	11963
1499.91	11832
1502.125	12089
1504.339	11938
1506.553	12154
1508.766	11917
1510.979	11907
1513.191	11807
1515.402	11851
1517.613	11867
1519.823	11961
1522.033	12030
1524.242	11927
1526.451	11833
1528.657	11947
1530.865	12157
1533.072	11987
1535.278	11926
1537.484	12138
1539.687	12125
1541.892	12099
1544.096	12080
1546.299	11980
1548.502	12129
1550.703	12080
1552.905	12125
1555.104	12005
1557.303	12320
1559.505	12113
1561.703	11976
1563.902	12268
1566.099	12405
1568.295	12332
1570.494	12225
1572.689	12269
1574.883	12226
1577.079	12295
1579.272	12181
1581.467	12486
1583.659	12393
1585.853	12309
1588.044	12395
1590.234	12287
1592.424	12309
1594.615	12259
1596.806	12451
1598.994	12314
1601.182	12393
1603.369	12528
1605.557	12254
1607.744	12257
1609.929	12467
1612.114	12293
1614.298	12487
1616.482	12473
1618.667	12441
1620.85	12396
1623.032	12563
1625.214	12389
1627.395	12445
1629.575	12366
1631.755	12443
1633.935	12475
1636.114	12552
1638.292	12384
1640.471	12515
1642.647	12637
1644.823	12614
1647	12297
1649.175	12495
1651.348	12442
1653.525	12723
1655.698	12495
1657.87	12588
1660.043	12489
1662.213	12472
1664.387	12511
1666.558	12642
1668.727	12638
1670.896	12429
1673.064	12727
1675.233	12581
1677.401	12612
1679.569	12359
1681.735	12561
1683.902	12605
1686.066	12565
1688.233	12630
1690.397	12522
1692.559	12431
1694.723	12409
1696.885	12470
1699.048	12383
1701.21	12398
1703.37	12500
1705.53	12556
1707.689	12435
1709.849	12442
1712.009	12494
1714.166	12529
1716.323	12515
1718.479	12350
1720.634	12388
1722.793	12410
1724.948	12466
1727.102	12164
1729.255	12367
1731.408	12382
1733.562	12501
1735.714	12455
1737.865	12463
1740.016	12564
1742.166	12350
1744.316	12288
1746.467	12444
1748.616	12348
1750.764	12445
1752.911	12592
1755.056	12465
1757.205	12277
1759.35	12433
1761.496	12443
1763.641	12715
1765.785	12711
1767.927	12496
1770.072	12528
1772.214	12434
1774.355	12574
1776.496	12514
1778.637	12536
1780.778	12491
1782.918	12561
1785.057	12588
1787.194	12579
1789.333	12653
1791.472	12529
1793.608	12455
1795.745	12479
1797.879	12557
1800.015	12676
1802.148	12521
1804.284	12530
1806.417	12608
1808.548	12718
1810.682	12497
1812.812	12581
1814.946	12547
1817.075	12749
1819.205	12491
1821.335	12410
1823.463	12648
1825.59	12393
1827.721	12430
1829.847	12542
1831.973	12478
1834.098	12511
1836.223	12550
1838.351	12523
1840.475	12405
1842.598	12282
1844.721	12660
1846.843	12316
1848.966	12426
1851.087	12586
1853.21	12368
1855.33	12444
1857.449	12540
1859.568	12334
1861.688	12264
1863.806	12522
1865.924	12468
1868.039	12335
1870.155	12307
1872.273	12548
1874.388	12423
1876.503	12365
1878.617	12367
1880.73	12672
1882.844	12356
1884.956	12673
1887.068	12430
1889.18	12552
1891.291	12414
1893.4	12523
1895.511	12477
1897.621	12458
1899.73	12539
1901.837	12508
1903.944	12546
1906.053	12497
1908.159	12577
1910.265	12501
1912.369	12594
1914.474	12682
1916.577	12401
1918.683	12734
1920.785	12606
1922.888	12534
1924.989	12707
1927.091	12717
1929.193	12692
1931.294	12709
1933.393	12499
1935.493	12765
1937.59	12576
1939.689	12536
1941.788	12598
1943.884	12616
1945.98	12745
1948.077	12695
1950.171	12682
1952.267	12695
1954.361	12529
1956.455	12700
1958.548	12759
1960.64	12557
1962.733	12702
1964.824	12665
1966.915	12645
1969.005	12659
1971.096	12582
1973.185	12523
1975.275	12627
1977.363	12600
1979.45	12506
1981.537	12666
1983.623	12573
1985.711	12528
1987.796	12675
1989.881	12546
1991.965	12690
1994.047	12657
1996.132	12465
1998.215	12444
2000.297	12581
2002.378	12564
2004.46	12387
2006.54	12560
2008.62	12513
2010.7	12370
2012.779	12404
2014.858	12562
2016.934	12754
2019.013	12427
2021.09	12492
2023.165	12329
2025.241	12620
2027.317	12485
2029.39	12474
2031.466	12580
2033.538	12529
2035.612	12515
2037.683	12555
2039.755	12541
2041.827	12616
2043.898	12532
2045.968	12417
2048.038	12455
2050.106	12418
2052.177	12488
2054.244	12542
2056.313	12558
2058.379	12565
2060.444	12488
2062.511	12444
2064.577	12470
2066.641	12713
2068.705	12467
2070.77	12618
2072.832	12419
2074.896	12597
2076.958	12496
2079.02	12392
2081.081	12495
2083.141	12533
2085.2	12458
2087.261	12625
2089.319	12546
2091.377	12586
2093.435	12602
2095.492	12419
2097.552	12444
2099.607	12435
2101.663	12471
2103.718	12459
2105.771	12481
2107.826	12595
2109.879	12526
2111.932	12527
2113.985	12555
2116.037	12628
2118.088	12643
2120.141	12525
2122.191	12514
2124.239	12484
2126.288	12533
2128.337	12588
2130.387	12480
2132.434	12600
2134.481	12456
2136.528	12554
2138.574	12479
2140.618	12423
2142.665	12596
2144.71	12355
2146.753	12574
2148.797	12588
2150.838	12519
2152.883	12415
2154.923	12529
2156.965	12558
2159.007	12364
2161.046	12367
2163.086	12436
2165.126	12334
2167.163	12329
2169.202	12420
2171.239	12410
2173.277	12501
2175.314	12423
2177.349	12327
2179.385	12250
2181.42	12254
2183.453	12271
2185.49	12249
2187.522	12349
2189.555	12278
2191.586	12273
2193.619	12297
2195.651	12272
2197.682	12432
2199.711	12326
2201.74	12392
2203.769	12226
2205.799	12191
2207.828	12429
2209.855	12252
2211.882	12307
2213.908	12180
2215.934	12319
2217.961	12294
2219.986	12231
2222.01	12231
2224.034	12265
2226.057	12201
2228.08	12124
2230.104	12164
2232.124	12273
2234.145	12179
2236.166	12292
2238.186	12130
2240.207	12120
2242.227	12202
2244.244	12145
2246.262	12123
2248.28	12179
2250.299	12212
2252.314	12216
2254.33	12249
2256.346	12230
2258.36	12270
2260.375	12297
2262.391	12143
2264.403	12196
2266.416	12171
2268.427	12134
2270.44	12211
2272.453	12247
2274.463	12092
2276.474	12074
2278.483	12126
2280.493	12142
2282.501	12337
2284.51	12242
2286.518	12260
2288.524	12222
2290.532	12324
2292.537	12098
2294.544	12205
2296.55	12265
2298.554	12161
2300.557	12120
2302.562	12150
2304.566	12264
2306.568	12263
2308.569	12145
2310.572	12160
2312.573	12130
2314.573	12223
2316.574	12085
2318.573	12059
2320.571	12075
2322.571	12165
2324.569	12054
2326.567	12046
2328.564	12212
2330.56	11940
2332.556	12021
2334.551	12100
2336.546	12163
2338.542	12031
2340.535	11980
2342.529	11972
2344.521	12016
2346.512	12089
2348.505	12115
2350.497	12076
2352.487	11942
2354.478	11966
2356.468	11802
2358.457	11984
2360.446	11985
2362.434	11905
2364.422	11962
2366.408	11953
2368.395	11771
2370.383	12007
2372.369	11819
2374.353	12016
2376.338	11860
2378.321	11881
2380.307	11939
2382.29	11923
2384.272	11725
2386.254	11854
2388.235	11791
2390.218	11746
2392.198	11820
2394.179	11826
2396.157	11795
2398.137	11837
2400.115	11730
2402.095	11766
2404.072	11752
2406.048	11822
2408.026	11799
2410.001	11836
2411.977	11717
2413.953	11886
2415.927	11860
2417.9	11829
2419.875	11769
2421.847	11881
2423.821	11758
2425.792	11834
2427.763	11809
2429.736	11996
2431.706	11781
2433.677	11796
2435.646	11818
2437.615	11718
2439.583	11732
2441.551	11681
2443.519	11833
2445.486	11615
2447.452	11788
2449.418	11750
2451.383	11789
2453.348	11735
2455.314	11647
2457.278	11675
2459.241	11778
2461.205	11859
2463.167	11712
2465.131	11618
2467.091	11678
2469.052	11616
2471.012	11668
2472.972	11602
2474.932	11560
2476.891	11679
2478.85	11730
2480.808	11546
2482.766	11610
2484.722	11523
2486.68	11551
2488.636	11649
2490.591	11819
2492.546	11635
2494.5	11556
2496.456	11580
2498.41	11486
2500.362	11506
2502.315	11548
2504.266	11634
2506.218	11596
2508.169	11316
2510.121	11672
2512.07	11436
2514.019	11603
2515.968	11664
2517.918	11614
2519.866	11662
2521.813	11420
2523.76	11627
2525.707	11526
2527.653	11561
2529.599	11563
2531.543	11594
2533.489	11639
2535.433	11514
2537.376	11451
2539.32	11608
2541.264	11598
2543.205	11510
2545.147	11670
2547.087	11402
2549.029	11409
2550.969	11632
2552.908	11372
2554.847	11523
2556.786	11576
2558.724	11434
2560.663	11358
2562.6	11569
2564.537	11683
2566.473	11564
2568.408	11485
2570.345	11517
2572.28	11629
2574.214	11558
2576.148	11477
2578.081	11308
2580.014	11481
2581.947	11532
2583.879	11616
2585.81	11512
2587.741	11584
2589.67	11455
2591.602	11675
2593.532	11633
2595.461	11320
2597.388	11555
2599.316	11408
2601.244	11474
2603.172	11483
2605.098	11487
2607.023	11699
2608.949	11595
2610.873	11470
2612.8	11568
2614.723	11538
2616.647	11691
2618.569	11708
2620.493	11666
2622.416	11546
2624.338	11456
2626.258	11586
2628.179	11520
2630.099	11641
2632.019	11630
2633.939	11504
2635.857	11419
2637.775	11586
2639.694	11522
2641.61	11651
2643.528	11486
2645.444	11568
2647.361	11484
2649.276	11579
2651.19	11512
2653.105	11393
2655.019	11585
2656.934	11609
2658.846	11438
2660.758	11600
2662.67	11429
2664.583	11558
2666.493	11664
2668.404	11541
2670.313	11490
2672.223	11524
2674.134	11438
2676.042	11419
2677.95	11633
2679.858	11338
2681.765	11465
2683.673	11452
2685.579	11476
2687.483	11548
2689.389	11460
2691.294	11397
2693.198	11364
2695.104	11316
2697.006	11458
2698.909	11207
2700.811	11567
2702.713	11287
2704.615	11391
2706.516	11308
2708.417	11278
2710.316	11342
2712.216	11238
2714.115	11396
2716.014	11353
2717.913	11322
2719.81	11286
2721.707	11324
2723.603	11467
2725.501	11369
2727.396	11284
2729.292	11176
2731.186	11212
2733.081	11388
2734.976	11273
2736.87	11172
2738.762	11334
2740.653	11204
2742.546	11276
2744.437	11216
2746.329	11467
2748.22	11188
2750.11	11256
2751.999	11112
2753.889	11271
2755.778	11193
2757.666	11162
2759.553	11273
2761.44	11334
2763.328	11291
2765.215	11207
2767.101	11265
2768.986	11197
2770.87	11214
2772.754	11201
2774.638	11188
2776.523	11198
2778.405	11094
2780.288	11171
2782.17	11315
2784.051	11130
2785.934	11099
2787.814	11314
2789.694	11084
2791.574	11086
2793.453	11164
2795.332	11301
2797.212	11258
2799.088	11076
2800.966	11054
2802.843	11211
2804.719	11176
2806.597	11241
2808.471	11220
2810.346	11122
2812.221	11197
2814.094	11134
2815.969	11123
2817.843	11202
2819.714	11210
2821.587	11178
2823.459	11107
2825.329	11215
2827.202	10989
2829.072	11089
2830.942	11041
2832.811	11079
2834.68	11182
2836.549	11076
2838.418	11024
2840.284	11064
2842.152	11102
2844.018	11055
2845.885	11124
2847.751	10997
2849.616	11198
2851.482	11096
2853.345	11175
2855.208	11132
2857.074	11191
2858.937	11142
2860.799	11215
2862.66	11108
2864.522	11197
2866.385	11350
2868.245	11324
2870.104	11367
2871.964	11251
2873.824	11383
2875.683	11343
2877.542	11524
2879.4	11501
2881.257	11607
2883.114	11637
2884.97	11592
2886.827	11665
2888.683	11605
2890.537	11796
2892.392	11666
2894.246	11641
2896.1	11472
2897.954	11572
2899.807	11580
2901.66	11634
2903.51	11495
2905.362	11501
2907.214	11552
2909.065	11639
2910.915	11651
2912.765	11597
2914.613	11605
2916.463	11837
2918.311	11782
2920.158	11691
2922.006	11801
2923.853	11874
2925.698	12006
2927.546	12025
2929.392	11835
2931.236	12102
2933.081	12138
2934.924	12177
2936.77	12231
2938.613	12107
2940.455	12290
2942.298	12348
2944.139	12332
2945.982	12430
2947.823	12349
2949.662	12194
2951.503	12307
2953.342	12229
2955.182	12149
2957.021	11981
2958.858	12269
2960.697	12094
2962.534	12128
2964.37	11893
2966.207	11908
2968.044	11697
2969.879	11755
2971.714	11667
2973.548	11551
2975.383	11480
2977.218	11497
2979.051	11588
2980.883	11416
2982.715	11381
2984.547	11426
2986.379	11571
2988.21	11163
2990.04	11275
2991.87	11231
2993.7	11313
2995.53	11215
2997.359	11131
2999.187	11045
3001.015	11052
3002.842	11078
3004.669	11057
3006.497	10938
3008.323	10787
3010.148	10982
3011.974	10721
3013.797	10812
3015.623	10572
3017.447	10813
3019.27	10787
3021.094	10688
3022.915	10673
3024.737	10575
3026.56	10572
3028.38	10625
3030.201	10481
3032.022	10776
3033.84	10697
3035.662	10585
3037.481	10423
3039.298	10437
3041.117	10661
3042.933	10521
3044.752	10487
3046.568	10533
3048.385	10505
3050.2	10531
3052.016	10446
3053.83	10377
3055.646	10599
3057.46	10432
3059.272	10447
3061.086	10392
3062.898	10451
3064.711	10395
3066.524	10454
3068.335	10416
3070.145	10505
3071.956	10392
3073.766	10485
3075.576	10413
3077.385	10248
3079.193	10451
3081.002	10351
3082.81	10055
3084.618	10340
3086.425	10311
3088.231	10219
3090.036	10242
3091.842	10345
3093.648	10245
3095.452	10226
3097.257	10314
3099.06	10123
3100.863	10173
3102.666	10103
3104.47	10097
3106.272	10111
3108.073	10285
3109.875	10174
3111.676	10175
3113.477	10160
3115.277	10209
3117.077	10168
3118.874	10032
3120.673	10090
3122.473	10184
3124.271	9971
3126.066	10010
3127.863	9941
3129.66	10174
3131.456	9948
3133.252	9993
3135.047	9980
3136.842	9987
3138.635	9800
3140.429	10192
3142.223	9970
3144.016	9897
3145.808	9971
3147.6	9918
3149.392	10001
3151.183	9931
3152.975	9838
3154.765	9975
3156.553	9916
3158.344	10008
3160.132	9975
3161.922	9835
3163.71	10069
3165.497	9924
3167.285	9976
3169.071	9839
3170.858	9891
3172.645	9814
3174.429	9971
3176.214	9912
3177.998	9818
3179.783	9827
3181.568	9943
3183.351	9809
3185.133	9788
3186.915	9844
3188.698	9758
3190.481	9751
3192.261	9876
3194.042	9881
3195.822	9847
3197.601	9827
3199.381	9778
3201.161	9801
3202.939	9801
3204.717	9778
3206.495	9751
3208.272	9839
3210.05	9730
3211.826	9734
3213.602	9739
3215.376	9805
3217.151	9719
3218.927	9720
3220.702	9765
3222.476	9670
3224.249	9797
3226.021	9705
3227.793	9778
3229.567	9741
3231.339	9654
3233.109	9748
3234.88	9636
3236.651	9521
3238.421	9626
3240.191	9624
3241.96	9728
3243.728	9653
3245.497	9678
3247.263	9623
3249.033	9849
3250.799	9607
3252.566	9669
3254.331	9554
3256.097	9681
3257.863	9701
3259.628	9606
3261.392	9767
3263.156	9566
3264.919	9699
3266.683	9603
3268.447	9668
3270.208	9687
3271.969	9549
3273.731	9506
3275.492	9647
3277.253	9623
3279.013	9593
3280.773	9660
3282.532	9728
3284.291	9723
3286.05	9672
3287.808	9565
3289.566	9696
3291.323	9551
3293.079	9662
3294.835	9561
3296.593	9664
3298.348	9574
3300.102	9670
3301.857	9515
3303.611	9680
3305.366	9531
3307.119	9558
3308.872	9687
3310.624	9522
3312.376	9566
3314.129	9569
3315.881	9549
3317.631	9503
3319.38	9578
3321.13	9621
3322.88	9636
3324.631	9451
3326.379	9479
3328.126	9548
3329.875	9482
3331.622	9569
3333.371	9674
3335.116	9437
3336.863	9542
3338.609	9565
3340.353	9510
3342.1	9526
3343.845	9566
3345.588	9449
3347.332	9365
3349.074	9454
3350.817	9492
3352.56	9517
3354.303	9410
3356.043	9481
3357.785	9386
3359.525	9510
3361.268	9358
3363.007	9484
3364.745	9438
3366.485	9433
3368.223	9286
3369.962	9397
3371.701	9357
3373.438	9417
3375.174	9385
3376.911	9331
3378.647	9353
3380.384	9348
3382.118	9398
3383.854	9292
3385.588	9287
3387.322	9262
3389.057	9355
3390.79	9321
3392.522	9254
3394.255	9318
3395.987	9283
3397.719	9251
3399.451	9295
3401.181	9186
3402.911	9261
3404.641	9227
3406.371	9269
3408.101	9233
3409.83	9238
3411.558	9136
3413.285	9153
3415.011	9154
3416.739	9249
3418.467	9125
3420.193	9275
3421.919	9267
3423.644	9203
3425.368	9048
3427.094	9092
3428.818	9082
3430.542	9138
3432.264	9184
3433.987	9113
3435.712	9165
3437.434	9023
3439.155	9070
3440.876	9064
3442.596	8952
3444.317	9137
3446.039	9074
3447.757	8975
3449.477	8954
3451.195	8963
3452.914	8875
3454.632	8915
3456.35	8947
3458.067	8975
3459.784	8839
3461.5	8961
3463.216	8946
3464.932	8810
3466.647	8815
3468.362	8986
3470.076	8930
3471.789	8822
3473.505	8729
3475.217	8814
3476.929	8848
3478.641	8800
3480.354	8641
3482.066	8934
3483.777	8680
3485.487	8727
3487.197	8789
3488.908	8827
3490.617	8775
3492.327	8681
3494.035	8758
3495.743	8750
3497.451	8755
3499.158	8731
3500.866	8822
3502.572	8592
3504.278	8781
3505.984	8774
3507.689	8679
3509.396	8684
3511.1	8462
3512.804	8636
3514.508	8535
3516.211	8607
3517.913	8634
3519.616	8653
3521.319	8605
3523.021	8726
3524.722	8547
3526.422	8521
3528.124	8650
3529.824	8645
3531.524	8630
3533.222	8518
3534.921	8496
3536.62	8608
3538.318	8580
3540.016	8471
3541.714	8513
3543.41	8599
3545.107	8534
3546.803	8354
3548.5	8491
3550.194	8541
3551.889	8545
3553.583	8412
3555.279	8410
3556.972	8542
3558.666	8462
3560.358	8421
3562.051	8444
3563.742	8415
3565.435	8355
3567.126	8480
3568.817	8326
3570.507	8433
3572.197	8508
3573.888	8451
3575.577	8607
3577.265	8387
3578.954	8321
3580.642	8415
3582.329	8346
3584.017	8427
3585.704	8458
3587.391	8262
3589.077	8399
3590.762	8198
3592.449	8302
3594.133	8286
3595.817	8270
3597.501	8361
3599.185	8122
3600.869	8360
3602.552	8264
3604.234	8284
3605.916	8274
3607.598	8142
3609.279	8272
3610.961	8121
3612.642	8043
3614.321	8021
3616	8203
3617.68	8053
3619.36	8089
3621.039	8102
3622.716	8098
3624.394	8077
3626.071	8041
3627.748	8001
3629.425	8218
3631.102	7937
3632.778	8051
3634.452	7994
3636.127	8076
3637.803	7980
3639.477	7974
3641.151	7939
3642.823	8039
3644.497	7839
3646.171	8055
3647.842	7890
3649.515	7918
3651.185	7920
3652.857	7791
3654.527	7941
3656.198	7978
3657.868	7927
3659.537	7828
3661.207	7836
3662.875	7977
3664.544	7998
3666.212	8008
3667.879	7886
3669.546	7892
3671.212	7774
3672.88	7906
3674.546	7881
3676.211	7893
3677.875	7905
3679.541	7816
3681.205	7768
3682.87	7590
3684.533	7832
3686.196	7875
3687.859	7760
3689.521	7827
3691.184	7754
3692.845	7709
3694.507	7745
3696.167	7751
3697.827	7679
3699.487	7746
3701.148	7822
3702.808	7749
3704.466	7775
3706.125	7788
3707.783	7749
3709.442	7667
3711.099	7819
3712.757	7663
3714.412	7715
3716.068	7713
3717.725	7733
3719.381	7687
3721.036	7775
3722.689	7640
3724.344	7680
3725.998	7585
3727.652	7680
3729.305	7690
3730.958	7724
3732.61	7597
3734.262	7631
3735.915	7724
3737.565	7549
3739.217	7620
3740.866	7697
3742.516	7676
3744.165	7595
3745.816	7561
3747.464	7738
3749.113	7517
3750.761	7430
3752.409	7533
3754.057	7567
3755.703	7557
3757.35	7607
3758.996	7564
3760.641	7495
3762.289	7563
3763.933	7501
3765.577	7554
3767.222	7434
3768.865	7513
3770.508	7580
3772.152	7466
3773.796	7465
3775.438	7578
3777.079	7514
3778.721	7529
3780.363	7438
3782.003	7319
3783.643	7585
3785.283	7426
3786.923	7395
3788.563	7365
3790.203	7481
3791.841	7338
3793.479	7353
3795.115	7365
3796.753	7377
3798.391	7429
3800.027	7337
3801.664	7344
3803.299	7412
3804.935	7403
3806.571	7357
3808.206	7342
3809.839	7320
3811.473	7341
3813.107	7339
3814.74	7370
3816.375	7314
3818.006	7209
3819.638	7290
3821.27	7390
3822.9	7209
3824.532	7203
3826.163	7265
3827.792	7235
3829.423	7335
3831.051	7232
3832.682	7181
3834.311	7248
3835.938	7241
3837.566	7300
3839.193	7200
3840.821	7125
3842.448	7192
3844.075	7172
3845.7	7203
3847.325	7131
3848.951	7121
3850.576	7238
3852.201	7165
3853.825	7127
3855.448	7060
3857.072	7069
3858.694	7263
3860.318	7086
3861.939	7080
3863.562	7080
3865.183	7207
3866.804	7217
3868.426	6992
3870.045	7113
3871.666	7197
3873.285	7089
3874.904	6975
3876.524	6986
3878.142	7122
3879.76	7103
3881.378	7104
3882.995	7057
3884.612	7046
3886.229	6997
3887.845	7000
3889.461	7097
3891.076	7059
3892.691	7023
3894.307	6988
3895.922	7032
3897.536	6959
3899.149	7043
3900.761	6980
3902.374	6914
3903.988	7047
3905.6	6816
3907.212	7054
3908.822	6895
3910.433	7035
3912.045	6991
3913.655	6929
3915.265	6934
3916.875	6925
3918.483	7020
3920.093	7012
3921.702	6929
3923.309	6779
3924.917	6898
3926.523	6957
3928.13	6940
3929.739	6923
3931.344	6915
3932.95	6835
3934.555	6798
3936.159	7015
3937.766	6844
3939.369	6908
3940.974	6908
3942.577	6843
3944.181	6838
3945.783	6846
3947.386	6873
3948.989	6881
3950.59	6877
3952.191	6967
3953.791	6774
3955.394	6881
3956.994	6801
3958.593	6871
3960.192	6820
3961.791	6862
3963.392	6707
3964.99	6813
3966.588	6825
3968.185	6772
3969.782	6789
3971.379	6784
3972.976	6744
3974.572	6669
3976.168	6780
3977.763	6666
3979.358	6607
3980.954	6722
3982.548	6746
3984.142	6631
3985.736	6571
3987.329	6679
3988.922	6653
3990.516	6648
3992.108	6489
3993.698	6639
3995.29	6588
3996.881	6668
3998.473	6709
4000.064	6551
4001.653	6659
4003.242	6594
4004.832	6540
4006.422	6505
4008.01	6465
4009.598	6548
4011.186	6470
4012.773	6495
4014.36	6612
4015.947	6537
4017.534	6471
4019.119	6433
4020.705	6377
4022.291	6475
4023.876	6518
4025.461	6511
4027.044	6355
4028.627	6327
4030.211	6421
4031.795	6410
4033.378	6310
4034.96	6405
4036.542	6475
4038.124	6375
4039.704	6354
4041.286	6284
4042.867	6385
4044.447	6208
4046.026	6290
4047.606	6316
4049.187	6351
4050.765	6291
4052.343	6389
4053.92	6363
4055.498	6329
4057.076	6306
4058.654	6359
4060.23	6281
4061.806	6290
4063.381	6278
4064.957	6332
4066.533	6174
4068.107	6327
4069.682	6319
4071.256	6158
4072.829	6251
4074.404	6279
4075.977	6169
4077.549	6312
4079.121	6236
4080.693	6237
4082.265	6290
4083.836	6376
4085.407	6291
4086.977	6188
4088.547	6230
4090.117	6151
4091.687	6235
4093.256	6214
4094.825	6160
4096.392	6228
4097.96	6218
4099.528	6238
4101.097	6214
4102.663	6149
4104.229	6268
4105.795	6138
4107.361	6200
4108.928	6079
4110.493	6146
4112.058	6080
4113.621	6327
4115.186	6239
4116.75	6178
4118.313	6161
4119.876	6153
4121.438	6191
4123	6090
4124.562	6097
4126.125	6057
4127.686	6051
4129.246	6133
4130.807	6024
4132.367	6023
4133.927	6011
4135.486	6069
4137.046	5942
4138.604	6004
4140.162	6030
4141.72	5913
4143.279	5998
4144.836	5926
4146.393	6042
4147.949	5893
4149.505	5966
4151.062	5941
4152.617	5931
4154.172	5932
4155.727	5892
4157.281	5989
4158.836	5827
4160.39	5892
4161.943	5926
4163.496	5824
4165.048	5893
4166.601	5906
4168.154	5968
4169.706	5876
4171.257	5884
4172.808	5794
4174.358	5786
4175.909	5791
4177.458	5734
4179.008	5675
4180.558	5748
4182.106	5777
4183.655	5610
4185.204	5799
4186.751	5769
4188.298	5724
4189.845	5708
4191.392	5843
4192.939	5699
4194.485	5764
4196.031	5760
4197.576	5790
4199.121	5818
4200.666	5710
4202.211	5638
4203.754	5732
4205.298	5707
4206.84	5620
4208.384	5644
4209.927	5641
4211.47	5646
4213.011	5666
4214.552	5674
4216.094	5677
4217.635	5602
4219.175	5603
4220.716	5498
4222.255	5662
4223.793	5743
4225.335	5589
4226.873	5588
4228.411	5685
4229.948	5701
4231.486	5664
4233.024	5630
4234.562	5703
4236.098	5637
4237.634	5614
4239.169	5581
4240.705	5618
4242.241	5638
4243.776	5641
4245.31	5602
4246.844	5579
4248.378	5519
4249.911	5675
4251.445	5620
4252.978	5714
4254.51	5549
4256.042	5649
4257.574	5517
4259.107	5556
4260.638	5501
4262.169	5654
4263.699	5515
4265.228	5631
4266.759	5576
4268.289	5470
4269.818	5547
4271.345	5559
4272.874	5495
4274.402	5469
4275.931	5442
4277.458	5459
4278.985	5504
4280.512	5553
4282.037	5590
4283.564	5467
4285.089	5376
4286.615	5455
4288.139	5498
4289.664	5337
4291.187	5354
4292.712	5432
4294.235	5441
4295.759	5504
4297.281	5365
4298.804	5467
4300.327	5453
4301.849	5408
4303.37	5435
4304.891	5328
4306.412	5343
4307.933	5463
4309.453	5354
4310.973	5335
4312.492	5338
