398.1873	2992
400.7097	3085
403.2336	3078
405.7547	3125
408.2751	3082
410.7948	3129
413.3138	3184
415.83	3231
418.3497	3162
420.8666	3239
423.3829	3153
425.8985	3263
428.4133	3222
430.9275	3275
433.441	3303
435.9538	3299
438.4639	3293
440.9753	3269
443.4881	3324
445.9982	3314
448.5055	3288
451.0142	3364
453.5201	3280
456.0274	3294
458.5361	3323
461.04	3330
463.5453	3356
466.0478	3291
468.5517	3277
471.0549	3302
473.5574	3383
476.0572	3254
478.5584	3329
481.0568	3348
483.5545	3348
486.0557	3290
488.5521	3265
491.0478	3393
493.5449	3360
496.0392	3454
498.5349	3403
501.0299	3366
503.5222	3383
506.0139	3440
508.5048	3431
510.9991	3412
513.4887	3425
515.9777	3347
518.4659	3454
520.9534	3413
523.4403	3349
525.9306	3406
528.4161	3476
530.9009	3436
533.3851	3411
535.8687	3357
538.3535	3458
540.8356	3381
543.3171	3424
545.7979	3370
548.278	3455
550.7595	3541
553.2383	3434
555.7144	3418
558.1918	3464
560.6685	3496
563.1446	3436
565.6221	3506
568.0968	3440
570.5688	3508
573.0422	3465
575.515	3483
577.989	3508
580.4584	3609
582.9291	3528
585.3991	3595
587.8685	3551
590.3352	3531
592.8052	3510
595.2706	3529
597.7372	3514
600.2033	3532
602.6666	3528
605.1334	3589
607.5953	3513
610.0587	3508
612.5193	3562
614.9814	3585
617.4427	3560
619.9034	3476
622.3615	3564
624.8208	3515
627.2775	3589
629.7335	3491
632.1929	3511
634.6476	3577
637.1016	3566
639.5569	3518
642.0096	3536
644.4637	3532
646.9151	3454
649.3678	3602
651.8179	3538
654.2672	3600
656.7159	3532
659.166	3584
661.6154	3590
664.0622	3610
666.5082	3630
668.9537	3587
671.4005	3587
673.8445	3686
676.288	3636
678.7308	3501
681.1729	3641
683.6163	3542
686.0572	3575
688.4973	3693
690.9368	3632
693.3757	3663
695.8138	3635
698.2534	3686
700.6902	3708
703.1245	3655
705.56	3701
707.9949	3752
710.4311	3694
712.8647	3684
715.2957	3699
717.7279	3677
720.1595	3745
722.5905	3745
725.0208	3738
727.4505	3655
729.8795	3725
732.3058	3720
734.7336	3779
737.1626	3746
739.587	3701
742.0128	3796
744.4359	3827
746.8604	3874
749.2841	3862
751.7073	3788
754.1278	3853
756.5496	3890
758.9688	3893
761.3893	3853
763.8093	3908
766.2285	3810
768.6451	3857
771.0611	3864
773.4784	3917
775.895	3952
778.3091	3804
780.7244	3977
783.1371	3873
785.5493	3869
787.9626	3946
790.3754	3881
792.7856	3907
795.1951	3973
797.6039	3855
800.0121	3918
802.4236	3922
804.8306	3927
807.2369	3806
809.6425	3862
812.0475	3912
814.4538	3935
816.8575	3934
819.2606	3989
821.663	3963
824.0648	3907
826.4659	3985
828.8683	3962
831.2682	3899
833.6674	3957
836.066	4003
838.4639	3909
840.8632	3927
843.2579	3971
845.6539	3939
848.0493	4080
850.444	4003
852.84	4032
855.2315	4031
857.6243	4000
860.0165	4039
862.4081	3958
864.797	4053
867.1892	3926
869.5789	3961
871.9659	3976
874.3542	4006
876.74	4041
879.129	3998
881.5155	4036
883.8994	3945
886.2845	3988
888.6671	3998
891.051	4027
893.4343	4004
895.8169	3964
898.197	4041
900.5783	4078
902.9571	3981
905.3372	4034
907.7167	4009
910.0936	4045
912.4698	4033
914.8474	4114
917.2244	4094
919.5987	4147
921.9744	4161
924.3475	4227
926.72	4204
929.0918	4177
931.4669	4195
933.8375	4253
936.2074	4332
938.5767	4204
940.9454	4228
943.3154	4292
945.6829	4331
948.0497	4450
950.4178	4630
952.7833	4522
955.1483	4820
957.5145	4886
959.8782	4865
962.2412	4930
964.6036	4938
966.9655	4688
969.3266	4536
971.6871	4403
974.0471	4292
976.4064	4195
978.765	4216
981.125	4199
983.4824	4157
985.8373	4155
988.1935	4119
990.549	4137
992.9039	4101
995.2602	4175
997.6119	4151
999.965	4132
1002.317	4154
1004.667	4098
1007.02	4188
1009.371	4102
1011.719	4069
1014.068	4211
1016.415	4241
1018.765	4252
1021.111	4125
1023.458	4259
1025.804	4161
1028.147	4160
1030.49	4159
1032.837	4169
1035.179	4225
1037.522	4308
1039.862	4259
1042.204	4264
1044.546	4225
1046.884	4295
1049.224	4257
1051.562	4148
1053.899	4210
1056.237	4282
1058.575	4312
1060.91	4418
1063.244	4344
1065.58	4359
1067.913	4368
1070.248	4339
1072.579	4337
1074.911	4426
1077.242	4297
1079.572	4265
1081.905	4267
1084.234	4276
1086.562	4301
1088.89	4259
1091.217	4183
1093.544	4283
1095.871	4341
1098.197	4314
1100.521	4249
1102.845	4211
1105.169	4294
1107.491	4206
1109.814	4226
1112.135	4328
1114.456	4333
1116.776	4269
1119.096	4225
1121.415	4231
1123.734	4230
1126.052	4169
1128.369	4233
1130.686	4326
1133.002	4278
1135.318	4354
1137.632	4358
1139.945	4321
1142.258	4210
1144.573	4257
1146.884	4273
1149.196	4319
1151.505	4323
1153.816	4306
1156.124	4387
1158.435	4280
1160.742	4314
1163.051	4315
1165.356	4308
1167.663	4322
1169.97	4262
1172.276	4260
1174.579	4290
1176.881	4429
1179.186	4329
1181.487	4320
1183.79	4252
1186.092	4215
1188.392	4362
1190.691	4253
1192.991	4351
1195.291	4303
1197.588	4321
1199.885	4341
1202.181	4266
1204.479	4301
1206.775	4358
1209.07	4277
1211.363	4304
1213.656	4363
1215.949	4362
1218.241	4343
1220.534	4434
1222.825	4365
1225.115	4424
1227.405	4322
1229.693	4417
1231.984	4396
1234.271	4413
1236.558	4414
1238.845	4472
1241.131	4344
1243.416	4441
1245.703	4500
1247.987	4472
1250.269	4525
1252.552	4385
1254.834	4456
1257.118	4352
1259.399	4469
1261.678	4458
1263.958	4450
1266.237	4461
1268.516	4478
1270.794	4521
1273.072	4425
1275.347	4453
1277.624	4398
1279.899	4422
1282.175	4447
1284.449	4446
1286.722	4462
1288.995	4432
1291.266	4440
1293.54	4402
1295.81	4427
1298.081	4422
1300.35	4438
1302.62	4381
1304.889	4396
1307.156	4426
1309.425	4330
1311.69	4333
1313.957	4445
1316.222	4331
1318.488	4395
1320.751	4389
1323.016	4368
1325.278	4414
1327.54	4460
1329.803	4368
1332.065	4465
1334.325	4429
1336.584	4370
1338.843	4452
1341.101	4498
1343.36	4408
1345.617	4421
1347.876	4406
1350.131	4404
1352.387	4434
1354.643	4425
1356.897	4482
1359.151	4395
1361.403	4393
1363.656	4492
1365.909	4482
1368.16	4495
1370.409	4382
1372.659	4437
1374.909	4558
1377.157	4419
1379.407	4502
1381.655	4501
1383.9	4445
1386.147	4495
1388.393	4484
1390.64	4496
1392.885	4550
1395.127	4503
1397.37	4467
1399.614	4583
1401.854	4435
1404.098	4507
1406.339	4566
1408.578	4575
1410.818	4507
1413.056	4522
1415.297	4589
1417.533	4599
1419.771	4586
1422.006	4541
1424.243	4663
1426.479	4555
1428.715	4523
1430.948	4610
1433.182	4552
1435.414	4498
1437.647	4695
1439.88	4646
1442.11	4620
1444.342	4666
1446.571	4596
1448.799	4687
1451.029	4706
1453.258	4634
1455.485	4678
1457.711	4655
1459.937	4757
1462.164	4657
1464.39	4612
1466.614	4545
1468.838	4592
1471.06	4539
1473.283	4651
1475.506	4576
1477.727	4495
1479.949	4552
1482.169	4636
1484.389	4548
1486.609	4517
1488.828	4594
1491.045	4409
1493.261	4444
1495.477	4537
1497.693	4506
1499.91	4442
1502.125	4494
1504.339	4649
1506.553	4494
1508.766	4476
1510.979	4421
1513.191	4516
1515.402	4502
1517.613	4577
1519.823	4648
1522.033	4560
1524.242	4488
1526.451	4494
1528.657	4459
1530.865	4461
1533.072	4467
1535.278	4518
1537.484	4522
1539.687	4633
1541.892	4468
1544.096	4476
1546.299	4492
1548.502	4532
1550.703	4582
1552.905	4567
1555.104	4629
1557.303	4578
1559.505	4656
1561.703	4608
1563.902	4612
1566.099	4671
1568.295	4570
1570.494	4621
1572.689	4639
1574.883	4637
1577.079	4593
1579.272	4749
1581.467	4637
1583.659	4726
1585.853	4674
1588.044	4685
1590.234	4615
1592.424	4561
1594.615	4689
1596.806	4595
1598.994	4682
1601.182	4671
1603.369	4771
1605.557	4646
1607.744	4754
1609.929	4573
1612.114	4718
1614.298	4704
1616.482	4687
1618.667	4674
1620.85	4705
1623.032	4579
1625.214	4576
1627.395	4713
1629.575	4738
1631.755	4745
1633.935	4822
1636.114	4701
1638.292	4720
1640.471	4756
1642.647	4789
1644.823	4759
1647	4725
1649.175	4705
1651.348	4811
1653.525	4821
1655.698	4700
1657.87	4743
1660.043	4703
1662.213	4800
1664.387	4714
1666.558	4651
1668.727	4747
1670.896	4802
1673.064	4791
1675.233	4762
1677.401	4772
1679.569	4733
1681.735	4716
1683.902	4831
1686.066	4743
1688.233	4809
1690.397	4706
1692.559	4779
1694.723	4751
1696.885	4799
1699.048	4703
1701.21	4725
1703.37	4712
1705.53	4796
1707.689	4730
1709.849	4650
1712.009	4734
1714.166	4764
1716.323	4683
1718.479	4705
1720.634	4708
1722.793	4757
1724.948	4700
1727.102	4794
1729.255	4657
1731.408	4616
1733.562	4758
1735.714	4714
1737.865	4758
1740.016	4766
1742.166	4773
1744.316	4765
1746.467	4697
1748.616	4595
1750.764	4770
1752.911	4750
1755.056	4813
1757.205	4732
1759.35	4686
1761.496	4795
1763.641	4748
1765.785	4747
1767.927	4732
1770.072	4811
1772.214	4785
1774.355	4757
1776.496	4881
1778.637	4795
1780.778	4753
1782.918	4812
1785.057	4893
1787.194	4850
1789.333	4734
1791.472	4779
1793.608	4870
1795.745	4745
1797.879	4872
1800.015	4813
1802.148	4874
1804.284	4728
1806.417	4904
1808.548	4733
1810.682	4704
1812.812	4811
1814.946	4811
1817.075	4774
1819.205	4813
1821.335	4807
1823.463	4912
1825.59	4833
1827.721	4839
1829.847	4819
1831.973	4747
1834.098	4877
1836.223	4821
1838.351	4698
1840.475	4788
1842.598	4852
1844.721	4822
1846.843	4820
1848.966	4734
1851.087	4810
1853.21	4841
1855.33	4719
1857.449	4801
1859.568	4808
1861.688	4707
1863.806	4823
1865.924	4773
1868.039	4730
1870.155	4762
1872.273	4798
1874.388	4690
1876.503	4810
1878.617	4713
1880.73	4860
1882.844	4850
1884.956	4799
1887.068	4784
1889.18	4839
1891.291	4885
1893.4	4809
1895.511	4770
1897.621	4858
1899.73	4848
1901.837	4830
1903.944	4897
1906.053	4880
1908.159	4813
1910.265	4883
1912.369	4932
1914.474	4855
1916.577	4884
1918.683	4959
1920.785	4897
1922.888	4853
1924.989	4909
1927.091	4821
1929.193	4911
1931.294	4887
1933.393	4863
1935.493	4802
1937.59	5036
1939.689	4823
1941.788	4931
1943.884	4928
1945.98	4923
1948.077	4993
1950.171	4912
1952.267	4804
1954.361	4910
1956.455	4862
1958.548	5005
1960.64	4903
1962.733	4867
1964.824	4933
1966.915	4808
1969.005	4750
1971.096	4841
1973.185	4885
1975.275	4829
1977.363	4834
1979.45	4956
1981.537	4784
1983.623	4909
1985.711	4869
1987.796	4903
1989.881	4932
1991.965	4842
1994.047	4916
1996.132	4952
1998.215	4857
2000.297	4906
2002.378	4882
2004.46	4880
2006.54	4795
2008.62	4863
2010.7	4869
2012.779	4968
2014.858	4859
2016.934	4911
2019.013	4939
2021.09	4888
2023.165	4840
2025.241	4794
2027.317	4856
2029.39	4896
2031.466	4937
2033.538	4891
2035.612	4783
2037.683	4816
2039.755	4956
2041.827	4803
2043.898	4778
2045.968	4897
2048.038	4902
2050.106	4852
2052.177	4904
2054.244	4854
2056.313	4929
2058.379	4910
2060.444	4990
2062.511	4893
2064.577	4854
2066.641	4983
2068.705	4866
2070.77	4861
2072.832	4899
2074.896	4858
2076.958	4865
2079.02	4924
2081.081	4910
2083.141	4841
2085.2	4877
2087.261	4936
2089.319	4834
2091.377	4946
2093.435	5002
2095.492	4919
2097.552	4894
2099.607	4834
2101.663	5008
2103.718	4924
2105.771	4979
2107.826	4872
2109.879	4956
2111.932	4969
2113.985	4924
2116.037	5028
2118.088	4947
2120.141	4960
2122.191	4847
2124.239	4906
2126.288	4926
2128.337	4904
2130.387	4868
2132.434	4939
2134.481	4939
2136.528	4957
2138.574	4966
2140.618	4952
2142.665	4952
2144.71	4835
2146.753	4908
2148.797	4829
2150.838	4929
2152.883	4900
2154.923	4919
2156.965	4947
2159.007	4897
2161.046	4875
2163.086	4885
2165.126	4942
2167.163	4889
2169.202	4890
2171.239	4902
2173.277	4955
2175.314	4966
2177.349	4905
2179.385	4845
2181.42	4905
2183.453	4891
2185.49	4842
2187.522	4855
2189.555	4818
2191.586	4921
2193.619	4848
2195.651	4801
2197.682	4783
2199.711	4785
2201.74	4760
2203.769	4876
2205.799	4936
2207.828	4875
2209.855	4826
2211.882	4889
2213.908	4807
2215.934	4776
2217.961	4827
2219.986	4864
2222.01	4863
2224.034	4807
2226.057	4731
2228.08	4832
2230.104	4754
2232.124	4872
2234.145	4804
2236.166	4838
2238.186	4816
2240.207	4933
2242.227	4910
2244.244	4869
2246.262	4934
2248.28	4802
2250.299	4844
2252.314	4888
2254.33	4921
2256.346	4849
2258.36	4792
2260.375	4798
2262.391	4751
2264.403	4922
2266.416	4946
2268.427	4898
2270.44	4858
2272.453	4844
2274.463	4784
2276.474	4904
2278.483	4781
2280.493	4930
2282.501	4816
2284.51	4764
2286.518	4965
2288.524	4755
2290.532	4782
2292.537	4870
2294.544	4833
2296.55	4763
2298.554	4964
2300.557	4912
2302.562	4842
2304.566	4822
2306.568	4900
2308.569	4916
2310.572	4906
2312.573	4866
2314.573	4896
2316.574	4776
2318.573	4814
2320.571	4820
2322.571	4814
2324.569	4830
2326.567	4821
2328.564	4916
2330.56	4818
2332.556	4869
2334.551	4899
2336.546	4790
2338.542	4822
2340.535	4875
2342.529	4848
2344.521	4852
2346.512	4841
2348.505	4801
2350.497	4705
2352.487	4815
2354.478	4796
2356.468	4777
2358.457	4775
2360.446	4755
2362.434	4807
2364.422	4727
2366.408	4790
2368.395	4804
2370.383	4863
2372.369	4805
2374.353	4808
2376.338	4795
2378.321	4899
2380.307	4798
2382.29	4695
2384.272	4827
2386.254	4706
2388.235	4791
2390.218	4692
2392.198	4809
2394.179	4833
2396.157	4691
2398.137	4805
2400.115	4741
2402.095	4817
2404.072	4837
2406.048	4720
2408.026	4669
2410.001	4683
2411.977	4806
2413.953	4747
2415.927	4755
2417.9	4768
2419.875	4818
2421.847	4714
2423.821	4799
2425.792	4749
2427.763	4804
2429.736	4839
2431.706	4711
2433.677	4730
2435.646	4817
2437.615	4722
2439.583	4682
2441.551	4755
2443.519	4784
2445.486	4737
2447.452	4904
2449.418	4768
2451.383	4831
2453.348	4756
2455.314	4756
2457.278	4811
2459.241	4768
2461.205	4705
2463.167	4712
2465.131	4667
2467.091	4797
2469.052	4664
2471.012	4776
2472.972	4719
2474.932	4679
2476.891	4690
2478.85	4747
2480.808	4723
2482.766	4780
2484.722	4636
2486.68	4686
2488.636	4691
2490.591	4678
2492.546	4615
2494.5	4677
2496.456	4596
2498.41	4731
2500.362	4803
2502.315	4757
2504.266	4738
2506.218	4681
2508.169	4716
2510.121	4777
2512.07	4748
2514.019	4772
2515.968	4767
2517.918	4728
2519.866	4742
2521.813	4705
2523.76	4673
2525.707	4706
2527.653	4689
2529.599	4805
2531.543	4697
2533.489	4697
2535.433	4725
2537.376	4759
2539.32	4690
2541.264	4679
2543.205	4586
2545.147	4726
2547.087	4581
2549.029	4696
2550.969	4707
2552.908	4659
2554.847	4719
2556.786	4711
2558.724	4656
2560.663	4598
2562.6	4743
2564.537	4687
2566.473	4710
2568.408	4794
2570.345	4699
2572.28	4722
2574.214	4733
2576.148	4677
2578.081	4728
2580.014	4759
2581.947	4728
2583.879	4744
2585.81	4721
2587.741	4734
2589.67	4747
2591.602	4756
2593.532	4729
2595.461	4646
2597.388	4767
2599.316	4731
2601.244	4800
2603.172	4720
2605.098	4728
2607.023	4697
2608.949	4761
2610.873	4747
2612.8	4693
2614.723	4764
2616.647	4704
2618.569	4683
2620.493	4816
2622.416	4800
2624.338	4743
2626.258	4893
2628.179	4699
2630.099	4774
2632.019	4703
2633.939	4730
2635.857	4765
2637.775	4714
2639.694	4731
2641.61	4834
2643.528	4820
2645.444	4809
2647.361	4677
2649.276	4767
2651.19	4802
2653.105	4760
2655.019	4647
2656.934	4784
2658.846	4669
2660.758	4764
2662.67	4806
2664.583	4761
2666.493	4749
2668.404	4806
2670.313	4790
2672.223	4747
2674.134	4657
2676.042	4802
2677.95	4803
2679.858	4811
2681.765	4769
2683.673	4707
2685.579	4730
2687.483	4731
2689.389	4682
2691.294	4771
2693.198	4771
2695.104	4801
2697.006	4664
2698.909	4766
2700.811	4716
2702.713	4735
2704.615	4631
2706.516	4729
2708.417	4615
2710.316	4762
2712.216	4697
2714.115	4710
2716.014	4814
2717.913	4585
2719.81	4663
2721.707	4658
2723.603	4746
2725.501	4614
2727.396	4679
2729.292	4609
2731.186	4735
2733.081	4679
2734.976	4741
2736.87	4727
2738.762	4624
2740.653	4613
2742.546	4750
2744.437	4710
2746.329	4614
2748.22	4711
2750.11	4666
2751.999	4718
2753.889	4671
2755.778	4699
2757.666	4611
2759.553	4745
2761.44	4633
2763.328	4688
2765.215	4595
2767.101	4600
2768.986	4530
2770.87	4679
2772.754	4688
2774.638	4726
2776.523	4584
2778.405	4620
2780.288	4642
2782.17	4677
2784.051	4590
2785.934	4690
2787.814	4665
2789.694	4648
2791.574	4565
2793.453	4678
2795.332	4647
2797.212	4675
2799.088	4645
2800.966	4667
2802.843	4623
2804.719	4637
2806.597	4687
2808.471	4597
2810.346	4729
2812.221	4659
2814.094	4685
2815.969	4618
2817.843	4723
2819.714	4578
2821.587	4591
2823.459	4681
2825.329	4627
2827.202	4598
2829.072	4671
2830.942	4692
2832.811	4604
2834.68	4589
2836.549	4646
2838.418	4619
2840.284	4665
2842.152	4613
2844.018	4657
2845.885	4747
2847.751	4599
2849.616	4709
2851.482	4612
2853.345	4661
2855.208	4593
2857.074	4655
2858.937	4690
2860.799	4694
2862.66	4641
2864.522	4686
2866.385	4639
2868.245	4776
2870.104	4674
2871.964	4816
2873.824	4802
2875.683	4808
2877.542	4807
2879.4	4809
2881.257	4792
2883.114	4884
2884.97	4955
2886.827	4863
2888.683	4871
2890.537	4914
2892.392	4918
2894.246	4860
2896.1	4815
2897.954	4840
2899.807	4840
2901.66	4899
2903.51	4804
2905.362	4887
2907.214	4801
2909.065	4904
2910.915	4944
2912.765	4905
2914.613	4871
2916.463	4974
2918.311	5007
2920.158	4994
2922.006	4897
2923.853	5033
2925.698	5091
2927.546	5109
2929.392	5197
2931.236	5222
2933.081	5049
2934.924	5180
2936.77	5256
2938.613	5272
2940.455	5240
2942.298	5215
2944.139	5240
2945.982	5311
2947.823	5219
2949.662	5208
2951.503	5307
2953.342	5093
2955.182	5086
2957.021	5107
2958.858	5167
2960.697	5018
2962.534	5024
2964.37	5056
2966.207	4961
2968.044	4961
2969.879	4914
2971.714	4965
2973.548	4810
2975.383	4936
2977.218	4897
2979.051	4906
2980.883	4804
2982.715	4853
2984.547	4917
2986.379	4843
2988.21	4832
2990.04	4843
2991.87	4903
2993.7	4789
2995.53	4769
2997.359	4729
2999.187	4771
3001.015	4687
3002.842	4593
3004.669	4672
3006.497	4696
3008.323	4610
3010.148	4613
3011.974	4704
3013.797	4556
3015.623	4627
3017.447	4600
3019.27	4530
3021.094	4557
3022.915	4509
3024.737	4599
3026.56	4550
3028.38	4487
3030.201	4498
3032.022	4542
3033.84	4421
3035.662	4426
3037.481	4456
3039.298	4447
3041.117	4506
3042.933	4507
3044.752	4514
3046.568	4465
3048.385	4366
3050.2	4493
3052.016	4488
3053.83	4442
3055.646	4556
3057.46	4567
3059.272	4496
3061.086	4503
3062.898	4429
3064.711	4423
3066.524	4479
3068.335	4458
3070.145	4344
3071.956	4402
3073.766	4459
3075.576	4481
3077.385	4445
3079.193	4457
3081.002	4389
3082.81	4400
3084.618	4441
3086.425	4453
3088.231	4436
3090.036	4384
3091.842	4425
3093.648	4349
3095.452	4349
3097.257	4443
3099.06	4376
3100.863	4274
3102.666	4296
3104.47	4350
3106.272	4334
3108.073	4414
3109.875	4309
3111.676	4284
3113.477	4408
3115.277	4345
3117.077	4328
3118.874	4433
3120.673	4347
3122.473	4294
3124.271	4241
3126.066	4182
3127.863	4256
3129.66	4379
3131.456	4289
3133.252	4281
3135.047	4314
3136.842	4351
3138.635	4261
3140.429	4256
3142.223	4342
3144.016	4247
3145.808	4292
3147.6	4349
3149.392	4415
3151.183	4270
3152.975	4247
3154.765	4315
3156.553	4272
3158.344	4279
3160.132	4354
3161.922	4310
3163.71	4235
3165.497	4340
3167.285	4220
3169.071	4252
3170.858	4289
3172.645	4190
3174.429	4281
3176.214	4227
3177.998	4241
3179.783	4204
3181.568	4249
3183.351	4199
3185.133	4196
3186.915	4190
3188.698	4255
3190.481	4243
3192.261	4250
3194.042	4221
3195.822	4185
3197.601	4117
3199.381	4200
3201.161	4200
3202.939	4255
3204.717	4265
3206.495	4229
3208.272	4252
3210.05	4271
3211.826	4229
3213.602	4170
3215.376	4125
3217.151	4180
3218.927	4275
3220.702	4234
3222.476	4203
3224.249	4224
3226.021	4159
3227.793	4166
3229.567	4256
3231.339	4175
3233.109	4265
3234.88	4152
3236.651	4191
3238.421	4213
3240.191	4296
3241.96	4210
3243.728	4227
3245.497	4214
3247.263	4177
3249.033	4149
3250.799	4208
3252.566	4308
3254.331	4235
3256.097	4139
3257.863	4110
3259.628	4174
3261.392	4188
3263.156	4185
3264.919	4183
3266.683	4120
3268.447	4123
3270.208	4129
3271.969	4210
3273.731	4216
3275.492	4253
3277.253	4149
3279.013	4123
3280.773	4109
3282.532	4178
3284.291	4122
3286.05	4146
3287.808	4194
3289.566	4219
3291.323	4277
3293.079	4173
3294.835	4205
3296.593	4172
3298.348	4159
3300.102	4176
3301.857	4109
3303.611	4332
3305.366	4151
3307.119	4205
3308.872	4187
3310.624	4117
3312.376	4232
3314.129	4085
3315.881	4207
3317.631	4148
3319.38	4137
3321.13	4149
3322.88	4142
3324.631	4183
3326.379	4226
3328.126	4100
3329.875	4226
3331.622	4203
3333.371	4082
3335.116	4197
3336.863	4159
3338.609	4214
3340.353	4187
3342.1	4132
3343.845	4116
3345.588	4038
3347.332	4090
3349.074	4181
3350.817	4158
3352.56	4161
3354.303	4113
3356.043	4152
3357.785	4110
3359.525	4144
3361.268	4123
3363.007	4132
3364.745	4104
3366.485	4081
3368.223	4089
3369.962	4079
3371.701	4092
3373.438	4110
3375.174	4040
3376.911	4149
3378.647	4052
3380.384	4078
3382.118	4118
3383.854	4165
3385.588	4084
3387.322	4056
3389.057	4054
3390.79	4087
3392.522	4098
3394.255	4151
3395.987	4089
3397.719	4057
3399.451	4025
3401.181	4068
3402.911	4031
3404.641	4092
3406.371	4098
3408.101	4137
3409.83	4087
3411.558	4091
3413.285	4127
3415.011	4077
3416.739	4033
3418.467	4048
3420.193	4125
3421.919	4051
3423.644	4057
3425.368	3995
3427.094	4033
3428.818	4052
3430.542	3957
3432.264	4055
3433.987	3973
3435.712	4025
3437.434	4047
3439.155	4054
3440.876	3938
3442.596	3996
3444.317	3972
3446.039	4004
3447.757	4040
3449.477	4051
3451.195	4014
3452.914	3940
3454.632	3938
3456.35	3884
3458.067	3926
3459.784	3871
3461.5	3930
3463.216	3967
3464.932	3975
3466.647	3978
3468.362	3902
3470.076	3899
3471.789	3892
3473.505	3889
3475.217	3883
3476.929	3928
3478.641	3886
3480.354	3903
3482.066	3919
3483.777	3949
3485.487	3927
3487.197	3872
3488.908	3917
3490.617	3933
3492.327	3843
3494.035	3909
3495.743	3970
3497.451	3917
3499.158	3829
3500.866	3899
3502.572	3854
3504.278	3838
3505.984	3896
3507.689	3889
3509.396	3781
3511.1	3788
3512.804	3883
3514.508	3832
3516.211	3847
3517.913	3843
3519.616	3882
3521.319	3834
3523.021	3864
3524.722	3861
3526.422	3858
3528.124	3759
3529.824	3793
3531.524	3769
3533.222	3883
3534.921	3798
3536.62	3803
3538.318	3824
3540.016	3764
3541.714	3836
3543.41	3777
3545.107	3806
3546.803	3835
3548.5	3770
3550.194	3712
3551.889	3755
3553.583	3810
3555.279	3856
3556.972	3788
3558.666	3752
3560.358	3771
3562.051	3863
3563.742	3768
3565.435	3822
3567.126	3778
3568.817	3806
3570.507	3729
3572.197	3793
3573.888	3708
3575.577	3765
3577.265	3808
3578.954	3687
3580.642	3849
3582.329	3735
3584.017	3754
3585.704	3761
3587.391	3713
3589.077	3744
3590.762	3660
3592.449	3735
3594.133	3696
3595.817	3704
3597.501	3624
3599.185	3664
3600.869	3708
3602.552	3773
3604.234	3650
3605.916	3762
3607.598	3652
3609.279	3700
3610.961	3676
3612.642	3683
3614.321	3704
3616	3644
3617.68	3614
3619.36	3692
3621.039	3664
3622.716	3608
3624.394	3655
3626.071	3579
3627.748	3591
3629.425	3669
3631.102	3596
3632.778	3583
3634.452	3536
3636.127	3519
3637.803	3656
3639.477	3628
3641.151	3570
3642.823	3572
3644.497	3621
3646.171	3637
3647.842	3583
3649.515	3609
3651.185	3587
3652.857	3580
3654.527	3528
3656.198	3517
3657.868	3568
3659.537	3621
3661.207	3667
3662.875	3595
3664.544	3555
3666.212	3570
3667.879	3548
3669.546	3543
3671.212	3535
3672.88	3524
3674.546	3535
3676.211	3606
3677.875	3505
3679.541	3573
3681.205	3534
3682.87	3549
3684.533	3454
3686.196	3488
3687.859	3537
3689.521	3571
3691.184	3533
3692.845	3585
3694.507	3569
3696.167	3448
3697.827	3585
3699.487	3578
3701.148	3515
3702.808	3516
3704.466	3491
3706.125	3537
3707.783	3505
3709.442	3492
3711.099	3433
3712.757	3482
3714.412	3589
3716.068	3551
3717.725	3500
3719.381	3536
3721.036	3501
3722.689	3436
3724.344	3460
3725.998	3471
3727.652	3490
3729.305	3511
3730.958	3445
3732.61	3451
3734.262	3444
3735.915	3477
3737.565	3491
3739.217	3488
3740.866	3489
3742.516	3488
3744.165	3477
3745.816	3464
3747.464	3421
3749.113	3483
3750.761	3415
3752.409	3438
3754.057	3498
3755.703	3459
3757.35	3490
3758.996	3440
3760.641	3402
3762.289	3447
3763.933	3510
3765.577	3499
3767.222	3408
3768.865	3404
3770.508	3426
3772.152	3382
3773.796	3408
3775.438	3475
3777.079	3430
3778.721	3381
3780.363	3360
3782.003	3474
3783.643	3403
3785.283	3433
3786.923	3421
3788.563	3352
3790.203	3380
3791.841	3401
3793.479	3420
3795.115	3356
3796.753	3411
3798.391	3407
3800.027	3367
3801.664	3410
3803.299	3344
3804.935	3365
3806.571	3333
3808.206	3368
3809.839	3354
3811.473	3316
3813.107	3331
3814.74	3348
3816.375	3326
3818.006	3354
3819.638	3284
3821.27	3324
3822.9	3280
3824.532	3349
3826.163	3295
3827.792	3330
3829.423	3329
3831.051	3277
3832.682	3273
3834.311	3382
3835.938	3227
3837.566	3295
3839.193	3364
3840.821	3335
3842.448	3318
3844.075	3310
3845.7	3324
3847.325	3328
3848.951	3322
3850.576	3289
3852.201	3236
3853.825	3311
3855.448	3314
3857.072	3304
3858.694	3309
3860.318	3357
3861.939	3290
3863.562	3324
3865.183	3244
3866.804	3257
3868.426	3360
3870.045	3260
3871.666	3217
3873.285	3312
3874.904	3227
3876.524	3237
3878.142	3196
3879.76	3270
3881.378	3291
3882.995	3223
3884.612	3305
3886.229	3257
3887.845	3215
3889.461	3270
3891.076	3208
3892.691	3238
3894.307	3145
3895.922	3242
3897.536	3246
3899.149	3233
3900.761	3308
3902.374	3291
3903.988	3187
3905.6	3260
3907.212	3234
3908.822	3202
3910.433	3146
3912.045	3222
3913.655	3363
3915.265	3271
3916.875	3245
3918.483	3197
3920.093	3215
3921.702	3244
3923.309	3194
3924.917	3158
3926.523	3247
3928.13	3207
3929.739	3205
3931.344	3249
3932.95	3255
3934.555	3190
3936.159	3211
3937.766	3162
3939.369	3183
3940.974	3209
3942.577	3204
3944.181	3139
3945.783	3181
3947.386	3099
3948.989	3135
3950.59	3132
3952.191	3144
3953.791	3191
3955.394	3153
3956.994	3126
3958.593	3173
3960.192	3195
3961.791	3198
3963.392	3064
3964.99	3126
3966.588	3165
3968.185	3158
3969.782	3085
3971.379	3151
3972.976	3110
3974.572	3139
3976.168	3126
3977.763	3155
3979.358	3129
3980.954	3125
3982.548	3075
3984.142	3089
3985.736	3161
3987.329	3095
3988.922	3101
3990.516	3041
3992.108	3025
3993.698	3138
3995.29	3102
3996.881	3071
3998.473	3023
4000.064	3018
4001.653	3060
4003.242	3129
4004.832	3096
4006.422	3040
4008.01	3135
4009.598	3100
4011.186	3050
4012.773	3041
4014.36	3051
4015.947	3059
4017.534	3080
4019.119	3095
4020.705	3004
4022.291	3042
4023.876	3048
4025.461	3044
4027.044	3054
4028.627	2986
4030.211	3011
4031.795	3017
4033.378	3036
4034.96	2991
4036.542	3050
4038.124	3044
4039.704	2993
4041.286	2978
4042.867	2991
4044.447	2952
4046.026	3032
4047.606	3073
4049.187	3013
4050.765	2999
4052.343	3018
4053.92	2904
4055.498	2989
4057.076	2964
4058.654	2905
4060.23	2964
4061.806	2971
4063.381	2943
4064.957	2865
4066.533	2967
4068.107	2941
4069.682	3035
4071.256	2952
4072.829	2986
4074.404	2989
4075.977	2985
4077.549	2933
4079.121	2948
4080.693	2953
4082.265	2864
4083.836	2999
4085.407	2914
4086.977	2992
4088.547	2979
4090.117	2937
4091.687	2888
4093.256	2916
4094.825	2960
4096.392	2963
4097.96	2896
4099.528	2926
4101.097	2860
4102.663	2921
4104.229	2932
4105.795	2892
4107.361	2872
4108.928	2883
4110.493	2932
4112.058	2965
4113.621	2849
4115.186	2899
4116.75	2857
4118.313	2955
4119.876	2875
4121.438	2840
4123	2866
4124.562	2800
4126.125	2931
4127.686	2839
4129.246	2909
4130.807	2851
4132.367	2925
4133.927	2824
4135.486	2902
4137.046	2809
4138.604	2801
4140.162	2801
4141.72	2857
4143.279	2894
4144.836	2831
4146.393	2873
4147.949	2814
4149.505	2747
4151.062	2808
4152.617	2821
4154.172	2796
4155.727	2816
4157.281	2841
4158.836	2761
4160.39	2792
4161.943	2818
4163.496	2806
4165.048	2748
4166.601	2848
4168.154	2739
4169.706	2783
4171.257	2781
4172.808	2739
4174.358	2771
4175.909	2820
4177.458	2774
4179.008	2831
4180.558	2713
4182.106	2780
4183.655	2707
4185.204	2721
4186.751	2681
4188.298	2740
4189.845	2737
4191.392	2690
4192.939	2740
4194.485	2745
4196.031	2740
4197.576	2707
4199.121	2731
4200.666	2743
4202.211	2729
4203.754	2766
4205.298	2657
4206.84	2775
4208.384	2687
4209.927	2704
4211.47	2694
4213.011	2738
4214.552	2712
4216.094	2706
4217.635	2712
4219.175	2668
4220.716	2691
4222.255	2700
4223.793	2699
4225.335	2701
4226.873	2705
4228.411	2786
4229.948	2697
4231.486	2642
4233.024	2726
4234.562	2656
4236.098	2679
4237.634	2673
4239.169	2698
4240.705	2655
4242.241	2661
4243.776	2662
4245.31	2710
4246.844	2620
4248.378	2635
4249.911	2717
4251.445	2615
4252.978	2643
4254.51	2723
4256.042	2677
4257.574	2653
4259.107	2668
4260.638	2675
4262.169	2645
4263.699	2679
4265.228	2658
4266.759	2667
4268.289	2647
4269.818	2665
4271.345	2631
4272.874	2610
4274.402	2646
4275.931	2685
4277.458	2616
4278.985	2641
4280.512	2658
4282.037	2725
4283.564	2627
4285.089	2657
4286.615	2584
4288.139	2567
4289.664	2611
4291.187	2631
4292.712	2603
4294.235	2597
4295.759	2632
4297.281	2660
4298.804	2608
4300.327	2598
4301.849	2564
4303.37	2574
4304.891	2657
4306.412	2689
4307.933	2603
4309.453	2634
4310.973	2623
4312.492	2574
