398.1873	2967
400.7097	2994
403.2336	2970
405.7547	2998
408.2751	3002
410.7948	3023
413.3138	3018
415.83	3007
418.3497	3072
420.8666	2981
423.3829	3107
425.8985	3106
428.4133	3045
430.9275	3093
433.441	3148
435.9538	3102
438.4639	3137
440.9753	3121
443.4881	3203
445.9982	3133
448.5055	3152
451.0142	3170
453.5201	3077
456.0274	3102
458.5361	3139
461.04	3233
463.5453	3172
466.0478	3113
468.5517	3142
471.0549	3158
473.5574	3153
476.0572	3097
478.5584	3115
481.0568	3182
483.5545	3171
486.0557	3184
488.5521	3246
491.0478	3209
493.5449	3259
496.0392	3231
498.5349	3247
501.0299	3183
503.5222	3243
506.0139	3272
508.5048	3332
510.9991	3201
513.4887	3344
515.9777	3282
518.4659	3303
520.9534	3286
523.4403	3302
525.9306	3287
528.4161	3244
530.9009	3247
533.3851	3223
535.8687	3290
538.3535	3281
540.8356	3235
543.3171	3251
545.7979	3309
548.278	3321
550.7595	3334
553.2383	3324
555.7144	3301
558.1918	3366
560.6685	3307
563.1446	3293
565.6221	3317
568.0968	3342
570.5688	3328
573.0422	3378
575.515	3440
577.989	3329
580.4584	3383
582.9291	3365
585.3991	3368
587.8685	3371
590.3352	3526
592.8052	3404
595.2706	3385
597.7372	3379
600.2033	3518
602.6666	3442
605.1334	3345
607.5953	3336
610.0587	3430
612.5193	3405
614.9814	3370
617.4427	3403
619.9034	3413
622.3615	3307
624.8208	3342
627.2775	3436
629.7335	3352
632.1929	3355
634.6476	3321
637.1016	3456
639.5569	3441
642.0096	3378
644.4637	3476
646.9151	3402
649.3678	3418
651.8179	3406
654.2672	3489
656.7159	3464
659.166	3421
661.6154	3465
664.0622	3470
666.5082	3425
668.9537	3394
671.4005	3489
673.8445	3453
676.288	3560
678.7308	3478
681.1729	3451
683.6163	3457
686.0572	3552
688.4973	3455
690.9368	3513
693.3757	3499
695.8138	3495
698.2534	3474
700.6902	3475
703.1245	3562
705.56	3499
707.9949	3499
710.4311	3614
712.8647	3512
715.2957	3504
717.7279	3620
720.1595	3543
722.5905	3519
725.0208	3655
727.4505	3575
729.8795	3633
732.3058	3613
734.7336	3596
737.1626	3662
739.587	3634
742.0128	3642
744.4359	3704
746.8604	3628
749.2841	3655
751.7073	3712
754.1278	3615
756.5496	3782
758.9688	3705
761.3893	3749
763.8093	3763
766.2285	3782
768.6451	3751
771.0611	3723
773.4784	3724
775.895	3724
778.3091	3706
780.7244	3632
783.1371	3825
785.5493	3730
787.9626	3768
790.3754	3710
792.7856	3782
795.1951	3680
797.6039	3760
800.0121	3724
802.4236	3691
804.8306	3839
807.2369	3646
809.6425	3853
812.0475	3781
814.4538	3770
816.8575	3712
819.2606	3728
821.663	3732
824.0648	3802
826.4659	3770
828.8683	3781
831.2682	3706
833.6674	3799
836.066	3881
838.4639	3851
840.8632	3813
843.2579	3753
845.6539	3829
848.0493	3745
850.444	3844
852.84	3867
855.2315	3821
857.6243	3909
860.0165	3845
862.4081	3802
864.797	3858
867.1892	3809
869.5789	3841
871.9659	3854
874.3542	3766
876.74	3864
879.129	3720
881.5155	3838
883.8994	3864
886.2845	3823
888.6671	3797
891.051	3893
893.4343	3817
895.8169	3800
898.197	3861
900.5783	3798
902.9571	3868
905.3372	3852
907.7167	3825
910.0936	3906
912.4698	3853
914.8474	3759
917.2244	3847
919.5987	3878
921.9744	3928
924.3475	4011
926.72	3912
929.0918	3921
931.4669	4016
933.8375	4006
936.2074	3972
938.5767	3961
940.9454	4087
943.3154	4081
945.6829	4108
948.0497	4143
950.4178	4331
952.7833	4346
955.1483	4428
957.5145	4600
959.8782	4517
962.2412	4542
964.6036	4472
966.9655	4374
969.3266	4287
971.6871	4249
974.0471	4035
976.4064	4087
978.765	3977
981.125	3891
983.4824	4034
985.8373	3951
988.1935	3953
990.549	3990
992.9039	3960
995.2602	3943
997.6119	4016
999.965	3975
1002.317	3978
1004.667	3983
1007.02	4067
1009.371	3988
1011.719	3901
1014.068	4040
1016.415	4015
1018.765	3900
1021.111	3985
1023.458	4057
1025.804	3990
1028.147	3996
1030.49	3969
1032.837	4023
1035.179	3974
1037.522	4074
1039.862	4060
1042.204	4087
1044.546	4070
1046.884	4075
1049.224	4038
1051.562	4081
1053.899	4030
1056.237	4086
1058.575	4098
1060.91	4041
1063.244	4081
1065.58	4021
1067.913	4079
1070.248	4125
1072.579	4097
1074.911	4160
1077.242	4180
1079.572	4150
1081.905	4131
1084.234	4056
1086.562	4104
1088.89	4129
1091.217	4083
1093.544	4154
1095.871	4074
1098.197	4086
1100.521	4080
1102.845	4104
1105.169	4029
1107.491	4094
1109.814	4075
1112.135	4173
1114.456	4155
1116.776	4137
1119.096	4082
1121.415	4131
1123.734	4040
1126.052	4074
1128.369	4147
1130.686	4119
1133.002	4122
1135.318	4095
1137.632	4119
1139.945	4104
1142.258	4109
1144.573	4169
1146.884	4200
1149.196	4242
1151.505	4200
1153.816	4129
1156.124	4201
1158.435	4221
1160.742	4187
1163.051	4044
1165.356	4178
1167.663	4137
1169.97	4136
1172.276	4134
1174.579	4101
1176.881	4161
1179.186	4115
1181.487	4085
1183.79	4142
1186.092	4140
1188.392	4112
1190.691	4078
1192.991	4143
1195.291	4089
1197.588	4134
1199.885	4179
1202.181	4077
1204.479	4071
1206.775	4114
1209.07	4127
1211.363	4107
1213.656	4089
1215.949	4163
1218.241	4186
1220.534	4186
1222.825	4043
1225.115	4102
1227.405	4212
1229.693	4194
1231.984	4223
1234.271	4233
1236.558	4261
1238.845	4185
1241.131	4306
1243.416	4247
1245.703	4225
1247.987	4276
1250.269	4319
1252.552	4246
1254.834	4351
1257.118	4226
1259.399	4211
1261.678	4252
1263.958	4305
1266.237	4291
1268.516	4271
1270.794	4239
1273.072	4317
1275.347	4199
1277.624	4226
1279.899	4234
1282.175	4303
1284.449	4249
1286.722	4262
1288.995	4173
1291.266	4071
1293.54	4346
1295.81	4228
1298.081	4116
1300.35	4213
1302.62	4198
1304.889	4259
1307.156	4186
1309.425	4220
1311.69	4220
1313.957	4214
1316.222	4162
1318.488	4221
1320.751	4304
1323.016	4240
1325.278	4186
1327.54	4279
1329.803	4119
1332.065	4236
1334.325	4302
1336.584	4221
1338.843	4265
1341.101	4238
1343.36	4224
1345.617	4214
1347.876	4289
1350.131	4374
1352.387	4224
1354.643	4214
1356.897	4234
1359.151	4289
1361.403	4276
1363.656	4228
1365.909	4293
1368.16	4295
1370.409	4349
1372.659	4339
1374.909	4277
1377.157	4330
1379.407	4337
1381.655	4261
1383.9	4311
1386.147	4333
1388.393	4334
1390.64	4333
1392.885	4351
1395.127	4310
1397.37	4324
1399.614	4332
1401.854	4345
1404.098	4338
1406.339	4326
1408.578	4315
1410.818	4279
1413.056	4337
1415.297	4386
1417.533	4362
1419.771	4389
1422.006	4460
1424.243	4282
1426.479	4297
1428.715	4389
1430.948	4477
1433.182	4377
1435.414	4464
1437.647	4452
1439.88	4464
1442.11	4419
1444.342	4477
1446.571	4503
1448.799	4469
1451.029	4506
1453.258	4389
1455.485	4503
1457.711	4491
1459.937	4457
1462.164	4531
1464.39	4426
1466.614	4438
1468.838	4404
1471.06	4358
1473.283	4356
1475.506	4429
1477.727	4390
1479.949	4372
1482.169	4323
1484.389	4399
1486.609	4349
1488.828	4376
1491.045	4292
1493.261	4431
1495.477	4340
1497.693	4241
1499.91	4335
1502.125	4269
1504.339	4293
1506.553	4364
1508.766	4390
1510.979	4293
1513.191	4386
1515.402	4268
1517.613	4392
1519.823	4382
1522.033	4360
1524.242	4263
1526.451	4368
1528.657	4288
1530.865	4277
1533.072	4383
1535.278	4361
1537.484	4330
1539.687	4397
1541.892	4382
1544.096	4343
1546.299	4400
1548.502	4408
1550.703	4433
1552.905	4447
1555.104	4246
1557.303	4411
1559.505	4339
1561.703	4420
1563.902	4338
1566.099	4398
1568.295	4464
1570.494	4431
1572.689	4408
1574.883	4512
1577.079	4494
1579.272	4403
1581.467	4457
1583.659	4540
1585.853	4412
1588.044	4374
1590.234	4470
1592.424	4525
1594.615	4384
1596.806	4468
1598.994	4460
1601.182	4576
1603.369	4574
1605.557	4416
1607.744	4544
1609.929	4513
1612.114	4513
1614.298	4523
1616.482	4411
1618.667	4533
1620.85	4519
1623.032	4452
1625.214	4535
1627.395	4484
1629.575	4516
1631.755	4572
1633.935	4464
1636.114	4494
1638.292	4436
1640.471	4485
1642.647	4518
1644.823	4488
1647	4526
1649.175	4566
1651.348	4502
1653.525	4508
1655.698	4520
1657.87	4547
1660.043	4451
1662.213	4660
1664.387	4554
1666.558	4555
1668.727	4543
1670.896	4540
1673.064	4644
1675.233	4551
1677.401	4517
1679.569	4457
1681.735	4581
1683.902	4615
1686.066	4544
1688.233	4461
1690.397	4464
1692.559	4510
1694.723	4501
1696.885	4487
1699.048	4532
1701.21	4506
1703.37	4586
1705.53	4487
1707.689	4507
1709.849	4489
1712.009	4492
1714.166	4450
1716.323	4429
1718.479	4489
1720.634	4418
1722.793	4563
1724.948	4468
1727.102	4635
1729.255	4420
1731.408	4489
1733.562	4559
1735.714	4514
1737.865	4514
1740.016	4546
1742.166	4626
1744.316	4584
1746.467	4574
1748.616	4560
1750.764	4458
1752.911	4521
1755.056	4614
1757.205	4486
1759.35	4518
1761.496	4526
1763.641	4524
1765.785	4636
1767.927	4540
1770.072	4582
1772.214	4658
1774.355	4535
1776.496	4612
1778.637	4588
1780.778	4574
1782.918	4604
1785.057	4556
1787.194	4535
1789.333	4511
1791.472	4584
1793.608	4640
1795.745	4494
1797.879	4536
1800.015	4592
1802.148	4662
1804.284	4552
1806.417	4484
1808.548	4621
1810.682	4573
1812.812	4526
1814.946	4581
1817.075	4616
1819.205	4499
1821.335	4570
1823.463	4584
1825.59	4644
1827.721	4508
1829.847	4487
1831.973	4569
1834.098	4595
1836.223	4576
1838.351	4573
1840.475	4579
1842.598	4646
1844.721	4575
1846.843	4616
1848.966	4504
1851.087	4549
1853.21	4579
1855.33	4570
1857.449	4577
1859.568	4516
1861.688	4607
1863.806	4520
1865.924	4606
1868.039	4576
1870.155	4533
1872.273	4497
1874.388	4494
1876.503	4532
1878.617	4561
1880.73	4554
1882.844	4599
1884.956	4595
1887.068	4571
1889.18	4591
1891.291	4494
1893.4	4607
1895.511	4533
1897.621	4541
1899.73	4660
1901.837	4554
1903.944	4537
1906.053	4572
1908.159	4635
1910.265	4587
1912.369	4607
1914.474	4683
1916.577	4654
1918.683	4608
1920.785	4655
1922.888	4609
1924.989	4691
1927.091	4717
1929.193	4701
1931.294	4694
1933.393	4697
1935.493	4712
1937.59	4609
1939.689	4664
1941.788	4606
1943.884	4633
1945.98	4544
1948.077	4662
1950.171	4713
1952.267	4567
1954.361	4713
1956.455	4635
1958.548	4616
1960.64	4636
1962.733	4632
1964.824	4701
1966.915	4750
1969.005	4585
1971.096	4652
1973.185	4716
1975.275	4643
1977.363	4716
1979.45	4694
1981.537	4592
1983.623	4558
1985.711	4674
1987.796	4673
1989.881	4662
1991.965	4633
1994.047	4540
1996.132	4690
1998.215	4566
2000.297	4686
2002.378	4615
2004.46	4576
2006.54	4605
2008.62	4571
2010.7	4470
2012.779	4525
2014.858	4646
2016.934	4543
2019.013	4634
2021.09	4611
2023.165	4627
2025.241	4634
2027.317	4618
2029.39	4677
2031.466	4582
2033.538	4550
2035.612	4633
2037.683	4690
2039.755	4604
2041.827	4646
2043.898	4555
2045.968	4551
2048.038	4549
2050.106	4664
2052.177	4642
2054.244	4603
2056.313	4707
2058.379	4668
2060.444	4707
2062.511	4673
2064.577	4628
2066.641	4661
2068.705	4592
2070.77	4706
2072.832	4632
2074.896	4631
2076.958	4682
2079.02	4689
2081.081	4628
2083.141	4626
2085.2	4630
2087.261	4708
2089.319	4610
2091.377	4643
2093.435	4703
2095.492	4570
2097.552	4694
2099.607	4654
2101.663	4590
2103.718	4657
2105.771	4602
2107.826	4699
2109.879	4672
2111.932	4674
2113.985	4689
2116.037	4682
2118.088	4721
2120.141	4658
2122.191	4693
2124.239	4577
2126.288	4720
2128.337	4676
2130.387	4626
2132.434	4679
2134.481	4630
2136.528	4669
2138.574	4688
2140.618	4719
2142.665	4581
2144.71	4767
2146.753	4726
2148.797	4641
2150.838	4620
2152.883	4590
2154.923	4714
2156.965	4671
2159.007	4626
2161.046	4566
2163.086	4680
2165.126	4601
2167.163	4694
2169.202	4608
2171.239	4603
2173.277	4568
2175.314	4652
2177.349	4601
2179.385	4643
2181.42	4611
2183.453	4606
2185.49	4658
2187.522	4615
2189.555	4641
2191.586	4655
2193.619	4613
2195.651	4665
2197.682	4527
2199.711	4514
2201.74	4641
2203.769	4613
2205.799	4629
2207.828	4557
2209.855	4619
2211.882	4570
2213.908	4613
2215.934	4576
2217.961	4668
2219.986	4553
2222.01	4611
2224.034	4528
2226.057	4608
2228.08	4594
2230.104	4443
2232.124	4567
2234.145	4593
2236.166	4565
2238.186	4568
2240.207	4586
2242.227	4505
2244.244	4726
2246.262	4571
2248.28	4671
2250.299	4553
2252.314	4574
2254.33	4537
2256.346	4624
2258.36	4583
2260.375	4608
2262.391	4605
2264.403	4528
2266.416	4578
2268.427	4601
2270.44	4549
2272.453	4696
2274.463	4551
2276.474	4626
2278.483	4630
2280.493	4591
2282.501	4621
2284.51	4530
2286.518	4626
2288.524	4698
2290.532	4661
2292.537	4604
2294.544	4563
2296.55	4635
2298.554	4558
2300.557	4560
2302.562	4575
2304.566	4676
2306.568	4541
2308.569	4543
2310.572	4563
2312.573	4536
2314.573	4575
2316.574	4551
2318.573	4476
2320.571	4457
2322.571	4588
2324.569	4531
2326.567	4516
2328.564	4465
2330.56	4563
2332.556	4538
2334.551	4512
2336.546	4502
2338.542	4505
2340.535	4592
2342.529	4563
2344.521	4578
2346.512	4579
2348.505	4545
2350.497	4576
2352.487	4512
2354.478	4505
2356.468	4427
2358.457	4544
2360.446	4548
2362.434	4578
2364.422	4567
2366.408	4429
2368.395	4463
2370.383	4543
2372.369	4547
2374.353	4570
2376.338	4509
2378.321	4550
2380.307	4511
2382.29	4558
2384.272	4433
2386.254	4443
2388.235	4513
2390.218	4480
2392.198	4502
2394.179	4512
2396.157	4460
2398.137	4578
2400.115	4525
2402.095	4496
2404.072	4495
2406.048	4542
2408.026	4498
2410.001	4455
2411.977	4506
2413.953	4446
2415.927	4401
2417.9	4543
2419.875	4498
2421.847	4472
2423.821	4539
2425.792	4523
2427.763	4496
2429.736	4553
2431.706	4442
2433.677	4435
2435.646	4480
2437.615	4460
2439.583	4447
2441.551	4450
2443.519	4541
2445.486	4464
2447.452	4414
2449.418	4403
2451.383	4513
2453.348	4406
2455.314	4437
2457.278	4486
2459.241	4489
2461.205	4476
2463.167	4397
2465.131	4368
2467.091	4527
2469.052	4433
2471.012	4418
2472.972	4504
2474.932	4391
2476.891	4465
2478.85	4364
2480.808	4410
2482.766	4486
2484.722	4338
2486.68	4422
2488.636	4501
2490.591	4445
2492.546	4387
2494.5	4416
2496.456	4445
2498.41	4412
2500.362	4438
2502.315	4417
2504.266	4482
2506.218	4433
2508.169	4430
2510.121	4461
2512.07	4464
2514.019	4414
2515.968	4458
2517.918	4418
2519.866	4477
2521.813	4430
2523.76	4419
2525.707	4382
2527.653	4394
2529.599	4521
2531.543	4424
2533.489	4428
2535.433	4390
2537.376	4411
2539.32	4428
2541.264	4433
2543.205	4405
2545.147	4393
2547.087	4462
2549.029	4444
2550.969	4374
2552.908	4495
2554.847	4491
2556.786	4416
2558.724	4360
2560.663	4390
2562.6	4336
2564.537	4419
2566.473	4419
2568.408	4433
2570.345	4480
2572.28	4420
2574.214	4407
2576.148	4371
2578.081	4375
2580.014	4405
2581.947	4495
2583.879	4429
2585.81	4420
2587.741	4458
2589.67	4347
2591.602	4404
2593.532	4505
2595.461	4318
2597.388	4411
2599.316	4429
2601.244	4390
2603.172	4353
2605.098	4464
2607.023	4427
2608.949	4448
2610.873	4451
2612.8	4437
2614.723	4491
2616.647	4454
2618.569	4385
2620.493	4422
2622.416	4459
2624.338	4334
2626.258	4413
2628.179	4478
2630.099	4336
2632.019	4469
2633.939	4494
2635.857	4449
2637.775	4383
2639.694	4458
2641.61	4531
2643.528	4568
2645.444	4421
2647.361	4376
2649.276	4492
2651.19	4503
2653.105	4508
2655.019	4492
2656.934	4411
2658.846	4497
2660.758	4420
2662.67	4432
2664.583	4446
2666.493	4343
2668.404	4464
2670.313	4481
2672.223	4463
2674.134	4356
2676.042	4393
2677.95	4374
2679.858	4467
2681.765	4319
2683.673	4383
2685.579	4338
2687.483	4420
2689.389	4335
2691.294	4437
2693.198	4478
2695.104	4459
2697.006	4326
2698.909	4375
2700.811	4372
2702.713	4472
2704.615	4350
2706.516	4292
2708.417	4433
2710.316	4424
2712.216	4354
2714.115	4343
2716.014	4457
2717.913	4434
2719.81	4380
2721.707	4434
2723.603	4385
2725.501	4391
2727.396	4483
2729.292	4302
2731.186	4439
2733.081	4356
2734.976	4403
2736.87	4350
2738.762	4362
2740.653	4282
2742.546	4464
2744.437	4372
2746.329	4365
2748.22	4311
2750.11	4496
2751.999	4302
2753.889	4417
2755.778	4359
2757.666	4428
2759.553	4311
2761.44	4301
2763.328	4390
2765.215	4343
2767.101	4281
2768.986	4342
2770.87	4389
2772.754	4344
2774.638	4282
2776.523	4349
2778.405	4286
2780.288	4361
2782.17	4308
2784.051	4316
2785.934	4317
2787.814	4284
2789.694	4322
2791.574	4236
2793.453	4333
2795.332	4364
2797.212	4346
2799.088	4391
2800.966	4339
2802.843	4324
2804.719	4372
2806.597	4420
2808.471	4340
2810.346	4318
2812.221	4271
2814.094	4342
2815.969	4312
2817.843	4259
2819.714	4336
2821.587	4276
2823.459	4281
2825.329	4228
2827.202	4327
2829.072	4312
2830.942	4265
2832.811	4472
2834.68	4327
2836.549	4298
2838.418	4219
2840.284	4342
2842.152	4290
2844.018	4329
2845.885	4287
2847.751	4383
2849.616	4265
2851.482	4406
2853.345	4337
2855.208	4357
2857.074	4301
2858.937	4321
2860.799	4345
2862.66	4417
2864.522	4363
2866.385	4440
2868.245	4380
2870.104	4473
2871.964	4448
2873.824	4430
2875.683	4462
2877.542	4431
2879.4	4555
2881.257	4494
2883.114	4552
2884.97	4490
2886.827	4480
2888.683	4509
2890.537	4510
2892.392	4547
2894.246	4567
2896.1	4472
2897.954	4556
2899.807	4596
2901.66	4435
2903.51	4530
2905.362	4431
2907.214	4508
2909.065	4540
2910.915	4448
2912.765	4570
2914.613	4512
2916.463	4583
2918.311	4528
2920.158	4614
2922.006	4575
2923.853	4615
2925.698	4620
2927.546	4672
2929.392	4685
2931.236	4682
2933.081	4781
2934.924	4778
2936.77	4663
2938.613	4826
2940.455	4705
2942.298	4729
2944.139	4827
2945.982	4825
2947.823	4758
2949.662	4720
2951.503	4790
2953.342	4754
2955.182	4695
2957.021	4713
2958.858	4799
2960.697	4733
2962.534	4634
2964.37	4579
2966.207	4659
2968.044	4563
2969.879	4586
2971.714	4500
2973.548	4532
2975.383	4433
2977.218	4400
2979.051	4508
2980.883	4397
2982.715	4462
2984.547	4483
2986.379	4434
2988.21	4555
2990.04	4392
2991.87	4398
2993.7	4416
2995.53	4398
2997.359	4373
2999.187	4449
3001.015	4327
3002.842	4295
3004.669	4414
3006.497	4304
3008.323	4228
3010.148	4259
3011.974	4246
3013.797	4150
3015.623	4188
3017.447	4183
3019.27	4258
3021.094	4235
3022.915	4216
3024.737	4158
3026.56	4225
3028.38	4202
3030.201	4140
3032.022	4199
3033.84	4110
3035.662	4160
3037.481	4151
3039.298	4107
3041.117	4161
3042.933	4134
3044.752	4160
3046.568	4097
3048.385	4161
3050.2	4069
3052.016	4140
3053.83	3989
3055.646	4116
3057.46	4055
3059.272	4156
3061.086	4129
3062.898	4197
3064.711	4127
3066.524	4115
3068.335	4048
3070.145	4089
3071.956	4135
3073.766	4031
3075.576	4078
3077.385	4056
3079.193	4110
3081.002	4126
3082.81	3989
3084.618	4075
3086.425	4031
3088.231	4118
3090.036	4020
3091.842	3974
3093.648	4018
3095.452	4079
3097.257	4017
3099.06	4162
3100.863	3981
3102.666	3995
3104.47	4093
3106.272	3959
3108.073	4027
3109.875	4053
3111.676	3995
3113.477	4047
3115.277	4078
3117.077	3942
3118.874	3935
3120.673	3945
3122.473	3994
3124.271	4021
3126.066	4089
3127.863	4002
3129.66	3971
3131.456	3988
3133.252	4007
3135.047	3915
3136.842	3906
3138.635	3860
3140.429	4005
3142.223	3956
3144.016	3930
3145.808	4034
3147.6	3988
3149.392	3998
3151.183	3929
3152.975	3875
3154.765	3916
3156.553	3883
3158.344	3951
3160.132	3883
3161.922	3958
3163.71	3852
3165.497	3939
3167.285	3904
3169.071	3840
3170.858	3857
3172.645	3977
3174.429	3886
3176.214	3982
3177.998	3888
3179.783	3914
3181.568	3908
3183.351	3930
3185.133	3900
3186.915	3794
3188.698	3888
3190.481	3844
3192.261	3859
3194.042	3874
3195.822	3838
3197.601	3876
3199.381	3892
3201.161	3921
3202.939	3872
3204.717	3908
3206.495	3914
3208.272	3940
3210.05	3880
3211.826	3861
3213.602	3816
3215.376	3868
3217.151	3873
3218.927	3808
3220.702	3856
3222.476	3847
3224.249	3865
3226.021	3871
3227.793	3914
3229.567	3878
3231.339	3862
3233.109	3867
3234.88	3832
3236.651	3801
3238.421	3742
3240.191	3863
3241.96	3928
3243.728	3686
3245.497	3871
3247.263	3779
3249.033	3881
3250.799	3756
3252.566	3862
3254.331	3809
3256.097	3829
3257.863	3809
3259.628	3849
3261.392	3823
3263.156	3816
3264.919	3855
3266.683	3820
3268.447	3881
3270.208	3789
3271.969	3833
3273.731	3833
3275.492	3811
3277.253	3797
3279.013	3850
3280.773	3818
3282.532	3864
3284.291	3855
3286.05	3764
3287.808	3756
3289.566	3824
3291.323	3873
3293.079	3831
3294.835	3830
3296.593	3842
3298.348	3833
3300.102	3780
3301.857	3767
3303.611	3825
3305.366	3864
3307.119	3802
3308.872	3908
3310.624	3846
3312.376	3878
3314.129	3829
3315.881	3947
3317.631	3805
3319.38	3846
3321.13	3862
3322.88	3881
3324.631	3866
3326.379	3769
3328.126	3829
3329.875	3778
3331.622	3852
3333.371	3855
3335.116	3789
3336.863	3698
3338.609	3722
3340.353	3737
3342.1	3838
3343.845	3817
3345.588	3759
3347.332	3781
3349.074	3718
3350.817	3790
3352.56	3786
3354.303	3718
3356.043	3780
3357.785	3837
3359.525	3753
3361.268	3778
3363.007	3676
3364.745	3790
3366.485	3693
3368.223	3786
3369.962	3748
3371.701	3757
3373.438	3715
3375.174	3757
3376.911	3695
3378.647	3833
3380.384	3724
3382.118	3746
3383.854	3757
3385.588	3759
3387.322	3677
3389.057	3609
3390.79	3664
3392.522	3655
3394.255	3754
3395.987	3733
3397.719	3738
3399.451	3587
3401.181	3667
3402.911	3771
3404.641	3823
3406.371	3662
3408.101	3629
3409.83	3725
3411.558	3644
3413.285	3714
3415.011	3635
3416.739	3705
3418.467	3810
3420.193	3673
3421.919	3652
3423.644	3616
3425.368	3686
3427.094	3675
3428.818	3614
3430.542	3626
3432.264	3660
3433.987	3685
3435.712	3671
3437.434	3671
3439.155	3617
3440.876	3607
3442.596	3654
3444.317	3673
3446.039	3665
3447.757	3677
3449.477	3670
3451.195	3564
3452.914	3665
3454.632	3549
3456.35	3618
3458.067	3534
3459.784	3574
3461.5	3644
3463.216	3610
3464.932	3623
3466.647	3622
3468.362	3619
3470.076	3538
3471.789	3545
3473.505	3633
3475.217	3545
3476.929	3569
3478.641	3594
3480.354	3554
3482.066	3483
3483.777	3590
3485.487	3500
3487.197	3553
3488.908	3514
3490.617	3553
3492.327	3518
3494.035	3553
3495.743	3562
3497.451	3483
3499.158	3494
3500.866	3529
3502.572	3593
3504.278	3545
3505.984	3527
3507.689	3535
3509.396	3537
3511.1	3488
3512.804	3469
3514.508	3566
3516.211	3469
3517.913	3570
3519.616	3507
3521.319	3513
3523.021	3588
3524.722	3449
3526.422	3520
3528.124	3516
3529.824	3421
3531.524	3487
3533.222	3490
3534.921	3494
3536.62	3477
3538.318	3479
3540.016	3427
3541.714	3437
3543.41	3421
3545.107	3428
3546.803	3482
3548.5	3428
3550.194	3501
3551.889	3475
3553.583	3489
3555.279	3421
3556.972	3452
3558.666	3430
3560.358	3496
3562.051	3426
3563.742	3437
3565.435	3471
3567.126	3440
3568.817	3365
3570.507	3408
3572.197	3366
3573.888	3428
3575.577	3470
3577.265	3385
3578.954	3429
3580.642	3311
3582.329	3321
3584.017	3410
3585.704	3352
3587.391	3398
3589.077	3383
3590.762	3366
3592.449	3342
3594.133	3383
3595.817	3364
3597.501	3344
3599.185	3386
3600.869	3377
3602.552	3390
3604.234	3346
3605.916	3422
3607.598	3326
3609.279	3251
3610.961	3334
3612.642	3362
3614.321	3290
3616	3286
3617.68	3338
3619.36	3243
3621.039	3360
3622.716	3340
3624.394	3323
3626.071	3318
3627.748	3261
3629.425	3315
3631.102	3302
3632.778	3296
3634.452	3291
3636.127	3306
3637.803	3283
3639.477	3226
3641.151	3283
3642.823	3258
3644.497	3323
3646.171	3254
3647.842	3205
3649.515	3266
3651.185	3221
3652.857	3239
3654.527	3257
3656.198	3254
3657.868	3239
3659.537	3217
3661.207	3199
3662.875	3208
3664.544	3266
3666.212	3228
3667.879	3272
3669.546	3190
3671.212	3209
3672.88	3162
3674.546	3237
3676.211	3168
3677.875	3251
3679.541	3196
3681.205	3193
3682.87	3258
3684.533	3210
3686.196	3139
3687.859	3183
3689.521	3221
3691.184	3240
3692.845	3221
3694.507	3188
3696.167	3233
3697.827	3232
3699.487	3182
3701.148	3244
3702.808	3238
3704.466	3236
3706.125	3144
3707.783	3192
3709.442	3160
3711.099	3127
3712.757	3190
3714.412	3252
3716.068	3209
3717.725	3172
3719.381	3194
3721.036	3220
3722.689	3170
3724.344	3118
3725.998	3204
3727.652	3101
3729.305	3176
3730.958	3124
3732.61	3141
3734.262	3144
3735.915	3145
3737.565	3193
3739.217	3179
3740.866	3151
3742.516	3148
3744.165	3153
3745.816	3105
3747.464	3181
3749.113	3188
3750.761	3189
3752.409	3161
3754.057	3095
3755.703	3090
3757.35	3110
3758.996	3180
3760.641	3116
3762.289	3080
3763.933	3171
3765.577	3129
3767.222	3232
3768.865	3052
3770.508	3114
3772.152	3148
3773.796	3118
3775.438	3079
3777.079	3089
3778.721	3133
3780.363	3096
3782.003	3120
3783.643	3070
3785.283	3138
3786.923	3103
3788.563	3088
3790.203	3173
3791.841	3086
3793.479	3123
3795.115	3059
3796.753	2997
3798.391	3054
3800.027	3061
3801.664	3085
3803.299	3099
3804.935	3091
3806.571	3105
3808.206	3045
3809.839	3057
3811.473	3028
3813.107	2978
3814.74	3039
3816.375	3061
3818.006	3010
3819.638	2988
3821.27	3000
3822.9	3004
3824.532	2931
3826.163	3089
3827.792	3002
3829.423	2981
3831.051	2947
3832.682	3056
3834.311	2987
3835.938	3013
3837.566	3009
3839.193	3002
3840.821	3012
3842.448	3057
3844.075	3021
3845.7	3011
3847.325	2947
3848.951	3011
3850.576	3050
3852.201	3036
3853.825	3001
3855.448	3038
3857.072	2941
3858.694	3037
3860.318	2979
3861.939	2992
3863.562	2977
3865.183	3013
3866.804	2946
3868.426	2934
3870.045	2981
3871.666	2889
3873.285	2896
3874.904	2924
3876.524	2921
3878.142	2928
3879.76	2925
3881.378	3007
3882.995	2961
3884.612	3006
3886.229	2923
3887.845	2927
3889.461	2903
3891.076	2939
3892.691	2940
3894.307	2846
3895.922	2940
3897.536	2922
3899.149	2931
3900.761	2888
3902.374	2969
3903.988	2946
3905.6	2900
3907.212	2955
3908.822	2922
3910.433	2885
3912.045	2908
3913.655	2891
3915.265	2938
3916.875	2911
3918.483	2902
3920.093	2920
3921.702	2868
3923.309	2926
3924.917	2939
3926.523	2896
3928.13	2886
3929.739	2798
3931.344	2889
3932.95	2915
3934.555	2914
3936.159	2854
3937.766	2920
3939.369	2862
3940.974	2904
3942.577	2919
3944.181	2870
3945.783	2939
3947.386	2897
3948.989	2846
3950.59	2849
3952.191	2889
3953.791	2847
3955.394	2857
3956.994	2881
3958.593	2865
3960.192	2827
3961.791	2818
3963.392	2938
3964.99	2856
3966.588	2840
3968.185	2849
3969.782	2812
3971.379	2859
3972.976	2791
3974.572	2797
3976.168	2781
3977.763	2866
3979.358	2803
3980.954	2814
3982.548	2819
3984.142	2828
3985.736	2839
3987.329	2805
3988.922	2847
3990.516	2804
3992.108	2819
3993.698	2775
3995.29	2781
3996.881	2780
3998.473	2812
4000.064	2741
4001.653	2726
4003.242	2776
4004.832	2761
4006.422	2782
4008.01	2736
4009.598	2769
4011.186	2687
4012.773	2696
4014.36	2785
4015.947	2703
4017.534	2721
4019.119	2759
4020.705	2719
4022.291	2753
4023.876	2718
4025.461	2770
4027.044	2768
4028.627	2711
4030.211	2652
4031.795	2690
4033.378	2673
4034.96	2705
4036.542	2717
4038.124	2700
4039.704	2727
4041.286	2756
4042.867	2668
4044.447	2659
4046.026	2678
4047.606	2783
4049.187	2698
4050.765	2651
4052.343	2660
4053.92	2705
4055.498	2648
4057.076	2644
4058.654	2697
4060.23	2732
4061.806	2652
4063.381	2694
4064.957	2673
4066.533	2709
4068.107	2645
4069.682	2688
4071.256	2717
4072.829	2684
4074.404	2727
4075.977	2674
4077.549	2636
4079.121	2662
4080.693	2670
4082.265	2648
4083.836	2693
4085.407	2647
4086.977	2627
4088.547	2645
4090.117	2625
4091.687	2660
4093.256	2583
4094.825	2682
4096.392	2569
4097.96	2568
4099.528	2608
4101.097	2592
4102.663	2567
4104.229	2639
4105.795	2579
4107.361	2626
4108.928	2658
4110.493	2584
4112.058	2554
4113.621	2603
4115.186	2639
4116.75	2605
4118.313	2588
4119.876	2594
4121.438	2565
4123	2496
4124.562	2585
4126.125	2565
4127.686	2567
4129.246	2579
4130.807	2540
4132.367	2573
4133.927	2563
4135.486	2578
4137.046	2602
4138.604	2575
4140.162	2596
4141.72	2532
4143.279	2534
4144.836	2526
4146.393	2644
4147.949	2530
4149.505	2495
4151.062	2539
4152.617	2637
4154.172	2596
4155.727	2525
4157.281	2583
4158.836	2544
4160.39	2508
4161.943	2477
4163.496	2559
4165.048	2539
4166.601	2469
4168.154	2470
4169.706	2482
4171.257	2477
4172.808	2518
4174.358	2516
4175.909	2501
4177.458	2478
4179.008	2527
4180.558	2513
4182.106	2478
4183.655	2525
4185.204	2480
4186.751	2455
4188.298	2492
4189.845	2466
4191.392	2428
4192.939	2531
4194.485	2419
4196.031	2467
4197.576	2445
4199.121	2477
4200.666	2469
4202.211	2528
4203.754	2507
4205.298	2398
4206.84	2389
4208.384	2448
4209.927	2438
4211.47	2433
4213.011	2442
4214.552	2468
4216.094	2455
4217.635	2482
4219.175	2453
4220.716	2399
4222.255	2478
4223.793	2407
4225.335	2389
4226.873	2414
4228.411	2486
4229.948	2482
4231.486	2431
4233.024	2417
4234.562	2395
4236.098	2488
4237.634	2405
4239.169	2376
4240.705	2405
4242.241	2379
4243.776	2392
4245.31	2432
4246.844	2384
4248.378	2418
4249.911	2434
4251.445	2402
4252.978	2400
4254.51	2409
4256.042	2370
4257.574	2384
4259.107	2380
4260.638	2420
4262.169	2455
4263.699	2337
4265.228	2422
4266.759	2360
4268.289	2353
4269.818	2421
4271.345	2357
4272.874	2406
4274.402	2417
4275.931	2387
4277.458	2377
4278.985	2380
4280.512	2325
4282.037	2387
4283.564	2384
4285.089	2335
4286.615	2375
4288.139	2332
4289.664	2376
4291.187	2384
4292.712	2309
4294.235	2376
4295.759	2373
4297.281	2334
4298.804	2341
4300.327	2391
4301.849	2303
4303.37	2327
4304.891	2314
4306.412	2295
4307.933	2271
4309.453	2355
4310.973	2275
4312.492	2365
