398.1873	2674
400.7097	2649
403.2336	2661
405.7547	2723
408.2751	2712
410.7948	2720
413.3138	2737
415.83	2705
418.3497	2794
420.8666	2705
423.3829	2770
425.8985	2804
428.4133	2857
430.9275	2824
433.441	2863
435.9538	2841
438.4639	2851
440.9753	2834
443.4881	2856
445.9982	2900
448.5055	2867
451.0142	2890
453.5201	2885
456.0274	2864
458.5361	2809
461.04	2853
463.5453	2846
466.0478	2863
468.5517	2883
471.0549	2864
473.5574	2862
476.0572	2848
478.5584	2881
481.0568	2824
483.5545	2939
486.0557	2875
488.5521	2866
491.0478	2876
493.5449	2905
496.0392	2938
498.5349	2903
501.0299	2983
503.5222	2931
506.0139	2960
508.5048	2967
510.9991	2948
513.4887	2995
515.9777	2952
518.4659	2982
520.9534	2999
523.4403	2972
525.9306	2991
528.4161	2986
530.9009	2907
533.3851	2954
535.8687	2962
538.3535	2983
540.8356	2943
543.3171	2966
545.7979	3093
548.278	3003
550.7595	2964
553.2383	3004
555.7144	2970
558.1918	3025
560.6685	2976
563.1446	2985
565.6221	2952
568.0968	3022
570.5688	2998
573.0422	3043
575.515	3031
577.989	3077
580.4584	3068
582.9291	3085
585.3991	3114
587.8685	3018
590.3352	3104
592.8052	3057
595.2706	3136
597.7372	3071
600.2033	3082
602.6666	2976
605.1334	3008
607.5953	3047
610.0587	3037
612.5193	3007
614.9814	3064
617.4427	3017
619.9034	3085
622.3615	3010
624.8208	3089
627.2775	3067
629.7335	3006
632.1929	3045
634.6476	3094
637.1016	3013
639.5569	3093
642.0096	3014
644.4637	3027
646.9151	3155
649.3678	3191
651.8179	3071
654.2672	3108
656.7159	3033
659.166	3141
661.6154	3147
664.0622	3147
666.5082	3104
668.9537	3190
671.4005	3132
673.8445	3176
676.288	3163
678.7308	3158
681.1729	3150
683.6163	3188
686.0572	3184
688.4973	3191
690.9368	3148
693.3757	3138
695.8138	3218
698.2534	3232
700.6902	3205
703.1245	3148
705.56	3176
707.9949	3170
710.4311	3226
712.8647	3249
715.2957	3175
717.7279	3240
720.1595	3193
722.5905	3245
725.0208	3196
727.4505	3227
729.8795	3276
732.3058	3189
734.7336	3305
737.1626	3281
739.587	3278
742.0128	3285
744.4359	3255
746.8604	3333
749.2841	3339
751.7073	3316
754.1278	3322
756.5496	3316
758.9688	3327
761.3893	3395
763.8093	3271
766.2285	3354
768.6451	3417
771.0611	3342
773.4784	3322
775.895	3356
778.3091	3365
780.7244	3362
783.1371	3407
785.5493	3398
787.9626	3384
790.3754	3385
792.7856	3461
795.1951	3354
797.6039	3368
800.0121	3302
802.4236	3401
804.8306	3388
807.2369	3453
809.6425	3396
812.0475	3465
814.4538	3428
816.8575	3320
819.2606	3411
821.663	3441
824.0648	3405
826.4659	3402
828.8683	3391
831.2682	3406
833.6674	3488
836.066	3454
838.4639	3402
840.8632	3452
843.2579	3457
845.6539	3453
848.0493	3449
850.444	3479
852.84	3377
855.2315	3483
857.6243	3561
860.0165	3361
862.4081	3501
864.797	3480
867.1892	3425
869.5789	3450
871.9659	3460
874.3542	3414
876.74	3480
879.129	3472
881.5155	3433
883.8994	3442
886.2845	3503
888.6671	3456
891.051	3427
893.4343	3355
895.8169	3407
898.197	3362
900.5783	3467
902.9571	3470
905.3372	3471
907.7167	3497
910.0936	3546
912.4698	3519
914.8474	3548
917.2244	3582
919.5987	3502
921.9744	3569
924.3475	3500
926.72	3570
929.0918	3575
931.4669	3566
933.8375	3536
936.2074	3644
938.5767	3642
940.9454	3652
943.3154	3664
945.6829	3727
948.0497	3682
950.4178	3813
952.7833	3849
955.1483	3933
957.5145	4005
959.8782	4050
962.2412	3995
964.6036	4042
966.9655	3849
969.3266	3834
971.6871	3829
974.0471	3658
976.4064	3706
978.765	3642
981.125	3644
983.4824	3625
985.8373	3634
988.1935	3582
990.549	3587
992.9039	3578
995.2602	3561
997.6119	3587
999.965	3607
1002.317	3591
1004.667	3602
1007.02	3604
1009.371	3582
1011.719	3626
1014.068	3551
1016.415	3643
1018.765	3580
1021.111	3544
1023.458	3556
1025.804	3689
1028.147	3616
1030.49	3595
1032.837	3601
1035.179	3608
1037.522	3681
1039.862	3551
1042.204	3667
1044.546	3671
1046.884	3623
1049.224	3614
1051.562	3685
1053.899	3661
1056.237	3666
1058.575	3644
1060.91	3595
1063.244	3611
1065.58	3706
1067.913	3661
1070.248	3706
1072.579	3769
1074.911	3704
1077.242	3700
1079.572	3656
1081.905	3657
1084.234	3721
1086.562	3689
1088.89	3643
1091.217	3676
1093.544	3758
1095.871	3666
1098.197	3747
1100.521	3680
1102.845	3664
1105.169	3739
1107.491	3759
1109.814	3726
1112.135	3682
1114.456	3680
1116.776	3714
1119.096	3627
1121.415	3754
1123.734	3743
1126.052	3720
1128.369	3674
1130.686	3637
1133.002	3687
1135.318	3690
1137.632	3733
1139.945	3762
1142.258	3653
1144.573	3795
1146.884	3744
1149.196	3739
1151.505	3620
1153.816	3763
1156.124	3786
1158.435	3729
1160.742	3724
1163.051	3713
1165.356	3608
1167.663	3809
1169.97	3762
1172.276	3734
1174.579	3762
1176.881	3722
1179.186	3702
1181.487	3747
1183.79	3739
1186.092	3759
1188.392	3747
1190.691	3741
1192.991	3666
1195.291	3741
1197.588	3820
1199.885	3762
1202.181	3688
1204.479	3741
1206.775	3667
1209.07	3778
1211.363	3683
1213.656	3716
1215.949	3690
1218.241	3744
1220.534	3756
1222.825	3685
1225.115	3777
1227.405	3791
1229.693	3789
1231.984	3717
1234.271	3762
1236.558	3811
1238.845	3845
1241.131	3790
1243.416	3811
1245.703	3747
1247.987	3826
1250.269	3855
1252.552	3951
1254.834	3860
1257.118	3816
1259.399	3884
1261.678	3782
1263.958	3781
1266.237	3829
1268.516	3817
1270.794	3843
1273.072	3865
1275.347	3844
1277.624	3823
1279.899	3823
1282.175	3881
1284.449	3899
1286.722	3846
1288.995	3900
1291.266	3863
1293.54	3827
1295.81	3861
1298.081	3762
1300.35	3815
1302.62	3784
1304.889	3818
1307.156	3823
1309.425	3810
1311.69	3791
1313.957	3836
1316.222	3802
1318.488	3820
1320.751	3883
1323.016	3826
1325.278	3873
1327.54	3770
1329.803	3923
1332.065	3835
1334.325	3790
1336.584	3869
1338.843	3850
1341.101	3857
1343.36	3828
1345.617	3835
1347.876	3864
1350.131	3830
1352.387	3791
1354.643	3749
1356.897	3805
1359.151	3831
1361.403	3843
1363.656	3851
1365.909	3860
1368.16	3810
1370.409	3970
1372.659	3856
1374.909	3809
1377.157	3917
1379.407	3855
1381.655	3931
1383.9	3841
1386.147	3847
1388.393	4001
1390.64	3946
1392.885	3868
1395.127	3921
1397.37	3903
1399.614	3915
1401.854	3921
1404.098	3932
1406.339	3939
1408.578	3903
1410.818	3956
1413.056	3902
1415.297	3961
1417.533	3976
1419.771	3907
1422.006	4014
1424.243	3965
1426.479	3911
1428.715	3910
1430.948	3995
1433.182	3952
1435.414	3931
1437.647	3989
1439.88	4010
1442.11	3934
1444.342	4026
1446.571	3944
1448.799	3980
1451.029	3997
1453.258	4026
1455.485	4060
1457.711	3925
1459.937	4058
1462.164	3984
1464.39	4024
1466.614	4012
1468.838	4027
1471.06	3937
1473.283	3979
1475.506	3927
1477.727	3933
1479.949	3919
1482.169	3933
1484.389	3888
1486.609	3954
1488.828	3900
1491.045	3970
1493.261	3954
1495.477	3912
1497.693	3950
1499.91	3886
1502.125	3859
1504.339	3961
1506.553	3887
1508.766	3877
1510.979	4018
1513.191	3904
1515.402	3927
1517.613	3925
1519.823	3870
1522.033	3953
1524.242	3960
1526.451	3898
1528.657	3902
1530.865	3805
1533.072	4018
1535.278	3895
1537.484	3946
1539.687	3934
1541.892	3997
1544.096	3992
1546.299	3993
1548.502	3956
1550.703	3986
1552.905	3991
1555.104	3965
1557.303	3984
1559.505	4029
1561.703	4036
1563.902	3950
1566.099	3962
1568.295	4027
1570.494	4064
1572.689	3983
1574.883	3992
1577.079	3953
1579.272	4066
1581.467	4037
1583.659	3972
1585.853	4082
1588.044	4041
1590.234	4049
1592.424	3950
1594.615	4049
1596.806	4040
1598.994	4015
1601.182	4035
1603.369	4072
1605.557	4087
1607.744	4137
1609.929	4076
1612.114	4033
1614.298	3989
1616.482	4113
1618.667	4043
1620.85	4068
1623.032	4069
1625.214	4027
1627.395	4124
1629.575	4105
1631.755	4171
1633.935	4114
1636.114	4100
1638.292	4111
1640.471	4092
1642.647	4110
1644.823	4127
1647	4108
1649.175	4160
1651.348	4042
1653.525	4150
1655.698	4092
1657.87	4142
1660.043	4155
1662.213	4128
1664.387	4117
1666.558	4038
1668.727	4214
1670.896	4086
1673.064	4116
1675.233	4149
1677.401	4097
1679.569	4114
1681.735	4136
1683.902	4121
1686.066	4182
1688.233	4152
1690.397	4131
1692.559	4123
1694.723	4117
1696.885	4098
1699.048	4105
1701.21	4111
1703.37	4077
1705.53	4059
1707.689	4170
1709.849	4149
1712.009	4096
1714.166	4124
1716.323	4125
1718.479	4071
1720.634	4137
1722.793	4089
1724.948	4086
1727.102	4137
1729.255	4117
1731.408	4062
1733.562	4130
1735.714	4078
1737.865	4121
1740.016	4150
1742.166	4161
1744.316	4200
1746.467	4119
1748.616	4177
1750.764	4159
1752.911	4041
1755.056	4177
1757.205	4088
1759.35	4159
1761.496	4180
1763.641	4154
1765.785	4149
1767.927	4175
1770.072	4142
1772.214	4067
1774.355	4216
1776.496	4183
1778.637	4217
1780.778	4169
1782.918	4170
1785.057	4196
1787.194	4167
1789.333	4215
1791.472	4262
1793.608	4152
1795.745	4196
1797.879	4122
1800.015	4156
1802.148	4174
1804.284	4201
1806.417	4204
1808.548	4198
1810.682	4155
1812.812	4162
1814.946	4144
1817.075	4183
1819.205	4166
1821.335	4200
1823.463	4168
1825.59	4163
1827.721	4160
1829.847	4144
1831.973	4133
1834.098	4146
1836.223	4139
1838.351	4157
1840.475	4107
1842.598	4247
1844.721	4202
1846.843	4205
1848.966	4065
1851.087	4122
1853.21	4205
1855.33	4137
1857.449	4216
1859.568	4149
1861.688	4117
1863.806	4164
1865.924	4027
1868.039	4105
1870.155	4117
1872.273	4187
1874.388	4139
1876.503	4167
1878.617	4172
1880.73	4176
1882.844	4174
1884.956	4208
1887.068	4157
1889.18	4190
1891.291	4232
1893.4	4131
1895.511	4182
1897.621	4212
1899.73	4128
1901.837	4219
1903.944	4245
1906.053	4215
1908.159	4254
1910.265	4232
1912.369	4263
1914.474	4149
1916.577	4195
1918.683	4248
1920.785	4254
1922.888	4221
1924.989	4239
1927.091	4175
1929.193	4265
1931.294	4215
1933.393	4136
1935.493	4256
1937.59	4264
1939.689	4302
1941.788	4321
1943.884	4266
1945.98	4324
1948.077	4274
1950.171	4254
1952.267	4255
1954.361	4314
1956.455	4193
1958.548	4300
1960.64	4192
1962.733	4245
1964.824	4282
1966.915	4194
1969.005	4270
1971.096	4250
1973.185	4303
1975.275	4269
1977.363	4262
1979.45	4226
1981.537	4329
1983.623	4245
1985.711	4248
1987.796	4239
1989.881	4330
1991.965	4227
1994.047	4216
1996.132	4211
1998.215	4195
2000.297	4190
2002.378	4332
2004.46	4154
2006.54	4212
2008.62	4166
2010.7	4256
2012.779	4173
2014.858	4215
2016.934	4213
2019.013	4129
2021.09	4206
2023.165	4253
2025.241	4250
2027.317	4331
2029.39	4211
2031.466	4311
2033.538	4294
2035.612	4245
2037.683	4321
2039.755	4288
2041.827	4262
2043.898	4256
2045.968	4172
2048.038	4216
2050.106	4306
2052.177	4291
2054.244	4221
2056.313	4226
2058.379	4280
2060.444	4255
2062.511	4260
2064.577	4303
2066.641	4312
2068.705	4297
2070.77	4303
2072.832	4262
2074.896	4210
2076.958	4252
2079.02	4238
2081.081	4256
2083.141	4260
2085.2	4263
2087.261	4277
2089.319	4320
2091.377	4319
2093.435	4317
2095.492	4277
2097.552	4256
2099.607	4302
2101.663	4233
2103.718	4286
2105.771	4249
2107.826	4256
2109.879	4246
2111.932	4317
2113.985	4329
2116.037	4329
2118.088	4298
2120.141	4349
2122.191	4284
2124.239	4207
2126.288	4207
2128.337	4263
2130.387	4322
2132.434	4286
2134.481	4325
2136.528	4241
2138.574	4363
2140.618	4317
2142.665	4272
2144.71	4271
2146.753	4209
2148.797	4285
2150.838	4402
2152.883	4254
2154.923	4279
2156.965	4216
2159.007	4311
2161.046	4291
2163.086	4195
2165.126	4271
2167.163	4274
2169.202	4263
2171.239	4253
2173.277	4145
2175.314	4322
2177.349	4234
2179.385	4296
2181.42	4241
2183.453	4269
2185.49	4318
2187.522	4235
2189.555	4221
2191.586	4181
2193.619	4199
2195.651	4214
2197.682	4255
2199.711	4295
2201.74	4243
2203.769	4303
2205.799	4269
2207.828	4256
2209.855	4255
2211.882	4242
2213.908	4208
2215.934	4247
2217.961	4274
2219.986	4217
2222.01	4227
2224.034	4277
2226.057	4185
2228.08	4205
2230.104	4253
2232.124	4198
2234.145	4155
2236.166	4282
2238.186	4185
2240.207	4121
2242.227	4238
2244.244	4250
2246.262	4273
2248.28	4231
2250.299	4225
2252.314	4268
2254.33	4237
2256.346	4273
2258.36	4263
2260.375	4236
2262.391	4252
2264.403	4249
2266.416	4271
2268.427	4224
2270.44	4216
2272.453	4309
2274.463	4257
2276.474	4240
2278.483	4237
2280.493	4304
2282.501	4286
2284.51	4256
2286.518	4220
2288.524	4222
2290.532	4228
2292.537	4242
2294.544	4140
2296.55	4296
2298.554	4228
2300.557	4213
2302.562	4282
2304.566	4302
2306.568	4279
2308.569	4161
2310.572	4315
2312.573	4268
2314.573	4243
2316.574	4232
2318.573	4280
2320.571	4238
2322.571	4215
2324.569	4228
2326.567	4211
2328.564	4284
2330.56	4233
2332.556	4171
2334.551	4133
2336.546	4199
2338.542	4223
2340.535	4154
2342.529	4141
2344.521	4274
2346.512	4192
2348.505	4296
2350.497	4209
2352.487	4238
2354.478	4220
2356.468	4231
2358.457	4188
2360.446	4158
2362.434	4250
2364.422	4184
2366.408	4238
2368.395	4205
2370.383	4168
2372.369	4212
2374.353	4248
2376.338	4146
2378.321	4261
2380.307	4163
2382.29	4197
2384.272	4209
2386.254	4115
2388.235	4224
2390.218	4214
2392.198	4106
2394.179	4212
2396.157	4209
2398.137	4242
2400.115	4099
2402.095	4244
2404.072	4174
2406.048	4150
2408.026	4246
2410.001	4226
2411.977	4268
2413.953	4193
2415.927	4261
2417.9	4087
2419.875	4179
2421.847	4158
2423.821	4163
2425.792	4138
2427.763	4213
2429.736	4170
2431.706	4159
2433.677	4085
2435.646	4224
2437.615	4215
2439.583	4120
2441.551	4189
2443.519	4149
2445.486	4085
2447.452	4263
2449.418	4145
2451.383	4240
2453.348	4205
2455.314	4220
2457.278	4189
2459.241	4205
2461.205	4214
2463.167	4252
2465.131	4219
2467.091	4205
2469.052	4211
2471.012	4281
2472.972	4228
2474.932	4186
2476.891	4104
2478.85	4159
2480.808	4227
2482.766	4187
2484.722	4150
2486.68	4223
2488.636	4174
2490.591	4176
2492.546	4231
2494.5	4192
2496.456	4225
2498.41	4214
2500.362	4190
2502.315	4265
2504.266	4173
2506.218	4169
2508.169	4162
2510.121	4227
2512.07	4155
2514.019	4167
2515.968	4173
2517.918	4223
2519.866	4139
2521.813	4089
2523.76	4176
2525.707	4149
2527.653	4168
2529.599	4167
2531.543	4127
2533.489	4202
2535.433	4130
2537.376	4108
2539.32	4205
2541.264	4182
2543.205	4207
2545.147	4155
2547.087	4148
2549.029	4071
2550.969	4193
2552.908	4263
2554.847	4142
2556.786	4181
2558.724	4116
2560.663	4134
2562.6	4174
2564.537	4179
2566.473	4090
2568.408	4127
2570.345	4143
2572.28	4210
2574.214	4201
2576.148	4227
2578.081	4191
2580.014	4163
2581.947	4223
2583.879	4154
2585.81	4172
2587.741	4226
2589.67	4239
2591.602	4194
2593.532	4178
2595.461	4230
2597.388	4192
2599.316	4165
2601.244	4196
2603.172	4211
2605.098	4250
2607.023	4286
2608.949	4203
2610.873	4190
2612.8	4220
2614.723	4228
2616.647	4290
2618.569	4263
2620.493	4288
2622.416	4193
2624.338	4168
2626.258	4250
2628.179	4230
2630.099	4209
2632.019	4191
2633.939	4187
2635.857	4238
2637.775	4227
2639.694	4269
2641.61	4218
2643.528	4203
2645.444	4281
2647.361	4283
2649.276	4209
2651.19	4235
2653.105	4228
2655.019	4181
2656.934	4269
2658.846	4162
2660.758	4326
2662.67	4249
2664.583	4369
2666.493	4198
2668.404	4243
2670.313	4238
2672.223	4227
2674.134	4257
2676.042	4324
2677.95	4243
2679.858	4160
2681.765	4255
2683.673	4214
2685.579	4194
2687.483	4254
2689.389	4215
2691.294	4211
2693.198	4279
2695.104	4221
2697.006	4252
2698.909	4241
2700.811	4241
2702.713	4221
2704.615	4205
2706.516	4312
2708.417	4318
2710.316	4167
2712.216	4228
2714.115	4253
2716.014	4269
2717.913	4263
2719.81	4257
2721.707	4138
2723.603	4276
2725.501	4210
2727.396	4196
2729.292	4153
2731.186	4235
2733.081	4200
2734.976	4292
2736.87	4233
2738.762	4304
2740.653	4172
2742.546	4311
2744.437	4210
2746.329	4229
2748.22	4257
2750.11	4197
2751.999	4317
2753.889	4180
2755.778	4272
2757.666	4208
2759.553	4185
2761.44	4244
2763.328	4195
2765.215	4292
2767.101	4302
2768.986	4183
2770.87	4240
2772.754	4228
2774.638	4250
2776.523	4255
2778.405	4269
2780.288	4237
2782.17	4197
2784.051	4239
2785.934	4287
2787.814	4284
2789.694	4260
2791.574	4161
2793.453	4269
2795.332	4237
2797.212	4204
2799.088	4256
2800.966	4264
2802.843	4339
2804.719	4183
2806.597	4277
2808.471	4147
2810.346	4269
2812.221	4293
2814.094	4251
2815.969	4229
2817.843	4256
2819.714	4278
2821.587	4217
2823.459	4176
2825.329	4247
2827.202	4342
2829.072	4287
2830.942	4339
2832.811	4282
2834.68	4260
2836.549	4240
2838.418	4193
2840.284	4283
2842.152	4248
2844.018	4244
2845.885	4334
2847.751	4267
2849.616	4296
2851.482	4250
2853.345	4271
2855.208	4336
2857.074	4385
2858.937	4305
2860.799	4258
2862.66	4385
2864.522	4427
2866.385	4334
2868.245	4311
2870.104	4369
2871.964	4247
2873.824	4410
2875.683	4411
2877.542	4403
2879.4	4425
2881.257	4443
2883.114	4472
2884.97	4390
2886.827	4517
2888.683	4503
2890.537	4562
2892.392	4536
2894.246	4540
2896.1	4475
2897.954	4532
2899.807	4332
2901.66	4503
2903.51	4578
2905.362	4492
2907.214	4442
2909.065	4489
2910.915	4475
2912.765	4485
2914.613	4614
2916.463	4459
2918.311	4519
2920.158	4609
2922.006	4709
2923.853	4626
2925.698	4550
2927.546	4614
2929.392	4691
2931.236	4665
2933.081	4595
2934.924	4617
2936.77	4715
2938.613	4724
2940.455	4667
2942.298	4780
2944.139	4726
2945.982	4860
2947.823	4717
2949.662	4734
2951.503	4755
2953.342	4647
2955.182	4648
2957.021	4782
2958.858	4657
2960.697	4718
2962.534	4664
2964.37	4638
2966.207	4585
2968.044	4660
2969.879	4645
2971.714	4650
2973.548	4512
2975.383	4507
2977.218	4569
2979.051	4514
2980.883	4434
2982.715	4460
2984.547	4502
2986.379	4578
2988.21	4382
2990.04	4470
2991.87	4406
2993.7	4520
2995.53	4425
2997.359	4440
2999.187	4310
3001.015	4436
3002.842	4415
3004.669	4388
3006.497	4344
3008.323	4378
3010.148	4342
3011.974	4311
3013.797	4333
3015.623	4363
3017.447	4282
3019.27	4274
3021.094	4289
3022.915	4246
3024.737	4249
3026.56	4224
3028.38	4265
3030.201	4300
3032.022	4348
3033.84	4265
3035.662	4198
3037.481	4266
3039.298	4244
3041.117	4321
3042.933	4245
3044.752	4289
3046.568	4294
3048.385	4262
3050.2	4417
3052.016	4258
3053.83	4275
3055.646	4322
3057.46	4237
3059.272	4248
3061.086	4249
3062.898	4231
3064.711	4180
3066.524	4340
3068.335	4378
3070.145	4209
3071.956	4176
3073.766	4144
3075.576	4227
3077.385	4280
3079.193	4264
3081.002	4305
3082.81	4234
3084.618	4288
3086.425	4311
3088.231	4253
3090.036	4199
3091.842	4177
3093.648	4226
3095.452	4256
3097.257	4120
3099.06	4324
3100.863	4224
3102.666	4195
3104.47	4247
3106.272	4158
3108.073	4246
3109.875	4225
3111.676	4240
3113.477	4185
3115.277	4160
3117.077	4260
3118.874	4165
3120.673	4223
3122.473	4161
3124.271	4174
3126.066	4199
3127.863	4170
3129.66	4168
3131.456	4128
3133.252	4244
3135.047	4187
3136.842	4232
3138.635	4213
3140.429	4166
3142.223	4117
3144.016	4236
3145.808	4168
3147.6	4196
3149.392	4207
3151.183	4156
3152.975	4179
3154.765	4121
3156.553	4135
3158.344	4220
3160.132	4143
3161.922	4123
3163.71	4096
3165.497	4223
3167.285	4145
3169.071	4182
3170.858	4151
3172.645	4115
3174.429	4183
3176.214	4138
3177.998	4219
3179.783	4179
3181.568	4208
3183.351	4156
3185.133	4189
3186.915	4192
3188.698	4173
3190.481	4225
3192.261	4162
3194.042	4153
3195.822	4211
3197.601	4178
3199.381	4128
3201.161	4188
3202.939	4232
3204.717	4097
3206.495	4192
3208.272	4158
3210.05	4216
3211.826	4197
3213.602	4240
3215.376	4135
3217.151	4206
3218.927	4139
3220.702	4299
3222.476	4195
3224.249	4221
3226.021	4220
3227.793	4266
3229.567	4222
3231.339	4206
3233.109	4133
3234.88	4186
3236.651	4230
3238.421	4136
3240.191	4271
3241.96	4139
3243.728	4204
3245.497	4270
3247.263	4332
3249.033	4261
3250.799	4223
3252.566	4153
3254.331	4236
3256.097	4286
3257.863	4314
3259.628	4224
3261.392	4232
3263.156	4174
3264.919	4183
3266.683	4288
3268.447	4286
3270.208	4259
3271.969	4243
3273.731	4265
3275.492	4157
3277.253	4293
3279.013	4168
3280.773	4171
3282.532	4327
3284.291	4233
3286.05	4268
3287.808	4268
3289.566	4283
3291.323	4268
3293.079	4270
3294.835	4180
3296.593	4334
3298.348	4263
3300.102	4273
3301.857	4215
3303.611	4344
3305.366	4214
3307.119	4284
3308.872	4245
3310.624	4265
3312.376	4293
3314.129	4271
3315.881	4292
3317.631	4318
3319.38	4261
3321.13	4208
3322.88	4232
3324.631	4359
3326.379	4280
3328.126	4371
3329.875	4319
3331.622	4326
3333.371	4266
3335.116	4206
3336.863	4329
3338.609	4239
3340.353	4313
3342.1	4444
3343.845	4257
3345.588	4244
3347.332	4280
3349.074	4313
3350.817	4233
3352.56	4302
3354.303	4336
3356.043	4244
3357.785	4358
3359.525	4297
3361.268	4274
3363.007	4247
3364.745	4309
3366.485	4261
3368.223	4272
3369.962	4342
3371.701	4222
3373.438	4272
3375.174	4284
3376.911	4286
3378.647	4209
3380.384	4346
3382.118	4224
3383.854	4235
3385.588	4307
3387.322	4324
3389.057	4247
3390.79	4289
3392.522	4293
3394.255	4347
3395.987	4246
3397.719	4376
3399.451	4300
3401.181	4407
3402.911	4327
3404.641	4299
3406.371	4318
3408.101	4258
3409.83	4325
3411.558	4332
3413.285	4316
3415.011	4330
3416.739	4350
3418.467	4243
3420.193	4245
3421.919	4336
3423.644	4334
3425.368	4356
3427.094	4350
3428.818	4289
3430.542	4384
3432.264	4285
3433.987	4295
3435.712	4364
3437.434	4297
3439.155	4293
3440.876	4293
3442.596	4321
3444.317	4274
3446.039	4355
3447.757	4299
3449.477	4316
3451.195	4290
3452.914	4365
3454.632	4330
3456.35	4336
3458.067	4247
3459.784	4367
3461.5	4254
3463.216	4299
3464.932	4271
3466.647	4305
3468.362	4360
3470.076	4258
3471.789	4327
3473.505	4226
3475.217	4227
3476.929	4308
3478.641	4313
3480.354	4264
3482.066	4344
3483.777	4301
3485.487	4233
3487.197	4283
3488.908	4267
3490.617	4338
3492.327	4215
3494.035	4272
3495.743	4242
3497.451	4286
3499.158	4352
3500.866	4381
3502.572	4267
3504.278	4338
3505.984	4371
3507.689	4245
3509.396	4366
3511.1	4304
3512.804	4339
3514.508	4362
3516.211	4367
3517.913	4299
3519.616	4313
3521.319	4381
3523.021	4375
3524.722	4355
3526.422	4379
3528.124	4293
3529.824	4327
3531.524	4328
3533.222	4260
3534.921	4334
3536.62	4281
3538.318	4210
3540.016	4341
3541.714	4428
3543.41	4394
3545.107	4317
3546.803	4344
3548.5	4393
3550.194	4347
3551.889	4296
3553.583	4370
3555.279	4319
3556.972	4344
3558.666	4387
3560.358	4273
3562.051	4400
3563.742	4355
3565.435	4344
3567.126	4314
3568.817	4345
3570.507	4271
3572.197	4320
3573.888	4373
3575.577	4340
3577.265	4284
3578.954	4333
3580.642	4324
3582.329	4349
3584.017	4342
3585.704	4338
3587.391	4363
3589.077	4204
3590.762	4331
3592.449	4316
3594.133	4277
3595.817	4300
3597.501	4336
3599.185	4304
3600.869	4397
3602.552	4295
3604.234	4381
3605.916	4367
3607.598	4238
3609.279	4322
3610.961	4298
3612.642	4369
3614.321	4336
3616	4299
3617.68	4345
3619.36	4393
3621.039	4344
3622.716	4380
3624.394	4343
3626.071	4303
3627.748	4314
3629.425	4329
3631.102	4224
3632.778	4339
3634.452	4351
3636.127	4364
3637.803	4351
3639.477	4306
3641.151	4293
3642.823	4281
3644.497	4382
3646.171	4323
3647.842	4333
3649.515	4302
3651.185	4395
3652.857	4294
3654.527	4347
3656.198	4359
3657.868	4264
3659.537	4373
3661.207	4335
3662.875	4410
3664.544	4384
3666.212	4334
3667.879	4286
3669.546	4398
3671.212	4356
3672.88	4347
3674.546	4329
3676.211	4367
3677.875	4372
3679.541	4388
3681.205	4356
3682.87	4400
3684.533	4450
3686.196	4425
3687.859	4358
3689.521	4442
3691.184	4348
3692.845	4323
3694.507	4320
3696.167	4339
3697.827	4309
3699.487	4333
3701.148	4364
3702.808	4425
3704.466	4453
3706.125	4356
3707.783	4343
3709.442	4359
3711.099	4371
3712.757	4333
3714.412	4382
3716.068	4393
3717.725	4369
3719.381	4395
3721.036	4453
3722.689	4334
3724.344	4364
3725.998	4334
3727.652	4284
3729.305	4406
3730.958	4379
3732.61	4371
3734.262	4470
3735.915	4372
3737.565	4415
3739.217	4419
3740.866	4393
3742.516	4532
3744.165	4501
3745.816	4400
3747.464	4500
3749.113	4416
3750.761	4417
3752.409	4290
3754.057	4368
3755.703	4437
3757.35	4535
3758.996	4454
3760.641	4428
3762.289	4497
3763.933	4533
3765.577	4463
3767.222	4510
3768.865	4447
3770.508	4402
3772.152	4426
3773.796	4483
3775.438	4398
3777.079	4374
3778.721	4465
3780.363	4437
3782.003	4342
3783.643	4549
3785.283	4441
3786.923	4434
3788.563	4471
3790.203	4475
3791.841	4510
3793.479	4401
3795.115	4420
3796.753	4357
3798.391	4472
3800.027	4390
3801.664	4494
3803.299	4560
3804.935	4513
3806.571	4452
3808.206	4568
3809.839	4425
3811.473	4471
3813.107	4497
3814.74	4477
3816.375	4457
3818.006	4384
3819.638	4469
3821.27	4436
3822.9	4424
3824.532	4469
3826.163	4459
3827.792	4354
3829.423	4510
3831.051	4503
3832.682	4534
3834.311	4479
3835.938	4521
3837.566	4543
3839.193	4470
3840.821	4499
3842.448	4481
3844.075	4463
3845.7	4526
3847.325	4468
3848.951	4471
3850.576	4479
3852.201	4423
3853.825	4418
3855.448	4532
3857.072	4544
3858.694	4504
3860.318	4499
3861.939	4362
3863.562	4458
3865.183	4545
3866.804	4419
3868.426	4546
3870.045	4528
3871.666	4459
3873.285	4579
3874.904	4553
3876.524	4419
3878.142	4491
3879.76	4481
3881.378	4606
3882.995	4593
3884.612	4458
3886.229	4463
3887.845	4509
3889.461	4541
3891.076	4504
3892.691	4503
3894.307	4533
3895.922	4485
3897.536	4513
3899.149	4568
3900.761	4549
3902.374	4544
3903.988	4494
3905.6	4531
3907.212	4502
3908.822	4554
3910.433	4552
3912.045	4463
3913.655	4635
3915.265	4607
3916.875	4562
3918.483	4574
3920.093	4574
3921.702	4553
3923.309	4577
3924.917	4598
3926.523	4582
3928.13	4627
3929.739	4566
3931.344	4761
3932.95	4661
3934.555	4576
3936.159	4625
3937.766	4523
3939.369	4540
3940.974	4637
3942.577	4627
3944.181	4649
3945.783	4637
3947.386	4696
3948.989	4598
3950.59	4649
3952.191	4614
3953.791	4604
3955.394	4567
3956.994	4622
3958.593	4578
3960.192	4638
3961.791	4619
3963.392	4571
3964.99	4640
3966.588	4667
3968.185	4566
3969.782	4586
3971.379	4570
3972.976	4591
3974.572	4598
3976.168	4538
3977.763	4622
3979.358	4700
3980.954	4709
3982.548	4680
3984.142	4486
3985.736	4679
3987.329	4588
3988.922	4553
3990.516	4600
3992.108	4702
3993.698	4720
3995.29	4575
3996.881	4658
3998.473	4535
4000.064	4607
4001.653	4689
4003.242	4508
4004.832	4633
4006.422	4640
4008.01	4662
4009.598	4589
4011.186	4518
4012.773	4555
4014.36	4567
4015.947	4603
4017.534	4641
4019.119	4640
4020.705	4599
4022.291	4560
4023.876	4644
4025.461	4623
4027.044	4562
4028.627	4600
4030.211	4632
4031.795	4578
4033.378	4688
4034.96	4549
4036.542	4539
4038.124	4684
4039.704	4610
4041.286	4618
4042.867	4664
4044.447	4597
4046.026	4664
4047.606	4627
4049.187	4554
4050.765	4625
4052.343	4565
4053.92	4673
4055.498	4655
4057.076	4726
4058.654	4596
4060.23	4573
4061.806	4597
4063.381	4598
4064.957	4581
4066.533	4683
4068.107	4575
4069.682	4648
4071.256	4741
4072.829	4629
4074.404	4706
4075.977	4589
4077.549	4658
4079.121	4627
4080.693	4734
4082.265	4590
4083.836	4630
4085.407	4641
4086.977	4765
4088.547	4674
4090.117	4570
4091.687	4622
4093.256	4720
4094.825	4763
4096.392	4639
4097.96	4649
4099.528	4708
4101.097	4564
4102.663	4646
4104.229	4680
4105.795	4678
4107.361	4654
4108.928	4621
4110.493	4714
4112.058	4747
4113.621	4634
4115.186	4735
4116.75	4614
4118.313	4722
4119.876	4683
4121.438	4743
4123	4690
4124.562	4732
4126.125	4681
4127.686	4590
4129.246	4597
4130.807	4692
4132.367	4651
4133.927	4787
4135.486	4767
4137.046	4683
4138.604	4673
4140.162	4616
4141.72	4676
4143.279	4668
4144.836	4766
4146.393	4721
4147.949	4657
4149.505	4711
4151.062	4713
4152.617	4671
4154.172	4634
4155.727	4677
4157.281	4689
4158.836	4658
4160.39	4743
4161.943	4675
4163.496	4697
4165.048	4731
4166.601	4674
4168.154	4660
4169.706	4708
4171.257	4624
4172.808	4602
4174.358	4650
4175.909	4702
4177.458	4721
4179.008	4666
4180.558	4603
4182.106	4710
4183.655	4770
4185.204	4651
4186.751	4638
4188.298	4659
4189.845	4596
4191.392	4751
4192.939	4758
4194.485	4631
4196.031	4750
4197.576	4688
4199.121	4640
4200.666	4616
4202.211	4698
4203.754	4721
4205.298	4688
4206.84	4647
4208.384	4672
4209.927	4798
4211.47	4680
4213.011	4766
4214.552	4769
4216.094	4655
4217.635	4784
4219.175	4660
4220.716	4784
4222.255	4776
4223.793	4693
4225.335	4730
4226.873	4727
4228.411	4651
4229.948	4785
4231.486	4702
4233.024	4736
4234.562	4830
4236.098	4707
4237.634	4799
4239.169	4771
4240.705	4745
4242.241	4720
4243.776	4761
4245.31	4733
4246.844	4858
4248.378	4695
4249.911	4798
4251.445	4682
4252.978	4824
4254.51	4787
4256.042	4707
4257.574	4811
4259.107	4703
4260.638	4800
4262.169	4832
4263.699	4709
4265.228	4741
4266.759	4800
4268.289	4799
4269.818	4864
4271.345	4787
4272.874	4725
4274.402	4725
4275.931	4775
4277.458	4812
4278.985	4749
4280.512	4740
4282.037	4853
4283.564	4725
4285.089	4873
4286.615	4729
4288.139	4837
4289.664	4835
4291.187	4780
4292.712	4807
4294.235	4734
4295.759	4807
4297.281	4795
4298.804	4783
4300.327	4749
4301.849	4898
4303.37	4881
4304.891	4795
4306.412	4775
4307.933	4801
4309.453	4744
4310.973	4797
4312.492	4830
