398.1873	3662
400.7097	3621
403.2336	3617
405.7547	3619
408.2751	3693
410.7948	3731
413.3138	3689
415.83	3657
418.3497	3756
420.8666	3773
423.3829	3895
425.8985	3754
428.4133	3868
430.9275	3883
433.441	3826
435.9538	3794
438.4639	3787
440.9753	3826
443.4881	3870
445.9982	3937
448.5055	3958
451.0142	3915
453.5201	3867
456.0274	3841
458.5361	3885
461.04	3895
463.5453	3896
466.0478	3840
468.5517	3919
471.0549	3840
473.5574	3858
476.0572	3856
478.5584	3811
481.0568	3917
483.5545	3973
486.0557	3931
488.5521	3889
491.0478	3945
493.5449	3939
496.0392	3960
498.5349	3958
501.0299	4007
503.5222	3988
506.0139	3998
508.5048	4002
510.9991	4010
513.4887	3977
515.9777	4018
518.4659	3885
520.9534	4040
523.4403	4039
525.9306	4070
528.4161	3973
530.9009	3986
533.3851	3958
535.8687	4093
538.3535	4067
540.8356	4053
543.3171	4072
545.7979	4051
548.278	4059
550.7595	4007
553.2383	4082
555.7144	4054
558.1918	4060
560.6685	3988
563.1446	4067
565.6221	4025
568.0968	4110
570.5688	4110
573.0422	4144
575.515	4192
577.989	4143
580.4584	4167
582.9291	4147
585.3991	4232
587.8685	4134
590.3352	4199
592.8052	4131
595.2706	4218
597.7372	4167
600.2033	4195
602.6666	4123
605.1334	4117
607.5953	4149
610.0587	4129
612.5193	4133
614.9814	4075
617.4427	4131
619.9034	4114
622.3615	4282
624.8208	4180
627.2775	4140
629.7335	4113
632.1929	4128
634.6476	4127
637.1016	4041
639.5569	4148
642.0096	4198
644.4637	4233
646.9151	4215
649.3678	4173
651.8179	4219
654.2672	4203
656.7159	4202
659.166	4222
661.6154	4246
664.0622	4203
666.5082	4330
668.9537	4282
671.4005	4246
673.8445	4290
676.288	4251
678.7308	4325
681.1729	4278
683.6163	4214
686.0572	4267
688.4973	4334
690.9368	4301
693.3757	4337
695.8138	4273
698.2534	4249
700.6902	4308
703.1245	4289
705.56	4305
707.9949	4350
710.4311	4390
712.8647	4342
715.2957	4396
717.7279	4374
720.1595	4474
722.5905	4454
725.0208	4437
727.4505	4478
729.8795	4416
732.3058	4469
734.7336	4404
737.1626	4509
739.587	4382
742.0128	4472
744.4359	4537
746.8604	4516
749.2841	4629
751.7073	4485
754.1278	4551
756.5496	4499
758.9688	4510
761.3893	4523
763.8093	4648
766.2285	4557
768.6451	4673
771.0611	4544
773.4784	4519
775.895	4608
778.3091	4572
780.7244	4674
783.1371	4640
785.5493	4610
787.9626	4576
790.3754	4590
792.7856	4675
795.1951	4596
797.6039	4653
800.0121	4675
802.4236	4631
804.8306	4676
807.2369	4537
809.6425	4691
812.0475	4645
814.4538	4645
816.8575	4703
819.2606	4662
821.663	4627
824.0648	4627
826.4659	4668
828.8683	4789
831.2682	4729
833.6674	4685
836.066	4725
838.4639	4641
840.8632	4673
843.2579	4703
845.6539	4689
848.0493	4742
850.444	4758
852.84	4768
855.2315	4775
857.6243	4809
860.0165	4702
862.4081	4735
864.797	4803
867.1892	4807
869.5789	4690
871.9659	4723
874.3542	4773
876.74	4735
879.129	4689
881.5155	4730
883.8994	4760
886.2845	4759
888.6671	4743
891.051	4754
893.4343	4808
895.8169	4802
898.197	4702
900.5783	4673
902.9571	4810
905.3372	4795
907.7167	4825
910.0936	4845
912.4698	4799
914.8474	4856
917.2244	4810
919.5987	4881
921.9744	4883
924.3475	4796
926.72	4960
929.0918	4920
931.4669	4961
933.8375	4932
936.2074	4976
938.5767	5086
940.9454	4998
943.3154	5056
945.6829	5130
948.0497	5062
950.4178	5376
952.7833	5348
955.1483	5446
957.5145	5632
959.8782	5688
962.2412	5750
964.6036	5731
966.9655	5415
969.3266	5340
971.6871	5206
974.0471	5073
976.4064	5056
978.765	5000
981.125	5018
983.4824	4875
985.8373	4936
988.1935	5040
990.549	4814
992.9039	4964
995.2602	4962
997.6119	4833
999.965	4930
1002.317	4892
1004.667	4894
1007.02	4931
1009.371	4974
1011.719	4987
1014.068	4915
1016.415	4898
1018.765	4903
1021.111	5026
1023.458	5051
1025.804	5019
1028.147	4974
1030.49	5015
1032.837	5012
1035.179	4968
1037.522	5042
1039.862	4994
1042.204	4976
1044.546	4989
1046.884	4919
1049.224	5094
1051.562	5032
1053.899	4999
1056.237	5004
1058.575	4991
1060.91	5105
1063.244	5087
1065.58	5070
1067.913	5095
1070.248	5149
1072.579	5110
1074.911	5144
1077.242	5037
1079.572	5097
1081.905	5096
1084.234	5134
1086.562	5056
1088.89	5018
1091.217	5078
1093.544	5039
1095.871	4954
1098.197	5089
1100.521	5033
1102.845	4948
1105.169	4940
1107.491	5095
1109.814	5076
1112.135	5072
1114.456	5031
1116.776	5066
1119.096	5112
1121.415	5045
1123.734	5152
1126.052	5144
1128.369	4972
1130.686	5125
1133.002	5149
1135.318	5094
1137.632	5055
1139.945	5133
1142.258	5141
1144.573	5034
1146.884	5069
1149.196	5113
1151.505	5140
1153.816	5079
1156.124	5119
1158.435	5015
1160.742	5137
1163.051	5116
1165.356	5240
1167.663	5141
1169.97	5098
1172.276	5030
1174.579	5164
1176.881	5135
1179.186	5181
1181.487	5200
1183.79	5124
1186.092	5164
1188.392	5137
1190.691	5118
1192.991	5093
1195.291	5198
1197.588	5174
1199.885	5091
1202.181	5068
1204.479	5127
1206.775	5201
1209.07	5195
1211.363	5171
1213.656	5109
1215.949	5056
1218.241	5163
1220.534	5149
1222.825	5169
1225.115	5197
1227.405	5246
1229.693	5261
1231.984	5309
1234.271	5157
1236.558	5177
1238.845	5284
1241.131	5221
1243.416	5299
1245.703	5315
1247.987	5285
1250.269	5347
1252.552	5365
1254.834	5347
1257.118	5292
1259.399	5413
1261.678	5308
1263.958	5276
1266.237	5296
1268.516	5424
1270.794	5397
1273.072	5376
1275.347	5376
1277.624	5262
1279.899	5301
1282.175	5295
1284.449	5186
1286.722	5369
1288.995	5235
1291.266	5221
1293.54	5314
1295.81	5230
1298.081	5246
1300.35	5283
1302.62	5291
1304.889	5323
1307.156	5250
1309.425	5193
1311.69	5330
1313.957	5222
1316.222	5328
1318.488	5367
1320.751	5193
1323.016	5366
1325.278	5333
1327.54	5354
1329.803	5298
1332.065	5401
1334.325	5329
1336.584	5292
1338.843	5232
1341.101	5309
1343.36	5337
1345.617	5255
1347.876	5249
1350.131	5295
1352.387	5358
1354.643	5253
1356.897	5306
1359.151	5403
1361.403	5302
1363.656	5334
1365.909	5401
1368.16	5351
1370.409	5226
1372.659	5312
1374.909	5259
1377.157	5187
1379.407	5267
1381.655	5336
1383.9	5337
1386.147	5394
1388.393	5445
1390.64	5267
1392.885	5441
1395.127	5439
1397.37	5401
1399.614	5460
1401.854	5482
1404.098	5336
1406.339	5411
1408.578	5419
1410.818	5415
1413.056	5417
1415.297	5497
1417.533	5499
1419.771	5417
1422.006	5396
1424.243	5378
1426.479	5565
1428.715	5492
1430.948	5413
1433.182	5463
1435.414	5498
1437.647	5539
1439.88	5565
1442.11	5519
1444.342	5606
1446.571	5544
1448.799	5462
1451.029	5552
1453.258	5568
1455.485	5559
1457.711	5546
1459.937	5571
1462.164	5674
1464.39	5580
1466.614	5630
1468.838	5613
1471.06	5560
1473.283	5465
1475.506	5387
1477.727	5462
1479.949	5454
1482.169	5384
1484.389	5448
1486.609	5394
1488.828	5407
1491.045	5438
1493.261	5454
1495.477	5370
1497.693	5371
1499.91	5414
1502.125	5369
1504.339	5426
1506.553	5423
1508.766	5420
1510.979	5368
1513.191	5283
1515.402	5350
1517.613	5486
1519.823	5366
1522.033	5388
1524.242	5326
1526.451	5328
1528.657	5351
1530.865	5451
1533.072	5435
1535.278	5441
1537.484	5469
1539.687	5414
1541.892	5454
1544.096	5407
1546.299	5369
1548.502	5401
1550.703	5377
1552.905	5570
1555.104	5473
1557.303	5449
1559.505	5569
1561.703	5432
1563.902	5534
1566.099	5506
1568.295	5437
1570.494	5496
1572.689	5391
1574.883	5510
1577.079	5531
1579.272	5566
1581.467	5563
1583.659	5529
1585.853	5567
1588.044	5534
1590.234	5557
1592.424	5434
1594.615	5633
1596.806	5670
1598.994	5506
1601.182	5634
1603.369	5638
1605.557	5719
1607.744	5554
1609.929	5630
1612.114	5617
1614.298	5523
1616.482	5672
1618.667	5616
1620.85	5543
1623.032	5592
1625.214	5555
1627.395	5521
1629.575	5643
1631.755	5652
1633.935	5658
1636.114	5609
1638.292	5588
1640.471	5694
1642.647	5715
1644.823	5559
1647	5506
1649.175	5725
1651.348	5638
1653.525	5601
1655.698	5626
1657.87	5747
1660.043	5753
1662.213	5781
1664.387	5677
1666.558	5668
1668.727	5719
1670.896	5671
1673.064	5682
1675.233	5669
1677.401	5638
1679.569	5644
1681.735	5628
1683.902	5688
1686.066	5655
1688.233	5716
1690.397	5636
1692.559	5590
1694.723	5684
1696.885	5697
1699.048	5615
1701.21	5584
1703.37	5620
1705.53	5536
1707.689	5644
1709.849	5643
1712.009	5562
1714.166	5643
1716.323	5501
1718.479	5572
1720.634	5575
1722.793	5541
1724.948	5681
1727.102	5674
1729.255	5642
1731.408	5551
1733.562	5646
1735.714	5547
1737.865	5615
1740.016	5576
1742.166	5586
1744.316	5624
1746.467	5667
1748.616	5673
1750.764	5743
1752.911	5675
1755.056	5725
1757.205	5620
1759.35	5640
1761.496	5748
1763.641	5729
1765.785	5683
1767.927	5706
1770.072	5662
1772.214	5527
1774.355	5740
1776.496	5654
1778.637	5682
1780.778	5704
1782.918	5766
1785.057	5747
1787.194	5714
1789.333	5749
1791.472	5572
1793.608	5686
1795.745	5745
1797.879	5675
1800.015	5778
1802.148	5797
1804.284	5751
1806.417	5605
1808.548	5692
1810.682	5603
1812.812	5709
1814.946	5675
1817.075	5603
1819.205	5810
1821.335	5648
1823.463	5829
1825.59	5793
1827.721	5791
1829.847	5751
1831.973	5742
1834.098	5593
1836.223	5693
1838.351	5797
1840.475	5646
1842.598	5587
1844.721	5687
1846.843	5797
1848.966	5765
1851.087	5689
1853.21	5676
1855.33	5614
1857.449	5693
1859.568	5631
1861.688	5668
1863.806	5703
1865.924	5680
1868.039	5602
1870.155	5654
1872.273	5851
1874.388	5692
1876.503	5820
1878.617	5645
1880.73	5703
1882.844	5614
1884.956	5797
1887.068	5676
1889.18	5743
1891.291	5835
1893.4	5646
1895.511	5642
1897.621	5690
1899.73	5651
1901.837	5805
1903.944	5755
1906.053	5753
1908.159	5816
1910.265	5731
1912.369	5886
1914.474	5767
1916.577	5683
1918.683	5943
1920.785	5748
1922.888	5810
1924.989	5711
1927.091	5824
1929.193	5947
1931.294	5889
1933.393	5877
1935.493	5735
1937.59	5784
1939.689	5890
1941.788	5818
1943.884	5835
1945.98	5849
1948.077	5938
1950.171	5778
1952.267	5777
1954.361	5789
1956.455	5883
1958.548	5825
1960.64	5843
1962.733	5795
1964.824	5779
1966.915	5810
1969.005	5811
1971.096	5803
1973.185	5802
1975.275	5888
1977.363	5796
1979.45	5816
1981.537	5914
1983.623	5839
1985.711	5796
1987.796	5824
1989.881	5845
1991.965	5859
1994.047	5705
1996.132	5785
1998.215	5781
2000.297	5708
2002.378	5781
2004.46	5856
2006.54	5788
2008.62	5737
2010.7	5804
2012.779	5804
2014.858	5753
2016.934	5742
2019.013	5752
2021.09	5867
2023.165	5749
2025.241	5837
2027.317	5770
2029.39	5797
2031.466	5846
2033.538	5647
2035.612	5764
2037.683	5780
2039.755	5869
2041.827	5715
2043.898	5714
2045.968	5764
2048.038	5788
2050.106	5791
2052.177	5743
2054.244	5790
2056.313	5956
2058.379	5828
2060.444	5736
2062.511	5917
2064.577	5761
2066.641	5889
2068.705	5783
2070.77	5862
2072.832	5766
2074.896	5785
2076.958	5830
2079.02	5852
2081.081	5862
2083.141	5890
2085.2	5878
2087.261	5755
2089.319	5812
2091.377	5738
2093.435	5838
2095.492	5870
2097.552	5882
2099.607	5826
2101.663	5854
2103.718	5924
2105.771	5834
2107.826	5893
2109.879	5820
2111.932	5919
2113.985	5778
2116.037	5801
2118.088	5823
2120.141	5781
2122.191	5960
2124.239	5796
2126.288	5925
2128.337	5943
2130.387	5802
2132.434	5921
2134.481	5813
2136.528	5823
2138.574	5808
2140.618	5866
2142.665	5819
2144.71	5780
2146.753	6019
2148.797	5841
2150.838	5792
2152.883	5929
2154.923	5858
2156.965	5781
2159.007	5700
2161.046	5859
2163.086	5872
2165.126	5922
2167.163	5765
2169.202	5817
2171.239	5704
2173.277	5937
2175.314	5804
2177.349	5791
2179.385	5853
2181.42	5754
2183.453	5838
2185.49	5799
2187.522	5785
2189.555	5747
2191.586	5796
2193.619	5782
2195.651	5773
2197.682	5744
2199.711	5810
2201.74	5743
2203.769	5892
2205.799	5804
2207.828	5866
2209.855	5783
2211.882	5728
2213.908	5700
2215.934	5560
2217.961	5786
2219.986	5724
2222.01	5623
2224.034	5719
2226.057	5794
2228.08	5812
2230.104	5752
2232.124	5709
2234.145	5688
2236.166	5777
2238.186	5849
2240.207	5638
2242.227	5786
2244.244	5663
2246.262	5799
2248.28	5808
2250.299	5731
2252.314	5731
2254.33	5834
2256.346	5631
2258.36	5804
2260.375	5830
2262.391	5691
2264.403	5695
2266.416	5817
2268.427	5756
2270.44	5713
2272.453	5636
2274.463	5680
2276.474	5782
2278.483	5777
2280.493	5780
2282.501	5845
2284.51	5674
2286.518	5656
2288.524	5753
2290.532	5848
2292.537	5783
2294.544	5794
2296.55	5805
2298.554	5831
2300.557	5712
2302.562	5761
2304.566	5765
2306.568	5676
2308.569	5687
2310.572	5815
2312.573	5726
2314.573	5700
2316.574	5616
2318.573	5760
2320.571	5809
2322.571	5707
2324.569	5735
2326.567	5734
2328.564	5790
2330.56	5698
2332.556	5624
2334.551	5586
2336.546	5736
2338.542	5675
2340.535	5670
2342.529	5726
2344.521	5670
2346.512	5717
2348.505	5648
2350.497	5747
2352.487	5738
2354.478	5692
2356.468	5690
2358.457	5592
2360.446	5650
2362.434	5733
2364.422	5722
2366.408	5621
2368.395	5616
2370.383	5722
2372.369	5674
2374.353	5724
2376.338	5693
2378.321	5799
2380.307	5797
2382.29	5683
2384.272	5629
2386.254	5598
2388.235	5649
2390.218	5677
2392.198	5593
2394.179	5585
2396.157	5612
2398.137	5673
2400.115	5658
2402.095	5707
2404.072	5684
2406.048	5695
2408.026	5608
2410.001	5597
2411.977	5760
2413.953	5688
2415.927	5562
2417.9	5630
2419.875	5616
2421.847	5625
2423.821	5687
2425.792	5752
2427.763	5704
2429.736	5652
2431.706	5613
2433.677	5615
2435.646	5659
2437.615	5642
2439.583	5673
2441.551	5750
2443.519	5646
2445.486	5553
2447.452	5650
2449.418	5619
2451.383	5600
2453.348	5663
2455.314	5674
2457.278	5693
2459.241	5728
2461.205	5673
2463.167	5543
2465.131	5641
2467.091	5687
2469.052	5684
2471.012	5635
2472.972	5607
2474.932	5599
2476.891	5667
2478.85	5623
2480.808	5589
2482.766	5620
2484.722	5537
2486.68	5531
2488.636	5618
2490.591	5591
2492.546	5580
2494.5	5504
2496.456	5685
2498.41	5549
2500.362	5574
2502.315	5613
2504.266	5528
2506.218	5532
2508.169	5592
2510.121	5593
2512.07	5528
2514.019	5515
2515.968	5692
2517.918	5630
2519.866	5547
2521.813	5538
2523.76	5600
2525.707	5528
2527.653	5620
2529.599	5587
2531.543	5600
2533.489	5537
2535.433	5556
2537.376	5632
2539.32	5504
2541.264	5603
2543.205	5662
2545.147	5617
2547.087	5612
2549.029	5534
2550.969	5514
2552.908	5587
2554.847	5575
2556.786	5588
2558.724	5624
2560.663	5587
2562.6	5608
2564.537	5492
2566.473	5530
2568.408	5645
2570.345	5587
2572.28	5602
2574.214	5588
2576.148	5684
2578.081	5564
2580.014	5545
2581.947	5542
2583.879	5767
2585.81	5557
2587.741	5546
2589.67	5749
2591.602	5532
2593.532	5589
2595.461	5611
2597.388	5659
2599.316	5680
2601.244	5733
2603.172	5700
2605.098	5717
2607.023	5586
2608.949	5618
2610.873	5626
2612.8	5623
2614.723	5585
2616.647	5569
2618.569	5674
2620.493	5661
2622.416	5687
2624.338	5654
2626.258	5667
2628.179	5665
2630.099	5756
2632.019	5673
2633.939	5596
2635.857	5615
2637.775	5614
2639.694	5666
2641.61	5744
2643.528	5634
2645.444	5607
2647.361	5661
2649.276	5630
2651.19	5636
2653.105	5646
2655.019	5682
2656.934	5677
2658.846	5654
2660.758	5672
2662.67	5571
2664.583	5698
2666.493	5671
2668.404	5604
2670.313	5609
2672.223	5654
2674.134	5763
2676.042	5618
2677.95	5638
2679.858	5620
2681.765	5649
2683.673	5565
2685.579	5594
2687.483	5612
2689.389	5562
2691.294	5649
2693.198	5567
2695.104	5628
2697.006	5674
2698.909	5615
2700.811	5540
2702.713	5620
2704.615	5630
2706.516	5521
2708.417	5639
2710.316	5552
2712.216	5564
2714.115	5657
2716.014	5582
2717.913	5569
2719.81	5585
2721.707	5594
2723.603	5595
2725.501	5604
2727.396	5621
2729.292	5579
2731.186	5569
2733.081	5665
2734.976	5505
2736.87	5546
2738.762	5544
2740.653	5664
2742.546	5564
2744.437	5469
2746.329	5526
2748.22	5622
2750.11	5566
2751.999	5645
2753.889	5463
2755.778	5550
2757.666	5567
2759.553	5561
2761.44	5583
2763.328	5503
2765.215	5512
2767.101	5531
2768.986	5517
2770.87	5491
2772.754	5476
2774.638	5555
2776.523	5613
2778.405	5615
2780.288	5608
2782.17	5534
2784.051	5381
2785.934	5587
2787.814	5522
2789.694	5564
2791.574	5462
2793.453	5480
2795.332	5507
2797.212	5462
2799.088	5450
2800.966	5590
2802.843	5560
2804.719	5531
2806.597	5614
2808.471	5447
2810.346	5639
2812.221	5449
2814.094	5525
2815.969	5451
2817.843	5502
2819.714	5539
2821.587	5538
2823.459	5504
2825.329	5488
2827.202	5382
2829.072	5566
2830.942	5527
2832.811	5517
2834.68	5562
2836.549	5576
2838.418	5508
2840.284	5574
2842.152	5643
2844.018	5570
2845.885	5520
2847.751	5523
2849.616	5553
2851.482	5546
2853.345	5543
2855.208	5701
2857.074	5589
2858.937	5534
2860.799	5603
2862.66	5558
2864.522	5623
2866.385	5719
2868.245	5742
2870.104	5818
2871.964	5730
2873.824	5789
2875.683	5774
2877.542	5830
2879.4	5751
2881.257	5938
2883.114	5806
2884.97	5952
2886.827	5827
2888.683	5709
2890.537	5851
2892.392	5901
2894.246	5783
2896.1	5955
2897.954	5800
2899.807	5836
2901.66	5964
2903.51	5869
2905.362	5800
2907.214	5824
2909.065	5792
2910.915	5894
2912.765	5909
2914.613	5850
2916.463	5947
2918.311	5839
2920.158	5970
2922.006	6085
2923.853	5968
2925.698	6085
2927.546	6021
2929.392	6179
2931.236	6071
2933.081	6169
2934.924	6252
2936.77	6120
2938.613	6178
2940.455	6321
2942.298	6290
2944.139	6291
2945.982	6313
2947.823	6298
2949.662	6292
2951.503	6322
2953.342	6200
2955.182	6204
2957.021	6056
2958.858	6246
2960.697	6098
2962.534	6044
2964.37	6040
2966.207	6070
2968.044	6064
2969.879	6106
2971.714	5987
2973.548	6006
2975.383	5977
2977.218	5930
2979.051	5885
2980.883	5876
2982.715	5790
2984.547	5880
2986.379	5847
2988.21	5713
2990.04	5788
2991.87	5769
2993.7	5725
2995.53	5621
2997.359	5669
2999.187	5629
3001.015	5700
3002.842	5664
3004.669	5616
3006.497	5600
3008.323	5571
3010.148	5425
3011.974	5519
3013.797	5479
3015.623	5639
3017.447	5447
3019.27	5414
3021.094	5555
3022.915	5420
3024.737	5436
3026.56	5369
3028.38	5409
3030.201	5326
3032.022	5353
3033.84	5380
3035.662	5357
3037.481	5400
3039.298	5294
3041.117	5344
3042.933	5427
3044.752	5272
3046.568	5327
3048.385	5295
3050.2	5288
3052.016	5348
3053.83	5340
3055.646	5378
3057.46	5385
3059.272	5372
3061.086	5305
3062.898	5366
3064.711	5263
3066.524	5338
3068.335	5293
3070.145	5421
3071.956	5204
3073.766	5448
3075.576	5237
3077.385	5347
3079.193	5375
3081.002	5373
3082.81	5244
3084.618	5328
3086.425	5283
3088.231	5309
3090.036	5245
3091.842	5232
3093.648	5152
3095.452	5296
3097.257	5276
3099.06	5279
3100.863	5127
3102.666	5251
3104.47	5304
3106.272	5170
3108.073	5187
3109.875	5214
3111.676	5228
3113.477	5079
3115.277	5152
3117.077	5171
3118.874	5113
3120.673	5169
3122.473	5116
3124.271	5237
3126.066	5182
3127.863	5174
3129.66	5286
3131.456	5087
3133.252	5132
3135.047	5163
3136.842	5066
3138.635	5158
3140.429	5231
3142.223	4947
3144.016	5149
3145.808	5054
3147.6	5169
3149.392	5097
3151.183	5073
3152.975	5107
3154.765	5074
3156.553	5018
3158.344	5125
3160.132	5093
3161.922	5131
3163.71	5015
3165.497	5061
3167.285	5169
3169.071	5148
3170.858	5090
3172.645	5034
3174.429	5085
3176.214	5074
3177.998	5022
3179.783	4995
3181.568	5106
3183.351	5110
3185.133	5032
3186.915	5091
3188.698	5099
3190.481	5011
3192.261	5105
3194.042	5104
3195.822	5004
3197.601	4934
3199.381	5006
3201.161	5003
3202.939	5032
3204.717	5038
3206.495	5026
3208.272	4965
3210.05	4986
3211.826	5081
3213.602	5034
3215.376	4964
3217.151	4967
3218.927	5064
3220.702	5035
3222.476	4943
3224.249	5007
3226.021	4975
3227.793	5051
3229.567	4971
3231.339	4988
3233.109	4955
3234.88	5113
3236.651	5068
3238.421	5074
3240.191	5005
3241.96	4973
3243.728	5040
3245.497	4995
3247.263	5121
3249.033	5039
3250.799	5042
3252.566	4944
3254.331	4989
3256.097	5032
3257.863	5016
3259.628	4995
3261.392	5164
3263.156	4910
3264.919	5092
3266.683	4959
3268.447	5027
3270.208	5041
3271.969	5046
3273.731	4979
3275.492	5002
3277.253	5039
3279.013	5063
3280.773	4932
3282.532	5138
3284.291	5065
3286.05	5119
3287.808	4911
3289.566	5067
3291.323	5037
3293.079	4985
3294.835	5007
3296.593	4961
3298.348	4943
3300.102	5015
3301.857	5050
3303.611	5009
3305.366	5040
3307.119	5048
3308.872	5075
3310.624	5028
3312.376	5008
3314.129	4942
3315.881	5014
3317.631	4986
3319.38	4906
3321.13	4955
3322.88	5035
3324.631	5030
3326.379	5024
3328.126	5046
3329.875	5018
3331.622	5116
3333.371	5094
3335.116	4972
3336.863	4978
3338.609	4972
3340.353	4933
3342.1	4924
3343.845	4956
3345.588	4908
3347.332	4990
3349.074	4924
3350.817	4982
3352.56	4976
3354.303	5030
3356.043	4818
3357.785	4952
3359.525	4985
3361.268	4931
3363.007	4936
3364.745	4870
3366.485	4883
3368.223	4910
3369.962	4916
3371.701	4968
3373.438	4884
3375.174	4941
3376.911	4861
3378.647	4903
3380.384	4823
3382.118	5014
3383.854	4776
3385.588	4860
3387.322	4898
3389.057	4895
3390.79	4892
3392.522	4946
3394.255	4850
3395.987	4927
3397.719	4918
3399.451	4860
3401.181	4875
3402.911	4834
3404.641	4891
3406.371	4813
3408.101	4835
3409.83	4878
3411.558	4831
3413.285	4840
3415.011	4846
3416.739	4769
3418.467	4896
3420.193	4883
3421.919	4827
3423.644	4902
3425.368	4788
3427.094	4796
3428.818	4880
3430.542	4878
3432.264	4913
3433.987	4818
3435.712	4778
3437.434	4856
3439.155	4848
3440.876	4763
3442.596	4844
3444.317	4738
3446.039	4738
3447.757	4726
3449.477	4720
3451.195	4850
3452.914	4760
3454.632	4783
3456.35	4720
3458.067	4757
3459.784	4724
3461.5	4724
3463.216	4738
3464.932	4653
3466.647	4853
3468.362	4671
3470.076	4759
3471.789	4719
3473.505	4785
3475.217	4636
3476.929	4655
3478.641	4715
3480.354	4687
3482.066	4764
3483.777	4756
3485.487	4673
3487.197	4543
3488.908	4657
3490.617	4584
3492.327	4571
3494.035	4616
3495.743	4716
3497.451	4665
3499.158	4657
3500.866	4629
3502.572	4702
3504.278	4654
3505.984	4600
3507.689	4574
3509.396	4647
3511.1	4579
3512.804	4726
3514.508	4577
3516.211	4636
3517.913	4665
3519.616	4528
3521.319	4646
3523.021	4566
3524.722	4570
3526.422	4630
3528.124	4602
3529.824	4565
3531.524	4553
3533.222	4571
3534.921	4564
3536.62	4537
3538.318	4642
3540.016	4507
3541.714	4540
3543.41	4566
3545.107	4517
3546.803	4500
3548.5	4590
3550.194	4473
3551.889	4550
3553.583	4580
3555.279	4520
3556.972	4531
3558.666	4535
3560.358	4549
3562.051	4477
3563.742	4489
3565.435	4617
3567.126	4586
3568.817	4486
3570.507	4468
3572.197	4473
3573.888	4379
3575.577	4604
3577.265	4533
3578.954	4526
3580.642	4549
3582.329	4518
3584.017	4428
3585.704	4511
3587.391	4564
3589.077	4472
3590.762	4417
3592.449	4507
3594.133	4376
3595.817	4418
3597.501	4456
3599.185	4369
3600.869	4552
3602.552	4422
3604.234	4411
3605.916	4405
3607.598	4343
3609.279	4343
3610.961	4458
3612.642	4387
3614.321	4378
3616	4422
3617.68	4395
3619.36	4367
3621.039	4299
3622.716	4369
3624.394	4317
3626.071	4389
3627.748	4429
3629.425	4320
3631.102	4322
3632.778	4326
3634.452	4378
3636.127	4368
3637.803	4254
3639.477	4347
3641.151	4330
3642.823	4357
3644.497	4330
3646.171	4309
3647.842	4283
3649.515	4290
3651.185	4319
3652.857	4370
3654.527	4272
3656.198	4213
3657.868	4283
3659.537	4302
3661.207	4271
3662.875	4214
3664.544	4164
3666.212	4266
3667.879	4238
3669.546	4330
3671.212	4280
3672.88	4280
3674.546	4337
3676.211	4292
3677.875	4242
3679.541	4271
3681.205	4307
3682.87	4300
3684.533	4270
3686.196	4228
3687.859	4191
3689.521	4227
3691.184	4283
3692.845	4203
3694.507	4282
3696.167	4306
3697.827	4196
3699.487	4253
3701.148	4294
3702.808	4181
3704.466	4191
3706.125	4061
3707.783	4167
3709.442	4268
3711.099	4192
3712.757	4248
3714.412	4245
3716.068	4242
3717.725	4118
3719.381	4260
3721.036	4226
3722.689	4262
3724.344	4197
3725.998	4191
3727.652	4119
3729.305	4158
3730.958	4215
3732.61	4206
3734.262	4160
3735.915	4200
3737.565	4172
3739.217	4144
3740.866	4208
3742.516	4181
3744.165	4156
3745.816	4100
3747.464	4134
3749.113	4111
3750.761	4097
3752.409	4152
3754.057	4150
3755.703	4089
3757.35	4148
3758.996	4186
3760.641	4160
3762.289	4204
3763.933	4139
3765.577	4114
3767.222	4107
3768.865	4159
3770.508	4069
3772.152	4199
3773.796	4118
3775.438	4072
3777.079	4078
3778.721	4111
3780.363	4064
3782.003	4137
3783.643	4103
3785.283	4120
3786.923	4158
3788.563	4019
3790.203	4069
3791.841	4042
3793.479	4023
3795.115	4085
3796.753	4067
3798.391	4207
3800.027	4004
3801.664	4084
3803.299	4103
3804.935	4004
3806.571	4041
3808.206	4004
3809.839	4074
3811.473	4130
3813.107	4036
3814.74	4023
3816.375	3993
3818.006	4020
3819.638	4020
3821.27	4050
3822.9	4060
3824.532	3967
3826.163	3996
3827.792	4013
3829.423	3982
3831.051	3989
3832.682	3969
3834.311	4026
3835.938	3942
3837.566	3972
3839.193	4018
3840.821	4034
3842.448	3969
3844.075	3994
3845.7	3966
3847.325	3972
3848.951	3978
3850.576	4033
3852.201	3974
3853.825	3931
3855.448	4029
3857.072	3990
3858.694	3964
3860.318	3896
3861.939	3918
3863.562	3923
3865.183	3952
3866.804	3947
3868.426	3977
3870.045	3950
3871.666	3881
3873.285	3842
3874.904	3913
3876.524	3890
3878.142	3898
3879.76	3983
3881.378	3923
3882.995	3972
3884.612	3883
3886.229	3977
3887.845	3919
3889.461	3918
3891.076	3911
3892.691	3890
3894.307	3910
3895.922	3869
3897.536	3896
3899.149	3934
3900.761	3952
3902.374	3850
3903.988	3941
3905.6	3843
3907.212	3908
3908.822	3816
3910.433	3930
3912.045	3884
3913.655	3873
3915.265	3915
3916.875	3898
3918.483	3870
3920.093	3946
3921.702	3821
3923.309	3906
3924.917	3889
3926.523	3860
3928.13	3892
3929.739	3886
3931.344	3913
3932.95	3810
3934.555	3895
3936.159	3814
3937.766	3910
3939.369	3896
3940.974	3892
3942.577	3814
3944.181	3849
3945.783	3877
3947.386	3824
3948.989	3840
3950.59	3814
3952.191	3796
3953.791	3912
3955.394	3813
3956.994	3787
3958.593	3812
3960.192	3777
3961.791	3840
3963.392	3871
3964.99	3806
3966.588	3765
3968.185	3761
3969.782	3827
3971.379	3872
3972.976	3796
3974.572	3863
3976.168	3849
3977.763	3786
3979.358	3730
3980.954	3731
3982.548	3802
3984.142	3837
3985.736	3871
3987.329	3774
3988.922	3710
3990.516	3729
3992.108	3743
3993.698	3716
3995.29	3716
3996.881	3699
3998.473	3696
4000.064	3846
4001.653	3677
4003.242	3733
4004.832	3694
4006.422	3642
4008.01	3610
4009.598	3745
4011.186	3702
4012.773	3720
4014.36	3679
4015.947	3679
4017.534	3677
4019.119	3694
4020.705	3700
4022.291	3749
4023.876	3743
4025.461	3695
4027.044	3562
4028.627	3675
4030.211	3760
4031.795	3611
4033.378	3663
4034.96	3614
4036.542	3642
4038.124	3596
4039.704	3656
4041.286	3624
4042.867	3701
4044.447	3697
4046.026	3575
4047.606	3610
4049.187	3583
4050.765	3579
4052.343	3647
4053.92	3582
4055.498	3649
4057.076	3630
4058.654	3579
4060.23	3556
4061.806	3584
4063.381	3652
4064.957	3643
4066.533	3669
4068.107	3498
4069.682	3544
4071.256	3561
4072.829	3550
4074.404	3551
4075.977	3559
4077.549	3533
4079.121	3619
4080.693	3626
4082.265	3579
4083.836	3585
4085.407	3583
4086.977	3599
4088.547	3584
4090.117	3653
4091.687	3548
4093.256	3565
4094.825	3525
4096.392	3589
4097.96	3553
4099.528	3535
4101.097	3542
4102.663	3563
4104.229	3564
4105.795	3564
4107.361	3520
4108.928	3498
4110.493	3494
4112.058	3498
4113.621	3489
4115.186	3560
4116.75	3505
4118.313	3467
4119.876	3492
4121.438	3519
4123	3472
4124.562	3608
4126.125	3429
4127.686	3433
4129.246	3418
4130.807	3496
4132.367	3519
4133.927	3422
4135.486	3467
4137.046	3497
4138.604	3533
4140.162	3461
4141.72	3451
4143.279	3423
4144.836	3474
4146.393	3409
4147.949	3497
4149.505	3433
4151.062	3441
4152.617	3402
4154.172	3415
4155.727	3465
4157.281	3408
4158.836	3375
4160.39	3481
4161.943	3445
4163.496	3469
4165.048	3441
4166.601	3369
4168.154	3365
4169.706	3417
4171.257	3415
4172.808	3352
4174.358	3394
4175.909	3395
4177.458	3355
4179.008	3361
4180.558	3323
4182.106	3343
4183.655	3315
4185.204	3278
4186.751	3328
4188.298	3389
4189.845	3344
4191.392	3342
4192.939	3371
4194.485	3382
4196.031	3368
4197.576	3397
4199.121	3357
4200.666	3383
4202.211	3291
4203.754	3287
4205.298	3249
4206.84	3316
4208.384	3316
4209.927	3306
4211.47	3289
4213.011	3309
4214.552	3384
4216.094	3400
4217.635	3251
4219.175	3359
4220.716	3370
4222.255	3256
4223.793	3363
4225.335	3399
4226.873	3300
4228.411	3367
4229.948	3190
4231.486	3234
4233.024	3232
4234.562	3286
4236.098	3252
4237.634	3278
4239.169	3240
4240.705	3314
4242.241	3361
4243.776	3321
4245.31	3279
4246.844	3338
4248.378	3224
4249.911	3294
4251.445	3290
4252.978	3272
4254.51	3250
4256.042	3224
4257.574	3267
4259.107	3290
4260.638	3252
4262.169	3248
4263.699	3242
4265.228	3255
4266.759	3195
4268.289	3204
4269.818	3214
4271.345	3251
4272.874	3272
4274.402	3224
4275.931	3265
4277.458	3267
4278.985	3227
4280.512	3235
4282.037	3305
4283.564	3201
4285.089	3256
4286.615	3232
4288.139	3173
4289.664	3211
4291.187	3344
4292.712	3236
4294.235	3246
4295.759	3213
4297.281	3225
4298.804	3181
4300.327	3179
4301.849	3183
4303.37	3190
4304.891	3094
4306.412	3202
4307.933	3204
4309.453	3191
4310.973	3123
4312.492	3118
