398.1873	8319
400.7097	8335
403.2336	8377
405.7547	8503
408.2751	8627
410.7948	8544
413.3138	8567
415.83	8554
418.3497	8589
420.8666	8589
423.3829	8672
425.8985	8792
428.4133	8895
430.9275	8868
433.441	8928
435.9538	8881
438.4639	8872
440.9753	9020
443.4881	8946
445.9982	9044
448.5055	9050
451.0142	8900
453.5201	9097
456.0274	9120
458.5361	9063
461.04	9122
463.5453	9092
466.0478	9165
468.5517	9170
471.0549	9146
473.5574	9113
476.0572	9248
478.5584	9334
481.0568	9135
483.5545	9284
486.0557	9219
488.5521	9447
491.0478	9338
493.5449	9480
496.0392	9435
498.5349	9558
501.0299	9461
503.5222	9498
506.0139	9498
508.5048	9716
510.9991	9644
513.4887	9532
515.9777	9583
518.4659	9638
520.9534	9539
523.4403	9624
525.9306	9573
528.4161	9684
530.9009	9524
533.3851	9698
535.8687	9496
538.3535	9552
540.8356	9625
543.3171	9584
545.7979	9601
548.278	9608
550.7595	9549
553.2383	9479
555.7144	9620
558.1918	9696
560.6685	9693
563.1446	9727
565.6221	9744
568.0968	9878
570.5688	9793
573.0422	9888
575.515	9867
577.989	9977
580.4584	9955
582.9291	9813
585.3991	9703
587.8685	9812
590.3352	10071
592.8052	9880
595.2706	9844
597.7372	9930
600.2033	9873
602.6666	9965
605.1334	9952
607.5953	9957
610.0587	9918
612.5193	9946
614.9814	10050
617.4427	9814
619.9034	9965
622.3615	10177
624.8208	9975
627.2775	9897
629.7335	9894
632.1929	10075
634.6476	10084
637.1016	9966
639.5569	9986
642.0096	10072
644.4637	10029
646.9151	10112
649.3678	10092
651.8179	10063
654.2672	10063
656.7159	10047
659.166	10108
661.6154	10186
664.0622	10218
666.5082	10241
668.9537	10271
671.4005	10494
673.8445	10273
676.288	10231
678.7308	10262
681.1729	10423
683.6163	10388
686.0572	10294
688.4973	10315
690.9368	10311
693.3757	10394
695.8138	10389
698.2534	10367
700.6902	10418
703.1245	10544
705.56	10294
707.9949	10433
710.4311	10538
712.8647	10477
715.2957	10557
717.7279	10622
720.1595	10504
722.5905	10561
725.0208	10727
727.4505	10516
729.8795	10792
732.3058	10773
734.7336	10774
737.1626	10943
739.587	10862
742.0128	11039
744.4359	10839
746.8604	10835
749.2841	11095
751.7073	11006
754.1278	11029
756.5496	10939
758.9688	10894
761.3893	11200
763.8093	10963
766.2285	11113
768.6451	11137
771.0611	11028
773.4784	11149
775.895	11154
778.3091	11147
780.7244	11087
783.1371	11163
785.5493	11122
787.9626	11334
790.3754	11154
792.7856	11284
795.1951	11216
797.6039	11135
800.0121	11197
802.4236	11205
804.8306	11338
807.2369	11204
809.6425	11295
812.0475	11213
814.4538	11172
816.8575	11151
819.2606	11244
821.663	11221
824.0648	11241
826.4659	11414
828.8683	11317
831.2682	11380
833.6674	11255
836.066	11354
838.4639	11352
840.8632	11294
843.2579	11406
845.6539	11429
848.0493	11389
850.444	11379
852.84	11317
855.2315	11524
857.6243	11449
860.0165	11466
862.4081	11328
864.797	11287
867.1892	11398
869.5789	11373
871.9659	11312
874.3542	11202
876.74	11286
879.129	11361
881.5155	11368
883.8994	11439
886.2845	11432
888.6671	11364
891.051	11292
893.4343	11355
895.8169	11332
898.197	11508
900.5783	11431
902.9571	11376
905.3372	11474
907.7167	11377
910.0936	11498
912.4698	11454
914.8474	11441
917.2244	11745
919.5987	11545
921.9744	11755
924.3475	11597
926.72	11671
929.0918	11878
931.4669	11790
933.8375	11816
936.2074	11726
938.5767	11838
940.9454	11972
943.3154	11817
945.6829	11864
948.0497	11976
950.4178	12035
952.7833	12214
955.1483	12359
957.5145	12410
959.8782	12533
962.2412	12423
964.6036	12351
966.9655	12370
969.3266	12274
971.6871	12053
974.0471	11911
976.4064	11896
978.765	11971
981.125	11784
983.4824	11859
985.8373	11725
988.1935	11906
990.549	11903
992.9039	11690
995.2602	11834
997.6119	11860
999.965	11959
1002.317	11701
1004.667	11818
1007.02	11872
1009.371	11878
1011.719	11837
1014.068	12002
1016.415	11897
1018.765	11961
1021.111	11856
1023.458	11937
1025.804	11986
1028.147	11858
1030.49	11818
1032.837	11914
1035.179	11986
1037.522	11996
1039.862	11884
1042.204	12073
1044.546	12005
1046.884	11924
1049.224	12009
1051.562	11931
1053.899	12073
1056.237	12089
1058.575	12155
1060.91	12074
1063.244	12323
1065.58	12099
1067.913	12143
1070.248	12037
1072.579	12091
1074.911	12134
1077.242	11951
1079.572	12197
1081.905	12289
1084.234	12175
1086.562	12281
1088.89	12173
1091.217	12146
1093.544	12250
1095.871	12135
1098.197	12422
1100.521	12149
1102.845	12185
1105.169	12425
1107.491	12368
1109.814	12431
1112.135	12252
1114.456	12379
1116.776	12214
1119.096	12371
1121.415	12431
1123.734	12351
1126.052	12471
1128.369	12297
1130.686	12368
1133.002	12481
1135.318	12395
1137.632	12478
1139.945	12498
1142.258	12305
1144.573	12469
1146.884	12577
1149.196	12366
1151.505	12507
1153.816	12699
1156.124	12535
1158.435	12405
1160.742	12477
1163.051	12393
1165.356	12513
1167.663	12472
1169.97	12531
1172.276	12530
1174.579	12406
1176.881	12563
1179.186	12466
1181.487	12661
1183.79	12555
1186.092	12586
1188.392	12617
1190.691	12565
1192.991	12667
1195.291	12472
1197.588	12551
1199.885	12557
1202.181	12594
1204.479	12516
1206.775	12636
1209.07	12542
1211.363	12782
1213.656	12749
1215.949	12617
1218.241	12863
1220.534	12599
1222.825	12714
1225.115	12653
1227.405	12880
1229.693	12877
1231.984	12887
1234.271	13041
1236.558	12792
1238.845	13090
1241.131	12992
1243.416	12909
1245.703	13134
1247.987	13038
1250.269	13044
1252.552	12820
1254.834	12969
1257.118	12860
1259.399	13043
1261.678	13108
1263.958	12939
1266.237	13050
1268.516	13210
1270.794	13044
1273.072	13080
1275.347	13058
1277.624	13041
1279.899	13127
1282.175	12870
1284.449	13145
1286.722	13018
1288.995	12980
1291.266	13054
1293.54	13180
1295.81	13095
1298.081	13004
1300.35	12942
1302.62	12996
1304.889	12996
1307.156	13164
1309.425	13110
1311.69	13134
1313.957	13157
1316.222	13087
1318.488	13011
1320.751	13141
1323.016	13127
1325.278	13004
1327.54	13210
1329.803	13192
1332.065	13202
1334.325	13119
1336.584	13227
1338.843	13244
1341.101	13141
1343.36	13159
1345.617	13179
1347.876	13194
1350.131	13190
1352.387	13212
1354.643	13204
1356.897	13183
1359.151	13334
1361.403	13256
1363.656	13333
1365.909	13531
1368.16	13227
1370.409	13330
1372.659	13257
1374.909	13551
1377.157	13260
1379.407	13266
1381.655	13383
1383.9	13377
1386.147	13400
1388.393	13512
1390.64	13487
1392.885	13543
1395.127	13313
1397.37	13493
1399.614	13399
1401.854	13508
1404.098	13557
1406.339	13542
1408.578	13498
1410.818	13485
1413.056	13576
1415.297	13710
1417.533	13642
1419.771	13502
1422.006	13689
1424.243	13601
1426.479	13580
1428.715	13761
1430.948	13558
1433.182	13628
1435.414	13920
1437.647	13748
1439.88	13749
1442.11	13789
1444.342	13737
1446.571	13711
1448.799	13678
1451.029	13727
1453.258	13765
1455.485	13663
1457.711	13776
1459.937	14018
1462.164	13788
1464.39	13910
1466.614	13714
1468.838	13677
1471.06	13945
1473.283	13775
1475.506	13871
1477.727	13726
1479.949	13699
1482.169	13580
1484.389	13656
1486.609	13616
1488.828	13659
1491.045	13700
1493.261	13681
1495.477	13581
1497.693	13612
1499.91	13469
1502.125	13651
1504.339	13632
1506.553	13721
1508.766	13607
1510.979	13603
1513.191	13629
1515.402	13590
1517.613	13693
1519.823	13684
1522.033	13632
1524.242	13718
1526.451	13563
1528.657	13590
1530.865	13609
1533.072	13712
1535.278	13813
1537.484	13686
1539.687	13568
1541.892	13869
1544.096	13556
1546.299	13888
1548.502	13659
1550.703	13826
1552.905	13960
1555.104	13613
1557.303	13972
1559.505	14037
1561.703	13804
1563.902	13998
1566.099	13799
1568.295	14157
1570.494	13801
1572.689	14102
1574.883	13940
1577.079	14112
1579.272	14042
1581.467	14046
1583.659	13846
1585.853	13985
1588.044	13989
1590.234	14227
1592.424	13937
1594.615	14204
1596.806	13923
1598.994	14098
1601.182	14095
1603.369	14110
1605.557	14155
1607.744	14060
1609.929	14053
1612.114	14114
1614.298	14166
1616.482	14228
1618.667	14179
1620.85	14111
1623.032	14078
1625.214	14037
1627.395	13912
1629.575	14033
1631.755	14203
1633.935	14112
1636.114	14200
1638.292	14069
1640.471	14078
1642.647	14191
1644.823	13974
1647	14030
1649.175	14063
1651.348	14205
1653.525	14174
1655.698	14167
1657.87	14124
1660.043	14084
1662.213	14058
1664.387	14115
1666.558	14091
1668.727	14143
1670.896	14094
1673.064	14224
1675.233	13854
1677.401	14059
1679.569	14204
1681.735	14104
1683.902	14102
1686.066	14065
1688.233	14168
1690.397	14127
1692.559	14164
1694.723	13858
1696.885	14007
1699.048	14068
1701.21	14131
1703.37	14039
1705.53	14044
1707.689	13972
1709.849	14057
1712.009	13842
1714.166	14184
1716.323	14085
1718.479	13994
1720.634	14051
1722.793	14141
1724.948	14067
1727.102	14116
1729.255	14018
1731.408	13938
1733.562	13893
1735.714	13940
1737.865	13995
1740.016	14105
1742.166	14136
1744.316	14050
1746.467	13906
1748.616	14126
1750.764	13926
1752.911	14212
1755.056	14069
1757.205	14155
1759.35	14051
1761.496	14052
1763.641	14327
1765.785	13988
1767.927	14237
1770.072	13975
1772.214	14163
1774.355	14189
1776.496	14023
1778.637	14270
1780.778	14202
1782.918	14303
1785.057	14236
1787.194	14024
1789.333	14270
1791.472	14149
1793.608	14350
1795.745	14201
1797.879	14102
1800.015	14193
1802.148	14226
1804.284	14164
1806.417	14253
1808.548	14176
1810.682	13976
1812.812	14143
1814.946	14121
1817.075	14100
1819.205	14260
1821.335	13993
1823.463	14315
1825.59	14076
1827.721	14241
1829.847	13954
1831.973	14171
1834.098	14011
1836.223	14021
1838.351	14087
1840.475	13967
1842.598	13844
1844.721	13881
1846.843	13970
1848.966	13918
1851.087	13893
1853.21	14015
1855.33	13785
1857.449	13843
1859.568	13930
1861.688	14010
1863.806	13978
1865.924	13858
1868.039	13930
1870.155	13935
1872.273	14018
1874.388	13815
1876.503	13940
1878.617	13917
1880.73	13970
1882.844	13993
1884.956	13962
1887.068	14038
1889.18	14007
1891.291	13978
1893.4	14048
1895.511	14044
1897.621	13955
1899.73	14134
1901.837	13881
1903.944	14034
1906.053	14124
1908.159	14015
1910.265	14088
1912.369	14021
1914.474	14106
1916.577	14059
1918.683	14051
1920.785	14095
1922.888	14122
1924.989	14083
1927.091	14053
1929.193	14169
1931.294	14135
1933.393	14028
1935.493	13987
1937.59	14025
1939.689	14228
1941.788	14109
1943.884	14144
1945.98	14204
1948.077	14345
1950.171	14033
1952.267	14015
1954.361	14139
1956.455	14098
1958.548	14123
1960.64	14023
1962.733	14013
1964.824	14201
1966.915	14013
1969.005	14042
1971.096	14063
1973.185	14138
1975.275	13991
1977.363	14119
1979.45	14020
1981.537	13847
1983.623	13883
1985.711	13974
1987.796	13994
1989.881	14072
1991.965	13886
1994.047	13977
1996.132	13908
1998.215	13962
2000.297	13853
2002.378	13938
2004.46	13785
2006.54	13949
2008.62	13940
2010.7	13924
2012.779	13969
2014.858	14015
2016.934	13865
2019.013	13803
2021.09	13982
2023.165	13843
2025.241	13880
2027.317	13973
2029.39	13809
2031.466	13881
2033.538	13971
2035.612	13798
2037.683	13708
2039.755	13749
2041.827	13929
2043.898	13968
2045.968	13927
2048.038	13898
2050.106	13911
2052.177	13864
2054.244	13938
2056.313	13934
2058.379	13969
2060.444	13922
2062.511	13865
2064.577	13871
2066.641	13854
2068.705	13926
2070.77	13849
2072.832	13775
2074.896	13808
2076.958	13936
2079.02	13889
2081.081	13913
2083.141	13811
2085.2	13981
2087.261	13829
2089.319	13921
2091.377	13839
2093.435	13913
2095.492	13915
2097.552	13773
2099.607	13798
2101.663	13946
2103.718	13972
2105.771	13940
2107.826	13945
2109.879	13722
2111.932	13787
2113.985	13823
2116.037	13850
2118.088	13784
2120.141	13827
2122.191	13865
2124.239	13689
2126.288	13715
2128.337	13913
2130.387	13580
2132.434	13756
2134.481	13786
2136.528	13769
2138.574	13847
2140.618	13818
2142.665	13821
2144.71	13827
2146.753	13849
2148.797	13868
2150.838	14082
2152.883	13852
2154.923	13870
2156.965	13822
2159.007	13608
2161.046	13876
2163.086	13623
2165.126	13606
2167.163	13488
2169.202	13703
2171.239	13719
2173.277	13680
2175.314	13612
2177.349	13614
2179.385	13627
2181.42	13550
2183.453	13706
2185.49	13562
2187.522	13437
2189.555	13455
2191.586	13460
2193.619	13579
2195.651	13594
2197.682	13579
2199.711	13460
2201.74	13337
2203.769	13522
2205.799	13457
2207.828	13479
2209.855	13483
2211.882	13313
2213.908	13480
2215.934	13443
2217.961	13220
2219.986	13512
2222.01	13458
2224.034	13397
2226.057	13186
2228.08	13359
2230.104	13153
2232.124	13427
2234.145	13247
2236.166	13428
2238.186	13308
2240.207	13415
2242.227	13416
2244.244	13414
2246.262	13423
2248.28	13263
2250.299	13459
2252.314	13433
2254.33	13476
2256.346	13380
2258.36	13255
2260.375	13395
2262.391	13373
2264.403	13516
2266.416	13360
2268.427	13418
2270.44	13384
2272.453	13359
2274.463	13371
2276.474	13299
2278.483	13358
2280.493	13284
2282.501	13455
2284.51	13411
2286.518	13368
2288.524	13199
2290.532	13375
2292.537	13379
2294.544	13326
2296.55	13284
2298.554	13490
2300.557	13302
2302.562	13417
2304.566	13447
2306.568	13314
2308.569	13258
2310.572	13537
2312.573	13226
2314.573	13226
2316.574	13364
2318.573	13248
2320.571	13354
2322.571	13240
2324.569	13327
2326.567	13346
2328.564	13252
2330.56	13162
2332.556	13282
2334.551	13340
2336.546	13144
2338.542	13151
2340.535	13067
2342.529	13151
2344.521	13232
2346.512	13186
2348.505	13165
2350.497	13222
2352.487	13057
2354.478	13052
2356.468	13047
2358.457	13147
2360.446	13133
2362.434	13145
2364.422	13086
2366.408	13257
2368.395	13108
2370.383	13164
2372.369	13122
2374.353	13052
2376.338	13192
2378.321	12929
2380.307	13071
2382.29	12969
2384.272	13009
2386.254	12933
2388.235	12964
2390.218	13164
2392.198	12860
2394.179	12890
2396.157	12928
2398.137	13157
2400.115	12867
2402.095	12924
2404.072	13083
2406.048	12894
2408.026	12903
2410.001	12885
2411.977	12808
2413.953	12921
2415.927	12872
2417.9	12915
2419.875	12999
2421.847	12817
2423.821	12860
2425.792	13033
2427.763	12896
2429.736	13160
2431.706	12768
2433.677	12853
2435.646	12756
2437.615	12944
2439.583	12877
2441.551	12905
2443.519	12937
2445.486	12946
2447.452	12890
2449.418	13028
2451.383	12912
2453.348	12879
2455.314	12885
2457.278	12930
2459.241	13014
2461.205	12933
2463.167	12955
2465.131	12783
2467.091	12992
2469.052	12808
2471.012	12701
2472.972	12757
2474.932	12780
2476.891	12825
2478.85	12811
2480.808	12917
2482.766	12973
2484.722	12760
2486.68	12682
2488.636	12610
2490.591	12739
2492.546	12664
2494.5	12753
2496.456	12701
2498.41	12681
2500.362	12713
2502.315	12741
2504.266	12766
2506.218	12723
2508.169	12656
2510.121	12768
2512.07	12691
2514.019	12567
2515.968	12767
2517.918	12660
2519.866	12651
2521.813	12679
2523.76	12766
2525.707	12761
2527.653	12636
2529.599	12827
2531.543	12790
2533.489	12782
2535.433	12698
2537.376	12539
2539.32	12763
2541.264	12643
2543.205	12759
2545.147	12771
2547.087	12608
2549.029	12671
2550.969	12757
2552.908	12830
2554.847	12697
2556.786	12610
2558.724	12564
2560.663	12694
2562.6	12737
2564.537	12728
2566.473	12587
2568.408	12655
2570.345	12708
2572.28	12666
2574.214	12642
2576.148	12685
2578.081	12729
2580.014	12713
2581.947	12651
2583.879	12678
2585.81	12709
2587.741	12802
2589.67	12709
2591.602	12772
2593.532	12642
2595.461	12840
2597.388	12807
2599.316	12708
2601.244	12636
2603.172	12737
2605.098	12808
2607.023	12804
2608.949	12629
2610.873	12709
2612.8	12680
2614.723	12825
2616.647	12810
2618.569	12833
2620.493	12812
2622.416	12959
2624.338	12663
2626.258	12759
2628.179	12780
2630.099	12680
2632.019	12729
2633.939	12816
2635.857	12977
2637.775	12684
2639.694	12751
2641.61	12929
2643.528	12962
2645.444	12828
2647.361	12752
2649.276	12865
2651.19	12720
2653.105	12647
2655.019	12671
2656.934	12996
2658.846	12748
2660.758	12665
2662.67	12739
2664.583	12818
2666.493	12674
2668.404	12700
2670.313	12777
2672.223	12890
2674.134	12738
2676.042	12614
2677.95	12838
2679.858	12771
2681.765	12687
2683.673	12702
2685.579	12658
2687.483	12627
2689.389	12832
2691.294	12637
2693.198	12598
2695.104	12764
2697.006	12746
2698.909	12577
2700.811	12665
2702.713	12530
2704.615	12636
2706.516	12591
2708.417	12793
2710.316	12612
2712.216	12463
2714.115	12555
2716.014	12601
2717.913	12831
2719.81	12635
2721.707	12521
2723.603	12621
2725.501	12483
2727.396	12527
2729.292	12449
2731.186	12571
2733.081	12501
2734.976	12279
2736.87	12437
2738.762	12520
2740.653	12498
2742.546	12571
2744.437	12393
2746.329	12401
2748.22	12562
2750.11	12398
2751.999	12620
2753.889	12571
2755.778	12657
2757.666	12510
2759.553	12563
2761.44	12434
2763.328	12448
2765.215	12595
2767.101	12320
2768.986	12342
2770.87	12493
2772.754	12392
2774.638	12536
2776.523	12386
2778.405	12380
2780.288	12480
2782.17	12630
2784.051	12411
2785.934	12427
2787.814	12360
2789.694	12438
2791.574	12374
2793.453	12365
2795.332	12533
2797.212	12569
2799.088	12493
2800.966	12409
2802.843	12337
2804.719	12400
2806.597	12480
2808.471	12455
2810.346	12494
2812.221	12187
2814.094	12537
2815.969	12420
2817.843	12272
2819.714	12350
2821.587	12254
2823.459	12309
2825.329	12208
2827.202	12157
2829.072	12213
2830.942	12256
2832.811	12223
2834.68	12364
2836.549	12274
2838.418	12172
2840.284	12219
2842.152	12264
2844.018	12246
2845.885	12277
2847.751	12400
2849.616	12197
2851.482	12227
2853.345	12184
2855.208	12416
2857.074	12398
2858.937	12403
2860.799	12254
2862.66	12464
2864.522	12449
2866.385	12359
2868.245	12383
2870.104	12549
2871.964	12374
2873.824	12430
2875.683	12370
2877.542	12563
2879.4	12431
2881.257	12553
2883.114	12503
2884.97	12630
2886.827	12441
2888.683	12509
2890.537	12418
2892.392	12385
2894.246	12509
2896.1	12334
2897.954	12513
2899.807	12310
2901.66	12619
2903.51	12500
2905.362	12403
2907.214	12359
2909.065	12345
2910.915	12541
2912.765	12481
2914.613	12336
2916.463	12574
2918.311	12422
2920.158	12483
2922.006	12386
2923.853	12368
2925.698	12607
2927.546	12539
2929.392	12604
2931.236	12754
2933.081	12501
2934.924	12697
2936.77	12389
2938.613	12565
2940.455	12786
2942.298	12626
2944.139	12742
2945.982	12592
2947.823	12606
2949.662	12604
2951.503	12630
2953.342	12474
2955.182	12599
2957.021	12565
2958.858	12617
2960.697	12638
2962.534	12545
2964.37	12626
2966.207	12399
2968.044	12493
2969.879	12449
2971.714	12237
2973.548	12216
2975.383	12361
2977.218	12356
2979.051	12169
2980.883	12235
2982.715	12127
2984.547	12240
2986.379	12225
2988.21	12266
2990.04	12131
2991.87	12232
2993.7	12059
2995.53	12176
2997.359	12039
2999.187	11953
3001.015	12049
3002.842	11889
3004.669	11885
3006.497	12058
3008.323	11934
3010.148	11752
3011.974	11865
3013.797	12024
3015.623	11913
3017.447	11876
3019.27	11864
3021.094	12061
3022.915	11845
3024.737	11790
3026.56	11799
3028.38	11827
3030.201	11749
3032.022	11759
3033.84	11534
3035.662	11700
3037.481	11668
3039.298	11627
3041.117	11709
3042.933	11752
3044.752	11647
3046.568	11732
3048.385	11646
3050.2	11675
3052.016	11637
3053.83	11536
3055.646	11661
3057.46	11666
3059.272	11645
3061.086	11381
3062.898	11589
3064.711	11485
3066.524	11617
3068.335	11432
3070.145	11518
3071.956	11360
3073.766	11489
3075.576	11554
3077.385	11482
3079.193	11376
3081.002	11429
3082.81	11419
3084.618	11503
3086.425	11399
3088.231	11508
3090.036	11480
3091.842	11497
3093.648	11158
3095.452	11383
3097.257	11398
3099.06	11341
3100.863	11259
3102.666	11215
3104.47	11329
3106.272	11430
3108.073	11290
3109.875	11174
3111.676	11266
3113.477	11318
3115.277	11173
3117.077	11278
3118.874	11132
3120.673	11253
3122.473	11173
3124.271	11131
3126.066	11157
3127.863	11319
3129.66	11094
3131.456	11204
3133.252	11132
3135.047	11074
3136.842	11173
3138.635	11023
3140.429	11068
3142.223	11055
3144.016	11089
3145.808	10994
3147.6	11032
3149.392	10939
3151.183	11061
3152.975	11004
3154.765	11085
3156.553	10939
3158.344	11105
3160.132	11005
3161.922	10961
3163.71	10868
3165.497	10901
3167.285	10921
3169.071	10993
3170.858	10802
3172.645	10893
3174.429	10907
3176.214	10810
3177.998	10806
3179.783	11034
3181.568	10832
3183.351	10854
3185.133	10721
3186.915	10773
3188.698	10689
3190.481	10760
3192.261	10789
3194.042	10790
3195.822	10601
3197.601	10675
3199.381	10635
3201.161	10737
3202.939	10753
3204.717	10877
3206.495	10738
3208.272	10798
3210.05	10801
3211.826	10609
3213.602	10553
3215.376	10661
3217.151	10701
3218.927	10737
3220.702	10716
3222.476	10555
3224.249	10730
3226.021	10675
3227.793	10637
3229.567	10590
3231.339	10660
3233.109	10638
3234.88	10493
3236.651	10692
3238.421	10587
3240.191	10819
3241.96	10642
3243.728	10455
3245.497	10518
3247.263	10627
3249.033	10518
3250.799	10504
3252.566	10488
3254.331	10417
3256.097	10559
3257.863	10570
3259.628	10508
3261.392	10471
3263.156	10474
3264.919	10421
3266.683	10566
3268.447	10618
3270.208	10509
3271.969	10529
3273.731	10436
3275.492	10538
3277.253	10599
3279.013	10503
3280.773	10508
3282.532	10511
3284.291	10625
3286.05	10394
3287.808	10378
3289.566	10461
3291.323	10462
3293.079	10556
3294.835	10520
3296.593	10676
3298.348	10495
3300.102	10471
3301.857	10382
3303.611	10455
3305.366	10353
3307.119	10633
3308.872	10434
3310.624	10454
3312.376	10433
3314.129	10463
3315.881	10502
3317.631	10398
3319.38	10291
3321.13	10413
3322.88	10403
3324.631	10461
3326.379	10250
3328.126	10448
3329.875	10317
3331.622	10331
3333.371	10246
3335.116	10288
3336.863	10298
3338.609	10317
3340.353	10206
3342.1	10302
3343.845	10347
3345.588	10177
3347.332	10327
3349.074	10276
3350.817	10274
3352.56	10277
3354.303	10222
3356.043	10204
3357.785	10157
3359.525	10257
3361.268	10157
3363.007	10315
3364.745	10192
3366.485	10109
3368.223	10236
3369.962	10098
3371.701	10143
3373.438	10136
3375.174	10249
3376.911	10135
3378.647	10046
3380.384	10139
3382.118	10215
3383.854	10124
3385.588	10127
3387.322	10190
3389.057	10074
3390.79	10151
3392.522	10102
3394.255	10050
3395.987	10084
3397.719	10067
3399.451	10083
3401.181	10153
3402.911	10144
3404.641	10110
3406.371	10078
3408.101	10048
3409.83	10186
3411.558	9978
3413.285	10008
3415.011	10093
3416.739	10045
3418.467	10002
3420.193	10050
3421.919	9998
3423.644	9939
3425.368	10048
3427.094	9862
3428.818	9929
3430.542	9843
3432.264	10052
3433.987	9950
3435.712	9768
3437.434	9868
3439.155	10026
3440.876	9887
3442.596	9910
3444.317	9933
3446.039	10053
3447.757	9874
3449.477	9722
3451.195	9779
3452.914	9838
3454.632	9835
3456.35	9776
3458.067	9764
3459.784	9813
3461.5	9795
3463.216	9842
3464.932	9763
3466.647	9760
3468.362	9663
3470.076	9817
3471.789	9556
3473.505	9683
3475.217	9593
3476.929	9715
3478.641	9841
3480.354	9671
3482.066	9523
3483.777	9691
3485.487	9645
3487.197	9560
3488.908	9550
3490.617	9686
3492.327	9504
3494.035	9633
3495.743	9624
3497.451	9642
3499.158	9537
3500.866	9665
3502.572	9570
3504.278	9706
3505.984	9505
3507.689	9481
3509.396	9591
3511.1	9493
3512.804	9625
3514.508	9416
3516.211	9490
3517.913	9656
3519.616	9484
3521.319	9424
3523.021	9485
3524.722	9522
3526.422	9336
3528.124	9632
3529.824	9309
3531.524	9483
3533.222	9417
3534.921	9425
3536.62	9516
3538.318	9410
3540.016	9485
3541.714	9352
3543.41	9430
3545.107	9491
3546.803	9530
3548.5	9357
3550.194	9383
3551.889	9419
3553.583	9410
3555.279	9435
3556.972	9336
3558.666	9359
3560.358	9287
3562.051	9276
3563.742	9286
3565.435	9425
3567.126	9415
3568.817	9374
3570.507	9264
3572.197	9335
3573.888	9386
3575.577	9164
3577.265	9227
3578.954	9319
3580.642	9305
3582.329	9300
3584.017	9285
3585.704	9418
3587.391	9100
3589.077	9236
3590.762	9227
3592.449	9067
3594.133	9119
3595.817	9151
3597.501	9194
3599.185	9093
3600.869	9201
3602.552	9119
3604.234	9153
3605.916	9279
3607.598	9108
3609.279	8997
3610.961	9102
3612.642	9016
3614.321	9051
3616	8995
3617.68	9045
3619.36	9063
3621.039	8998
3622.716	9017
3624.394	9116
3626.071	9009
3627.748	8880
3629.425	8980
3631.102	8868
3632.778	9051
3634.452	8982
3636.127	9134
3637.803	8930
3639.477	8915
3641.151	9008
3642.823	8862
3644.497	9021
3646.171	8987
3647.842	8862
3649.515	8800
3651.185	8961
3652.857	8890
3654.527	8875
3656.198	8823
3657.868	8989
3659.537	8861
3661.207	8901
3662.875	8767
3664.544	8893
3666.212	8821
3667.879	8828
3669.546	9002
3671.212	8878
3672.88	8917
3674.546	8849
3676.211	8917
3677.875	8914
3679.541	8749
3681.205	8849
3682.87	8737
3684.533	8817
3686.196	8813
3687.859	8671
3689.521	8941
3691.184	8748
3692.845	8952
3694.507	8643
3696.167	8696
3697.827	8867
3699.487	8735
3701.148	8806
3702.808	8688
3704.466	8754
3706.125	8764
3707.783	8604
3709.442	8680
3711.099	8824
3712.757	8760
3714.412	8700
3716.068	8823
3717.725	8657
3719.381	8761
3721.036	8781
3722.689	8702
3724.344	8802
3725.998	8671
3727.652	8728
3729.305	8812
3730.958	8642
3732.61	8669
3734.262	8708
3735.915	8572
3737.565	8641
3739.217	8665
3740.866	8606
3742.516	8537
3744.165	8776
3745.816	8621
3747.464	8416
3749.113	8665
3750.761	8526
3752.409	8579
3754.057	8653
3755.703	8493
3757.35	8496
3758.996	8649
3760.641	8411
3762.289	8550
3763.933	8405
3765.577	8434
3767.222	8624
3768.865	8552
3770.508	8394
3772.152	8453
3773.796	8539
3775.438	8482
3777.079	8451
3778.721	8290
3780.363	8421
3782.003	8477
3783.643	8502
3785.283	8394
3786.923	8480
3788.563	8390
3790.203	8464
3791.841	8437
3793.479	8435
3795.115	8431
3796.753	8370
3798.391	8384
3800.027	8391
3801.664	8320
3803.299	8377
3804.935	8431
3806.571	8282
3808.206	8305
3809.839	8266
3811.473	8334
3813.107	8225
3814.74	8222
3816.375	8296
3818.006	8367
3819.638	8337
3821.27	8217
3822.9	8245
3824.532	8255
3826.163	8406
3827.792	8221
3829.423	8107
3831.051	8263
3832.682	8260
3834.311	8308
3835.938	8208
3837.566	8179
3839.193	8152
3840.821	8178
3842.448	8147
3844.075	8217
3845.7	8207
3847.325	8156
3848.951	8087
3850.576	8080
3852.201	8217
3853.825	8265
3855.448	8101
3857.072	8086
3858.694	8009
3860.318	8064
3861.939	8164
3863.562	8179
3865.183	8165
3866.804	7995
3868.426	8118
3870.045	8111
3871.666	8137
3873.285	8043
3874.904	7998
3876.524	8133
3878.142	8071
3879.76	8038
3881.378	7991
3882.995	8063
3884.612	7986
3886.229	8010
3887.845	8030
3889.461	7938
3891.076	7904
3892.691	8117
3894.307	8010
3895.922	7786
3897.536	7933
3899.149	8146
3900.761	8109
3902.374	8020
3903.988	7952
3905.6	7965
3907.212	8027
3908.822	7952
3910.433	8015
3912.045	7958
3913.655	7969
3915.265	7933
3916.875	7972
3918.483	7938
3920.093	7888
3921.702	7984
3923.309	7947
3924.917	7961
3926.523	8088
3928.13	8021
3929.739	8025
3931.344	7830
3932.95	7963
3934.555	7702
3936.159	7821
3937.766	7905
3939.369	7766
3940.974	7867
3942.577	7840
3944.181	7931
3945.783	7978
3947.386	7768
3948.989	7864
3950.59	7872
3952.191	7798
3953.791	7940
3955.394	7764
3956.994	7981
3958.593	7796
3960.192	7815
3961.791	7792
3963.392	7825
3964.99	7698
3966.588	7772
3968.185	7734
3969.782	7800
3971.379	7700
3972.976	7757
3974.572	7649
3976.168	7787
3977.763	7631
3979.358	7712
3980.954	7713
3982.548	7667
3984.142	7698
3985.736	7658
3987.329	7583
3988.922	7693
3990.516	7537
3992.108	7722
3993.698	7750
3995.29	7615
3996.881	7528
3998.473	7477
4000.064	7559
4001.653	7468
4003.242	7466
4004.832	7480
4006.422	7568
4008.01	7397
4009.598	7548
4011.186	7489
4012.773	7374
4014.36	7561
4015.947	7369
4017.534	7417
4019.119	7479
4020.705	7520
4022.291	7506
4023.876	7478
4025.461	7508
4027.044	7410
4028.627	7330
4030.211	7413
4031.795	7397
4033.378	7524
4034.96	7455
4036.542	7370
4038.124	7297
4039.704	7404
4041.286	7414
4042.867	7455
4044.447	7388
4046.026	7325
4047.606	7450
4049.187	7276
4050.765	7397
4052.343	7248
4053.92	7370
4055.498	7332
4057.076	7393
4058.654	7280
4060.23	7362
4061.806	7240
4063.381	7363
4064.957	7289
4066.533	7064
4068.107	7155
4069.682	7328
4071.256	7143
4072.829	7321
4074.404	7389
4075.977	7269
4077.549	7325
4079.121	7207
4080.693	7230
4082.265	7201
4083.836	7242
4085.407	7209
4086.977	7204
4088.547	7104
4090.117	7196
4091.687	7288
4093.256	7189
4094.825	7230
4096.392	7119
4097.96	7151
4099.528	7080
4101.097	7211
4102.663	7155
4104.229	7112
4105.795	7067
4107.361	7153
4108.928	7154
4110.493	7200
4112.058	7119
4113.621	7191
4115.186	7112
4116.75	7178
4118.313	7042
4119.876	7025
4121.438	7038
4123	7026
4124.562	6875
4126.125	6985
4127.686	7085
4129.246	7086
4130.807	7096
4132.367	6993
4133.927	6857
4135.486	6997
4137.046	6865
4138.604	7025
4140.162	6967
4141.72	7010
4143.279	7022
4144.836	6926
4146.393	6909
4147.949	6876
4149.505	7019
4151.062	7035
4152.617	6915
4154.172	6872
4155.727	6880
4157.281	6823
4158.836	6958
4160.39	6845
4161.943	6918
4163.496	6768
4165.048	6882
4166.601	6702
4168.154	6856
4169.706	6779
4171.257	6954
4172.808	6863
4174.358	6773
4175.909	6753
4177.458	6804
4179.008	6861
4180.558	6829
4182.106	6771
4183.655	6778
4185.204	6736
4186.751	6709
4188.298	6731
4189.845	6685
4191.392	6759
4192.939	6712
4194.485	6706
4196.031	6622
4197.576	6651
4199.121	6656
4200.666	6633
4202.211	6627
4203.754	6682
4205.298	6635
4206.84	6677
4208.384	6687
4209.927	6753
4211.47	6730
4213.011	6648
4214.552	6699
4216.094	6585
4217.635	6663
4219.175	6694
4220.716	6621
4222.255	6521
4223.793	6584
4225.335	6605
4226.873	6611
4228.411	6617
4229.948	6503
4231.486	6545
4233.024	6603
4234.562	6526
4236.098	6634
4237.634	6578
4239.169	6441
4240.705	6568
4242.241	6637
4243.776	6479
4245.31	6469
4246.844	6534
4248.378	6586
4249.911	6541
4251.445	6651
4252.978	6485
4254.51	6574
4256.042	6498
4257.574	6568
4259.107	6390
4260.638	6458
4262.169	6576
4263.699	6451
4265.228	6626
4266.759	6451
4268.289	6396
4269.818	6575
4271.345	6457
4272.874	6438
4274.402	6535
4275.931	6427
4277.458	6420
4278.985	6429
4280.512	6444
4282.037	6501
4283.564	6502
4285.089	6413
4286.615	6445
4288.139	6433
4289.664	6432
4291.187	6333
4292.712	6383
4294.235	6257
4295.759	6297
4297.281	6375
4298.804	6396
4300.327	6412
4301.849	6376
4303.37	6433
4304.891	6384
4306.412	6305
4307.933	6364
4309.453	6315
4310.973	6235
4312.492	6272
