398.1873	9186
400.7097	9450
403.2336	9279
405.7547	9264
408.2751	9252
410.7948	9460
413.3138	9399
415.83	9327
418.3497	9507
420.8666	9608
423.3829	9713
425.8985	9687
428.4133	9628
430.9275	9720
433.441	9794
435.9538	9724
438.4639	9839
440.9753	9880
443.4881	9967
445.9982	9964
448.5055	9854
451.0142	9988
453.5201	9899
456.0274	9986
458.5361	9913
461.04	9857
463.5453	10025
466.0478	10016
468.5517	10097
471.0549	10058
473.5574	10099
476.0572	10128
478.5584	10085
481.0568	10204
483.5545	10152
486.0557	10297
488.5521	10117
491.0478	10334
493.5449	10316
496.0392	10319
498.5349	10474
501.0299	10376
503.5222	10373
506.0139	10385
508.5048	10739
510.9991	10502
513.4887	10431
515.9777	10459
518.4659	10465
520.9534	10571
523.4403	10389
525.9306	10542
528.4161	10514
530.9009	10481
533.3851	10501
535.8687	10523
538.3535	10518
540.8356	10638
543.3171	10503
545.7979	10648
548.278	10522
550.7595	10430
553.2383	10609
555.7144	10542
558.1918	10552
560.6685	10753
563.1446	10512
565.6221	10577
568.0968	10644
570.5688	10622
573.0422	10764
575.515	10675
577.989	10668
580.4584	10838
582.9291	10804
585.3991	10830
587.8685	10923
590.3352	10931
592.8052	10735
595.2706	10927
597.7372	10908
600.2033	10759
602.6666	10848
605.1334	10839
607.5953	10739
610.0587	10890
612.5193	10706
614.9814	10996
617.4427	10853
619.9034	11068
622.3615	10853
624.8208	10872
627.2775	10801
629.7335	10936
632.1929	10940
634.6476	10888
637.1016	10962
639.5569	11016
642.0096	10942
644.4637	11018
646.9151	10968
649.3678	11167
651.8179	11079
654.2672	10992
656.7159	11141
659.166	10990
661.6154	11084
664.0622	11229
666.5082	11126
668.9537	11065
671.4005	11032
673.8445	11221
676.288	11328
678.7308	11398
681.1729	11207
683.6163	11228
686.0572	11150
688.4973	11385
690.9368	11321
693.3757	11336
695.8138	11378
698.2534	11418
700.6902	11446
703.1245	11440
705.56	11367
707.9949	11446
710.4311	11444
712.8647	11432
715.2957	11630
717.7279	11566
720.1595	11469
722.5905	11518
725.0208	11556
727.4505	11813
729.8795	11776
732.3058	11848
734.7336	11888
737.1626	11753
739.587	11779
742.0128	11867
744.4359	11710
746.8604	11934
749.2841	12067
751.7073	12011
754.1278	11993
756.5496	11932
758.9688	12064
761.3893	12026
763.8093	12049
766.2285	12098
768.6451	12165
771.0611	12161
773.4784	12259
775.895	11969
778.3091	12342
780.7244	12177
783.1371	12102
785.5493	12227
787.9626	12197
790.3754	12001
792.7856	12213
795.1951	12252
797.6039	12175
800.0121	12104
802.4236	12080
804.8306	12231
807.2369	12129
809.6425	12207
812.0475	12397
814.4538	12231
816.8575	12270
819.2606	12342
821.663	12215
824.0648	12328
826.4659	12448
828.8683	12379
831.2682	12326
833.6674	12380
836.066	12384
838.4639	12346
840.8632	12182
843.2579	12373
845.6539	12375
848.0493	12381
850.444	12525
852.84	12362
855.2315	12506
857.6243	12476
860.0165	12266
862.4081	12341
864.797	12310
867.1892	12459
869.5789	12286
871.9659	12386
874.3542	12443
876.74	12357
879.129	12436
881.5155	12277
883.8994	12257
886.2845	12384
888.6671	12355
891.051	12358
893.4343	12382
895.8169	12381
898.197	12455
900.5783	12565
902.9571	12531
905.3372	12450
907.7167	12506
910.0936	12496
912.4698	12649
914.8474	12817
917.2244	12556
919.5987	12849
921.9744	12818
924.3475	12966
926.72	12872
929.0918	12851
931.4669	12861
933.8375	12810
936.2074	12916
938.5767	12950
940.9454	13065
943.3154	13134
945.6829	13174
948.0497	13149
950.4178	13265
952.7833	13371
955.1483	13455
957.5145	13581
959.8782	13681
962.2412	13883
964.6036	13705
966.9655	13456
969.3266	13356
971.6871	13273
974.0471	12975
976.4064	13058
978.765	12967
981.125	12810
983.4824	12882
985.8373	12950
988.1935	12657
990.549	12850
992.9039	12938
995.2602	12881
997.6119	12818
999.965	12910
1002.317	12859
1004.667	12843
1007.02	12756
1009.371	12841
1011.719	12893
1014.068	12934
1016.415	12978
1018.765	12770
1021.111	13127
1023.458	12850
1025.804	12777
1028.147	12862
1030.49	13046
1032.837	13042
1035.179	12934
1037.522	12994
1039.862	13099
1042.204	12964
1044.546	13016
1046.884	13056
1049.224	13084
1051.562	13129
1053.899	12991
1056.237	12924
1058.575	13100
1060.91	12999
1063.244	13119
1065.58	13171
1067.913	13163
1070.248	13158
1072.579	13131
1074.911	13254
1077.242	13129
1079.572	13136
1081.905	13048
1084.234	13089
1086.562	13228
1088.89	13186
1091.217	13172
1093.544	13261
1095.871	13288
1098.197	13108
1100.521	13189
1102.845	13132
1105.169	13206
1107.491	13385
1109.814	13325
1112.135	13284
1114.456	13190
1116.776	13305
1119.096	13380
1121.415	13388
1123.734	13190
1126.052	13472
1128.369	13426
1130.686	13268
1133.002	13406
1135.318	13333
1137.632	13403
1139.945	13509
1142.258	13391
1144.573	13405
1146.884	13330
1149.196	13354
1151.505	13346
1153.816	13426
1156.124	13587
1158.435	13429
1160.742	13645
1163.051	13269
1165.356	13514
1167.663	13276
1169.97	13418
1172.276	13277
1174.579	13358
1176.881	13232
1179.186	13421
1181.487	13395
1183.79	13369
1186.092	13518
1188.392	13342
1190.691	13437
1192.991	13486
1195.291	13411
1197.588	13298
1199.885	13319
1202.181	13407
1204.479	13485
1206.775	13347
1209.07	13308
1211.363	13398
1213.656	13386
1215.949	13421
1218.241	13668
1220.534	13560
1222.825	13439
1225.115	13533
1227.405	13553
1229.693	13582
1231.984	13672
1234.271	13578
1236.558	13540
1238.845	13544
1241.131	13497
1243.416	13644
1245.703	13785
1247.987	13558
1250.269	13765
1252.552	13747
1254.834	13626
1257.118	13764
1259.399	13729
1261.678	13755
1263.958	13808
1266.237	13727
1268.516	13654
1270.794	13708
1273.072	13888
1275.347	13872
1277.624	13679
1279.899	13772
1282.175	13743
1284.449	13720
1286.722	13774
1288.995	13754
1291.266	13728
1293.54	13616
1295.81	13787
1298.081	13612
1300.35	13627
1302.62	13809
1304.889	13757
1307.156	13710
1309.425	13680
1311.69	13677
1313.957	13714
1316.222	13857
1318.488	13625
1320.751	13622
1323.016	13634
1325.278	13751
1327.54	13819
1329.803	13882
1332.065	13971
1334.325	13697
1336.584	13611
1338.843	13891
1341.101	13736
1343.36	13656
1345.617	13624
1347.876	13666
1350.131	13653
1352.387	13777
1354.643	13710
1356.897	13667
1359.151	13786
1361.403	13763
1363.656	13724
1365.909	13817
1368.16	13846
1370.409	13773
1372.659	13703
1374.909	13913
1377.157	13870
1379.407	13704
1381.655	13888
1383.9	13813
1386.147	13943
1388.393	13827
1390.64	13787
1392.885	13931
1395.127	14037
1397.37	13943
1399.614	14091
1401.854	13994
1404.098	13990
1406.339	14079
1408.578	14043
1410.818	14145
1413.056	13970
1415.297	14164
1417.533	14249
1419.771	14027
1422.006	14028
1424.243	14013
1426.479	14330
1428.715	14194
1430.948	14317
1433.182	14197
1435.414	14302
1437.647	14234
1439.88	14299
1442.11	14380
1444.342	14256
1446.571	14170
1448.799	14244
1451.029	14253
1453.258	14293
1455.485	14149
1457.711	14370
1459.937	14292
1462.164	14416
1464.39	14373
1466.614	14133
1468.838	14053
1471.06	14105
1473.283	14236
1475.506	14121
1477.727	14141
1479.949	13925
1482.169	13986
1484.389	13926
1486.609	14058
1488.828	13904
1491.045	14013
1493.261	14066
1495.477	14029
1497.693	13971
1499.91	13884
1502.125	13743
1504.339	13901
1506.553	13804
1508.766	13824
1510.979	13869
1513.191	13774
1515.402	13778
1517.613	13868
1519.823	13714
1522.033	14132
1524.242	13924
1526.451	13921
1528.657	13846
1530.865	14077
1533.072	13815
1535.278	13889
1537.484	13850
1539.687	14055
1541.892	13886
1544.096	14176
1546.299	13946
1548.502	14213
1550.703	14007
1552.905	13961
1555.104	13926
1557.303	14130
1559.505	14130
1561.703	14029
1563.902	14091
1566.099	14192
1568.295	14267
1570.494	14251
1572.689	14154
1574.883	14366
1577.079	14258
1579.272	14372
1581.467	14258
1583.659	14372
1585.853	14322
1588.044	14464
1590.234	14399
1592.424	14232
1594.615	14246
1596.806	14419
1598.994	14455
1601.182	14301
1603.369	14652
1605.557	14282
1607.744	14300
1609.929	14410
1612.114	14230
1614.298	14412
1616.482	14510
1618.667	14355
1620.85	14486
1623.032	14534
1625.214	14399
1627.395	14502
1629.575	14413
1631.755	14332
1633.935	14252
1636.114	14374
1638.292	14267
1640.471	14412
1642.647	14466
1644.823	14568
1647	14404
1649.175	14497
1651.348	14332
1653.525	14649
1655.698	14231
1657.87	14485
1660.043	14395
1662.213	14451
1664.387	14381
1666.558	14515
1668.727	14502
1670.896	14516
1673.064	14579
1675.233	14586
1677.401	14490
1679.569	14473
1681.735	14347
1683.902	14452
1686.066	14503
1688.233	14609
1690.397	14518
1692.559	14570
1694.723	14316
1696.885	14441
1699.048	14339
1701.21	14553
1703.37	14371
1705.53	14492
1707.689	14410
1709.849	14477
1712.009	14441
1714.166	14400
1716.323	14370
1718.479	14284
1720.634	14567
1722.793	14378
1724.948	14413
1727.102	14368
1729.255	14516
1731.408	14183
1733.562	14480
1735.714	14255
1737.865	14436
1740.016	14461
1742.166	14350
1744.316	14321
1746.467	14409
1748.616	14487
1750.764	14616
1752.911	14337
1755.056	14528
1757.205	14493
1759.35	14614
1761.496	14493
1763.641	14681
1765.785	14500
1767.927	14468
1770.072	14724
1772.214	14480
1774.355	14772
1776.496	14403
1778.637	14872
1780.778	14587
1782.918	14638
1785.057	14674
1787.194	14573
1789.333	14496
1791.472	14594
1793.608	14803
1795.745	14736
1797.879	14555
1800.015	14620
1802.148	14627
1804.284	14655
1806.417	14800
1808.548	14683
1810.682	14616
1812.812	14596
1814.946	14604
1817.075	14687
1819.205	14697
1821.335	14555
1823.463	14609
1825.59	14481
1827.721	14546
1829.847	14501
1831.973	14563
1834.098	14737
1836.223	14581
1838.351	14544
1840.475	14512
1842.598	14430
1844.721	14562
1846.843	14453
1848.966	14459
1851.087	14633
1853.21	14278
1855.33	14567
1857.449	14513
1859.568	14565
1861.688	14397
1863.806	14648
1865.924	14425
1868.039	14615
1870.155	14528
1872.273	14307
1874.388	14291
1876.503	14431
1878.617	14525
1880.73	14535
1882.844	14468
1884.956	14439
1887.068	14475
1889.18	14581
1891.291	14464
1893.4	14510
1895.511	14770
1897.621	14485
1899.73	14568
1901.837	14357
1903.944	14610
1906.053	14731
1908.159	14602
1910.265	14456
1912.369	14607
1914.474	14822
1916.577	14521
1918.683	14543
1920.785	14645
1922.888	14657
1924.989	14785
1927.091	14795
1929.193	14674
1931.294	14522
1933.393	14594
1935.493	14660
1937.59	14813
1939.689	14849
1941.788	14861
1943.884	14638
1945.98	14655
1948.077	14902
1950.171	14693
1952.267	14903
1954.361	14776
1956.455	14576
1958.548	14748
1960.64	14780
1962.733	14616
1964.824	14835
1966.915	14572
1969.005	14684
1971.096	14660
1973.185	14560
1975.275	14764
1977.363	14416
1979.45	14793
1981.537	14506
1983.623	14463
1985.711	14769
1987.796	14580
1989.881	14460
1991.965	14566
1994.047	14663
1996.132	14589
1998.215	14590
2000.297	14782
2002.378	14649
2004.46	14550
2006.54	14516
2008.62	14497
2010.7	14478
2012.779	14453
2014.858	14373
2016.934	14403
2019.013	14368
2021.09	14648
2023.165	14420
2025.241	14525
2027.317	14555
2029.39	14521
2031.466	14579
2033.538	14553
2035.612	14430
2037.683	14607
2039.755	14564
2041.827	14627
2043.898	14733
2045.968	14535
2048.038	14653
2050.106	14500
2052.177	14530
2054.244	14604
2056.313	14593
2058.379	14710
2060.444	14506
2062.511	14613
2064.577	14516
2066.641	14573
2068.705	14688
2070.77	14595
2072.832	14435
2074.896	14456
2076.958	14712
2079.02	14530
2081.081	14546
2083.141	14695
2085.2	14626
2087.261	14646
2089.319	14377
2091.377	14540
2093.435	14784
2095.492	14647
2097.552	14587
2099.607	14639
2101.663	14682
2103.718	14632
2105.771	14549
2107.826	14697
2109.879	14606
2111.932	14791
2113.985	14468
2116.037	14447
2118.088	14728
2120.141	14547
2122.191	14673
2124.239	14489
2126.288	14498
2128.337	14693
2130.387	14576
2132.434	14629
2134.481	14388
2136.528	14574
2138.574	14595
2140.618	14515
2142.665	14461
2144.71	14487
2146.753	14458
2148.797	14527
2150.838	14516
2152.883	14512
2154.923	14549
2156.965	14445
2159.007	14463
2161.046	14468
2163.086	14636
2165.126	14455
2167.163	14550
2169.202	14581
2171.239	14338
2173.277	14405
2175.314	14558
2177.349	14455
2179.385	14399
2181.42	14310
2183.453	14322
2185.49	14275
2187.522	14416
2189.555	14505
2191.586	14414
2193.619	14378
2195.651	14344
2197.682	14286
2199.711	14284
2201.74	14325
2203.769	14202
2205.799	14222
2207.828	14377
2209.855	14234
2211.882	14167
2213.908	14306
2215.934	14289
2217.961	14097
2219.986	14153
2222.01	14238
2224.034	14120
2226.057	14122
2228.08	14014
2230.104	14197
2232.124	14039
2234.145	14107
2236.166	14191
2238.186	14070
2240.207	14163
2242.227	14240
2244.244	13995
2246.262	14359
2248.28	14139
2250.299	13944
2252.314	14188
2254.33	14381
2256.346	14102
2258.36	14133
2260.375	14180
2262.391	14176
2264.403	14232
2266.416	14240
2268.427	14099
2270.44	14212
2272.453	14117
2274.463	14146
2276.474	14193
2278.483	14353
2280.493	14282
2282.501	14135
2284.51	14195
2286.518	14377
2288.524	14262
2290.532	14173
2292.537	14124
2294.544	14145
2296.55	14027
2298.554	13857
2300.557	14324
2302.562	14190
2304.566	14224
2306.568	14232
2308.569	14053
2310.572	14275
2312.573	14083
2314.573	14064
2316.574	14070
2318.573	14088
2320.571	14230
2322.571	14284
2324.569	14054
2326.567	14026
2328.564	14065
2330.56	13989
2332.556	13873
2334.551	13943
2336.546	13932
2338.542	14063
2340.535	13970
2342.529	13942
2344.521	13991
2346.512	13878
2348.505	13869
2350.497	13893
2352.487	13915
2354.478	13774
2356.468	13933
2358.457	13849
2360.446	13841
2362.434	13944
2364.422	13692
2366.408	13983
2368.395	13723
2370.383	13894
2372.369	13961
2374.353	13775
2376.338	13844
2378.321	13878
2380.307	13931
2382.29	13600
2384.272	13749
2386.254	13697
2388.235	13648
2390.218	13896
2392.198	13747
2394.179	13895
2396.157	13799
2398.137	13669
2400.115	13831
2402.095	13765
2404.072	13822
2406.048	13720
2408.026	13846
2410.001	13576
2411.977	13767
2413.953	13644
2415.927	13579
2417.9	13785
2419.875	13713
2421.847	13618
2423.821	13737
2425.792	13666
2427.763	13690
2429.736	13751
2431.706	13737
2433.677	13678
2435.646	13698
2437.615	13698
2439.583	13409
2441.551	13767
2443.519	13590
2445.486	13567
2447.452	13523
2449.418	13571
2451.383	13739
2453.348	13487
2455.314	13684
2457.278	13572
2459.241	13654
2461.205	13508
2463.167	13363
2465.131	13540
2467.091	13507
2469.052	13371
2471.012	13708
2472.972	13643
2474.932	13586
2476.891	13357
2478.85	13504
2480.808	13435
2482.766	13543
2484.722	13493
2486.68	13592
2488.636	13544
2490.591	13390
2492.546	13488
2494.5	13479
2496.456	13372
2498.41	13519
2500.362	13496
2502.315	13368
2504.266	13517
2506.218	13511
2508.169	13296
2510.121	13586
2512.07	13379
2514.019	13503
2515.968	13425
2517.918	13447
2519.866	13492
2521.813	13458
2523.76	13405
2525.707	13509
2527.653	13466
2529.599	13498
2531.543	13549
2533.489	13312
2535.433	13277
2537.376	13449
2539.32	13370
2541.264	13411
2543.205	13224
2545.147	13367
2547.087	13345
2549.029	13398
2550.969	13455
2552.908	13528
2554.847	13346
2556.786	13288
2558.724	13496
2560.663	13400
2562.6	13339
2564.537	13176
2566.473	13388
2568.408	13443
2570.345	13155
2572.28	13609
2574.214	13400
2576.148	13236
2578.081	13175
2580.014	13449
2581.947	13339
2583.879	13355
2585.81	13343
2587.741	13232
2589.67	13358
2591.602	13286
2593.532	13366
2595.461	13274
2597.388	13404
2599.316	13332
2601.244	13249
2603.172	13249
2605.098	13457
2607.023	13473
2608.949	13200
2610.873	13290
2612.8	13525
2614.723	13353
2616.647	13288
2618.569	13471
2620.493	13310
2622.416	13335
2624.338	13277
2626.258	13448
2628.179	13496
2630.099	13322
2632.019	13478
2633.939	13357
2635.857	13451
2637.775	13516
2639.694	13382
2641.61	13379
2643.528	13449
2645.444	13349
2647.361	13316
2649.276	13328
2651.19	13430
2653.105	13341
2655.019	13384
2656.934	13612
2658.846	13337
2660.758	13239
2662.67	13186
2664.583	13494
2666.493	13265
2668.404	13528
2670.313	13280
2672.223	13519
2674.134	13336
2676.042	13290
2677.95	13237
2679.858	13299
2681.765	13227
2683.673	13348
2685.579	13233
2687.483	13291
2689.389	13263
2691.294	13096
2693.198	13265
2695.104	13128
2697.006	13385
2698.909	13020
2700.811	13237
2702.713	13196
2704.615	13317
2706.516	13136
2708.417	13064
2710.316	13137
2712.216	13235
2714.115	13192
2716.014	13069
2717.913	13103
2719.81	13230
2721.707	13118
2723.603	13179
2725.501	13061
2727.396	13120
2729.292	12875
2731.186	13077
2733.081	13218
2734.976	12945
2736.87	13241
2738.762	12952
2740.653	13054
2742.546	13199
2744.437	13046
2746.329	13092
2748.22	13072
2750.11	13038
2751.999	12995
2753.889	13036
2755.778	13044
2757.666	12985
2759.553	13000
2761.44	12827
2763.328	13045
2765.215	13130
2767.101	13031
2768.986	13054
2770.87	13021
2772.754	12946
2774.638	12950
2776.523	12768
2778.405	13014
2780.288	12994
2782.17	13023
2784.051	12934
2785.934	13020
2787.814	12952
2789.694	13010
2791.574	12821
2793.453	12722
2795.332	12998
2797.212	12862
2799.088	12913
2800.966	12843
2802.843	12873
2804.719	12764
2806.597	12790
2808.471	12930
2810.346	12912
2812.221	12953
2814.094	12824
2815.969	12776
2817.843	12869
2819.714	12841
2821.587	12832
2823.459	12911
2825.329	12718
2827.202	12963
2829.072	12881
2830.942	12957
2832.811	12854
2834.68	12724
2836.549	12729
2838.418	12732
2840.284	12782
2842.152	12813
2844.018	12815
2845.885	12850
2847.751	12739
2849.616	12986
2851.482	12719
2853.345	12918
2855.208	12990
2857.074	12696
2858.937	12905
2860.799	12935
2862.66	12947
2864.522	12823
2866.385	12960
2868.245	12781
2870.104	13082
2871.964	12767
2873.824	13058
2875.683	13130
2877.542	13085
2879.4	13252
2881.257	13175
2883.114	13112
2884.97	13173
2886.827	13200
2888.683	13354
2890.537	13426
2892.392	13307
2894.246	13262
2896.1	13242
2897.954	13269
2899.807	13161
2901.66	13376
2903.51	13062
2905.362	13074
2907.214	13161
2909.065	13039
2910.915	13145
2912.765	13179
2914.613	12995
2916.463	13249
2918.311	13282
2920.158	13126
2922.006	13128
2923.853	13338
2925.698	13211
2927.546	13117
2929.392	13367
2931.236	13263
2933.081	13407
2934.924	13399
2936.77	13380
2938.613	13571
2940.455	13526
2942.298	13689
2944.139	13649
2945.982	13822
2947.823	13696
2949.662	13526
2951.503	13688
2953.342	13536
2955.182	13596
2957.021	13388
2958.858	13555
2960.697	13411
2962.534	13580
2964.37	13501
2966.207	13230
2968.044	13220
2969.879	13153
2971.714	12939
2973.548	13029
2975.383	12874
2977.218	12841
2979.051	12711
2980.883	12775
2982.715	12759
2984.547	12629
2986.379	12705
2988.21	12680
2990.04	12637
2991.87	12531
2993.7	12539
2995.53	12613
2997.359	12596
2999.187	12491
3001.015	12434
3002.842	12363
3004.669	12358
3006.497	12432
3008.323	12442
3010.148	12269
3011.974	12176
3013.797	12170
3015.623	12323
3017.447	12295
3019.27	12135
3021.094	12267
3022.915	12201
3024.737	12171
3026.56	12150
3028.38	12174
3030.201	12182
3032.022	12146
3033.84	11975
3035.662	12042
3037.481	12064
3039.298	12124
3041.117	12090
3042.933	11995
3044.752	12061
3046.568	11953
3048.385	11921
3050.2	12183
3052.016	12024
3053.83	12091
3055.646	12087
3057.46	11971
3059.272	12002
3061.086	11915
3062.898	12061
3064.711	11898
3066.524	12022
3068.335	11830
3070.145	11904
3071.956	12053
3073.766	11765
3075.576	11885
3077.385	11976
3079.193	11845
3081.002	11804
3082.81	11888
3084.618	11914
3086.425	11942
3088.231	11786
3090.036	11820
3091.842	11766
3093.648	11680
3095.452	11839
3097.257	11793
3099.06	11568
3100.863	11731
3102.666	11682
3104.47	11835
3106.272	11669
3108.073	11739
3109.875	11581
3111.676	11773
3113.477	11577
3115.277	11717
3117.077	11644
3118.874	11458
3120.673	11536
3122.473	11517
3124.271	11422
3126.066	11584
3127.863	11397
3129.66	11380
3131.456	11636
3133.252	11505
3135.047	11525
3136.842	11505
3138.635	11387
3140.429	11499
3142.223	11423
3144.016	11289
3145.808	11327
3147.6	11392
3149.392	11517
3151.183	11469
3152.975	11374
3154.765	11336
3156.553	11296
3158.344	11473
3160.132	11333
3161.922	11415
3163.71	11330
3165.497	11300
3167.285	11382
3169.071	11336
3170.858	11184
3172.645	11396
3174.429	11263
3176.214	11124
3177.998	11248
3179.783	11199
3181.568	11195
3183.351	11185
3185.133	11323
3186.915	11240
3188.698	11365
3190.481	11214
3192.261	11006
3194.042	11242
3195.822	11096
3197.601	11114
3199.381	11179
3201.161	11115
3202.939	11344
3204.717	11158
3206.495	11293
3208.272	11310
3210.05	11234
3211.826	11052
3213.602	11201
3215.376	11018
3217.151	11179
3218.927	11190
3220.702	11085
3222.476	11043
3224.249	11185
3226.021	11095
3227.793	11169
3229.567	10961
3231.339	10936
3233.109	11038
3234.88	11020
3236.651	11081
3238.421	11017
3240.191	10937
3241.96	11047
3243.728	10891
3245.497	10932
3247.263	10986
3249.033	10908
3250.799	10783
3252.566	10988
3254.331	10944
3256.097	10962
3257.863	10901
3259.628	11132
3261.392	10928
3263.156	10863
3264.919	10826
3266.683	10870
3268.447	10944
3270.208	10854
3271.969	10956
3273.731	10909
3275.492	10877
3277.253	10981
3279.013	10897
3280.773	10835
3282.532	10851
3284.291	10887
3286.05	10858
3287.808	10697
3289.566	10819
3291.323	10820
3293.079	10782
3294.835	10825
3296.593	10830
3298.348	10807
3300.102	10725
3301.857	10845
3303.611	10893
3305.366	10800
3307.119	10721
3308.872	10881
3310.624	10843
3312.376	10820
3314.129	10745
3315.881	10785
3317.631	10855
3319.38	10671
3321.13	10706
3322.88	10753
3324.631	10787
3326.379	10625
3328.126	10959
3329.875	10642
3331.622	10796
3333.371	10826
3335.116	10657
3336.863	10830
3338.609	10648
3340.353	10678
3342.1	10583
3343.845	10840
3345.588	10620
3347.332	10553
3349.074	10853
3350.817	10659
3352.56	10742
3354.303	10672
3356.043	10651
3357.785	10368
3359.525	10673
3361.268	10512
3363.007	10618
3364.745	10487
3366.485	10613
3368.223	10579
3369.962	10609
3371.701	10569
3373.438	10566
3375.174	10516
3376.911	10487
3378.647	10481
3380.384	10510
3382.118	10470
3383.854	10520
3385.588	10525
3387.322	10535
3389.057	10557
3390.79	10380
3392.522	10422
3394.255	10644
3395.987	10439
3397.719	10374
3399.451	10418
3401.181	10354
3402.911	10600
3404.641	10473
3406.371	10488
3408.101	10438
3409.83	10486
3411.558	10339
3413.285	10365
3415.011	10443
3416.739	10590
3418.467	10270
3420.193	10258
3421.919	10276
3423.644	10486
3425.368	10397
3427.094	10376
3428.818	10281
3430.542	10190
3432.264	10228
3433.987	10442
3435.712	10235
3437.434	10228
3439.155	10372
3440.876	10257
3442.596	10077
3444.317	10263
3446.039	10155
3447.757	10109
3449.477	10170
3451.195	10144
3452.914	10253
3454.632	10053
3456.35	9979
3458.067	10041
3459.784	10006
3461.5	10029
3463.216	10011
3464.932	10095
3466.647	9960
3468.362	10144
3470.076	10025
3471.789	9926
3473.505	10029
3475.217	10092
3476.929	9902
3478.641	9922
3480.354	10044
3482.066	9983
3483.777	10054
3485.487	10023
3487.197	9896
3488.908	9888
3490.617	10035
3492.327	9792
3494.035	9875
3495.743	9866
3497.451	9814
3499.158	9827
3500.866	9893
3502.572	9955
3504.278	9761
3505.984	9740
3507.689	9681
3509.396	9910
3511.1	9695
3512.804	9760
3514.508	9803
3516.211	9929
3517.913	9678
3519.616	9896
3521.319	9813
3523.021	9696
3524.722	9765
3526.422	9701
3528.124	9814
3529.824	9684
3531.524	9863
3533.222	9669
3534.921	9595
3536.62	9597
3538.318	9658
3540.016	9726
3541.714	9555
3543.41	9543
3545.107	9639
3546.803	9568
3548.5	9844
3550.194	9605
3551.889	9621
3553.583	9741
3555.279	9496
3556.972	9701
3558.666	9550
3560.358	9704
3562.051	9664
3563.742	9587
3565.435	9598
3567.126	9592
3568.817	9634
3570.507	9531
3572.197	9432
3573.888	9411
3575.577	9554
3577.265	9447
3578.954	9514
3580.642	9570
3582.329	9251
3584.017	9442
3585.704	9427
3587.391	9380
3589.077	9416
3590.762	9329
3592.449	9302
3594.133	9355
3595.817	9434
3597.501	9292
3599.185	9227
3600.869	9433
3602.552	9266
3604.234	9358
3605.916	9286
3607.598	9291
3609.279	9355
3610.961	9248
3612.642	9211
3614.321	9271
3616	9254
3617.68	9151
3619.36	9221
3621.039	9292
3622.716	9262
3624.394	9150
3626.071	9017
3627.748	9185
3629.425	9295
3631.102	9172
3632.778	9001
3634.452	9014
3636.127	9158
3637.803	9164
3639.477	9098
3641.151	9041
3642.823	9133
3644.497	9042
3646.171	9086
3647.842	9072
3649.515	8991
3651.185	9029
3652.857	9050
3654.527	9120
3656.198	8987
3657.868	8839
3659.537	8925
3661.207	8934
3662.875	9114
3664.544	8926
3666.212	9084
3667.879	8972
3669.546	8982
3671.212	8883
3672.88	8791
3674.546	9018
3676.211	8897
3677.875	8908
3679.541	8919
3681.205	9038
3682.87	8879
3684.533	8921
3686.196	8930
3687.859	8931
3689.521	8893
3691.184	8943
3692.845	8890
3694.507	8810
3696.167	8904
3697.827	8835
3699.487	8917
3701.148	8827
3702.808	8861
3704.466	8804
3706.125	8920
3707.783	8789
3709.442	8876
3711.099	8884
3712.757	8931
3714.412	8867
3716.068	8883
3717.725	8811
3719.381	8747
3721.036	8882
3722.689	8874
3724.344	8678
3725.998	8750
3727.652	8794
3729.305	8759
3730.958	8679
3732.61	8780
3734.262	8698
3735.915	8770
3737.565	8537
3739.217	8820
3740.866	8650
3742.516	8664
3744.165	8720
3745.816	8566
3747.464	8724
3749.113	8628
3750.761	8664
3752.409	8762
3754.057	8686
3755.703	8676
3757.35	8684
3758.996	8594
3760.641	8573
3762.289	8696
3763.933	8550
3765.577	8675
3767.222	8631
3768.865	8627
3770.508	8586
3772.152	8545
3773.796	8509
3775.438	8527
3777.079	8598
3778.721	8472
3780.363	8516
3782.003	8378
3783.643	8504
3785.283	8417
3786.923	8423
3788.563	8285
3790.203	8418
3791.841	8461
3793.479	8450
3795.115	8468
3796.753	8352
3798.391	8344
3800.027	8384
3801.664	8542
3803.299	8366
3804.935	8504
3806.571	8448
3808.206	8352
3809.839	8316
3811.473	8363
3813.107	8279
3814.74	8239
3816.375	8373
3818.006	8361
3819.638	8230
3821.27	8278
3822.9	8184
3824.532	8227
3826.163	8254
3827.792	8217
3829.423	8295
3831.051	8217
3832.682	8287
3834.311	8264
3835.938	8211
3837.566	8189
3839.193	8193
3840.821	8203
3842.448	8225
3844.075	8109
3845.7	8070
3847.325	8120
3848.951	8173
3850.576	8275
3852.201	8134
3853.825	8223
3855.448	8164
3857.072	8086
3858.694	8070
3860.318	8157
3861.939	8210
3863.562	8117
3865.183	8062
3866.804	8107
3868.426	8095
3870.045	8012
3871.666	8038
3873.285	7980
3874.904	7966
3876.524	8055
3878.142	7934
3879.76	8079
3881.378	7965
3882.995	8028
3884.612	7997
3886.229	8008
3887.845	7936
3889.461	7924
3891.076	7988
3892.691	7974
3894.307	7997
3895.922	7846
3897.536	7928
3899.149	8063
3900.761	7972
3902.374	7915
3903.988	7889
3905.6	7946
3907.212	7979
3908.822	7949
3910.433	7899
3912.045	7860
3913.655	7843
3915.265	7851
3916.875	7873
3918.483	8015
3920.093	7892
3921.702	7895
3923.309	7975
3924.917	7941
3926.523	7835
3928.13	7900
3929.739	7977
3931.344	7797
3932.95	7819
3934.555	7854
3936.159	7779
3937.766	7838
3939.369	7812
3940.974	7842
3942.577	7730
3944.181	7833
3945.783	7814
3947.386	7781
3948.989	7823
3950.59	7879
3952.191	7796
3953.791	7719
3955.394	7705
3956.994	7730
3958.593	7674
3960.192	7596
3961.791	7645
3963.392	7810
3964.99	7585
3966.588	7635
3968.185	7645
3969.782	7573
3971.379	7665
3972.976	7644
3974.572	7497
3976.168	7601
3977.763	7611
3979.358	7551
3980.954	7707
3982.548	7723
3984.142	7513
3985.736	7568
3987.329	7730
3988.922	7548
3990.516	7573
3992.108	7494
3993.698	7523
3995.29	7548
3996.881	7480
3998.473	7560
4000.064	7519
4001.653	7355
4003.242	7349
4004.832	7502
4006.422	7379
4008.01	7469
4009.598	7285
4011.186	7349
4012.773	7279
4014.36	7380
4015.947	7498
4017.534	7388
4019.119	7372
4020.705	7336
4022.291	7258
4023.876	7325
4025.461	7340
4027.044	7245
4028.627	7306
4030.211	7239
4031.795	7239
4033.378	7177
4034.96	7242
4036.542	7208
4038.124	7243
4039.704	7180
4041.286	7183
4042.867	7276
4044.447	7288
4046.026	7148
4047.606	7182
4049.187	7241
4050.765	7218
4052.343	7189
4053.92	7089
4055.498	7217
4057.076	7055
4058.654	7110
4060.23	7075
4061.806	7105
4063.381	7197
4064.957	7032
4066.533	7046
4068.107	7170
4069.682	7093
4071.256	7084
4072.829	7132
4074.404	7124
4075.977	7052
4077.549	7146
4079.121	7046
4080.693	7098
4082.265	7044
4083.836	7073
4085.407	6909
4086.977	7072
4088.547	6987
4090.117	7145
4091.687	6943
4093.256	7005
4094.825	7034
4096.392	6883
4097.96	6968
4099.528	6983
4101.097	7014
4102.663	6944
4104.229	7009
4105.795	6963
4107.361	6976
4108.928	6908
4110.493	6948
4112.058	6810
4113.621	6948
4115.186	6986
4116.75	6941
4118.313	6885
4119.876	6789
4121.438	6892
4123	6803
4124.562	6645
4126.125	6820
4127.686	6746
4129.246	6786
4130.807	6795
4132.367	6735
4133.927	6684
4135.486	6739
4137.046	6859
4138.604	6742
4140.162	6774
4141.72	6767
4143.279	6776
4144.836	6747
4146.393	6679
4147.949	6716
4149.505	6532
4151.062	6844
4152.617	6687
4154.172	6689
4155.727	6771
4157.281	6640
4158.836	6644
4160.39	6677
4161.943	6576
4163.496	6628
4165.048	6631
4166.601	6636
4168.154	6733
4169.706	6517
4171.257	6575
4172.808	6660
4174.358	6494
4175.909	6594
4177.458	6507
4179.008	6572
4180.558	6586
4182.106	6672
4183.655	6543
4185.204	6476
4186.751	6541
4188.298	6524
4189.845	6592
4191.392	6478
4192.939	6550
4194.485	6484
4196.031	6424
4197.576	6436
4199.121	6379
4200.666	6468
4202.211	6461
4203.754	6446
4205.298	6565
4206.84	6499
4208.384	6383
4209.927	6344
4211.47	6523
4213.011	6486
4214.552	6451
4216.094	6532
4217.635	6376
4219.175	6390
4220.716	6376
4222.255	6376
4223.793	6440
4225.335	6423
4226.873	6500
4228.411	6320
4229.948	6309
4231.486	6315
4233.024	6326
4234.562	6324
4236.098	6394
4237.634	6351
4239.169	6331
4240.705	6351
4242.241	6253
4243.776	6232
4245.31	6290
4246.844	6181
4248.378	6190
4249.911	6276
4251.445	6303
4252.978	6328
4254.51	6239
4256.042	6341
4257.574	6294
4259.107	6195
4260.638	6208
4262.169	6160
4263.699	6262
4265.228	6210
4266.759	6235
4268.289	6266
4269.818	6242
4271.345	6246
4272.874	6170
4274.402	6092
4275.931	6158
4277.458	6173
4278.985	6206
4280.512	6138
4282.037	6159
4283.564	6091
4285.089	6131
4286.615	6160
4288.139	6270
4289.664	6042
4291.187	6216
4292.712	6152
4294.235	6027
4295.759	6084
4297.281	6095
4298.804	6104
4300.327	6061
4301.849	6153
4303.37	6143
4304.891	6057
4306.412	6027
4307.933	6166
4309.453	5941
4310.973	6002
4312.492	6011
