398.1873	2740
400.7097	2622
403.2336	2731
405.7547	2660
408.2751	2687
410.7948	2731
413.3138	2758
415.83	2731
418.3497	2820
420.8666	2744
423.3829	2781
425.8985	2828
428.4133	2872
430.9275	2808
433.441	2788
435.9538	2852
438.4639	2795
440.9753	2911
443.4881	2877
445.9982	2873
448.5055	2870
451.0142	2884
453.5201	2871
456.0274	2866
458.5361	2821
461.04	2880
463.5453	2795
466.0478	2873
468.5517	2830
471.0549	2851
473.5574	2824
476.0572	2819
478.5584	2826
481.0568	2895
483.5545	2853
486.0557	2901
488.5521	2917
491.0478	2930
493.5449	2845
496.0392	2937
498.5349	2926
501.0299	2918
503.5222	2973
506.0139	2896
508.5048	2922
510.9991	2966
513.4887	2980
515.9777	2923
518.4659	3020
520.9534	2899
523.4403	2920
525.9306	2888
528.4161	2920
530.9009	2960
533.3851	2992
535.8687	2974
538.3535	2995
540.8356	2900
543.3171	2952
545.7979	3039
548.278	3011
550.7595	2947
553.2383	2959
555.7144	3062
558.1918	2975
560.6685	2973
563.1446	3018
565.6221	3006
568.0968	3071
570.5688	2921
573.0422	3016
575.515	3006
577.989	3080
580.4584	3072
582.9291	3050
585.3991	3115
587.8685	3083
590.3352	3042
592.8052	3081
595.2706	2993
597.7372	3056
600.2033	3066
602.6666	3122
605.1334	3056
607.5953	2994
610.0587	3072
612.5193	3049
614.9814	3024
617.4427	3083
619.9034	3050
622.3615	3063
624.8208	2990
627.2775	3060
629.7335	3032
632.1929	3014
634.6476	2987
637.1016	3018
639.5569	3092
642.0096	2995
644.4637	3052
646.9151	3050
649.3678	3103
651.8179	3073
654.2672	3026
656.7159	3099
659.166	3053
661.6154	3087
664.0622	3071
666.5082	3085
668.9537	3168
671.4005	3135
673.8445	3083
676.288	3117
678.7308	3132
681.1729	3085
683.6163	3147
686.0572	3134
688.4973	3147
690.9368	3111
693.3757	3095
695.8138	3117
698.2534	3117
700.6902	3157
703.1245	3166
705.56	3117
707.9949	3229
710.4311	3220
712.8647	3173
715.2957	3190
717.7279	3171
720.1595	3193
722.5905	3288
725.0208	3263
727.4505	3239
729.8795	3177
732.3058	3144
734.7336	3274
737.1626	3289
739.587	3314
742.0128	3338
744.4359	3264
746.8604	3342
749.2841	3277
751.7073	3276
754.1278	3365
756.5496	3317
758.9688	3269
761.3893	3436
763.8093	3346
766.2285	3289
768.6451	3375
771.0611	3361
773.4784	3291
775.895	3371
778.3091	3263
780.7244	3360
783.1371	3448
785.5493	3418
787.9626	3339
790.3754	3301
792.7856	3290
795.1951	3308
797.6039	3300
800.0121	3359
802.4236	3325
804.8306	3412
807.2369	3330
809.6425	3387
812.0475	3381
814.4538	3426
816.8575	3291
819.2606	3357
821.663	3461
824.0648	3379
826.4659	3405
828.8683	3380
831.2682	3330
833.6674	3493
836.066	3488
838.4639	3419
840.8632	3386
843.2579	3437
845.6539	3452
848.0493	3412
850.444	3458
852.84	3459
855.2315	3454
857.6243	3500
860.0165	3467
862.4081	3502
864.797	3434
867.1892	3357
869.5789	3421
871.9659	3383
874.3542	3466
876.74	3423
879.129	3429
881.5155	3426
883.8994	3490
886.2845	3449
888.6671	3416
891.051	3497
893.4343	3429
895.8169	3433
898.197	3496
900.5783	3454
902.9571	3484
905.3372	3543
907.7167	3470
910.0936	3484
912.4698	3597
914.8474	3607
917.2244	3503
919.5987	3576
921.9744	3536
924.3475	3641
926.72	3651
929.0918	3601
931.4669	3635
933.8375	3584
936.2074	3630
938.5767	3695
940.9454	3746
943.3154	3649
945.6829	3806
948.0497	3845
950.4178	3963
952.7833	4077
955.1483	4274
957.5145	4378
959.8782	4289
962.2412	4306
964.6036	4282
966.9655	4180
969.3266	4050
971.6871	3908
974.0471	3806
976.4064	3649
978.765	3685
981.125	3515
983.4824	3610
985.8373	3582
988.1935	3593
990.549	3661
992.9039	3564
995.2602	3592
997.6119	3584
999.965	3604
1002.317	3635
1004.667	3631
1007.02	3611
1009.371	3626
1011.719	3603
1014.068	3618
1016.415	3599
1018.765	3586
1021.111	3598
1023.458	3588
1025.804	3583
1028.147	3621
1030.49	3628
1032.837	3647
1035.179	3707
1037.522	3619
1039.862	3643
1042.204	3608
1044.546	3691
1046.884	3690
1049.224	3682
1051.562	3642
1053.899	3635
1056.237	3637
1058.575	3734
1060.91	3742
1063.244	3694
1065.58	3688
1067.913	3792
1070.248	3735
1072.579	3779
1074.911	3749
1077.242	3748
1079.572	3717
1081.905	3767
1084.234	3659
1086.562	3661
1088.89	3751
1091.217	3739
1093.544	3693
1095.871	3687
1098.197	3676
1100.521	3677
1102.845	3700
1105.169	3682
1107.491	3698
1109.814	3657
1112.135	3730
1114.456	3638
1116.776	3761
1119.096	3755
1121.415	3721
1123.734	3701
1126.052	3754
1128.369	3695
1130.686	3704
1133.002	3689
1135.318	3694
1137.632	3710
1139.945	3749
1142.258	3668
1144.573	3717
1146.884	3670
1149.196	3635
1151.505	3695
1153.816	3702
1156.124	3709
1158.435	3714
1160.742	3699
1163.051	3728
1165.356	3658
1167.663	3771
1169.97	3709
1172.276	3700
1174.579	3655
1176.881	3762
1179.186	3771
1181.487	3744
1183.79	3734
1186.092	3740
1188.392	3802
1190.691	3769
1192.991	3739
1195.291	3683
1197.588	3783
1199.885	3732
1202.181	3745
1204.479	3661
1206.775	3738
1209.07	3725
1211.363	3681
1213.656	3676
1215.949	3698
1218.241	3768
1220.534	3787
1222.825	3799
1225.115	3792
1227.405	3803
1229.693	3730
1231.984	3777
1234.271	3823
1236.558	3859
1238.845	3803
1241.131	3871
1243.416	3873
1245.703	3892
1247.987	3891
1250.269	3913
1252.552	3900
1254.834	3841
1257.118	3788
1259.399	3919
1261.678	3884
1263.958	3951
1266.237	3840
1268.516	3859
1270.794	3885
1273.072	3877
1275.347	3980
1277.624	3941
1279.899	3830
1282.175	3864
1284.449	3837
1286.722	3831
1288.995	3777
1291.266	3863
1293.54	3837
1295.81	3891
1298.081	3861
1300.35	3897
1302.62	3778
1304.889	3886
1307.156	3777
1309.425	3812
1311.69	3796
1313.957	3797
1316.222	3809
1318.488	3809
1320.751	3834
1323.016	3901
1325.278	3804
1327.54	3878
1329.803	3893
1332.065	3878
1334.325	3845
1336.584	3846
1338.843	3870
1341.101	3855
1343.36	3847
1345.617	3877
1347.876	3901
1350.131	3839
1352.387	3888
1354.643	3891
1356.897	3890
1359.151	3856
1361.403	3870
1363.656	3888
1365.909	3823
1368.16	3898
1370.409	3896
1372.659	3959
1374.909	3870
1377.157	3969
1379.407	3852
1381.655	3865
1383.9	3892
1386.147	3974
1388.393	3892
1390.64	3905
1392.885	3954
1395.127	3981
1397.37	3923
1399.614	3960
1401.854	4008
1404.098	3959
1406.339	3986
1408.578	3946
1410.818	3894
1413.056	4049
1415.297	3975
1417.533	3974
1419.771	3906
1422.006	3987
1424.243	3985
1426.479	3934
1428.715	3983
1430.948	4021
1433.182	3987
1435.414	4030
1437.647	4080
1439.88	4040
1442.11	4150
1444.342	4091
1446.571	4142
1448.799	4063
1451.029	4104
1453.258	4071
1455.485	4114
1457.711	4039
1459.937	4010
1462.164	4056
1464.39	4065
1466.614	3975
1468.838	4055
1471.06	4038
1473.283	4082
1475.506	4070
1477.727	3957
1479.949	3954
1482.169	3912
1484.389	4026
1486.609	3932
1488.828	3978
1491.045	3984
1493.261	3938
1495.477	3990
1497.693	3861
1499.91	3936
1502.125	3906
1504.339	3870
1506.553	3972
1508.766	3955
1510.979	3913
1513.191	3939
1515.402	3916
1517.613	3950
1519.823	3954
1522.033	3923
1524.242	3850
1526.451	3886
1528.657	3916
1530.865	3901
1533.072	3845
1535.278	3916
1537.484	3989
1539.687	3925
1541.892	3944
1544.096	3979
1546.299	3860
1548.502	3974
1550.703	3898
1552.905	3950
1555.104	4020
1557.303	4022
1559.505	3958
1561.703	4058
1563.902	3965
1566.099	4057
1568.295	4050
1570.494	3978
1572.689	3972
1574.883	4007
1577.079	3995
1579.272	4065
1581.467	4032
1583.659	4035
1585.853	4107
1588.044	4011
1590.234	4139
1592.424	4073
1594.615	4053
1596.806	4078
1598.994	3992
1601.182	4146
1603.369	4057
1605.557	4072
1607.744	4082
1609.929	4113
1612.114	4167
1614.298	4167
1616.482	4090
1618.667	4078
1620.85	4116
1623.032	4032
1625.214	4016
1627.395	4087
1629.575	4069
1631.755	4175
1633.935	4137
1636.114	4164
1638.292	4137
1640.471	4209
1642.647	4158
1644.823	4048
1647	4132
1649.175	4012
1651.348	4098
1653.525	4145
1655.698	4052
1657.87	4251
1660.043	4144
1662.213	4216
1664.387	4156
1666.558	4261
1668.727	4210
1670.896	4197
1673.064	4139
1675.233	4125
1677.401	4155
1679.569	4110
1681.735	4096
1683.902	4179
1686.066	4278
1688.233	4142
1690.397	4046
1692.559	4185
1694.723	4195
1696.885	4131
1699.048	4198
1701.21	4147
1703.37	4060
1705.53	4176
1707.689	4220
1709.849	4085
1712.009	4086
1714.166	4086
1716.323	4177
1718.479	4145
1720.634	4107
1722.793	4131
1724.948	4097
1727.102	4147
1729.255	4074
1731.408	4097
1733.562	4209
1735.714	4074
1737.865	4111
1740.016	4127
1742.166	4150
1744.316	4121
1746.467	4080
1748.616	4153
1750.764	4129
1752.911	4113
1755.056	4114
1757.205	4179
1759.35	4107
1761.496	4101
1763.641	3995
1765.785	4114
1767.927	4171
1770.072	4151
1772.214	4231
1774.355	4128
1776.496	4085
1778.637	4192
1780.778	4147
1782.918	4196
1785.057	4221
1787.194	4142
1789.333	4159
1791.472	4183
1793.608	4139
1795.745	4152
1797.879	4201
1800.015	4159
1802.148	4171
1804.284	4109
1806.417	4156
1808.548	4213
1810.682	4143
1812.812	4231
1814.946	4141
1817.075	4190
1819.205	4241
1821.335	4175
1823.463	4256
1825.59	4181
1827.721	4140
1829.847	4153
1831.973	4229
1834.098	4173
1836.223	4200
1838.351	4190
1840.475	4102
1842.598	4198
1844.721	4153
1846.843	4143
1848.966	4066
1851.087	4169
1853.21	4086
1855.33	4067
1857.449	4130
1859.568	4101
1861.688	4053
1863.806	4181
1865.924	4131
1868.039	4159
1870.155	4165
1872.273	4111
1874.388	4160
1876.503	4101
1878.617	4175
1880.73	4194
1882.844	4143
1884.956	4182
1887.068	4149
1889.18	4251
1891.291	4172
1893.4	4195
1895.511	4153
1897.621	4198
1899.73	4294
1901.837	4153
1903.944	4221
1906.053	4246
1908.159	4255
1910.265	4202
1912.369	4159
1914.474	4225
1916.577	4194
1918.683	4195
1920.785	4191
1922.888	4301
1924.989	4250
1927.091	4167
1929.193	4256
1931.294	4358
1933.393	4167
1935.493	4137
1937.59	4225
1939.689	4220
1941.788	4272
1943.884	4117
1945.98	4262
1948.077	4283
1950.171	4280
1952.267	4278
1954.361	4251
1956.455	4300
1958.548	4238
1960.64	4305
1962.733	4220
1964.824	4281
1966.915	4188
1969.005	4249
1971.096	4215
1973.185	4250
1975.275	4202
1977.363	4228
1979.45	4107
1981.537	4220
1983.623	4251
1985.711	4203
1987.796	4147
1989.881	4262
1991.965	4256
1994.047	4215
1996.132	4172
1998.215	4245
2000.297	4252
2002.378	4125
2004.46	4134
2006.54	4251
2008.62	4262
2010.7	4169
2012.779	4234
2014.858	4172
2016.934	4143
2019.013	4358
2021.09	4277
2023.165	4200
2025.241	4192
2027.317	4217
2029.39	4218
2031.466	4161
2033.538	4298
2035.612	4316
2037.683	4299
2039.755	4207
2041.827	4198
2043.898	4149
2045.968	4178
2048.038	4347
2050.106	4317
2052.177	4174
2054.244	4245
2056.313	4266
2058.379	4223
2060.444	4281
2062.511	4235
2064.577	4209
2066.641	4350
2068.705	4270
2070.77	4264
2072.832	4241
2074.896	4269
2076.958	4171
2079.02	4287
2081.081	4269
2083.141	4344
2085.2	4307
2087.261	4268
2089.319	4235
2091.377	4228
2093.435	4219
2095.492	4301
2097.552	4238
2099.607	4234
2101.663	4232
2103.718	4262
2105.771	4325
2107.826	4227
2109.879	4263
2111.932	4329
2113.985	4248
2116.037	4359
2118.088	4305
2120.141	4220
2122.191	4274
2124.239	4246
2126.288	4234
2128.337	4235
2130.387	4258
2132.434	4230
2134.481	4317
2136.528	4233
2138.574	4229
2140.618	4351
2142.665	4218
2144.71	4312
2146.753	4282
2148.797	4149
2150.838	4262
2152.883	4261
2154.923	4173
2156.965	4277
2159.007	4315
2161.046	4192
2163.086	4236
2165.126	4164
2167.163	4179
2169.202	4236
2171.239	4212
2173.277	4246
2175.314	4158
2177.349	4223
2179.385	4217
2181.42	4241
2183.453	4163
2185.49	4255
2187.522	4253
2189.555	4191
2191.586	4241
2193.619	4262
2195.651	4212
2197.682	4268
2199.711	4241
2201.74	4256
2203.769	4257
2205.799	4162
2207.828	4242
2209.855	4237
2211.882	4209
2213.908	4123
2215.934	4204
2217.961	4190
2219.986	4206
2222.01	4166
2224.034	4211
2226.057	4224
2228.08	4160
2230.104	4213
2232.124	4234
2234.145	4142
2236.166	4199
2238.186	4197
2240.207	4225
2242.227	4251
2244.244	4271
2246.262	4295
2248.28	4212
2250.299	4230
2252.314	4147
2254.33	4255
2256.346	4235
2258.36	4262
2260.375	4220
2262.391	4231
2264.403	4237
2266.416	4220
2268.427	4133
2270.44	4240
2272.453	4265
2274.463	4261
2276.474	4224
2278.483	4222
2280.493	4195
2282.501	4286
2284.51	4155
2286.518	4245
2288.524	4187
2290.532	4225
2292.537	4271
2294.544	4203
2296.55	4256
2298.554	4162
2300.557	4185
2302.562	4266
2304.566	4238
2306.568	4190
2308.569	4231
2310.572	4240
2312.573	4264
2314.573	4223
2316.574	4179
2318.573	4210
2320.571	4194
2322.571	4204
2324.569	4218
2326.567	4210
2328.564	4231
2330.56	4147
2332.556	4156
2334.551	4199
2336.546	4244
2338.542	4223
2340.535	4098
2342.529	4176
2344.521	4202
2346.512	4190
2348.505	4234
2350.497	4270
2352.487	4152
2354.478	4084
2356.468	4167
2358.457	4143
2360.446	4226
2362.434	4173
2364.422	4146
2366.408	4211
2368.395	4170
2370.383	4159
2372.369	4128
2374.353	4127
2376.338	4219
2378.321	4197
2380.307	4206
2382.29	4166
2384.272	4149
2386.254	4145
2388.235	4150
2390.218	4168
2392.198	4247
2394.179	4089
2396.157	4116
2398.137	4221
2400.115	4241
2402.095	4073
2404.072	4156
2406.048	4226
2408.026	4048
2410.001	4162
2411.977	4153
2413.953	4149
2415.927	4175
2417.9	4155
2419.875	4134
2421.847	4144
2423.821	4114
2425.792	4127
2427.763	4234
2429.736	4173
2431.706	4098
2433.677	4094
2435.646	4172
2437.615	4188
2439.583	4247
2441.551	4183
2443.519	4199
2445.486	4201
2447.452	4097
2449.418	4200
2451.383	4095
2453.348	4282
2455.314	4110
2457.278	4071
2459.241	4245
2461.205	4122
2463.167	4081
2465.131	4029
2467.091	4168
2469.052	4183
2471.012	4129
2472.972	4103
2474.932	4146
2476.891	4184
2478.85	4157
2480.808	4093
2482.766	4221
2484.722	4100
2486.68	4153
2488.636	4037
2490.591	4129
2492.546	4205
2494.5	4086
2496.456	4101
2498.41	4145
2500.362	4130
2502.315	4206
2504.266	4065
2506.218	4163
2508.169	4130
2510.121	4140
2512.07	4093
2514.019	4102
2515.968	4043
2517.918	4118
2519.866	4149
2521.813	4075
2523.76	4090
2525.707	4101
2527.653	4247
2529.599	4106
2531.543	4146
2533.489	4102
2535.433	4122
2537.376	4185
2539.32	4126
2541.264	4061
2543.205	4146
2545.147	4055
2547.087	4141
2549.029	4035
2550.969	4149
2552.908	4227
2554.847	4174
2556.786	4117
2558.724	4124
2560.663	4166
2562.6	4113
2564.537	4134
2566.473	4087
2568.408	4150
2570.345	4091
2572.28	4162
2574.214	4051
2576.148	4202
2578.081	4087
2580.014	4181
2581.947	4066
2583.879	4180
2585.81	4238
2587.741	4176
2589.67	4097
2591.602	4142
2593.532	4125
2595.461	4107
2597.388	4162
2599.316	4208
2601.244	4127
2603.172	4107
2605.098	4223
2607.023	4140
2608.949	4162
2610.873	4235
2612.8	4204
2614.723	4036
2616.647	4185
2618.569	4194
2620.493	4132
2622.416	4078
2624.338	4173
2626.258	4183
2628.179	4200
2630.099	4159
2632.019	4183
2633.939	4182
2635.857	4221
2637.775	4178
2639.694	4182
2641.61	4163
2643.528	4242
2645.444	4167
2647.361	4221
2649.276	4253
2651.19	4141
2653.105	4196
2655.019	4279
2656.934	4160
2658.846	4143
2660.758	4204
2662.67	4226
2664.583	4256
2666.493	4227
2668.404	4227
2670.313	4180
2672.223	4074
2674.134	4160
2676.042	4156
2677.95	4239
2679.858	4167
2681.765	4170
2683.673	4126
2685.579	4134
2687.483	4211
2689.389	4086
2691.294	4136
2693.198	4174
2695.104	4073
2697.006	4132
2698.909	4173
2700.811	4150
2702.713	4116
2704.615	4217
2706.516	4191
2708.417	4188
2710.316	4189
2712.216	4142
2714.115	4192
2716.014	4192
2717.913	4168
2719.81	4187
2721.707	3988
2723.603	4148
2725.501	4185
2727.396	4101
2729.292	4066
2731.186	4187
2733.081	4183
2734.976	4122
2736.87	4249
2738.762	4081
2740.653	4153
2742.546	4143
2744.437	4153
2746.329	4141
2748.22	4207
2750.11	4182
2751.999	4124
2753.889	4165
2755.778	4077
2757.666	4175
2759.553	4118
2761.44	4121
2763.328	4162
2765.215	4150
2767.101	4122
2768.986	4206
2770.87	4157
2772.754	4087
2774.638	4180
2776.523	4142
2778.405	4164
2780.288	4212
2782.17	4141
2784.051	4179
2785.934	4084
2787.814	4084
2789.694	4153
2791.574	4153
2793.453	4120
2795.332	4165
2797.212	4161
2799.088	4150
2800.966	4236
2802.843	4216
2804.719	4073
2806.597	4169
2808.471	4149
2810.346	4070
2812.221	4180
2814.094	4140
2815.969	4097
2817.843	4055
2819.714	4217
2821.587	4166
2823.459	4186
2825.329	4078
2827.202	4205
2829.072	4145
2830.942	4148
2832.811	4162
2834.68	4152
2836.549	4165
2838.418	4140
2840.284	4140
2842.152	4245
2844.018	4228
2845.885	4207
2847.751	4216
2849.616	4222
2851.482	4235
2853.345	4199
2855.208	4175
2857.074	4229
2858.937	4218
2860.799	4269
2862.66	4276
2864.522	4320
2866.385	4303
2868.245	4295
2870.104	4345
2871.964	4255
2873.824	4430
2875.683	4408
2877.542	4403
2879.4	4447
2881.257	4526
2883.114	4441
2884.97	4511
2886.827	4480
2888.683	4516
2890.537	4511
2892.392	4487
2894.246	4563
2896.1	4463
2897.954	4532
2899.807	4485
2901.66	4426
2903.51	4429
2905.362	4463
2907.214	4547
2909.065	4379
2910.915	4557
2912.765	4453
2914.613	4462
2916.463	4519
2918.311	4592
2920.158	4640
2922.006	4661
2923.853	4641
2925.698	4660
2927.546	4661
2929.392	4739
2931.236	4685
2933.081	4669
2934.924	4752
2936.77	4813
2938.613	4905
2940.455	4789
2942.298	4741
2944.139	4868
2945.982	4892
2947.823	4933
2949.662	4953
2951.503	4901
2953.342	4796
2955.182	4798
2957.021	4735
2958.858	4800
2960.697	4729
2962.534	4695
2964.37	4714
2966.207	4747
2968.044	4629
2969.879	4694
2971.714	4633
2973.548	4620
2975.383	4509
2977.218	4518
2979.051	4510
2980.883	4536
2982.715	4478
2984.547	4421
2986.379	4421
2988.21	4447
2990.04	4524
2991.87	4405
2993.7	4468
2995.53	4406
2997.359	4365
2999.187	4338
3001.015	4344
3002.842	4316
3004.669	4255
3006.497	4344
3008.323	4251
3010.148	4166
3011.974	4127
3013.797	4222
3015.623	4203
3017.447	4200
3019.27	4166
3021.094	4209
3022.915	4067
3024.737	4065
3026.56	4090
3028.38	4120
3030.201	4208
3032.022	4119
3033.84	4111
3035.662	4092
3037.481	4203
3039.298	4114
3041.117	4117
3042.933	4097
3044.752	4030
3046.568	4109
3048.385	3995
3050.2	4030
3052.016	4028
3053.83	4059
3055.646	4084
3057.46	4065
3059.272	4046
3061.086	4103
3062.898	4105
3064.711	4030
3066.524	4034
3068.335	4070
3070.145	4018
3071.956	3974
3073.766	4066
3075.576	4006
3077.385	4003
3079.193	4086
3081.002	3993
3082.81	3927
3084.618	4028
3086.425	4000
3088.231	4088
3090.036	3974
3091.842	3936
3093.648	4016
3095.452	3976
3097.257	4069
3099.06	4055
3100.863	3991
3102.666	3958
3104.47	3987
3106.272	3980
3108.073	4054
3109.875	3979
3111.676	4026
3113.477	3903
3115.277	4020
3117.077	3890
3118.874	3977
3120.673	3931
3122.473	4003
3124.271	3978
3126.066	4001
3127.863	3966
3129.66	4042
3131.456	3902
3133.252	3939
3135.047	3924
3136.842	3939
3138.635	3940
3140.429	3984
3142.223	3984
3144.016	3876
3145.808	3915
3147.6	3978
3149.392	3975
3151.183	3996
3152.975	3955
3154.765	3908
3156.553	3951
3158.344	3966
3160.132	3908
3161.922	3878
3163.71	3843
3165.497	3938
3167.285	3937
3169.071	3936
3170.858	3892
3172.645	3908
3174.429	3933
3176.214	3863
3177.998	3899
3179.783	3947
3181.568	3937
3183.351	3907
3185.133	3851
3186.915	3899
3188.698	3967
3190.481	3938
3192.261	3940
3194.042	3936
3195.822	3864
3197.601	3947
3199.381	3899
3201.161	3961
3202.939	3912
3204.717	3836
3206.495	3887
3208.272	3906
3210.05	3849
3211.826	3805
3213.602	3899
3215.376	3886
3217.151	3906
3218.927	3863
3220.702	3954
3222.476	3873
3224.249	3847
3226.021	3869
3227.793	3902
3229.567	3884
3231.339	3954
3233.109	3911
3234.88	3952
3236.651	3895
3238.421	3885
3240.191	3886
3241.96	3862
3243.728	3889
3245.497	3872
3247.263	3905
3249.033	3852
3250.799	3885
3252.566	3999
3254.331	3929
3256.097	3919
3257.863	3906
3259.628	3978
3261.392	3963
3263.156	3833
3264.919	3897
3266.683	3957
3268.447	3882
3270.208	3931
3271.969	3924
3273.731	3949
3275.492	3899
3277.253	3874
3279.013	3834
3280.773	3924
3282.532	3881
3284.291	3946
3286.05	3953
3287.808	3900
3289.566	3956
3291.323	4012
3293.079	3836
3294.835	3941
3296.593	4015
3298.348	3870
3300.102	3915
3301.857	3913
3303.611	3960
3305.366	3867
3307.119	3895
3308.872	3903
3310.624	3995
3312.376	3965
3314.129	3937
3315.881	3898
3317.631	3914
3319.38	3969
3321.13	3947
3322.88	3895
3324.631	3953
3326.379	3904
3328.126	3980
3329.875	3941
3331.622	3991
3333.371	3903
3335.116	3914
3336.863	3991
3338.609	3943
3340.353	3873
3342.1	3956
3343.845	3956
3345.588	3992
3347.332	3849
3349.074	3879
3350.817	3945
3352.56	3883
3354.303	3950
3356.043	3886
3357.785	3970
3359.525	3901
3361.268	3893
3363.007	3886
3364.745	3919
3366.485	3936
3368.223	3913
3369.962	3933
3371.701	3834
3373.438	3872
3375.174	3934
3376.911	3855
3378.647	3917
3380.384	3969
3382.118	3858
3383.854	3922
3385.588	3895
3387.322	3931
3389.057	3813
3390.79	3871
3392.522	3805
3394.255	3844
3395.987	3895
3397.719	3809
3399.451	3891
3401.181	3875
3402.911	3858
3404.641	3868
3406.371	3915
3408.101	3791
3409.83	3877
3411.558	3858
3413.285	3841
3415.011	3986
3416.739	3943
3418.467	3803
3420.193	3954
3421.919	3860
3423.644	3822
3425.368	3879
3427.094	3892
3428.818	3820
3430.542	3918
3432.264	3827
3433.987	3798
3435.712	3910
3437.434	3788
3439.155	3912
3440.876	3861
3442.596	3818
3444.317	3853
3446.039	3843
3447.757	3850
3449.477	3848
3451.195	3861
3452.914	3856
3454.632	3712
3456.35	3875
3458.067	3800
3459.784	3766
3461.5	3861
3463.216	3826
3464.932	3817
3466.647	3848
3468.362	3806
3470.076	3815
3471.789	3818
3473.505	3904
3475.217	3913
3476.929	3781
3478.641	3809
3480.354	3713
3482.066	3703
3483.777	3688
3485.487	3796
3487.197	3730
3488.908	3710
3490.617	3699
3492.327	3764
3494.035	3745
3495.743	3799
3497.451	3846
3499.158	3691
3500.866	3751
3502.572	3721
3504.278	3781
3505.984	3783
3507.689	3772
3509.396	3730
3511.1	3817
3512.804	3785
3514.508	3690
3516.211	3854
3517.913	3768
3519.616	3727
3521.319	3708
3523.021	3746
3524.722	3622
3526.422	3771
3528.124	3677
3529.824	3730
3531.524	3717
3533.222	3728
3534.921	3841
3536.62	3788
3538.318	3742
3540.016	3688
3541.714	3694
3543.41	3798
3545.107	3754
3546.803	3661
3548.5	3679
3550.194	3809
3551.889	3757
3553.583	3774
3555.279	3673
3556.972	3635
3558.666	3624
3560.358	3746
3562.051	3666
3563.742	3691
3565.435	3677
3567.126	3772
3568.817	3713
3570.507	3748
3572.197	3714
3573.888	3686
3575.577	3669
3577.265	3683
3578.954	3705
3580.642	3668
3582.329	3704
3584.017	3684
3585.704	3716
3587.391	3675
3589.077	3727
3590.762	3660
3592.449	3658
3594.133	3644
3595.817	3710
3597.501	3659
3599.185	3660
3600.869	3729
3602.552	3639
3604.234	3652
3605.916	3659
3607.598	3662
3609.279	3674
3610.961	3657
3612.642	3648
3614.321	3670
3616	3670
3617.68	3553
3619.36	3583
3621.039	3628
3622.716	3650
3624.394	3686
3626.071	3560
3627.748	3630
3629.425	3648
3631.102	3701
3632.778	3597
3634.452	3589
3636.127	3629
3637.803	3550
3639.477	3567
3641.151	3618
3642.823	3642
3644.497	3666
3646.171	3613
3647.842	3561
3649.515	3641
3651.185	3574
3652.857	3562
3654.527	3668
3656.198	3615
3657.868	3596
3659.537	3567
3661.207	3665
3662.875	3618
3664.544	3550
3666.212	3576
3667.879	3549
3669.546	3487
3671.212	3628
3672.88	3483
3674.546	3646
3676.211	3518
3677.875	3601
3679.541	3619
3681.205	3661
3682.87	3634
3684.533	3569
3686.196	3503
3687.859	3602
3689.521	3570
3691.184	3564
3692.845	3624
3694.507	3510
3696.167	3613
3697.827	3611
3699.487	3566
3701.148	3678
3702.808	3567
3704.466	3585
3706.125	3626
3707.783	3510
3709.442	3492
3711.099	3547
3712.757	3585
3714.412	3569
3716.068	3570
3717.725	3540
3719.381	3591
3721.036	3638
3722.689	3591
3724.344	3636
3725.998	3632
3727.652	3565
3729.305	3537
3730.958	3614
3732.61	3537
3734.262	3575
3735.915	3579
3737.565	3553
3739.217	3564
3740.866	3536
3742.516	3564
3744.165	3515
3745.816	3640
3747.464	3526
3749.113	3556
3750.761	3592
3752.409	3558
3754.057	3569
3755.703	3654
3757.35	3566
3758.996	3636
3760.641	3579
3762.289	3591
3763.933	3578
3765.577	3557
3767.222	3518
3768.865	3501
3770.508	3483
3772.152	3608
3773.796	3583
3775.438	3571
3777.079	3534
3778.721	3524
3780.363	3579
3782.003	3556
3783.643	3541
3785.283	3560
3786.923	3510
3788.563	3501
3790.203	3523
3791.841	3566
3793.479	3464
3795.115	3443
3796.753	3448
3798.391	3591
3800.027	3531
3801.664	3574
3803.299	3534
3804.935	3495
3806.571	3522
3808.206	3575
3809.839	3471
3811.473	3586
3813.107	3535
3814.74	3515
3816.375	3566
3818.006	3499
3819.638	3479
3821.27	3492
3822.9	3573
3824.532	3576
3826.163	3561
3827.792	3530
3829.423	3562
3831.051	3513
3832.682	3564
3834.311	3495
3835.938	3491
3837.566	3504
3839.193	3469
3840.821	3525
3842.448	3403
3844.075	3540
3845.7	3522
3847.325	3508
3848.951	3480
3850.576	3511
3852.201	3470
3853.825	3553
3855.448	3531
3857.072	3498
3858.694	3524
3860.318	3462
3861.939	3508
3863.562	3498
3865.183	3520
3866.804	3468
3868.426	3473
3870.045	3494
3871.666	3446
3873.285	3496
3874.904	3453
3876.524	3573
3878.142	3488
3879.76	3506
3881.378	3541
3882.995	3472
3884.612	3533
3886.229	3535
3887.845	3473
3889.461	3431
3891.076	3521
3892.691	3502
3894.307	3545
3895.922	3437
3897.536	3539
3899.149	3563
3900.761	3454
3902.374	3546
3903.988	3521
3905.6	3561
3907.212	3479
3908.822	3475
3910.433	3512
3912.045	3537
3913.655	3499
3915.265	3520
3916.875	3510
3918.483	3534
3920.093	3484
3921.702	3475
3923.309	3525
3924.917	3470
3926.523	3486
3928.13	3527
3929.739	3528
3931.344	3449
3932.95	3430
3934.555	3528
3936.159	3462
3937.766	3547
3939.369	3533
3940.974	3497
3942.577	3510
3944.181	3552
3945.783	3461
3947.386	3537
3948.989	3450
3950.59	3489
3952.191	3549
3953.791	3509
3955.394	3495
3956.994	3606
3958.593	3541
3960.192	3493
3961.791	3517
3963.392	3555
3964.99	3416
3966.588	3499
3968.185	3486
3969.782	3495
3971.379	3516
3972.976	3510
3974.572	3493
3976.168	3554
3977.763	3494
3979.358	3494
3980.954	3475
3982.548	3486
3984.142	3499
3985.736	3521
3987.329	3467
3988.922	3466
3990.516	3408
3992.108	3467
3993.698	3431
3995.29	3461
3996.881	3427
3998.473	3459
4000.064	3433
4001.653	3468
4003.242	3467
4004.832	3471
4006.422	3449
4008.01	3499
4009.598	3447
4011.186	3396
4012.773	3493
4014.36	3420
4015.947	3401
4017.534	3506
4019.119	3459
4020.705	3389
4022.291	3476
4023.876	3471
4025.461	3380
4027.044	3458
4028.627	3386
4030.211	3505
4031.795	3461
4033.378	3462
4034.96	3459
4036.542	3403
4038.124	3425
4039.704	3428
4041.286	3408
4042.867	3366
4044.447	3412
4046.026	3388
4047.606	3401
4049.187	3415
4050.765	3344
4052.343	3393
4053.92	3467
4055.498	3457
4057.076	3403
4058.654	3411
4060.23	3405
4061.806	3356
4063.381	3323
4064.957	3405
4066.533	3422
4068.107	3415
4069.682	3387
4071.256	3430
4072.829	3457
4074.404	3451
4075.977	3389
4077.549	3363
4079.121	3427
4080.693	3372
4082.265	3357
4083.836	3399
4085.407	3399
4086.977	3438
4088.547	3466
4090.117	3456
4091.687	3321
4093.256	3505
4094.825	3330
4096.392	3402
4097.96	3366
4099.528	3401
4101.097	3361
4102.663	3421
4104.229	3358
4105.795	3350
4107.361	3358
4108.928	3429
4110.493	3385
4112.058	3369
4113.621	3430
4115.186	3352
4116.75	3475
4118.313	3429
4119.876	3410
4121.438	3429
4123	3350
4124.562	3452
4126.125	3415
4127.686	3323
4129.246	3356
4130.807	3277
4132.367	3364
4133.927	3321
4135.486	3405
4137.046	3396
4138.604	3372
4140.162	3380
4141.72	3463
4143.279	3388
4144.836	3358
4146.393	3340
4147.949	3339
4149.505	3365
4151.062	3330
4152.617	3346
4154.172	3319
4155.727	3402
4157.281	3358
4158.836	3375
4160.39	3382
4161.943	3445
4163.496	3312
4165.048	3360
4166.601	3386
4168.154	3279
4169.706	3338
4171.257	3378
4172.808	3298
4174.358	3418
4175.909	3265
4177.458	3370
4179.008	3330
4180.558	3323
4182.106	3415
4183.655	3284
4185.204	3372
4186.751	3399
4188.298	3296
4189.845	3294
4191.392	3363
4192.939	3403
4194.485	3347
4196.031	3317
4197.576	3312
4199.121	3320
4200.666	3384
4202.211	3286
4203.754	3305
4205.298	3363
4206.84	3339
4208.384	3331
4209.927	3384
4211.47	3310
4213.011	3273
4214.552	3378
4216.094	3288
4217.635	3369
4219.175	3357
4220.716	3315
4222.255	3373
4223.793	3263
4225.335	3340
4226.873	3346
4228.411	3340
4229.948	3323
4231.486	3443
4233.024	3319
4234.562	3309
4236.098	3385
4237.634	3318
4239.169	3370
4240.705	3385
4242.241	3363
4243.776	3342
4245.31	3475
4246.844	3254
4248.378	3347
4249.911	3379
4251.445	3362
4252.978	3392
4254.51	3362
4256.042	3328
4257.574	3336
4259.107	3397
4260.638	3394
4262.169	3359
4263.699	3320
4265.228	3441
4266.759	3358
4268.289	3391
4269.818	3285
4271.345	3317
4272.874	3350
4274.402	3392
4275.931	3389
4277.458	3389
4278.985	3342
4280.512	3275
4282.037	3350
4283.564	3314
4285.089	3317
4286.615	3375
4288.139	3393
4289.664	3307
4291.187	3319
4292.712	3303
4294.235	3244
4295.759	3370
4297.281	3343
4298.804	3393
4300.327	3334
4301.849	3359
4303.37	3328
4304.891	3343
4306.412	3294
4307.933	3354
4309.453	3406
4310.973	3302
4312.492	3380
