398.1873	8055
400.7097	7903
403.2336	7799
405.7547	7988
408.2751	8030
410.7948	8129
413.3138	8113
415.83	8154
418.3497	8090
420.8666	8246
423.3829	8382
425.8985	8320
428.4133	8215
430.9275	8225
433.441	8366
435.9538	8460
438.4639	8438
440.9753	8557
443.4881	8583
445.9982	8344
448.5055	8569
451.0142	8522
453.5201	8463
456.0274	8632
458.5361	8635
461.04	8508
463.5453	8581
466.0478	8599
468.5517	8659
471.0549	8572
473.5574	8656
476.0572	8678
478.5584	8722
481.0568	8638
483.5545	8735
486.0557	8780
488.5521	8816
491.0478	8919
493.5449	8822
496.0392	8832
498.5349	8974
501.0299	8829
503.5222	8827
506.0139	8853
508.5048	9022
510.9991	9018
513.4887	8955
515.9777	9073
518.4659	9130
520.9534	8910
523.4403	8999
525.9306	9056
528.4161	8962
530.9009	9078
533.3851	9138
535.8687	9021
538.3535	8946
540.8356	8941
543.3171	8988
545.7979	9023
548.278	9062
550.7595	9009
553.2383	9058
555.7144	8992
558.1918	9005
560.6685	9078
563.1446	8988
565.6221	9201
568.0968	9249
570.5688	9332
573.0422	9187
575.515	9214
577.989	9319
580.4584	9262
582.9291	9325
585.3991	9278
587.8685	9252
590.3352	9338
592.8052	9313
595.2706	9409
597.7372	9196
600.2033	9314
602.6666	9409
605.1334	9375
607.5953	9374
610.0587	9334
612.5193	9362
614.9814	9334
617.4427	9248
619.9034	9408
622.3615	9395
624.8208	9363
627.2775	9351
629.7335	9342
632.1929	9449
634.6476	9492
637.1016	9459
639.5569	9478
642.0096	9265
644.4637	9478
646.9151	9508
649.3678	9360
651.8179	9446
654.2672	9725
656.7159	9722
659.166	9571
661.6154	9527
664.0622	9639
666.5082	9634
668.9537	9675
671.4005	9646
673.8445	9750
676.288	9786
678.7308	9728
681.1729	9626
683.6163	9566
686.0572	9712
688.4973	9823
690.9368	9793
693.3757	9753
695.8138	9664
698.2534	9900
700.6902	9846
703.1245	9769
705.56	9885
707.9949	9840
710.4311	9750
712.8647	9874
715.2957	9940
717.7279	9898
720.1595	9850
722.5905	10086
725.0208	10020
727.4505	10127
729.8795	10048
732.3058	10078
734.7336	10031
737.1626	10261
739.587	10148
742.0128	10346
744.4359	10098
746.8604	10255
749.2841	10418
751.7073	10274
754.1278	10391
756.5496	10371
758.9688	10210
761.3893	10383
763.8093	10289
766.2285	10356
768.6451	10417
771.0611	10639
773.4784	10347
775.895	10416
778.3091	10422
780.7244	10581
783.1371	10468
785.5493	10411
787.9626	10399
790.3754	10439
792.7856	10379
795.1951	10558
797.6039	10568
800.0121	10407
802.4236	10526
804.8306	10513
807.2369	10423
809.6425	10606
812.0475	10706
814.4538	10310
816.8575	10350
819.2606	10647
821.663	10456
824.0648	10691
826.4659	10551
828.8683	10547
831.2682	10633
833.6674	10728
836.066	10521
838.4639	10682
840.8632	10737
843.2579	10720
845.6539	10852
848.0493	10592
850.444	10637
852.84	10756
855.2315	10587
857.6243	10623
860.0165	10659
862.4081	10722
864.797	10621
867.1892	10842
869.5789	10756
871.9659	10743
874.3542	10712
876.74	10665
879.129	10622
881.5155	10686
883.8994	10729
886.2845	10803
888.6671	10641
891.051	10534
893.4343	10723
895.8169	10772
898.197	10662
900.5783	10635
902.9571	10679
905.3372	10915
907.7167	10853
910.0936	10797
912.4698	10939
914.8474	10950
917.2244	10934
919.5987	11037
921.9744	10995
924.3475	11126
926.72	11131
929.0918	11051
931.4669	10937
933.8375	11006
936.2074	11121
938.5767	11155
940.9454	11140
943.3154	11214
945.6829	11245
948.0497	11396
950.4178	11464
952.7833	11495
955.1483	11690
957.5145	11756
959.8782	11949
962.2412	11887
964.6036	11818
966.9655	11752
969.3266	11510
971.6871	11316
974.0471	11225
976.4064	11262
978.765	11210
981.125	11010
983.4824	11114
985.8373	11209
988.1935	11052
990.549	10987
992.9039	11039
995.2602	11048
997.6119	10989
999.965	11087
1002.317	11223
1004.667	11131
1007.02	11095
1009.371	11179
1011.719	11076
1014.068	10981
1016.415	11228
1018.765	11247
1021.111	11066
1023.458	11174
1025.804	11140
1028.147	11145
1030.49	11274
1032.837	11265
1035.179	11120
1037.522	11198
1039.862	11120
1042.204	11263
1044.546	11122
1046.884	11225
1049.224	11214
1051.562	11073
1053.899	11293
1056.237	11272
1058.575	11233
1060.91	11221
1063.244	11376
1065.58	11307
1067.913	11282
1070.248	11232
1072.579	11242
1074.911	11395
1077.242	11390
1079.572	11208
1081.905	11378
1084.234	11325
1086.562	11280
1088.89	11364
1091.217	11202
1093.544	11356
1095.871	11212
1098.197	11242
1100.521	11378
1102.845	11195
1105.169	11369
1107.491	11272
1109.814	11340
1112.135	11370
1114.456	11390
1116.776	11450
1119.096	11561
1121.415	11518
1123.734	11532
1126.052	11564
1128.369	11505
1130.686	11532
1133.002	11507
1135.318	11470
1137.632	11338
1139.945	11595
1142.258	11420
1144.573	11445
1146.884	11449
1149.196	11553
1151.505	11549
1153.816	11505
1156.124	11468
1158.435	11600
1160.742	11457
1163.051	11530
1165.356	11636
1167.663	11569
1169.97	11445
1172.276	11531
1174.579	11422
1176.881	11409
1179.186	11513
1181.487	11689
1183.79	11458
1186.092	11374
1188.392	11544
1190.691	11543
1192.991	11491
1195.291	11580
1197.588	11568
1199.885	11445
1202.181	11419
1204.479	11683
1206.775	11471
1209.07	11450
1211.363	11630
1213.656	11340
1215.949	11556
1218.241	11602
1220.534	11473
1222.825	11647
1225.115	11522
1227.405	11465
1229.693	11671
1231.984	11693
1234.271	11702
1236.558	11686
1238.845	11706
1241.131	11739
1243.416	11828
1245.703	11761
1247.987	11900
1250.269	11708
1252.552	11702
1254.834	11634
1257.118	11889
1259.399	11729
1261.678	11836
1263.958	11629
1266.237	11993
1268.516	11875
1270.794	11806
1273.072	11810
1275.347	11837
1277.624	11933
1279.899	11846
1282.175	11713
1284.449	11754
1286.722	11681
1288.995	11680
1291.266	11745
1293.54	11557
1295.81	11730
1298.081	11690
1300.35	11838
1302.62	11705
1304.889	11827
1307.156	11616
1309.425	11740
1311.69	11734
1313.957	11680
1316.222	11696
1318.488	11773
1320.751	11824
1323.016	11797
1325.278	11620
1327.54	11838
1329.803	11920
1332.065	11916
1334.325	11709
1336.584	11816
1338.843	11915
1341.101	11675
1343.36	11874
1345.617	11924
1347.876	11754
1350.131	11776
1352.387	11852
1354.643	11832
1356.897	11787
1359.151	11880
1361.403	11711
1363.656	11780
1365.909	11937
1368.16	11852
1370.409	11933
1372.659	11915
1374.909	11953
1377.157	11847
1379.407	11812
1381.655	11969
1383.9	12077
1386.147	11800
1388.393	12008
1390.64	11951
1392.885	12072
1395.127	11949
1397.37	12207
1399.614	12081
1401.854	12127
1404.098	12173
1406.339	11996
1408.578	12159
1410.818	12222
1413.056	12061
1415.297	12180
1417.533	12116
1419.771	12024
1422.006	11871
1424.243	12028
1426.479	12161
1428.715	12148
1430.948	12250
1433.182	12187
1435.414	12243
1437.647	12227
1439.88	12241
1442.11	12142
1444.342	12195
1446.571	12247
1448.799	12265
1451.029	12173
1453.258	12284
1455.485	12212
1457.711	12227
1459.937	12154
1462.164	12211
1464.39	12236
1466.614	12184
1468.838	12246
1471.06	12216
1473.283	12141
1475.506	12128
1477.727	11936
1479.949	12157
1482.169	11907
1484.389	11996
1486.609	11970
1488.828	11948
1491.045	12011
1493.261	12039
1495.477	12093
1497.693	11916
1499.91	11833
1502.125	11887
1504.339	11981
1506.553	11882
1508.766	11923
1510.979	11892
1513.191	12069
1515.402	11882
1517.613	11833
1519.823	11850
1522.033	11882
1524.242	11972
1526.451	11901
1528.657	11971
1530.865	11951
1533.072	11882
1535.278	11871
1537.484	12090
1539.687	11973
1541.892	11878
1544.096	12119
1546.299	11986
1548.502	12216
1550.703	11867
1552.905	12075
1555.104	12109
1557.303	12134
1559.505	12246
1561.703	12152
1563.902	12175
1566.099	12112
1568.295	12378
1570.494	12108
1572.689	12308
1574.883	12194
1577.079	12165
1579.272	12046
1581.467	12218
1583.659	12194
1585.853	12332
1588.044	12370
1590.234	12141
1592.424	12377
1594.615	12348
1596.806	12398
1598.994	12304
1601.182	12528
1603.369	12231
1605.557	12311
1607.744	12325
1609.929	12341
1612.114	12331
1614.298	12302
1616.482	12304
1618.667	12307
1620.85	12451
1623.032	12471
1625.214	12435
1627.395	12229
1629.575	12343
1631.755	12370
1633.935	12230
1636.114	12411
1638.292	12372
1640.471	12367
1642.647	12333
1644.823	12430
1647	12313
1649.175	12430
1651.348	12428
1653.525	12399
1655.698	12364
1657.87	12393
1660.043	12295
1662.213	12484
1664.387	12299
1666.558	12401
1668.727	12517
1670.896	12453
1673.064	12492
1675.233	12389
1677.401	12464
1679.569	12350
1681.735	12534
1683.902	12510
1686.066	12384
1688.233	12344
1690.397	12437
1692.559	12374
1694.723	12270
1696.885	12452
1699.048	12351
1701.21	12543
1703.37	12345
1705.53	12421
1707.689	12331
1709.849	12193
1712.009	12350
1714.166	12457
1716.323	12322
1718.479	12288
1720.634	12572
1722.793	12414
1724.948	12395
1727.102	12282
1729.255	12291
1731.408	12459
1733.562	12519
1735.714	12504
1737.865	12439
1740.016	12328
1742.166	12606
1744.316	12447
1746.467	12188
1748.616	12271
1750.764	12379
1752.911	12358
1755.056	12411
1757.205	12294
1759.35	12249
1761.496	12429
1763.641	12324
1765.785	12445
1767.927	12521
1770.072	12431
1772.214	12472
1774.355	12519
1776.496	12505
1778.637	12495
1780.778	12581
1782.918	12604
1785.057	12428
1787.194	12476
1789.333	12676
1791.472	12531
1793.608	12365
1795.745	12551
1797.879	12467
1800.015	12515
1802.148	12514
1804.284	12623
1806.417	12409
1808.548	12519
1810.682	12520
1812.812	12553
1814.946	12664
1817.075	12533
1819.205	12331
1821.335	12366
1823.463	12535
1825.59	12439
1827.721	12429
1829.847	12427
1831.973	12508
1834.098	12588
1836.223	12250
1838.351	12448
1840.475	12384
1842.598	12462
1844.721	12692
1846.843	12423
1848.966	12253
1851.087	12407
1853.21	12490
1855.33	12485
1857.449	12427
1859.568	12521
1861.688	12477
1863.806	12422
1865.924	12392
1868.039	12424
1870.155	12439
1872.273	12372
1874.388	12310
1876.503	12283
1878.617	12522
1880.73	12447
1882.844	12527
1884.956	12361
1887.068	12455
1889.18	12357
1891.291	12506
1893.4	12506
1895.511	12447
1897.621	12384
1899.73	12474
1901.837	12454
1903.944	12457
1906.053	12471
1908.159	12602
1910.265	12595
1912.369	12563
1914.474	12748
1916.577	12591
1918.683	12646
1920.785	12604
1922.888	12550
1924.989	12615
1927.091	12682
1929.193	12527
1931.294	12704
1933.393	12660
1935.493	12697
1937.59	12599
1939.689	12645
1941.788	12626
1943.884	12501
1945.98	12688
1948.077	12648
1950.171	12748
1952.267	12533
1954.361	12663
1956.455	12599
1958.548	12638
1960.64	12618
1962.733	12615
1964.824	12549
1966.915	12576
1969.005	12573
1971.096	12578
1973.185	12497
1975.275	12635
1977.363	12508
1979.45	12469
1981.537	12633
1983.623	12689
1985.711	12462
1987.796	12451
1989.881	12502
1991.965	12467
1994.047	12531
1996.132	12728
1998.215	12490
2000.297	12645
2002.378	12443
2004.46	12554
2006.54	12383
2008.62	12393
2010.7	12355
2012.779	12542
2014.858	12605
2016.934	12397
2019.013	12331
2021.09	12670
2023.165	12475
2025.241	12506
2027.317	12424
2029.39	12484
2031.466	12553
2033.538	12474
2035.612	12380
2037.683	12557
2039.755	12493
2041.827	12513
2043.898	12573
2045.968	12602
2048.038	12387
2050.106	12466
2052.177	12661
2054.244	12467
2056.313	12452
2058.379	12541
2060.444	12561
2062.511	12295
2064.577	12568
2066.641	12382
2068.705	12485
2070.77	12669
2072.832	12435
2074.896	12618
2076.958	12462
2079.02	12450
2081.081	12558
2083.141	12624
2085.2	12515
2087.261	12449
2089.319	12566
2091.377	12608
2093.435	12404
2095.492	12494
2097.552	12351
2099.607	12500
2101.663	12708
2103.718	12423
2105.771	12572
2107.826	12462
2109.879	12366
2111.932	12525
2113.985	12510
2116.037	12651
2118.088	12417
2120.141	12470
2122.191	12788
2124.239	12555
2126.288	12362
2128.337	12563
2130.387	12363
2132.434	12296
2134.481	12478
2136.528	12478
2138.574	12512
2140.618	12532
2142.665	12673
2144.71	12406
2146.753	12508
2148.797	12509
2150.838	12423
2152.883	12441
2154.923	12620
2156.965	12326
2159.007	12509
2161.046	12492
2163.086	12426
2165.126	12371
2167.163	12271
2169.202	12412
2171.239	12452
2173.277	12430
2175.314	12341
2177.349	12304
2179.385	12404
2181.42	12221
2183.453	12373
2185.49	12334
2187.522	12249
2189.555	12340
2191.586	12361
2193.619	12546
2195.651	12173
2197.682	12337
2199.711	12220
2201.74	12248
2203.769	12339
2205.799	12143
2207.828	12415
2209.855	12078
2211.882	12101
2213.908	12123
2215.934	12348
2217.961	12341
2219.986	12385
2222.01	12132
2224.034	12150
2226.057	12134
2228.08	12314
2230.104	12191
2232.124	12176
2234.145	12238
2236.166	12057
2238.186	12307
2240.207	12255
2242.227	12095
2244.244	12207
2246.262	12080
2248.28	12364
2250.299	12156
2252.314	12345
2254.33	12190
2256.346	12199
2258.36	12215
2260.375	12361
2262.391	12259
2264.403	12115
2266.416	12257
2268.427	12093
2270.44	12296
2272.453	12210
2274.463	12228
2276.474	12226
2278.483	12206
2280.493	12346
2282.501	12357
2284.51	12232
2286.518	12290
2288.524	11951
2290.532	12205
2292.537	12291
2294.544	12218
2296.55	12239
2298.554	12269
2300.557	12110
2302.562	12231
2304.566	12324
2306.568	12231
2308.569	12194
2310.572	12259
2312.573	12232
2314.573	12142
2316.574	12211
2318.573	12283
2320.571	12225
2322.571	11976
2324.569	12087
2326.567	12204
2328.564	12023
2330.56	11898
2332.556	12067
2334.551	12030
2336.546	12191
2338.542	11965
2340.535	11925
2342.529	11806
2344.521	12053
2346.512	12047
2348.505	11902
2350.497	12009
2352.487	12051
2354.478	11979
2356.468	11905
2358.457	11997
2360.446	11860
2362.434	11822
2364.422	11890
2366.408	12027
2368.395	11797
2370.383	11744
2372.369	11927
2374.353	11895
2376.338	11868
2378.321	11917
2380.307	11963
2382.29	11824
2384.272	11922
2386.254	11828
2388.235	11827
2390.218	11568
2392.198	11842
2394.179	11860
2396.157	11890
2398.137	11956
2400.115	11783
2402.095	11692
2404.072	11760
2406.048	11632
2408.026	11851
2410.001	11906
2411.977	11772
2413.953	11697
2415.927	11750
2417.9	11752
2419.875	11682
2421.847	11863
2423.821	11724
2425.792	11567
2427.763	11838
2429.736	11749
2431.706	11709
2433.677	11827
2435.646	11775
2437.615	11833
2439.583	11690
2441.551	11769
2443.519	11878
2445.486	11609
2447.452	11764
2449.418	11662
2451.383	11631
2453.348	11774
2455.314	11695
2457.278	11749
2459.241	11739
2461.205	11479
2463.167	11673
2465.131	11553
2467.091	11888
2469.052	11497
2471.012	11606
2472.972	11598
2474.932	11727
2476.891	11527
2478.85	11635
2480.808	11412
2482.766	11775
2484.722	11665
2486.68	11714
2488.636	11631
2490.591	11520
2492.546	11486
2494.5	11524
2496.456	11548
2498.41	11613
2500.362	11581
2502.315	11459
2504.266	11733
2506.218	11572
2508.169	11571
2510.121	11466
2512.07	11560
2514.019	11385
2515.968	11558
2517.918	11515
2519.866	11430
2521.813	11514
2523.76	11696
2525.707	11460
2527.653	11541
2529.599	11507
2531.543	11364
2533.489	11582
2535.433	11390
2537.376	11405
2539.32	11716
2541.264	11446
2543.205	11159
2545.147	11528
2547.087	11323
2549.029	11355
2550.969	11542
2552.908	11366
2554.847	11436
2556.786	11476
2558.724	11466
2560.663	11379
2562.6	11423
2564.537	11377
2566.473	11445
2568.408	11386
2570.345	11543
2572.28	11346
2574.214	11441
2576.148	11464
2578.081	11414
2580.014	11566
2581.947	11324
2583.879	11474
2585.81	11415
2587.741	11465
2589.67	11430
2591.602	11388
2593.532	11613
2595.461	11308
2597.388	11393
2599.316	11446
2601.244	11594
2603.172	11522
2605.098	11450
2607.023	11516
2608.949	11435
2610.873	11339
2612.8	11512
2614.723	11419
2616.647	11550
2618.569	11422
2620.493	11290
2622.416	11489
2624.338	11401
2626.258	11571
2628.179	11624
2630.099	11526
2632.019	11487
2633.939	11493
2635.857	11417
2637.775	11467
2639.694	11404
2641.61	11570
2643.528	11671
2645.444	11466
2647.361	11180
2649.276	11426
2651.19	11414
2653.105	11486
2655.019	11473
2656.934	11427
2658.846	11333
2660.758	11455
2662.67	11485
2664.583	11424
2666.493	11460
2668.404	11379
2670.313	11274
2672.223	11415
2674.134	11369
2676.042	11468
2677.95	11395
2679.858	11353
2681.765	11446
2683.673	11195
2685.579	11319
2687.483	11250
2689.389	11242
2691.294	11376
2693.198	11429
2695.104	11377
2697.006	11224
2698.909	11340
2700.811	11159
2702.713	11305
2704.615	11194
2706.516	11096
2708.417	11114
2710.316	11341
2712.216	11203
2714.115	11295
2716.014	11210
2717.913	11154
2719.81	11292
2721.707	11154
2723.603	11289
2725.501	11232
2727.396	11194
2729.292	11203
2731.186	11187
2733.081	11156
2734.976	11245
2736.87	11370
2738.762	11030
2740.653	11111
2742.546	11277
2744.437	11085
2746.329	11271
2748.22	11042
2750.11	11060
2751.999	10990
2753.889	11205
2755.778	10981
2757.666	10975
2759.553	11197
2761.44	11050
2763.328	10963
2765.215	11040
2767.101	11161
2768.986	11011
2770.87	11152
2772.754	11025
2774.638	11108
2776.523	11009
2778.405	11038
2780.288	11029
2782.17	11141
2784.051	10980
2785.934	11138
2787.814	10947
2789.694	11086
2791.574	10927
2793.453	10911
2795.332	10920
2797.212	11067
2799.088	10924
2800.966	10984
2802.843	10965
2804.719	11068
2806.597	11036
2808.471	10866
2810.346	10974
2812.221	10982
2814.094	11127
2815.969	10921
2817.843	10958
2819.714	10935
2821.587	10968
2823.459	11003
2825.329	10921
2827.202	10886
2829.072	10926
2830.942	10862
2832.811	10865
2834.68	10973
2836.549	10889
2838.418	10863
2840.284	10944
2842.152	10851
2844.018	10838
2845.885	10807
2847.751	10887
2849.616	10974
2851.482	11007
2853.345	10958
2855.208	11060
2857.074	10855
2858.937	10962
2860.799	11011
2862.66	11014
2864.522	11001
2866.385	10956
2868.245	11170
2870.104	11047
2871.964	11015
2873.824	11062
2875.683	11137
2877.542	11035
2879.4	11125
2881.257	11195
2883.114	11284
2884.97	11231
2886.827	11259
2888.683	11208
2890.537	11221
2892.392	11339
2894.246	11167
2896.1	11199
2897.954	11216
2899.807	11065
2901.66	11248
2903.51	11345
2905.362	11175
2907.214	11241
2909.065	11075
2910.915	11377
2912.765	11309
2914.613	11104
2916.463	11238
2918.311	11390
2920.158	11308
2922.006	11395
2923.853	11406
2925.698	11401
2927.546	11433
2929.392	11501
2931.236	11494
2933.081	11395
2934.924	11594
2936.77	11540
2938.613	11457
2940.455	11645
2942.298	11552
2944.139	11716
2945.982	11763
2947.823	11738
2949.662	11766
2951.503	11486
2953.342	11542
2955.182	11490
2957.021	11511
2958.858	11519
2960.697	11387
2962.534	11514
2964.37	11328
2966.207	11281
2968.044	11266
2969.879	11193
2971.714	11009
2973.548	10938
2975.383	11003
2977.218	10957
2979.051	11030
2980.883	10955
2982.715	10970
2984.547	10969
2986.379	10818
2988.21	10713
2990.04	10862
2991.87	10844
2993.7	10725
2995.53	10854
2997.359	10829
2999.187	10718
3001.015	10519
3002.842	10470
3004.669	10605
3006.497	10518
3008.323	10480
3010.148	10625
3011.974	10389
3013.797	10514
3015.623	10297
3017.447	10489
3019.27	10436
3021.094	10381
3022.915	10365
3024.737	10435
3026.56	10356
3028.38	10417
3030.201	10430
3032.022	10276
3033.84	10437
3035.662	10146
3037.481	10327
3039.298	10338
3041.117	10419
3042.933	10426
3044.752	10175
3046.568	10231
3048.385	10258
3050.2	10188
3052.016	10208
3053.83	10321
3055.646	10196
3057.46	10159
3059.272	10118
3061.086	10022
3062.898	10221
3064.711	10107
3066.524	10228
3068.335	10208
3070.145	10268
3071.956	10079
3073.766	10151
3075.576	10234
3077.385	10048
3079.193	10212
3081.002	10122
3082.81	9938
3084.618	10129
3086.425	10059
3088.231	10080
3090.036	9923
3091.842	10091
3093.648	10106
3095.452	10088
3097.257	10034
3099.06	10018
3100.863	9998
3102.666	9856
3104.47	10006
3106.272	9924
3108.073	9966
3109.875	9793
3111.676	10003
3113.477	9745
3115.277	9948
3117.077	9944
3118.874	9807
3120.673	9779
3122.473	9712
3124.271	9800
3126.066	9963
3127.863	9792
3129.66	9745
3131.456	9836
3133.252	9928
3135.047	9675
3136.842	9776
3138.635	9793
3140.429	9952
3142.223	9683
3144.016	9702
3145.808	9807
3147.6	9799
3149.392	9721
3151.183	9683
3152.975	9700
3154.765	9681
3156.553	9649
3158.344	9665
3160.132	9660
3161.922	9683
3163.71	9614
3165.497	9659
3167.285	9792
3169.071	9560
3170.858	9663
3172.645	9756
3174.429	9780
3176.214	9564
3177.998	9505
3179.783	9498
3181.568	9566
3183.351	9456
3185.133	9514
3186.915	9572
3188.698	9449
3190.481	9475
3192.261	9648
3194.042	9531
3195.822	9496
3197.601	9498
3199.381	9546
3201.161	9533
3202.939	9523
3204.717	9461
3206.495	9403
3208.272	9390
3210.05	9445
3211.826	9384
3213.602	9424
3215.376	9463
3217.151	9517
3218.927	9432
3220.702	9320
3222.476	9422
3224.249	9352
3226.021	9469
3227.793	9427
3229.567	9400
3231.339	9387
3233.109	9291
3234.88	9478
3236.651	9448
3238.421	9362
3240.191	9398
3241.96	9424
3243.728	9535
3245.497	9436
3247.263	9447
3249.033	9358
3250.799	9186
3252.566	9481
3254.331	9309
3256.097	9327
3257.863	9305
3259.628	9296
3261.392	9363
3263.156	9276
3264.919	9349
3266.683	9370
3268.447	9368
3270.208	9425
3271.969	9342
3273.731	9299
3275.492	9400
3277.253	9197
3279.013	9397
3280.773	9285
3282.532	9317
3284.291	9206
3286.05	9326
3287.808	9435
3289.566	9305
3291.323	9431
3293.079	9331
3294.835	9354
3296.593	9282
3298.348	9233
3300.102	9277
3301.857	9252
3303.611	9318
3305.366	9236
3307.119	9190
3308.872	9117
3310.624	9190
3312.376	9281
3314.129	9214
3315.881	9198
3317.631	9235
3319.38	9244
3321.13	9211
3322.88	9077
3324.631	9132
3326.379	9266
3328.126	9227
3329.875	9093
3331.622	9189
3333.371	9247
3335.116	9131
3336.863	9230
3338.609	9150
3340.353	9137
3342.1	9279
3343.845	9204
3345.588	9051
3347.332	9128
3349.074	9082
3350.817	9167
3352.56	9044
3354.303	8994
3356.043	9005
3357.785	9181
3359.525	8990
3361.268	9182
3363.007	9058
3364.745	9125
3366.485	8964
3368.223	9114
3369.962	8886
3371.701	9026
3373.438	8815
3375.174	9048
3376.911	8900
3378.647	8944
3380.384	8968
3382.118	9007
3383.854	8846
3385.588	8879
3387.322	8912
3389.057	8933
3390.79	8957
3392.522	8984
3394.255	8868
3395.987	9010
3397.719	9088
3399.451	8976
3401.181	8845
3402.911	8835
3404.641	8958
3406.371	8834
3408.101	8901
3409.83	8948
3411.558	8870
3413.285	8840
3415.011	8850
3416.739	8860
3418.467	8705
3420.193	8888
3421.919	8979
3423.644	8817
3425.368	8820
3427.094	8863
3428.818	8929
3430.542	8875
3432.264	8726
3433.987	8638
3435.712	8807
3437.434	8756
3439.155	8802
3440.876	8729
3442.596	8642
3444.317	8701
3446.039	8826
3447.757	8694
3449.477	8726
3451.195	8624
3452.914	8682
3454.632	8591
3456.35	8698
3458.067	8494
3459.784	8658
3461.5	8679
3463.216	8729
3464.932	8629
3466.647	8603
3468.362	8478
3470.076	8517
3471.789	8628
3473.505	8765
3475.217	8323
3476.929	8521
3478.641	8638
3480.354	8576
3482.066	8537
3483.777	8471
3485.487	8444
3487.197	8433
3488.908	8398
3490.617	8418
3492.327	8311
3494.035	8495
3495.743	8571
3497.451	8518
3499.158	8270
3500.866	8387
3502.572	8307
3504.278	8390
3505.984	8465
3507.689	8374
3509.396	8330
3511.1	8321
3512.804	8349
3514.508	8354
3516.211	8357
3517.913	8446
3519.616	8369
3521.319	8338
3523.021	8265
3524.722	8247
3526.422	8372
3528.124	8371
3529.824	8172
3531.524	8335
3533.222	8222
3534.921	8297
3536.62	8356
3538.318	8274
3540.016	8258
3541.714	8314
3543.41	8258
3545.107	8273
3546.803	8233
3548.5	8283
3550.194	8101
3551.889	8251
3553.583	8231
3555.279	8286
3556.972	8206
3558.666	8212
3560.358	8273
3562.051	8056
3563.742	8211
3565.435	8014
3567.126	8060
3568.817	8195
3570.507	8102
3572.197	8103
3573.888	8201
3575.577	8200
3577.265	8058
3578.954	8199
3580.642	8101
3582.329	8023
3584.017	8062
3585.704	8055
3587.391	8103
3589.077	8081
3590.762	8017
3592.449	8135
3594.133	8033
3595.817	8088
3597.501	8193
3599.185	8127
3600.869	7987
3602.552	7867
3604.234	7931
3605.916	8041
3607.598	8030
3609.279	7967
3610.961	7901
3612.642	7996
3614.321	7967
3616	7797
3617.68	7820
3619.36	7900
3621.039	7981
3622.716	7902
3624.394	8056
3626.071	7962
3627.748	7940
3629.425	7854
3631.102	7757
3632.778	7664
3634.452	7808
3636.127	7848
3637.803	7968
3639.477	7700
3641.151	7947
3642.823	7786
3644.497	7734
3646.171	7867
3647.842	7739
3649.515	7818
3651.185	7747
3652.857	7660
3654.527	7895
3656.198	7730
3657.868	7717
3659.537	7781
3661.207	7719
3662.875	7704
3664.544	7638
3666.212	7688
3667.879	7756
3669.546	7747
3671.212	7776
3672.88	7611
3674.546	7599
3676.211	7562
3677.875	7756
3679.541	7710
3681.205	7645
3682.87	7697
3684.533	7531
3686.196	7688
3687.859	7666
3689.521	7679
3691.184	7600
3692.845	7605
3694.507	7494
3696.167	7622
3697.827	7687
3699.487	7610
3701.148	7603
3702.808	7488
3704.466	7628
3706.125	7713
3707.783	7636
3709.442	7557
3711.099	7485
3712.757	7606
3714.412	7638
3716.068	7500
3717.725	7402
3719.381	7606
3721.036	7519
3722.689	7460
3724.344	7569
3725.998	7472
3727.652	7599
3729.305	7502
3730.958	7416
3732.61	7356
3734.262	7449
3735.915	7484
3737.565	7524
3739.217	7486
3740.866	7458
3742.516	7459
3744.165	7380
3745.816	7471
3747.464	7491
3749.113	7512
3750.761	7451
3752.409	7446
3754.057	7319
3755.703	7329
3757.35	7357
3758.996	7285
3760.641	7339
3762.289	7365
3763.933	7308
3765.577	7358
3767.222	7353
3768.865	7382
3770.508	7289
3772.152	7359
3773.796	7258
3775.438	7303
3777.079	7244
3778.721	7276
3780.363	7216
3782.003	7153
3783.643	7105
3785.283	7234
3786.923	7218
3788.563	7304
3790.203	7221
3791.841	7137
3793.479	7272
3795.115	7111
3796.753	7191
3798.391	7236
3800.027	7193
3801.664	7268
3803.299	7188
3804.935	7222
3806.571	7182
3808.206	7008
3809.839	7091
3811.473	7193
3813.107	7118
3814.74	7089
3816.375	7142
3818.006	6989
3819.638	7227
3821.27	6983
3822.9	7078
3824.532	7042
3826.163	7069
3827.792	7126
3829.423	7158
3831.051	7054
3832.682	7053
3834.311	7003
3835.938	6991
3837.566	7013
3839.193	7061
3840.821	6902
3842.448	6999
3844.075	6888
3845.7	6991
3847.325	7008
3848.951	6945
3850.576	7032
3852.201	6961
3853.825	6954
3855.448	6917
3857.072	6915
3858.694	7034
3860.318	6961
3861.939	6848
3863.562	6951
3865.183	6953
3866.804	6862
3868.426	6986
3870.045	6907
3871.666	6992
3873.285	6989
3874.904	6935
3876.524	6883
3878.142	6834
3879.76	6835
3881.378	6828
3882.995	6821
3884.612	6790
3886.229	6835
3887.845	6772
3889.461	6874
3891.076	6811
3892.691	6825
3894.307	6815
3895.922	6831
3897.536	6795
3899.149	6789
3900.761	6861
3902.374	6748
3903.988	6791
3905.6	6795
3907.212	6790
3908.822	6730
3910.433	6854
3912.045	6830
3913.655	6810
3915.265	6811
3916.875	6707
3918.483	6808
3920.093	6777
3921.702	6693
3923.309	6694
3924.917	6721
3926.523	6739
3928.13	6770
3929.739	6666
3931.344	6669
3932.95	6744
3934.555	6647
3936.159	6755
3937.766	6682
3939.369	6781
3940.974	6712
3942.577	6664
3944.181	6659
3945.783	6644
3947.386	6738
3948.989	6646
3950.59	6684
3952.191	6682
3953.791	6557
3955.394	6734
3956.994	6523
3958.593	6509
3960.192	6696
3961.791	6613
3963.392	6546
3964.99	6483
3966.588	6703
3968.185	6584
3969.782	6541
3971.379	6580
3972.976	6500
3974.572	6604
3976.168	6453
3977.763	6594
3979.358	6494
3980.954	6494
3982.548	6552
3984.142	6360
3985.736	6422
3987.329	6482
3988.922	6455
3990.516	6348
3992.108	6394
3993.698	6304
3995.29	6301
3996.881	6364
3998.473	6419
4000.064	6467
4001.653	6380
4003.242	6415
4004.832	6434
4006.422	6429
4008.01	6450
4009.598	6266
4011.186	6410
4012.773	6322
4014.36	6398
4015.947	6388
4017.534	6257
4019.119	6259
4020.705	6309
4022.291	6262
4023.876	6310
4025.461	6256
4027.044	6166
4028.627	6225
4030.211	6195
4031.795	6194
4033.378	6255
4034.96	6215
4036.542	6323
4038.124	6230
4039.704	6158
4041.286	6231
4042.867	6235
4044.447	6232
4046.026	6264
4047.606	6154
4049.187	6299
4050.765	6067
4052.343	6214
4053.92	6114
4055.498	6176
4057.076	6065
4058.654	6064
4060.23	6187
4061.806	6152
4063.381	6075
4064.957	6085
4066.533	5991
4068.107	6140
4069.682	6177
4071.256	6017
4072.829	6013
4074.404	6039
4075.977	6045
4077.549	6116
4079.121	6072
4080.693	5983
4082.265	5964
4083.836	6097
4085.407	6007
4086.977	5977
4088.547	6037
4090.117	6001
4091.687	5988
4093.256	6049
4094.825	5910
4096.392	5915
4097.96	5998
4099.528	5992
4101.097	5977
4102.663	6017
4104.229	5889
4105.795	5976
4107.361	6033
4108.928	5850
4110.493	6051
4112.058	5891
4113.621	6005
4115.186	5927
4116.75	5855
4118.313	5842
4119.876	5796
4121.438	6016
4123	5886
4124.562	5828
4126.125	5806
4127.686	5985
4129.246	5877
4130.807	5796
4132.367	5895
4133.927	5790
4135.486	5857
4137.046	5942
4138.604	5892
4140.162	5771
4141.72	5855
4143.279	5737
4144.836	5752
4146.393	5691
4147.949	5815
4149.505	5776
4151.062	5764
4152.617	5613
4154.172	5767
4155.727	5758
4157.281	5664
4158.836	5637
4160.39	5601
4161.943	5600
4163.496	5678
4165.048	5744
4166.601	5636
4168.154	5617
4169.706	5646
4171.257	5650
4172.808	5700
4174.358	5656
4175.909	5667
4177.458	5606
4179.008	5613
4180.558	5610
4182.106	5588
4183.655	5578
4185.204	5673
4186.751	5601
4188.298	5553
4189.845	5602
4191.392	5590
4192.939	5491
4194.485	5527
4196.031	5546
4197.576	5536
4199.121	5588
4200.666	5455
4202.211	5542
4203.754	5408
4205.298	5533
4206.84	5585
4208.384	5464
4209.927	5619
4211.47	5525
4213.011	5523
4214.552	5484
4216.094	5364
4217.635	5484
4219.175	5407
4220.716	5556
4222.255	5551
4223.793	5494
4225.335	5489
4226.873	5462
4228.411	5513
4229.948	5506
4231.486	5474
4233.024	5478
4234.562	5439
4236.098	5425
4237.634	5398
4239.169	5369
4240.705	5431
4242.241	5448
4243.776	5339
4245.31	5436
4246.844	5359
4248.378	5468
4249.911	5367
4251.445	5319
4252.978	5377
4254.51	5311
4256.042	5351
4257.574	5439
4259.107	5382
4260.638	5338
4262.169	5308
4263.699	5339
4265.228	5416
4266.759	5241
4268.289	5332
4269.818	5288
4271.345	5292
4272.874	5317
4274.402	5279
4275.931	5234
4277.458	5287
4278.985	5313
4280.512	5350
4282.037	5220
4283.564	5321
4285.089	5276
4286.615	5354
4288.139	5319
4289.664	5206
4291.187	5247
4292.712	5364
4294.235	5196
4295.759	5293
4297.281	5289
4298.804	5292
4300.327	5208
4301.849	5153
4303.37	5201
4304.891	5087
4306.412	5183
4307.933	5170
4309.453	5238
4310.973	5249
4312.492	5175
