398.1873	2679
400.7097	2626
403.2336	2593
405.7547	2581
408.2751	2689
410.7948	2633
413.3138	2737
415.83	2696
418.3497	2725
420.8666	2686
423.3829	2715
425.8985	2800
428.4133	2738
430.9275	2740
433.441	2808
435.9538	2826
438.4639	2844
440.9753	2732
443.4881	2789
445.9982	2821
448.5055	2860
451.0142	2749
453.5201	2812
456.0274	2790
458.5361	2784
461.04	2803
463.5453	2758
466.0478	2731
468.5517	2844
471.0549	2825
473.5574	2798
476.0572	2866
478.5584	2755
481.0568	2877
483.5545	2765
486.0557	2809
488.5521	2782
491.0478	2842
493.5449	2858
496.0392	2898
498.5349	2854
501.0299	2826
503.5222	2887
506.0139	2906
508.5048	2852
510.9991	2910
513.4887	2984
515.9777	2849
518.4659	2871
520.9534	2903
523.4403	2883
525.9306	2976
528.4161	2920
530.9009	2895
533.3851	2930
535.8687	2995
538.3535	2820
540.8356	2922
543.3171	2921
545.7979	2926
548.278	2879
550.7595	2862
553.2383	2914
555.7144	2945
558.1918	2989
560.6685	2977
563.1446	2980
565.6221	3025
568.0968	2911
570.5688	2964
573.0422	3006
575.515	3011
577.989	2953
580.4584	2961
582.9291	3086
585.3991	3024
587.8685	3032
590.3352	2985
592.8052	3052
595.2706	2989
597.7372	3025
600.2033	3010
602.6666	3032
605.1334	2996
607.5953	2988
610.0587	2967
612.5193	3047
614.9814	2975
617.4427	2978
619.9034	3013
622.3615	3001
624.8208	3057
627.2775	2951
629.7335	2998
632.1929	2903
634.6476	2975
637.1016	3077
639.5569	2944
642.0096	3037
644.4637	2979
646.9151	3024
649.3678	3001
651.8179	3053
654.2672	3095
656.7159	3002
659.166	3031
661.6154	3141
664.0622	3051
666.5082	3032
668.9537	3092
671.4005	2974
673.8445	3110
676.288	3104
678.7308	3112
681.1729	3083
683.6163	3131
686.0572	3061
688.4973	3126
690.9368	3030
693.3757	3033
695.8138	3014
698.2534	3075
700.6902	3095
703.1245	3083
705.56	3111
707.9949	3111
710.4311	3124
712.8647	3120
715.2957	3095
717.7279	3165
720.1595	3130
722.5905	3178
725.0208	3107
727.4505	3165
729.8795	3134
732.3058	3106
734.7336	3110
737.1626	3205
739.587	3232
742.0128	3189
744.4359	3132
746.8604	3185
749.2841	3213
751.7073	3247
754.1278	3235
756.5496	3346
758.9688	3269
761.3893	3342
763.8093	3308
766.2285	3323
768.6451	3312
771.0611	3327
773.4784	3277
775.895	3241
778.3091	3315
780.7244	3307
783.1371	3241
785.5493	3285
787.9626	3277
790.3754	3294
792.7856	3281
795.1951	3330
797.6039	3256
800.0121	3296
802.4236	3313
804.8306	3277
807.2369	3271
809.6425	3344
812.0475	3296
814.4538	3335
816.8575	3322
819.2606	3345
821.663	3348
824.0648	3337
826.4659	3270
828.8683	3335
831.2682	3293
833.6674	3349
836.066	3333
838.4639	3324
840.8632	3362
843.2579	3298
845.6539	3306
848.0493	3379
850.444	3411
852.84	3385
855.2315	3383
857.6243	3402
860.0165	3384
862.4081	3350
864.797	3368
867.1892	3454
869.5789	3388
871.9659	3477
874.3542	3383
876.74	3424
879.129	3379
881.5155	3431
883.8994	3372
886.2845	3400
888.6671	3437
891.051	3301
893.4343	3398
895.8169	3383
898.197	3340
900.5783	3401
902.9571	3386
905.3372	3389
907.7167	3436
910.0936	3379
912.4698	3462
914.8474	3398
917.2244	3460
919.5987	3615
921.9744	3467
924.3475	3459
926.72	3474
929.0918	3531
931.4669	3546
933.8375	3561
936.2074	3586
938.5767	3673
940.9454	3614
943.3154	3643
945.6829	3672
948.0497	3703
950.4178	3750
952.7833	3904
955.1483	4042
957.5145	4164
959.8782	4135
962.2412	4172
964.6036	4129
966.9655	3993
969.3266	3850
971.6871	3831
974.0471	3758
976.4064	3590
978.765	3582
981.125	3536
983.4824	3430
985.8373	3518
988.1935	3513
990.549	3544
992.9039	3448
995.2602	3472
997.6119	3491
999.965	3560
1002.317	3470
1004.667	3589
1007.02	3548
1009.371	3474
1011.719	3517
1014.068	3435
1016.415	3593
1018.765	3520
1021.111	3541
1023.458	3510
1025.804	3637
1028.147	3571
1030.49	3595
1032.837	3549
1035.179	3539
1037.522	3552
1039.862	3612
1042.204	3580
1044.546	3540
1046.884	3622
1049.224	3569
1051.562	3539
1053.899	3622
1056.237	3615
1058.575	3636
1060.91	3592
1063.244	3642
1065.58	3590
1067.913	3646
1070.248	3680
1072.579	3708
1074.911	3658
1077.242	3756
1079.572	3607
1081.905	3617
1084.234	3684
1086.562	3597
1088.89	3627
1091.217	3522
1093.544	3673
1095.871	3571
1098.197	3701
1100.521	3615
1102.845	3521
1105.169	3620
1107.491	3643
1109.814	3578
1112.135	3625
1114.456	3577
1116.776	3577
1119.096	3602
1121.415	3556
1123.734	3573
1126.052	3592
1128.369	3589
1130.686	3703
1133.002	3717
1135.318	3648
1137.632	3570
1139.945	3626
1142.258	3603
1144.573	3604
1146.884	3672
1149.196	3589
1151.505	3682
1153.816	3716
1156.124	3580
1158.435	3621
1160.742	3685
1163.051	3692
1165.356	3619
1167.663	3605
1169.97	3674
1172.276	3588
1174.579	3577
1176.881	3595
1179.186	3645
1181.487	3685
1183.79	3636
1186.092	3684
1188.392	3606
1190.691	3617
1192.991	3635
1195.291	3642
1197.588	3658
1199.885	3686
1202.181	3574
1204.479	3724
1206.775	3584
1209.07	3674
1211.363	3681
1213.656	3589
1215.949	3745
1218.241	3711
1220.534	3663
1222.825	3637
1225.115	3708
1227.405	3627
1229.693	3721
1231.984	3705
1234.271	3666
1236.558	3742
1238.845	3697
1241.131	3706
1243.416	3803
1245.703	3744
1247.987	3778
1250.269	3795
1252.552	3785
1254.834	3711
1257.118	3704
1259.399	3779
1261.678	3718
1263.958	3758
1266.237	3742
1268.516	3790
1270.794	3820
1273.072	3776
1275.347	3773
1277.624	3726
1279.899	3741
1282.175	3723
1284.449	3762
1286.722	3737
1288.995	3814
1291.266	3721
1293.54	3714
1295.81	3826
1298.081	3667
1300.35	3741
1302.62	3667
1304.889	3732
1307.156	3815
1309.425	3733
1311.69	3782
1313.957	3744
1316.222	3801
1318.488	3712
1320.751	3677
1323.016	3704
1325.278	3674
1327.54	3753
1329.803	3743
1332.065	3684
1334.325	3651
1336.584	3691
1338.843	3810
1341.101	3737
1343.36	3694
1345.617	3830
1347.876	3751
1350.131	3714
1352.387	3660
1354.643	3787
1356.897	3752
1359.151	3735
1361.403	3796
1363.656	3791
1365.909	3781
1368.16	3792
1370.409	3745
1372.659	3762
1374.909	3745
1377.157	3742
1379.407	3771
1381.655	3790
1383.9	3773
1386.147	3753
1388.393	3851
1390.64	3817
1392.885	3789
1395.127	3856
1397.37	3850
1399.614	3805
1401.854	3797
1404.098	3842
1406.339	3793
1408.578	3738
1410.818	3802
1413.056	3793
1415.297	3783
1417.533	3930
1419.771	3867
1422.006	3818
1424.243	3903
1426.479	3844
1428.715	3818
1430.948	3820
1433.182	3868
1435.414	3882
1437.647	3853
1439.88	3895
1442.11	3947
1444.342	3870
1446.571	3973
1448.799	3921
1451.029	3887
1453.258	3930
1455.485	3932
1457.711	3881
1459.937	3862
1462.164	3986
1464.39	3945
1466.614	3979
1468.838	3902
1471.06	3942
1473.283	3913
1475.506	3917
1477.727	3813
1479.949	3880
1482.169	3864
1484.389	3911
1486.609	3845
1488.828	3836
1491.045	3840
1493.261	3791
1495.477	3798
1497.693	3766
1499.91	3765
1502.125	3841
1504.339	3804
1506.553	3805
1508.766	3888
1510.979	3803
1513.191	3817
1515.402	3776
1517.613	3839
1519.823	3815
1522.033	3835
1524.242	3797
1526.451	3775
1528.657	3892
1530.865	3875
1533.072	3785
1535.278	3762
1537.484	3818
1539.687	3840
1541.892	3790
1544.096	3786
1546.299	3848
1548.502	3858
1550.703	3789
1552.905	3907
1555.104	3876
1557.303	3816
1559.505	3892
1561.703	3895
1563.902	3881
1566.099	3947
1568.295	3896
1570.494	3902
1572.689	3928
1574.883	3868
1577.079	3976
1579.272	4001
1581.467	3920
1583.659	3954
1585.853	3915
1588.044	3955
1590.234	3975
1592.424	3805
1594.615	3885
1596.806	3863
1598.994	3956
1601.182	3977
1603.369	3925
1605.557	3985
1607.744	3999
1609.929	3914
1612.114	3996
1614.298	3924
1616.482	3962
1618.667	3936
1620.85	3939
1623.032	3820
1625.214	4014
1627.395	3976
1629.575	4002
1631.755	3938
1633.935	3986
1636.114	3949
1638.292	3979
1640.471	3970
1642.647	4015
1644.823	4000
1647	3971
1649.175	3921
1651.348	3957
1653.525	3979
1655.698	3914
1657.87	4110
1660.043	4004
1662.213	4063
1664.387	4046
1666.558	4050
1668.727	4035
1670.896	4069
1673.064	4017
1675.233	4048
1677.401	4019
1679.569	4075
1681.735	4115
1683.902	3960
1686.066	3992
1688.233	3956
1690.397	3928
1692.559	3972
1694.723	4107
1696.885	3887
1699.048	3920
1701.21	4016
1703.37	4016
1705.53	3935
1707.689	3988
1709.849	3955
1712.009	3979
1714.166	4063
1716.323	4098
1718.479	3883
1720.634	3964
1722.793	3949
1724.948	3920
1727.102	3988
1729.255	3989
1731.408	3930
1733.562	3967
1735.714	3976
1737.865	4073
1740.016	4057
1742.166	3889
1744.316	3894
1746.467	3924
1748.616	4064
1750.764	3949
1752.911	3969
1755.056	4077
1757.205	4100
1759.35	3993
1761.496	4060
1763.641	3982
1765.785	3985
1767.927	3991
1770.072	4008
1772.214	4029
1774.355	4055
1776.496	3992
1778.637	3997
1780.778	4022
1782.918	4023
1785.057	4024
1787.194	3997
1789.333	4040
1791.472	4070
1793.608	4026
1795.745	4060
1797.879	3924
1800.015	4147
1802.148	4043
1804.284	4123
1806.417	4094
1808.548	4011
1810.682	4065
1812.812	4107
1814.946	4070
1817.075	3928
1819.205	4006
1821.335	4125
1823.463	4043
1825.59	3975
1827.721	4053
1829.847	4116
1831.973	3998
1834.098	4109
1836.223	4050
1838.351	3972
1840.475	3993
1842.598	3982
1844.721	4038
1846.843	4001
1848.966	3987
1851.087	3963
1853.21	4059
1855.33	4018
1857.449	4077
1859.568	4027
1861.688	4145
1863.806	4020
1865.924	3935
1868.039	4002
1870.155	3985
1872.273	3964
1874.388	4046
1876.503	4059
1878.617	3999
1880.73	4033
1882.844	3979
1884.956	4013
1887.068	4058
1889.18	4094
1891.291	4057
1893.4	4053
1895.511	3956
1897.621	4074
1899.73	4096
1901.837	4094
1903.944	4134
1906.053	4124
1908.159	4077
1910.265	4074
1912.369	4114
1914.474	4052
1916.577	4088
1918.683	4101
1920.785	4078
1922.888	4043
1924.989	4070
1927.091	4140
1929.193	4146
1931.294	4111
1933.393	4106
1935.493	4113
1937.59	4175
1939.689	4039
1941.788	4132
1943.884	4056
1945.98	4017
1948.077	4031
1950.171	4116
1952.267	4143
1954.361	4078
1956.455	4091
1958.548	4104
1960.64	4089
1962.733	4100
1964.824	4172
1966.915	4118
1969.005	4141
1971.096	4069
1973.185	4119
1975.275	4136
1977.363	3998
1979.45	4050
1981.537	4184
1983.623	4108
1985.711	4139
1987.796	4076
1989.881	4025
1991.965	4058
1994.047	4047
1996.132	4123
1998.215	4100
2000.297	4147
2002.378	4059
2004.46	4135
2006.54	4100
2008.62	4108
2010.7	4118
2012.779	4134
2014.858	4054
2016.934	4135
2019.013	4089
2021.09	4122
2023.165	4071
2025.241	4066
2027.317	4154
2029.39	4103
2031.466	4146
2033.538	4139
2035.612	3975
2037.683	4223
2039.755	4145
2041.827	4096
2043.898	4027
2045.968	4133
2048.038	4115
2050.106	4085
2052.177	4017
2054.244	4061
2056.313	4110
2058.379	4195
2060.444	4108
2062.511	4131
2064.577	4123
2066.641	4149
2068.705	4217
2070.77	4111
2072.832	4087
2074.896	4082
2076.958	4134
2079.02	4039
2081.081	4108
2083.141	4066
2085.2	4091
2087.261	4129
2089.319	4159
2091.377	4132
2093.435	4186
2095.492	4148
2097.552	4098
2099.607	4145
2101.663	4078
2103.718	4087
2105.771	4078
2107.826	4094
2109.879	4153
2111.932	4196
2113.985	4066
2116.037	4095
2118.088	4123
2120.141	4167
2122.191	4199
2124.239	4175
2126.288	4066
2128.337	4197
2130.387	4114
2132.434	4031
2134.481	4158
2136.528	4073
2138.574	4228
2140.618	4073
2142.665	4047
2144.71	4223
2146.753	4074
2148.797	4043
2150.838	4105
2152.883	4104
2154.923	4146
2156.965	4124
2159.007	4060
2161.046	4100
2163.086	4078
2165.126	4043
2167.163	4158
2169.202	4104
2171.239	3998
2173.277	4134
2175.314	4094
2177.349	4097
2179.385	4126
2181.42	4145
2183.453	3987
2185.49	4041
2187.522	3993
2189.555	4089
2191.586	4087
2193.619	4138
2195.651	4020
2197.682	4022
2199.711	3995
2201.74	4095
2203.769	4131
2205.799	3986
2207.828	4126
2209.855	4079
2211.882	4116
2213.908	4083
2215.934	4063
2217.961	4079
2219.986	4088
2222.01	4006
2224.034	3998
2226.057	4121
2228.08	3965
2230.104	4031
2232.124	4141
2234.145	4037
2236.166	4019
2238.186	4023
2240.207	4150
2242.227	3978
2244.244	4061
2246.262	4023
2248.28	4110
2250.299	4039
2252.314	4069
2254.33	4088
2256.346	4076
2258.36	4082
2260.375	4110
2262.391	4055
2264.403	4097
2266.416	4124
2268.427	4143
2270.44	4120
2272.453	4127
2274.463	4025
2276.474	4045
2278.483	4028
2280.493	4020
2282.501	4133
2284.51	4159
2286.518	4080
2288.524	4043
2290.532	4089
2292.537	4076
2294.544	4052
2296.55	4041
2298.554	4105
2300.557	4080
2302.562	4009
2304.566	3980
2306.568	4087
2308.569	4074
2310.572	4050
2312.573	4069
2314.573	4104
2316.574	3907
2318.573	4003
2320.571	4071
2322.571	4035
2324.569	4046
2326.567	4094
2328.564	4078
2330.56	4047
2332.556	4017
2334.551	4086
2336.546	3984
2338.542	4117
2340.535	4050
2342.529	4103
2344.521	4066
2346.512	4046
2348.505	4011
2350.497	4027
2352.487	4019
2354.478	4029
2356.468	4057
2358.457	3950
2360.446	3943
2362.434	3917
2364.422	4074
2366.408	4111
2368.395	3982
2370.383	4047
2372.369	4003
2374.353	4071
2376.338	4012
2378.321	3959
2380.307	3976
2382.29	4047
2384.272	3968
2386.254	4050
2388.235	4035
2390.218	3963
2392.198	3967
2394.179	3988
2396.157	3938
2398.137	3955
2400.115	3950
2402.095	3989
2404.072	4007
2406.048	4024
2408.026	3910
2410.001	4013
2411.977	4072
2413.953	4071
2415.927	3981
2417.9	3965
2419.875	3990
2421.847	3961
2423.821	4027
2425.792	4036
2427.763	3890
2429.736	4035
2431.706	4045
2433.677	3941
2435.646	4025
2437.615	4027
2439.583	4005
2441.551	3972
2443.519	3985
2445.486	4049
2447.452	3987
2449.418	3945
2451.383	4007
2453.348	4000
2455.314	3997
2457.278	3995
2459.241	3993
2461.205	3927
2463.167	3987
2465.131	3978
2467.091	4001
2469.052	3931
2471.012	4019
2472.972	3914
2474.932	4020
2476.891	3911
2478.85	3930
2480.808	3941
2482.766	3867
2484.722	3989
2486.68	3902
2488.636	4042
2490.591	3910
2492.546	3932
2494.5	3965
2496.456	3949
2498.41	3870
2500.362	3942
2502.315	3875
2504.266	3934
2506.218	3980
2508.169	3966
2510.121	3980
2512.07	3956
2514.019	3947
2515.968	3828
2517.918	3862
2519.866	4014
2521.813	4018
2523.76	3986
2525.707	3898
2527.653	3898
2529.599	3946
2531.543	3897
2533.489	3914
2535.433	3976
2537.376	3951
2539.32	3935
2541.264	3984
2543.205	3981
2545.147	3950
2547.087	3946
2549.029	3893
2550.969	3943
2552.908	3946
2554.847	3957
2556.786	3916
2558.724	3959
2560.663	3916
2562.6	3986
2564.537	3960
2566.473	3901
2568.408	3860
2570.345	4030
2572.28	3981
2574.214	3849
2576.148	3911
2578.081	3893
2580.014	3911
2581.947	3960
2583.879	4009
2585.81	3876
2587.741	3940
2589.67	3930
2591.602	4026
2593.532	3980
2595.461	3934
2597.388	3967
2599.316	3906
2601.244	3976
2603.172	3962
2605.098	3953
2607.023	3927
2608.949	3916
2610.873	3984
2612.8	3927
2614.723	3940
2616.647	3970
2618.569	3984
2620.493	3940
2622.416	4010
2624.338	4010
2626.258	4033
2628.179	3994
2630.099	4071
2632.019	4025
2633.939	4008
2635.857	3917
2637.775	3999
2639.694	3934
2641.61	3938
2643.528	3975
2645.444	3958
2647.361	4007
2649.276	4022
2651.19	3980
2653.105	3945
2655.019	3931
2656.934	3964
2658.846	3971
2660.758	3991
2662.67	3973
2664.583	3924
2666.493	3873
2668.404	4001
2670.313	3903
2672.223	3959
2674.134	3970
2676.042	3929
2677.95	4005
2679.858	3974
2681.765	3929
2683.673	3892
2685.579	3917
2687.483	3968
2689.389	3878
2691.294	3917
2693.198	3983
2695.104	3966
2697.006	3888
2698.909	3988
2700.811	3899
2702.713	3874
2704.615	4030
2706.516	3901
2708.417	4008
2710.316	3861
2712.216	3938
2714.115	3936
2716.014	3906
2717.913	3928
2719.81	3916
2721.707	3918
2723.603	3914
2725.501	3904
2727.396	3911
2729.292	3878
2731.186	3924
2733.081	3921
2734.976	3919
2736.87	3925
2738.762	3909
2740.653	3946
2742.546	3906
2744.437	3923
2746.329	3915
2748.22	3883
2750.11	3928
2751.999	3907
2753.889	3944
2755.778	3854
2757.666	3897
2759.553	3950
2761.44	3914
2763.328	3891
2765.215	3832
2767.101	3905
2768.986	3811
2770.87	3828
2772.754	3925
2774.638	3868
2776.523	3948
2778.405	3896
2780.288	3931
2782.17	3857
2784.051	3870
2785.934	3820
2787.814	3902
2789.694	3821
2791.574	3937
2793.453	3789
2795.332	3880
2797.212	3833
2799.088	3912
2800.966	3918
2802.843	3871
2804.719	3805
2806.597	3962
2808.471	3867
2810.346	3996
2812.221	3851
2814.094	3865
2815.969	3795
2817.843	3871
2819.714	3924
2821.587	3778
2823.459	3883
2825.329	3870
2827.202	3818
2829.072	3742
2830.942	3823
2832.811	3770
2834.68	3894
2836.549	3827
2838.418	3871
2840.284	3837
2842.152	3839
2844.018	3850
2845.885	3889
2847.751	3863
2849.616	3823
2851.482	3914
2853.345	3883
2855.208	3913
2857.074	3927
2858.937	3824
2860.799	3870
2862.66	3924
2864.522	3962
2866.385	3949
2868.245	3950
2870.104	3918
2871.964	3945
2873.824	3976
2875.683	4024
2877.542	4033
2879.4	4060
2881.257	4005
2883.114	4075
2884.97	4091
2886.827	4037
2888.683	3994
2890.537	4081
2892.392	4064
2894.246	4064
2896.1	4054
2897.954	3994
2899.807	4143
2901.66	3962
2903.51	4076
2905.362	4017
2907.214	4085
2909.065	4032
2910.915	4098
2912.765	4065
2914.613	4051
2916.463	4076
2918.311	4143
2920.158	4089
2922.006	4196
2923.853	4011
2925.698	4207
2927.546	4234
2929.392	4217
2931.236	4256
2933.081	4193
2934.924	4226
2936.77	4293
2938.613	4325
2940.455	4323
2942.298	4404
2944.139	4294
2945.982	4354
2947.823	4392
2949.662	4277
2951.503	4264
2953.342	4311
2955.182	4258
2957.021	4240
2958.858	4197
2960.697	4249
2962.534	4276
2964.37	4238
2966.207	4050
2968.044	4122
2969.879	4141
2971.714	4157
2973.548	4103
2975.383	4055
2977.218	4123
2979.051	4079
2980.883	4030
2982.715	4067
2984.547	4072
2986.379	4066
2988.21	4031
2990.04	4006
2991.87	3968
2993.7	3970
2995.53	3969
2997.359	3961
2999.187	3927
3001.015	3989
3002.842	3906
3004.669	3870
3006.497	3843
3008.323	3918
3010.148	3782
3011.974	3856
3013.797	3874
3015.623	3811
3017.447	3835
3019.27	3866
3021.094	3788
3022.915	3870
3024.737	3748
3026.56	3806
3028.38	3704
3030.201	3758
3032.022	3785
3033.84	3716
3035.662	3718
3037.481	3729
3039.298	3727
3041.117	3845
3042.933	3761
3044.752	3683
3046.568	3778
3048.385	3673
3050.2	3720
3052.016	3705
3053.83	3729
3055.646	3715
3057.46	3704
3059.272	3654
3061.086	3745
3062.898	3689
3064.711	3740
3066.524	3787
3068.335	3718
3070.145	3663
3071.956	3769
3073.766	3668
3075.576	3592
3077.385	3602
3079.193	3595
3081.002	3634
3082.81	3607
3084.618	3631
3086.425	3657
3088.231	3625
3090.036	3602
3091.842	3700
3093.648	3730
3095.452	3645
3097.257	3591
3099.06	3681
3100.863	3619
3102.666	3613
3104.47	3599
3106.272	3650
3108.073	3721
3109.875	3666
3111.676	3588
3113.477	3527
3115.277	3579
3117.077	3621
3118.874	3572
3120.673	3531
3122.473	3659
3124.271	3539
3126.066	3658
3127.863	3622
3129.66	3627
3131.456	3484
3133.252	3607
3135.047	3565
3136.842	3640
3138.635	3553
3140.429	3558
3142.223	3530
3144.016	3661
3145.808	3484
3147.6	3509
3149.392	3511
3151.183	3542
3152.975	3577
3154.765	3600
3156.553	3536
3158.344	3502
3160.132	3497
3161.922	3557
3163.71	3542
3165.497	3544
3167.285	3534
3169.071	3551
3170.858	3545
3172.645	3514
3174.429	3520
3176.214	3511
3177.998	3549
3179.783	3523
3181.568	3536
3183.351	3511
3185.133	3488
3186.915	3562
3188.698	3469
3190.481	3538
3192.261	3460
3194.042	3525
3195.822	3581
3197.601	3480
3199.381	3594
3201.161	3509
3202.939	3540
3204.717	3422
3206.495	3525
3208.272	3436
3210.05	3493
3211.826	3519
3213.602	3537
3215.376	3520
3217.151	3497
3218.927	3499
3220.702	3471
3222.476	3458
3224.249	3545
3226.021	3459
3227.793	3503
3229.567	3564
3231.339	3528
3233.109	3504
3234.88	3469
3236.651	3538
3238.421	3548
3240.191	3472
3241.96	3535
3243.728	3477
3245.497	3479
3247.263	3486
3249.033	3491
3250.799	3452
3252.566	3550
3254.331	3465
3256.097	3388
3257.863	3419
3259.628	3500
3261.392	3542
3263.156	3511
3264.919	3432
3266.683	3458
3268.447	3458
3270.208	3484
3271.969	3434
3273.731	3490
3275.492	3501
3277.253	3487
3279.013	3572
3280.773	3435
3282.532	3473
3284.291	3487
3286.05	3453
3287.808	3419
3289.566	3533
3291.323	3480
3293.079	3430
3294.835	3526
3296.593	3507
3298.348	3503
3300.102	3420
3301.857	3488
3303.611	3509
3305.366	3504
3307.119	3589
3308.872	3430
3310.624	3436
3312.376	3516
3314.129	3369
3315.881	3477
3317.631	3526
3319.38	3478
3321.13	3504
3322.88	3529
3324.631	3375
3326.379	3469
3328.126	3475
3329.875	3405
3331.622	3437
3333.371	3447
3335.116	3489
3336.863	3477
3338.609	3368
3340.353	3452
3342.1	3495
3343.845	3371
3345.588	3455
3347.332	3401
3349.074	3501
3350.817	3439
3352.56	3487
3354.303	3462
3356.043	3422
3357.785	3475
3359.525	3432
3361.268	3491
3363.007	3493
3364.745	3459
3366.485	3432
3368.223	3498
3369.962	3360
3371.701	3381
3373.438	3451
3375.174	3466
3376.911	3353
3378.647	3460
3380.384	3410
3382.118	3426
3383.854	3339
3385.588	3331
3387.322	3377
3389.057	3387
3390.79	3382
3392.522	3385
3394.255	3449
3395.987	3337
3397.719	3371
3399.451	3387
3401.181	3384
3402.911	3387
3404.641	3372
3406.371	3308
3408.101	3361
3409.83	3399
3411.558	3414
3413.285	3358
3415.011	3377
3416.739	3437
3418.467	3292
3420.193	3304
3421.919	3291
3423.644	3396
3425.368	3365
3427.094	3300
3428.818	3317
3430.542	3312
3432.264	3308
3433.987	3344
3435.712	3287
3437.434	3366
3439.155	3301
3440.876	3352
3442.596	3273
3444.317	3292
3446.039	3314
3447.757	3345
3449.477	3331
3451.195	3316
3452.914	3339
3454.632	3195
3456.35	3275
3458.067	3334
3459.784	3256
3461.5	3319
3463.216	3257
3464.932	3320
3466.647	3297
3468.362	3304
3470.076	3311
3471.789	3289
3473.505	3343
3475.217	3346
3476.929	3249
3478.641	3268
3480.354	3264
3482.066	3274
3483.777	3255
3485.487	3204
3487.197	3202
3488.908	3271
3490.617	3263
3492.327	3246
3494.035	3205
3495.743	3206
3497.451	3161
3499.158	3273
3500.866	3249
3502.572	3237
3504.278	3263
3505.984	3205
3507.689	3136
3509.396	3226
3511.1	3204
3512.804	3197
3514.508	3253
3516.211	3212
3517.913	3111
3519.616	3169
3521.319	3208
3523.021	3235
3524.722	3186
3526.422	3147
3528.124	3186
3529.824	3166
3531.524	3184
3533.222	3108
3534.921	3177
3536.62	3214
3538.318	3152
3540.016	3200
3541.714	3202
3543.41	3140
3545.107	3220
3546.803	3133
3548.5	3150
3550.194	3129
3551.889	3172
3553.583	3152
3555.279	3087
3556.972	3179
3558.666	3166
3560.358	3134
3562.051	3072
3563.742	3141
3565.435	3016
3567.126	3080
3568.817	3152
3570.507	3204
3572.197	3112
3573.888	3121
3575.577	3119
3577.265	3153
3578.954	3153
3580.642	3118
3582.329	3186
3584.017	3153
3585.704	3167
3587.391	3051
3589.077	3129
3590.762	3015
3592.449	3071
3594.133	3094
3595.817	3090
3597.501	3081
3599.185	3027
3600.869	3057
3602.552	3112
3604.234	3112
3605.916	3061
3607.598	3096
3609.279	3060
3610.961	2985
3612.642	3070
3614.321	3073
3616	3073
3617.68	3093
3619.36	3033
3621.039	3079
3622.716	3034
3624.394	3064
3626.071	3039
3627.748	3082
3629.425	2951
3631.102	3023
3632.778	3040
3634.452	2978
3636.127	3033
3637.803	3023
3639.477	3008
3641.151	2928
3642.823	3039
3644.497	3022
3646.171	2929
3647.842	3035
3649.515	3019
3651.185	3034
3652.857	2902
3654.527	2937
3656.198	2945
3657.868	2939
3659.537	2977
3661.207	2906
3662.875	2952
3664.544	2920
3666.212	2927
3667.879	2951
3669.546	2964
3671.212	2999
3672.88	3003
3674.546	2894
3676.211	2898
3677.875	2987
3679.541	2983
3681.205	2890
3682.87	2969
3684.533	2956
3686.196	2920
3687.859	2914
3689.521	2896
3691.184	2876
3692.845	2922
3694.507	2919
3696.167	2957
3697.827	2934
3699.487	2937
3701.148	2973
3702.808	2916
3704.466	2992
3706.125	3024
3707.783	2841
3709.442	2966
3711.099	3010
3712.757	2911
3714.412	3002
3716.068	2876
3717.725	2916
3719.381	2925
3721.036	2950
3722.689	2940
3724.344	2926
3725.998	2927
3727.652	2891
3729.305	2840
3730.958	2888
3732.61	2888
3734.262	2855
3735.915	2810
3737.565	2884
3739.217	2924
3740.866	2840
3742.516	2924
3744.165	2873
3745.816	2827
3747.464	2881
3749.113	2868
3750.761	2855
3752.409	2866
3754.057	2876
3755.703	2839
3757.35	2899
3758.996	2836
3760.641	2798
3762.289	2832
3763.933	2849
3765.577	2854
3767.222	2797
3768.865	2879
3770.508	2874
3772.152	2798
3773.796	2862
3775.438	2827
3777.079	2844
3778.721	2735
3780.363	2867
3782.003	2852
3783.643	2807
3785.283	2897
3786.923	2866
3788.563	2774
3790.203	2695
3791.841	2852
3793.479	2840
3795.115	2844
3796.753	2794
3798.391	2791
3800.027	2791
3801.664	2839
3803.299	2815
3804.935	2833
3806.571	2765
3808.206	2758
3809.839	2808
3811.473	2761
3813.107	2810
3814.74	2699
3816.375	2801
3818.006	2795
3819.638	2780
3821.27	2784
3822.9	2817
3824.532	2793
3826.163	2819
3827.792	2842
3829.423	2788
3831.051	2745
3832.682	2724
3834.311	2785
3835.938	2763
3837.566	2729
3839.193	2710
3840.821	2719
3842.448	2757
3844.075	2731
3845.7	2775
3847.325	2753
3848.951	2765
3850.576	2702
3852.201	2766
3853.825	2674
3855.448	2674
3857.072	2689
3858.694	2761
3860.318	2739
3861.939	2755
3863.562	2707
3865.183	2720
3866.804	2702
3868.426	2741
3870.045	2745
3871.666	2655
3873.285	2635
3874.904	2716
3876.524	2754
3878.142	2750
3879.76	2688
3881.378	2669
3882.995	2607
3884.612	2694
3886.229	2648
3887.845	2685
3889.461	2683
3891.076	2701
3892.691	2715
3894.307	2719
3895.922	2721
3897.536	2712
3899.149	2606
3900.761	2624
3902.374	2728
3903.988	2742
3905.6	2663
3907.212	2676
3908.822	2618
3910.433	2668
3912.045	2692
3913.655	2690
3915.265	2673
3916.875	2688
3918.483	2670
3920.093	2687
3921.702	2637
3923.309	2693
3924.917	2692
3926.523	2659
3928.13	2618
3929.739	2631
3931.344	2682
3932.95	2685
3934.555	2668
3936.159	2679
3937.766	2740
3939.369	2631
3940.974	2645
3942.577	2731
3944.181	2699
3945.783	2586
3947.386	2639
3948.989	2655
3950.59	2648
3952.191	2626
3953.791	2663
3955.394	2634
3956.994	2617
3958.593	2653
3960.192	2657
3961.791	2583
3963.392	2616
3964.99	2581
3966.588	2641
3968.185	2621
3969.782	2624
3971.379	2658
3972.976	2609
3974.572	2666
3976.168	2652
3977.763	2564
3979.358	2575
3980.954	2577
3982.548	2572
3984.142	2537
3985.736	2542
3987.329	2542
3988.922	2592
3990.516	2526
3992.108	2584
3993.698	2540
3995.29	2538
3996.881	2568
3998.473	2567
4000.064	2666
4001.653	2607
4003.242	2581
4004.832	2528
4006.422	2587
4008.01	2534
4009.598	2577
4011.186	2481
4012.773	2502
4014.36	2567
4015.947	2514
4017.534	2558
4019.119	2564
4020.705	2530
4022.291	2546
4023.876	2569
4025.461	2524
4027.044	2501
4028.627	2504
4030.211	2512
4031.795	2431
4033.378	2528
4034.96	2494
4036.542	2458
4038.124	2470
4039.704	2528
4041.286	2529
4042.867	2477
4044.447	2421
4046.026	2514
4047.606	2485
4049.187	2524
4050.765	2507
4052.343	2539
4053.92	2479
4055.498	2464
4057.076	2495
4058.654	2521
4060.23	2526
4061.806	2549
4063.381	2484
4064.957	2460
4066.533	2489
4068.107	2458
4069.682	2445
4071.256	2459
4072.829	2405
4074.404	2434
4075.977	2490
4077.549	2505
4079.121	2445
4080.693	2442
4082.265	2453
4083.836	2444
4085.407	2502
4086.977	2439
4088.547	2443
4090.117	2452
4091.687	2399
4093.256	2463
4094.825	2468
4096.392	2477
4097.96	2394
4099.528	2397
4101.097	2398
4102.663	2460
4104.229	2457
4105.795	2442
4107.361	2444
4108.928	2426
4110.493	2476
4112.058	2429
4113.621	2384
4115.186	2427
4116.75	2371
4118.313	2433
4119.876	2425
4121.438	2346
4123	2421
4124.562	2344
4126.125	2315
4127.686	2415
4129.246	2359
4130.807	2387
4132.367	2419
4133.927	2397
4135.486	2378
4137.046	2381
4138.604	2380
4140.162	2366
4141.72	2322
4143.279	2334
4144.836	2377
4146.393	2315
4147.949	2335
4149.505	2373
4151.062	2383
4152.617	2335
4154.172	2363
4155.727	2294
4157.281	2371
4158.836	2319
4160.39	2317
4161.943	2352
4163.496	2316
4165.048	2308
4166.601	2294
4168.154	2345
4169.706	2251
4171.257	2331
4172.808	2361
4174.358	2301
4175.909	2283
4177.458	2322
4179.008	2293
4180.558	2314
4182.106	2329
4183.655	2312
4185.204	2287
4186.751	2248
4188.298	2314
4189.845	2253
4191.392	2361
4192.939	2282
4194.485	2310
4196.031	2351
4197.576	2294
4199.121	2264
4200.666	2304
4202.211	2298
4203.754	2220
4205.298	2271
4206.84	2310
4208.384	2311
4209.927	2350
4211.47	2229
4213.011	2307
4214.552	2315
4216.094	2302
4217.635	2263
4219.175	2269
4220.716	2252
4222.255	2292
4223.793	2250
4225.335	2225
4226.873	2316
4228.411	2249
4229.948	2293
4231.486	2271
4233.024	2311
4234.562	2341
4236.098	2219
4237.634	2251
4239.169	2230
4240.705	2286
4242.241	2231
4243.776	2232
4245.31	2211
4246.844	2245
4248.378	2248
4249.911	2223
4251.445	2231
4252.978	2266
4254.51	2264
4256.042	2229
4257.574	2308
4259.107	2234
4260.638	2203
4262.169	2276
4263.699	2208
4265.228	2222
4266.759	2229
4268.289	2227
4269.818	2235
4271.345	2224
4272.874	2206
4274.402	2243
4275.931	2206
4277.458	2226
4278.985	2208
4280.512	2146
4282.037	2243
4283.564	2193
4285.089	2199
4286.615	2240
4288.139	2164
4289.664	2225
4291.187	2222
4292.712	2179
4294.235	2212
4295.759	2148
4297.281	2173
4298.804	2174
4300.327	2175
4301.849	2153
4303.37	2175
4304.891	2149
4306.412	2217
4307.933	2194
4309.453	2203
4310.973	2175
4312.492	2194
