398.1873	2767
400.7097	2737
403.2336	2824
405.7547	2843
408.2751	2817
410.7948	2890
413.3138	2854
415.83	2824
418.3497	2924
420.8666	2953
423.3829	2993
425.8985	2890
428.4133	2933
430.9275	2950
433.441	3047
435.9538	3009
438.4639	2968
440.9753	3019
443.4881	2912
445.9982	3091
448.5055	3017
451.0142	2941
453.5201	3021
456.0274	2989
458.5361	2955
461.04	3063
463.5453	3039
466.0478	3031
468.5517	2950
471.0549	2990
473.5574	3059
476.0572	3029
478.5584	3016
481.0568	3024
483.5545	3032
486.0557	2991
488.5521	3054
491.0478	3076
493.5449	3104
496.0392	3048
498.5349	3087
501.0299	3115
503.5222	3106
506.0139	3065
508.5048	3151
510.9991	3056
513.4887	3064
515.9777	3093
518.4659	3172
520.9534	3099
523.4403	3103
525.9306	3183
528.4161	3089
530.9009	3014
533.3851	3118
535.8687	3145
538.3535	3170
540.8356	3082
543.3171	3120
545.7979	3100
548.278	3172
550.7595	3054
553.2383	3086
555.7144	3156
558.1918	3135
560.6685	3194
563.1446	3117
565.6221	3176
568.0968	3205
570.5688	3200
573.0422	3193
575.515	3206
577.989	3122
580.4584	3182
582.9291	3264
585.3991	3179
587.8685	3230
590.3352	3202
592.8052	3165
595.2706	3207
597.7372	3245
600.2033	3204
602.6666	3213
605.1334	3245
607.5953	3259
610.0587	3226
612.5193	3184
614.9814	3183
617.4427	3277
619.9034	3216
622.3615	3190
624.8208	3234
627.2775	3266
629.7335	3206
632.1929	3161
634.6476	3225
637.1016	3185
639.5569	3199
642.0096	3265
644.4637	3198
646.9151	3256
649.3678	3199
651.8179	3196
654.2672	3159
656.7159	3227
659.166	3181
661.6154	3241
664.0622	3197
666.5082	3310
668.9537	3260
671.4005	3212
673.8445	3337
676.288	3336
678.7308	3329
681.1729	3269
683.6163	3390
686.0572	3208
688.4973	3279
690.9368	3232
693.3757	3325
695.8138	3280
698.2534	3279
700.6902	3330
703.1245	3360
705.56	3395
707.9949	3338
710.4311	3377
712.8647	3389
715.2957	3391
717.7279	3373
720.1595	3352
722.5905	3341
725.0208	3406
727.4505	3383
729.8795	3378
732.3058	3444
734.7336	3446
737.1626	3471
739.587	3415
742.0128	3406
744.4359	3416
746.8604	3489
749.2841	3523
751.7073	3358
754.1278	3460
756.5496	3436
758.9688	3544
761.3893	3502
763.8093	3474
766.2285	3452
768.6451	3525
771.0611	3464
773.4784	3493
775.895	3458
778.3091	3525
780.7244	3549
783.1371	3640
785.5493	3553
787.9626	3506
790.3754	3452
792.7856	3549
795.1951	3535
797.6039	3551
800.0121	3563
802.4236	3532
804.8306	3540
807.2369	3553
809.6425	3595
812.0475	3572
814.4538	3574
816.8575	3653
819.2606	3567
821.663	3552
824.0648	3541
826.4659	3578
828.8683	3588
831.2682	3537
833.6674	3583
836.066	3617
838.4639	3548
840.8632	3597
843.2579	3646
845.6539	3612
848.0493	3591
850.444	3659
852.84	3615
855.2315	3613
857.6243	3661
860.0165	3657
862.4081	3710
864.797	3681
867.1892	3598
869.5789	3551
871.9659	3576
874.3542	3609
876.74	3653
879.129	3620
881.5155	3634
883.8994	3642
886.2845	3579
888.6671	3598
891.051	3551
893.4343	3583
895.8169	3628
898.197	3597
900.5783	3641
902.9571	3587
905.3372	3663
907.7167	3654
910.0936	3670
912.4698	3609
914.8474	3696
917.2244	3804
919.5987	3774
921.9744	3814
924.3475	3657
926.72	3797
929.0918	3581
931.4669	3740
933.8375	3770
936.2074	3798
938.5767	3831
940.9454	3827
943.3154	3823
945.6829	3900
948.0497	3954
950.4178	4064
952.7833	4088
955.1483	4282
957.5145	4213
959.8782	4352
962.2412	4321
964.6036	4294
966.9655	4112
969.3266	4050
971.6871	4002
974.0471	3841
976.4064	3837
978.765	3768
981.125	3817
983.4824	3797
985.8373	3764
988.1935	3726
990.549	3740
992.9039	3746
995.2602	3686
997.6119	3772
999.965	3802
1002.317	3780
1004.667	3794
1007.02	3797
1009.371	3814
1011.719	3688
1014.068	3754
1016.415	3818
1018.765	3733
1021.111	3804
1023.458	3843
1025.804	3806
1028.147	3769
1030.49	3866
1032.837	3782
1035.179	3770
1037.522	3827
1039.862	3790
1042.204	3840
1044.546	3880
1046.884	3872
1049.224	3752
1051.562	3823
1053.899	3870
1056.237	3821
1058.575	3811
1060.91	3849
1063.244	3800
1065.58	3929
1067.913	3923
1070.248	3813
1072.579	3957
1074.911	3973
1077.242	3797
1079.572	3871
1081.905	3841
1084.234	3890
1086.562	3867
1088.89	3795
1091.217	3811
1093.544	3911
1095.871	3841
1098.197	3856
1100.521	3898
1102.845	3815
1105.169	3747
1107.491	3873
1109.814	3856
1112.135	3859
1114.456	3893
1116.776	3803
1119.096	3913
1121.415	3895
1123.734	3935
1126.052	3916
1128.369	3811
1130.686	3850
1133.002	3916
1135.318	3959
1137.632	3856
1139.945	3973
1142.258	3929
1144.573	3897
1146.884	3815
1149.196	3895
1151.505	3930
1153.816	3888
1156.124	3907
1158.435	3877
1160.742	3905
1163.051	3891
1165.356	3935
1167.663	3867
1169.97	3891
1172.276	3889
1174.579	3914
1176.881	3835
1179.186	3888
1181.487	3879
1183.79	3926
1186.092	3904
1188.392	3892
1190.691	3864
1192.991	3788
1195.291	3919
1197.588	3979
1199.885	3857
1202.181	3976
1204.479	3924
1206.775	3910
1209.07	3858
1211.363	3978
1213.656	3935
1215.949	3921
1218.241	3906
1220.534	3931
1222.825	3922
1225.115	4011
1227.405	3934
1229.693	3954
1231.984	3953
1234.271	3987
1236.558	4009
1238.845	4033
1241.131	3986
1243.416	4082
1245.703	3988
1247.987	4057
1250.269	4062
1252.552	4007
1254.834	4079
1257.118	4066
1259.399	4051
1261.678	4050
1263.958	4001
1266.237	3961
1268.516	3981
1270.794	3936
1273.072	4059
1275.347	4005
1277.624	4015
1279.899	4002
1282.175	4011
1284.449	3974
1286.722	4048
1288.995	4066
1291.266	3982
1293.54	3968
1295.81	3989
1298.081	3926
1300.35	3939
1302.62	4051
1304.889	4109
1307.156	4004
1309.425	4082
1311.69	4055
1313.957	4024
1316.222	4038
1318.488	4052
1320.751	4000
1323.016	3970
1325.278	4051
1327.54	4046
1329.803	4033
1332.065	3918
1334.325	4105
1336.584	4021
1338.843	3983
1341.101	3960
1343.36	4013
1345.617	3995
1347.876	4038
1350.131	4067
1352.387	4037
1354.643	4032
1356.897	4030
1359.151	4053
1361.403	4020
1363.656	4067
1365.909	4078
1368.16	3989
1370.409	3978
1372.659	4008
1374.909	4091
1377.157	4159
1379.407	3963
1381.655	4109
1383.9	4113
1386.147	4161
1388.393	3996
1390.64	4062
1392.885	3955
1395.127	4078
1397.37	4078
1399.614	4145
1401.854	4084
1404.098	4125
1406.339	4131
1408.578	4078
1410.818	4123
1413.056	4153
1415.297	4105
1417.533	4083
1419.771	3996
1422.006	4142
1424.243	4113
1426.479	4194
1428.715	4114
1430.948	4186
1433.182	4077
1435.414	4227
1437.647	4243
1439.88	4176
1442.11	4190
1444.342	4150
1446.571	4214
1448.799	4105
1451.029	4263
1453.258	4138
1455.485	4202
1457.711	4192
1459.937	4186
1462.164	4190
1464.39	4227
1466.614	4186
1468.838	4166
1471.06	4167
1473.283	4164
1475.506	4140
1477.727	4150
1479.949	4108
1482.169	4010
1484.389	4081
1486.609	4103
1488.828	4170
1491.045	4115
1493.261	4147
1495.477	4013
1497.693	4046
1499.91	4071
1502.125	4114
1504.339	4097
1506.553	4143
1508.766	4079
1510.979	4036
1513.191	4057
1515.402	4169
1517.613	4142
1519.823	4139
1522.033	4131
1524.242	4086
1526.451	4149
1528.657	4123
1530.865	4136
1533.072	3995
1535.278	4138
1537.484	4111
1539.687	4105
1541.892	4152
1544.096	4110
1546.299	4087
1548.502	4145
1550.703	4133
1552.905	4176
1555.104	4025
1557.303	4147
1559.505	4047
1561.703	4151
1563.902	4145
1566.099	4158
1568.295	4141
1570.494	4192
1572.689	4155
1574.883	4077
1577.079	4193
1579.272	4164
1581.467	4251
1583.659	4221
1585.853	4139
1588.044	4173
1590.234	4181
1592.424	4224
1594.615	4240
1596.806	4246
1598.994	4278
1601.182	4202
1603.369	4277
1605.557	4225
1607.744	4257
1609.929	4253
1612.114	4280
1614.298	4260
1616.482	4291
1618.667	4333
1620.85	4256
1623.032	4266
1625.214	4283
1627.395	4258
1629.575	4268
1631.755	4351
1633.935	4277
1636.114	4243
1638.292	4251
1640.471	4304
1642.647	4313
1644.823	4312
1647	4217
1649.175	4382
1651.348	4274
1653.525	4315
1655.698	4328
1657.87	4327
1660.043	4300
1662.213	4319
1664.387	4302
1666.558	4315
1668.727	4312
1670.896	4266
1673.064	4234
1675.233	4324
1677.401	4392
1679.569	4352
1681.735	4327
1683.902	4393
1686.066	4236
1688.233	4344
1690.397	4341
1692.559	4249
1694.723	4249
1696.885	4282
1699.048	4288
1701.21	4140
1703.37	4278
1705.53	4253
1707.689	4321
1709.849	4302
1712.009	4266
1714.166	4199
1716.323	4294
1718.479	4273
1720.634	4295
1722.793	4336
1724.948	4396
1727.102	4178
1729.255	4321
1731.408	4285
1733.562	4259
1735.714	4299
1737.865	4293
1740.016	4305
1742.166	4204
1744.316	4300
1746.467	4236
1748.616	4381
1750.764	4247
1752.911	4324
1755.056	4346
1757.205	4326
1759.35	4350
1761.496	4280
1763.641	4288
1765.785	4286
1767.927	4325
1770.072	4406
1772.214	4313
1774.355	4384
1776.496	4346
1778.637	4387
1780.778	4321
1782.918	4258
1785.057	4380
1787.194	4333
1789.333	4347
1791.472	4315
1793.608	4325
1795.745	4335
1797.879	4319
1800.015	4309
1802.148	4397
1804.284	4370
1806.417	4334
1808.548	4405
1810.682	4340
1812.812	4428
1814.946	4387
1817.075	4359
1819.205	4287
1821.335	4328
1823.463	4345
1825.59	4368
1827.721	4332
1829.847	4244
1831.973	4323
1834.098	4375
1836.223	4280
1838.351	4376
1840.475	4367
1842.598	4250
1844.721	4426
1846.843	4346
1848.966	4341
1851.087	4363
1853.21	4294
1855.33	4379
1857.449	4311
1859.568	4338
1861.688	4338
1863.806	4337
1865.924	4344
1868.039	4327
1870.155	4237
1872.273	4365
1874.388	4346
1876.503	4308
1878.617	4372
1880.73	4322
1882.844	4291
1884.956	4317
1887.068	4310
1889.18	4308
1891.291	4329
1893.4	4304
1895.511	4404
1897.621	4410
1899.73	4363
1901.837	4380
1903.944	4335
1906.053	4386
1908.159	4482
1910.265	4405
1912.369	4379
1914.474	4403
1916.577	4331
1918.683	4373
1920.785	4382
1922.888	4436
1924.989	4374
1927.091	4483
1929.193	4408
1931.294	4346
1933.393	4407
1935.493	4382
1937.59	4398
1939.689	4426
1941.788	4412
1943.884	4413
1945.98	4465
1948.077	4440
1950.171	4401
1952.267	4425
1954.361	4395
1956.455	4405
1958.548	4357
1960.64	4399
1962.733	4341
1964.824	4440
1966.915	4402
1969.005	4487
1971.096	4467
1973.185	4422
1975.275	4386
1977.363	4429
1979.45	4465
1981.537	4407
1983.623	4446
1985.711	4473
1987.796	4461
1989.881	4413
1991.965	4364
1994.047	4443
1996.132	4436
1998.215	4344
2000.297	4390
2002.378	4434
2004.46	4463
2006.54	4414
2008.62	4407
2010.7	4430
2012.779	4423
2014.858	4397
2016.934	4373
2019.013	4437
2021.09	4377
2023.165	4336
2025.241	4333
2027.317	4397
2029.39	4394
2031.466	4367
2033.538	4329
2035.612	4477
2037.683	4438
2039.755	4405
2041.827	4403
2043.898	4482
2045.968	4523
2048.038	4433
2050.106	4429
2052.177	4471
2054.244	4433
2056.313	4428
2058.379	4369
2060.444	4426
2062.511	4453
2064.577	4379
2066.641	4510
2068.705	4440
2070.77	4518
2072.832	4523
2074.896	4406
2076.958	4406
2079.02	4372
2081.081	4381
2083.141	4411
2085.2	4348
2087.261	4452
2089.319	4397
2091.377	4441
2093.435	4450
2095.492	4466
2097.552	4406
2099.607	4427
2101.663	4369
2103.718	4404
2105.771	4329
2107.826	4413
2109.879	4411
2111.932	4547
2113.985	4441
2116.037	4434
2118.088	4448
2120.141	4452
2122.191	4442
2124.239	4464
2126.288	4448
2128.337	4380
2130.387	4405
2132.434	4451
2134.481	4423
2136.528	4466
2138.574	4445
2140.618	4455
2142.665	4405
2144.71	4421
2146.753	4546
2148.797	4563
2150.838	4353
2152.883	4403
2154.923	4481
2156.965	4387
2159.007	4477
2161.046	4513
2163.086	4424
2165.126	4391
2167.163	4473
2169.202	4373
2171.239	4377
2173.277	4395
2175.314	4305
2177.349	4328
2179.385	4462
2181.42	4376
2183.453	4327
2185.49	4380
2187.522	4466
2189.555	4396
2191.586	4453
2193.619	4329
2195.651	4378
2197.682	4331
2199.711	4340
2201.74	4399
2203.769	4397
2205.799	4299
2207.828	4356
2209.855	4376
2211.882	4347
2213.908	4357
2215.934	4334
2217.961	4332
2219.986	4352
2222.01	4372
2224.034	4419
2226.057	4255
2228.08	4342
2230.104	4400
2232.124	4388
2234.145	4331
2236.166	4349
2238.186	4370
2240.207	4353
2242.227	4305
2244.244	4389
2246.262	4399
2248.28	4374
2250.299	4335
2252.314	4403
2254.33	4432
2256.346	4405
2258.36	4423
2260.375	4396
2262.391	4377
2264.403	4345
2266.416	4390
2268.427	4435
2270.44	4404
2272.453	4346
2274.463	4350
2276.474	4344
2278.483	4300
2280.493	4359
2282.501	4386
2284.51	4363
2286.518	4453
2288.524	4421
2290.532	4450
2292.537	4324
2294.544	4382
2296.55	4426
2298.554	4360
2300.557	4413
2302.562	4292
2304.566	4370
2306.568	4435
2308.569	4321
2310.572	4381
2312.573	4334
2314.573	4371
2316.574	4409
2318.573	4462
2320.571	4498
2322.571	4475
2324.569	4307
2326.567	4328
2328.564	4370
2330.56	4351
2332.556	4338
2334.551	4280
2336.546	4313
2338.542	4320
2340.535	4304
2342.529	4343
2344.521	4400
2346.512	4320
2348.505	4281
2350.497	4287
2352.487	4341
2354.478	4250
2356.468	4352
2358.457	4331
2360.446	4228
2362.434	4316
2364.422	4294
2366.408	4332
2368.395	4378
2370.383	4332
2372.369	4296
2374.353	4395
2376.338	4323
2378.321	4412
2380.307	4269
2382.29	4276
2384.272	4240
2386.254	4335
2388.235	4219
2390.218	4285
2392.198	4278
2394.179	4308
2396.157	4301
2398.137	4296
2400.115	4188
2402.095	4256
2404.072	4302
2406.048	4275
2408.026	4249
2410.001	4233
2411.977	4294
2413.953	4301
2415.927	4273
2417.9	4381
2419.875	4331
2421.847	4310
2423.821	4228
2425.792	4236
2427.763	4263
2429.736	4369
2431.706	4296
2433.677	4313
2435.646	4310
2437.615	4333
2439.583	4200
2441.551	4293
2443.519	4221
2445.486	4266
2447.452	4354
2449.418	4226
2451.383	4259
2453.348	4338
2455.314	4316
2457.278	4350
2459.241	4299
2461.205	4217
2463.167	4317
2465.131	4281
2467.091	4301
2469.052	4207
2471.012	4262
2472.972	4210
2474.932	4260
2476.891	4324
2478.85	4256
2480.808	4168
2482.766	4251
2484.722	4237
2486.68	4244
2488.636	4354
2490.591	4213
2492.546	4164
2494.5	4333
2496.456	4171
2498.41	4155
2500.362	4221
2502.315	4196
2504.266	4251
2506.218	4179
2508.169	4186
2510.121	4273
2512.07	4175
2514.019	4218
2515.968	4273
2517.918	4322
2519.866	4177
2521.813	4199
2523.76	4237
2525.707	4294
2527.653	4248
2529.599	4265
2531.543	4249
2533.489	4185
2535.433	4244
2537.376	4188
2539.32	4208
2541.264	4233
2543.205	4165
2545.147	4244
2547.087	4228
2549.029	4151
2550.969	4247
2552.908	4205
2554.847	4310
2556.786	4271
2558.724	4203
2560.663	4205
2562.6	4096
2564.537	4290
2566.473	4150
2568.408	4211
2570.345	4221
2572.28	4229
2574.214	4193
2576.148	4208
2578.081	4208
2580.014	4206
2581.947	4233
2583.879	4299
2585.81	4235
2587.741	4200
2589.67	4223
2591.602	4198
2593.532	4283
2595.461	4285
2597.388	4210
2599.316	4342
2601.244	4239
2603.172	4322
2605.098	4301
2607.023	4229
2608.949	4211
2610.873	4322
2612.8	4195
2614.723	4251
2616.647	4226
2618.569	4206
2620.493	4330
2622.416	4274
2624.338	4240
2626.258	4268
2628.179	4181
2630.099	4298
2632.019	4232
2633.939	4199
2635.857	4247
2637.775	4286
2639.694	4301
2641.61	4352
2643.528	4226
2645.444	4302
2647.361	4219
2649.276	4202
2651.19	4204
2653.105	4185
2655.019	4231
2656.934	4195
2658.846	4248
2660.758	4271
2662.67	4232
2664.583	4198
2666.493	4176
2668.404	4251
2670.313	4259
2672.223	4263
2674.134	4257
2676.042	4264
2677.95	4171
2679.858	4189
2681.765	4191
2683.673	4258
2685.579	4331
2687.483	4306
2689.389	4187
2691.294	4271
2693.198	4225
2695.104	4186
2697.006	4181
2698.909	4290
2700.811	4189
2702.713	4156
2704.615	4215
2706.516	4147
2708.417	4204
2710.316	4252
2712.216	4135
2714.115	4082
2716.014	4193
2717.913	4144
2719.81	4221
2721.707	4102
2723.603	4220
2725.501	4202
2727.396	4216
2729.292	4124
2731.186	4165
2733.081	4132
2734.976	4173
2736.87	4219
2738.762	4147
2740.653	4225
2742.546	4181
2744.437	4253
2746.329	4147
2748.22	4162
2750.11	4158
2751.999	4153
2753.889	4243
2755.778	4114
2757.666	4150
2759.553	4174
2761.44	4125
2763.328	4212
2765.215	4185
2767.101	4236
2768.986	4075
2770.87	4194
2772.754	4187
2774.638	4241
2776.523	4119
2778.405	4189
2780.288	4211
2782.17	4099
2784.051	4157
2785.934	4203
2787.814	4127
2789.694	4206
2791.574	4119
2793.453	4183
2795.332	4185
2797.212	4138
2799.088	4113
2800.966	4171
2802.843	4116
2804.719	4146
2806.597	4054
2808.471	4210
2810.346	4155
2812.221	4160
2814.094	4136
2815.969	4086
2817.843	4107
2819.714	4191
2821.587	4142
2823.459	4220
2825.329	4140
2827.202	4065
2829.072	4176
2830.942	4163
2832.811	4117
2834.68	4119
2836.549	4209
2838.418	4135
2840.284	4114
2842.152	4075
2844.018	4185
2845.885	4136
2847.751	4109
2849.616	4153
2851.482	4147
2853.345	4160
2855.208	4102
2857.074	4158
2858.937	4206
2860.799	4202
2862.66	4273
2864.522	4230
2866.385	4207
2868.245	4226
2870.104	4230
2871.964	4310
2873.824	4192
2875.683	4234
2877.542	4273
2879.4	4379
2881.257	4252
2883.114	4283
2884.97	4292
2886.827	4351
2888.683	4315
2890.537	4296
2892.392	4331
2894.246	4276
2896.1	4233
2897.954	4343
2899.807	4285
2901.66	4306
2903.51	4278
2905.362	4355
2907.214	4380
2909.065	4254
2910.915	4415
2912.765	4284
2914.613	4287
2916.463	4453
2918.311	4440
2920.158	4329
2922.006	4478
2923.853	4467
2925.698	4498
2927.546	4463
2929.392	4443
2931.236	4468
2933.081	4547
2934.924	4456
2936.77	4487
2938.613	4496
2940.455	4549
2942.298	4562
2944.139	4576
2945.982	4521
2947.823	4631
2949.662	4488
2951.503	4485
2953.342	4495
2955.182	4481
2957.021	4501
2958.858	4467
2960.697	4445
2962.534	4496
2964.37	4357
2966.207	4405
2968.044	4412
2969.879	4376
2971.714	4336
2973.548	4347
2975.383	4214
2977.218	4270
2979.051	4311
2980.883	4250
2982.715	4316
2984.547	4246
2986.379	4271
2988.21	4234
2990.04	4217
2991.87	4243
2993.7	4206
2995.53	4187
2997.359	4158
2999.187	4162
3001.015	4139
3002.842	4115
3004.669	4110
3006.497	4141
3008.323	4169
3010.148	4047
3011.974	4095
3013.797	4139
3015.623	3949
3017.447	4030
3019.27	4090
3021.094	3970
3022.915	4092
3024.737	4057
3026.56	4028
3028.38	3893
3030.201	4000
3032.022	3960
3033.84	4049
3035.662	4005
3037.481	3889
3039.298	3944
3041.117	4025
3042.933	4028
3044.752	3967
3046.568	4012
3048.385	3922
3050.2	3944
3052.016	4004
3053.83	3972
3055.646	3925
3057.46	3931
3059.272	3967
3061.086	3977
3062.898	3850
3064.711	3927
3066.524	4016
3068.335	3963
3070.145	3937
3071.956	3901
3073.766	3900
3075.576	3904
3077.385	3894
3079.193	3898
3081.002	3901
3082.81	3950
3084.618	3961
3086.425	3950
3088.231	3955
3090.036	3904
3091.842	3933
3093.648	3928
3095.452	3857
3097.257	3861
3099.06	3850
3100.863	3975
3102.666	3906
3104.47	3911
3106.272	3814
3108.073	3882
3109.875	3910
3111.676	3823
3113.477	3807
3115.277	3919
3117.077	3846
3118.874	3852
3120.673	3857
3122.473	3781
3124.271	3822
3126.066	3863
3127.863	3728
3129.66	3810
3131.456	3822
3133.252	3800
3135.047	3770
3136.842	3859
3138.635	3804
3140.429	3836
3142.223	3850
3144.016	3778
3145.808	3860
3147.6	3841
3149.392	3878
3151.183	3773
3152.975	3770
3154.765	3822
3156.553	3670
3158.344	3765
3160.132	3824
3161.922	3875
3163.71	3691
3165.497	3708
3167.285	3821
3169.071	3755
3170.858	3741
3172.645	3748
3174.429	3771
3176.214	3740
3177.998	3725
3179.783	3777
3181.568	3666
3183.351	3754
3185.133	3764
3186.915	3751
3188.698	3801
3190.481	3780
3192.261	3680
3194.042	3725
3195.822	3742
3197.601	3720
3199.381	3762
3201.161	3727
3202.939	3722
3204.717	3725
3206.495	3708
3208.272	3653
3210.05	3643
3211.826	3668
3213.602	3839
3215.376	3745
3217.151	3729
3218.927	3703
3220.702	3715
3222.476	3691
3224.249	3702
3226.021	3720
3227.793	3671
3229.567	3740
3231.339	3714
3233.109	3615
3234.88	3763
3236.651	3685
3238.421	3676
3240.191	3713
3241.96	3697
3243.728	3669
3245.497	3664
3247.263	3722
3249.033	3681
3250.799	3648
3252.566	3739
3254.331	3683
3256.097	3648
3257.863	3662
3259.628	3638
3261.392	3699
3263.156	3698
3264.919	3651
3266.683	3619
3268.447	3728
3270.208	3674
3271.969	3706
3273.731	3653
3275.492	3669
3277.253	3679
3279.013	3682
3280.773	3633
3282.532	3709
3284.291	3677
3286.05	3692
3287.808	3710
3289.566	3688
3291.323	3746
3293.079	3671
3294.835	3703
3296.593	3671
3298.348	3759
3300.102	3699
3301.857	3685
3303.611	3682
3305.366	3742
3307.119	3600
3308.872	3711
3310.624	3647
3312.376	3720
3314.129	3691
3315.881	3593
3317.631	3657
3319.38	3707
3321.13	3713
3322.88	3625
3324.631	3685
3326.379	3678
3328.126	3704
3329.875	3609
3331.622	3596
3333.371	3748
3335.116	3594
3336.863	3641
3338.609	3573
3340.353	3672
3342.1	3606
3343.845	3643
3345.588	3646
3347.332	3616
3349.074	3599
3350.817	3773
3352.56	3640
3354.303	3660
3356.043	3711
3357.785	3644
3359.525	3675
3361.268	3603
3363.007	3713
3364.745	3587
3366.485	3677
3368.223	3629
3369.962	3581
3371.701	3597
3373.438	3586
3375.174	3607
3376.911	3587
3378.647	3669
3380.384	3628
3382.118	3626
3383.854	3624
3385.588	3651
3387.322	3582
3389.057	3590
3390.79	3509
3392.522	3549
3394.255	3551
3395.987	3622
3397.719	3599
3399.451	3597
3401.181	3541
3402.911	3544
3404.641	3623
3406.371	3540
3408.101	3506
3409.83	3554
3411.558	3544
3413.285	3573
3415.011	3466
3416.739	3521
3418.467	3542
3420.193	3591
3421.919	3540
3423.644	3567
3425.368	3614
3427.094	3519
3428.818	3541
3430.542	3557
3432.264	3525
3433.987	3515
3435.712	3536
3437.434	3507
3439.155	3520
3440.876	3475
3442.596	3533
3444.317	3557
3446.039	3573
3447.757	3499
3449.477	3434
3451.195	3484
3452.914	3509
3454.632	3526
3456.35	3434
3458.067	3487
3459.784	3464
3461.5	3468
3463.216	3406
3464.932	3411
3466.647	3500
3468.362	3478
3470.076	3554
3471.789	3427
3473.505	3415
3475.217	3401
3476.929	3514
3478.641	3486
3480.354	3397
3482.066	3465
3483.777	3450
3485.487	3340
3487.197	3465
3488.908	3365
3490.617	3366
3492.327	3429
3494.035	3418
3495.743	3408
3497.451	3493
3499.158	3421
3500.866	3462
3502.572	3449
3504.278	3345
3505.984	3452
3507.689	3339
3509.396	3472
3511.1	3417
3512.804	3411
3514.508	3404
3516.211	3388
3517.913	3442
3519.616	3400
3521.319	3305
3523.021	3352
3524.722	3353
3526.422	3402
3528.124	3317
3529.824	3370
3531.524	3438
3533.222	3407
3534.921	3349
3536.62	3424
3538.318	3378
3540.016	3285
3541.714	3410
3543.41	3362
3545.107	3275
3546.803	3377
3548.5	3311
3550.194	3332
3551.889	3352
3553.583	3346
3555.279	3313
3556.972	3401
3558.666	3345
3560.358	3347
3562.051	3242
3563.742	3358
3565.435	3346
3567.126	3341
3568.817	3348
3570.507	3326
3572.197	3353
3573.888	3361
3575.577	3384
3577.265	3321
3578.954	3344
3580.642	3347
3582.329	3331
3584.017	3334
3585.704	3310
3587.391	3304
3589.077	3243
3590.762	3235
3592.449	3318
3594.133	3351
3595.817	3306
3597.501	3266
3599.185	3204
3600.869	3200
3602.552	3248
3604.234	3279
3605.916	3248
3607.598	3259
3609.279	3170
3610.961	3194
3612.642	3276
3614.321	3224
3616	3243
3617.68	3161
3619.36	3238
3621.039	3244
3622.716	3256
3624.394	3254
3626.071	3129
3627.748	3198
3629.425	3207
3631.102	3212
3632.778	3156
3634.452	3210
3636.127	3162
3637.803	3223
3639.477	3193
3641.151	3241
3642.823	3116
3644.497	3166
3646.171	3202
3647.842	3144
3649.515	3146
3651.185	3082
3652.857	3154
3654.527	3155
3656.198	3189
3657.868	3204
3659.537	3138
3661.207	3172
3662.875	3168
3664.544	3150
3666.212	3184
3667.879	3113
3669.546	3020
3671.212	3133
3672.88	3102
3674.546	3132
3676.211	3094
3677.875	3231
3679.541	3146
3681.205	3140
3682.87	3243
3684.533	3145
3686.196	3132
3687.859	3118
3689.521	3096
3691.184	3165
3692.845	3062
3694.507	3130
3696.167	3189
3697.827	3074
3699.487	3140
3701.148	3161
3702.808	3156
3704.466	3020
3706.125	3130
3707.783	3103
3709.442	3078
3711.099	3070
3712.757	3113
3714.412	2993
3716.068	3125
3717.725	3040
3719.381	3131
3721.036	3117
3722.689	3066
3724.344	3148
3725.998	3045
3727.652	3073
3729.305	3082
3730.958	3061
3732.61	3103
3734.262	3052
3735.915	3136
3737.565	3006
3739.217	2987
3740.866	3087
3742.516	3137
3744.165	3043
3745.816	2992
3747.464	3010
3749.113	3087
3750.761	3051
3752.409	2992
3754.057	3028
3755.703	3069
3757.35	3070
3758.996	3003
3760.641	3044
3762.289	2952
3763.933	3051
3765.577	2976
3767.222	2968
3768.865	2997
3770.508	3009
3772.152	2957
3773.796	3058
3775.438	3051
3777.079	2991
3778.721	3082
3780.363	2933
3782.003	3024
3783.643	2948
3785.283	2982
3786.923	3003
3788.563	2995
3790.203	2996
3791.841	2937
3793.479	2998
3795.115	2988
3796.753	2980
3798.391	2931
3800.027	3018
3801.664	3017
3803.299	2930
3804.935	2874
3806.571	3002
3808.206	2926
3809.839	2941
3811.473	2961
3813.107	2993
3814.74	2981
3816.375	2977
3818.006	2911
3819.638	2923
3821.27	2967
3822.9	2848
3824.532	2956
3826.163	2965
3827.792	2853
3829.423	2924
3831.051	2901
3832.682	3020
3834.311	2997
3835.938	2958
3837.566	2848
3839.193	2901
3840.821	2910
3842.448	2900
3844.075	2790
3845.7	2879
3847.325	2860
3848.951	2957
3850.576	2958
3852.201	2853
3853.825	2897
3855.448	2884
3857.072	2863
3858.694	2902
3860.318	2910
3861.939	2898
3863.562	2876
3865.183	2842
3866.804	2877
3868.426	2848
3870.045	2882
3871.666	2854
3873.285	2825
3874.904	2784
3876.524	2828
3878.142	2791
3879.76	2812
3881.378	2845
3882.995	2830
3884.612	2792
3886.229	2832
3887.845	2869
3889.461	2873
3891.076	2803
3892.691	2845
3894.307	2887
3895.922	2875
3897.536	2804
3899.149	2824
3900.761	2811
3902.374	2938
3903.988	2857
3905.6	2836
3907.212	2881
3908.822	2787
3910.433	2842
3912.045	2814
3913.655	2783
3915.265	2768
3916.875	2791
3918.483	2827
3920.093	2828
3921.702	2810
3923.309	2784
3924.917	2892
3926.523	2793
3928.13	2795
3929.739	2857
3931.344	2876
3932.95	2789
3934.555	2788
3936.159	2839
3937.766	2785
3939.369	2772
3940.974	2781
3942.577	2804
3944.181	2860
3945.783	2780
3947.386	2820
3948.989	2800
3950.59	2789
3952.191	2777
3953.791	2770
3955.394	2768
3956.994	2834
3958.593	2725
3960.192	2690
3961.791	2752
3963.392	2756
3964.99	2749
3966.588	2731
3968.185	2794
3969.782	2802
3971.379	2745
3972.976	2778
3974.572	2757
3976.168	2732
3977.763	2706
3979.358	2781
3980.954	2773
3982.548	2680
3984.142	2729
3985.736	2771
3987.329	2723
3988.922	2742
3990.516	2689
3992.108	2680
3993.698	2735
3995.29	2683
3996.881	2677
3998.473	2708
4000.064	2724
4001.653	2690
4003.242	2705
4004.832	2710
4006.422	2678
4008.01	2677
4009.598	2670
4011.186	2679
4012.773	2660
4014.36	2625
4015.947	2666
4017.534	2731
4019.119	2639
4020.705	2682
4022.291	2692
4023.876	2644
4025.461	2664
4027.044	2608
4028.627	2583
4030.211	2611
4031.795	2679
4033.378	2600
4034.96	2655
4036.542	2646
4038.124	2663
4039.704	2639
4041.286	2585
4042.867	2652
4044.447	2612
4046.026	2658
4047.606	2616
4049.187	2588
4050.765	2607
4052.343	2623
4053.92	2621
4055.498	2608
4057.076	2661
4058.654	2543
4060.23	2603
4061.806	2608
4063.381	2557
4064.957	2551
4066.533	2582
4068.107	2582
4069.682	2541
4071.256	2579
4072.829	2604
4074.404	2618
4075.977	2531
4077.549	2579
4079.121	2552
4080.693	2582
4082.265	2620
4083.836	2586
4085.407	2566
4086.977	2575
4088.547	2505
4090.117	2554
4091.687	2575
4093.256	2613
4094.825	2597
4096.392	2565
4097.96	2546
4099.528	2587
4101.097	2574
4102.663	2534
4104.229	2559
4105.795	2581
4107.361	2480
4108.928	2530
4110.493	2557
4112.058	2567
4113.621	2516
4115.186	2522
4116.75	2554
4118.313	2559
4119.876	2542
4121.438	2543
4123	2501
4124.562	2571
4126.125	2516
4127.686	2541
4129.246	2460
4130.807	2533
4132.367	2541
4133.927	2513
4135.486	2500
4137.046	2450
4138.604	2514
4140.162	2506
4141.72	2512
4143.279	2523
4144.836	2485
4146.393	2513
4147.949	2525
4149.505	2461
4151.062	2544
4152.617	2441
4154.172	2479
4155.727	2452
4157.281	2470
4158.836	2457
4160.39	2382
4161.943	2429
4163.496	2462
4165.048	2471
4166.601	2413
4168.154	2413
4169.706	2444
4171.257	2463
4172.808	2444
4174.358	2477
4175.909	2398
4177.458	2404
4179.008	2429
4180.558	2427
4182.106	2454
4183.655	2449
4185.204	2466
4186.751	2449
4188.298	2434
4189.845	2446
4191.392	2425
4192.939	2456
4194.485	2455
4196.031	2373
4197.576	2404
4199.121	2385
4200.666	2338
4202.211	2385
4203.754	2381
4205.298	2399
4206.84	2413
4208.384	2328
4209.927	2377
4211.47	2426
4213.011	2363
4214.552	2395
4216.094	2369
4217.635	2426
4219.175	2391
4220.716	2387
4222.255	2325
4223.793	2351
4225.335	2373
4226.873	2309
4228.411	2426
4229.948	2340
4231.486	2371
4233.024	2289
4234.562	2371
4236.098	2329
4237.634	2376
4239.169	2304
4240.705	2306
4242.241	2306
4243.776	2348
4245.31	2374
4246.844	2364
4248.378	2359
4249.911	2348
4251.445	2351
4252.978	2315
4254.51	2290
4256.042	2345
4257.574	2339
4259.107	2364
4260.638	2328
4262.169	2341
4263.699	2388
4265.228	2317
4266.759	2312
4268.289	2313
4269.818	2283
4271.345	2269
4272.874	2325
4274.402	2348
4275.931	2331
4277.458	2357
4278.985	2324
4280.512	2328
4282.037	2258
4283.564	2341
4285.089	2279
4286.615	2284
4288.139	2365
4289.664	2304
4291.187	2333
4292.712	2329
4294.235	2347
4295.759	2258
4297.281	2272
4298.804	2315
4300.327	2311
4301.849	2269
4303.37	2290
4304.891	2232
4306.412	2244
4307.933	2239
4309.453	2246
4310.973	2211
4312.492	2275
