398.1873	4503
400.7097	4450
403.2336	4453
405.7547	4505
408.2751	4482
410.7948	4445
413.3138	4515
415.83	4596
418.3497	4618
420.8666	4614
423.3829	4557
425.8985	4646
428.4133	4688
430.9275	4678
433.441	4697
435.9538	4783
438.4639	4679
440.9753	4665
443.4881	4653
445.9982	4707
448.5055	4824
451.0142	4830
453.5201	4706
456.0274	4876
458.5361	4770
461.04	4748
463.5453	4759
466.0478	4776
468.5517	4791
471.0549	4849
473.5574	4773
476.0572	4763
478.5584	4853
481.0568	4865
483.5545	4835
486.0557	4844
488.5521	4825
491.0478	4814
493.5449	4831
496.0392	4911
498.5349	4853
501.0299	4974
503.5222	5013
506.0139	4968
508.5048	4942
510.9991	4865
513.4887	4981
515.9777	5069
518.4659	5052
520.9534	5036
523.4403	4887
525.9306	5038
528.4161	4925
530.9009	5093
533.3851	4991
535.8687	5015
538.3535	4973
540.8356	4976
543.3171	5002
545.7979	4912
548.278	4941
550.7595	4965
553.2383	4990
555.7144	4908
558.1918	4968
560.6685	5076
563.1446	5096
565.6221	4976
568.0968	5005
570.5688	5006
573.0422	5054
575.515	5120
577.989	5177
580.4584	5209
582.9291	5087
585.3991	5238
587.8685	5229
590.3352	5179
592.8052	5119
595.2706	5232
597.7372	5184
600.2033	5066
602.6666	5201
605.1334	5131
607.5953	5163
610.0587	5139
612.5193	5199
614.9814	5188
617.4427	5144
619.9034	5080
622.3615	5019
624.8208	5129
627.2775	5081
629.7335	5165
632.1929	5197
634.6476	5070
637.1016	5181
639.5569	5211
642.0096	5217
644.4637	5099
646.9151	5152
649.3678	5195
651.8179	5168
654.2672	5162
656.7159	5167
659.166	5215
661.6154	5265
664.0622	5241
666.5082	5262
668.9537	5311
671.4005	5343
673.8445	5282
676.288	5304
678.7308	5325
681.1729	5374
683.6163	5368
686.0572	5281
688.4973	5318
690.9368	5354
693.3757	5359
695.8138	5275
698.2534	5413
700.6902	5302
703.1245	5417
705.56	5482
707.9949	5271
710.4311	5360
712.8647	5373
715.2957	5367
717.7279	5489
720.1595	5418
722.5905	5449
725.0208	5483
727.4505	5522
729.8795	5502
732.3058	5513
734.7336	5524
737.1626	5489
739.587	5528
742.0128	5557
744.4359	5610
746.8604	5535
749.2841	5647
751.7073	5632
754.1278	5562
756.5496	5718
758.9688	5739
761.3893	5750
763.8093	5662
766.2285	5625
768.6451	5623
771.0611	5739
773.4784	5635
775.895	5728
778.3091	5725
780.7244	5629
783.1371	5756
785.5493	5706
787.9626	5637
790.3754	5727
792.7856	5743
795.1951	5816
797.6039	5822
800.0121	5737
802.4236	5783
804.8306	5734
807.2369	5773
809.6425	5785
812.0475	5751
814.4538	5794
816.8575	5813
819.2606	5826
821.663	5803
824.0648	5795
826.4659	5853
828.8683	5683
831.2682	5821
833.6674	5750
836.066	5734
838.4639	5789
840.8632	5887
843.2579	5834
845.6539	5826
848.0493	5832
850.444	5845
852.84	5814
855.2315	5801
857.6243	5839
860.0165	5856
862.4081	5880
864.797	5770
867.1892	5814
869.5789	5869
871.9659	5848
874.3542	5823
876.74	5854
879.129	5970
881.5155	5956
883.8994	5844
886.2845	5847
888.6671	5943
891.051	5803
893.4343	5825
895.8169	5797
898.197	5953
900.5783	5811
902.9571	5838
905.3372	5882
907.7167	5820
910.0936	5845
912.4698	5872
914.8474	6012
917.2244	6004
919.5987	6090
921.9744	6098
924.3475	5968
926.72	6137
929.0918	6023
931.4669	6002
933.8375	6108
936.2074	6084
938.5767	6186
940.9454	6065
943.3154	6236
945.6829	6214
948.0497	6321
950.4178	6390
952.7833	6635
955.1483	6741
957.5145	7046
959.8782	6864
962.2412	7026
964.6036	6855
966.9655	6711
969.3266	6529
971.6871	6305
974.0471	6296
976.4064	6203
978.765	6038
981.125	5999
983.4824	6126
985.8373	6151
988.1935	6032
990.549	6026
992.9039	6091
995.2602	6022
997.6119	6062
999.965	6141
1002.317	6101
1004.667	6131
1007.02	6048
1009.371	6121
1011.719	6106
1014.068	6115
1016.415	6023
1018.765	6136
1021.111	6078
1023.458	6048
1025.804	6142
1028.147	6080
1030.49	6126
1032.837	6132
1035.179	6142
1037.522	6107
1039.862	6231
1042.204	6114
1044.546	6141
1046.884	6195
1049.224	6309
1051.562	6214
1053.899	6275
1056.237	6249
1058.575	6297
1060.91	6184
1063.244	6333
1065.58	6253
1067.913	6285
1070.248	6270
1072.579	6436
1074.911	6313
1077.242	6379
1079.572	6278
1081.905	6325
1084.234	6268
1086.562	6220
1088.89	6254
1091.217	6192
1093.544	6221
1095.871	6219
1098.197	6275
1100.521	6266
1102.845	6167
1105.169	6189
1107.491	6253
1109.814	6272
1112.135	6239
1114.456	6279
1116.776	6304
1119.096	6205
1121.415	6235
1123.734	6244
1126.052	6279
1128.369	6321
1130.686	6231
1133.002	6376
1135.318	6329
1137.632	6206
1139.945	6335
1142.258	6127
1144.573	6288
1146.884	6297
1149.196	6249
1151.505	6265
1153.816	6328
1156.124	6333
1158.435	6292
1160.742	6204
1163.051	6198
1165.356	6281
1167.663	6318
1169.97	6301
1172.276	6320
1174.579	6214
1176.881	6307
1179.186	6314
1181.487	6281
1183.79	6295
1186.092	6305
1188.392	6225
1190.691	6303
1192.991	6255
1195.291	6328
1197.588	6305
1199.885	6284
1202.181	6275
1204.479	6264
1206.775	6202
1209.07	6246
1211.363	6368
1213.656	6326
1215.949	6314
1218.241	6320
1220.534	6332
1222.825	6221
1225.115	6314
1227.405	6268
1229.693	6341
1231.984	6425
1234.271	6391
1236.558	6410
1238.845	6386
1241.131	6460
1243.416	6576
1245.703	6450
1247.987	6474
1250.269	6529
1252.552	6615
1254.834	6519
1257.118	6470
1259.399	6484
1261.678	6462
1263.958	6489
1266.237	6549
1268.516	6421
1270.794	6591
1273.072	6540
1275.347	6526
1277.624	6592
1279.899	6564
1282.175	6484
1284.449	6540
1286.722	6425
1288.995	6546
1291.266	6420
1293.54	6401
1295.81	6444
1298.081	6461
1300.35	6473
1302.62	6453
1304.889	6462
1307.156	6443
1309.425	6468
1311.69	6326
1313.957	6506
1316.222	6402
1318.488	6486
1320.751	6421
1323.016	6498
1325.278	6449
1327.54	6503
1329.803	6306
1332.065	6490
1334.325	6419
1336.584	6477
1338.843	6357
1341.101	6523
1343.36	6503
1345.617	6541
1347.876	6436
1350.131	6450
1352.387	6466
1354.643	6382
1356.897	6439
1359.151	6496
1361.403	6457
1363.656	6519
1365.909	6459
1368.16	6459
1370.409	6465
1372.659	6441
1374.909	6500
1377.157	6527
1379.407	6586
1381.655	6460
1383.9	6427
1386.147	6491
1388.393	6591
1390.64	6471
1392.885	6504
1395.127	6570
1397.37	6535
1399.614	6565
1401.854	6537
1404.098	6497
1406.339	6611
1408.578	6548
1410.818	6577
1413.056	6599
1415.297	6563
1417.533	6713
1419.771	6613
1422.006	6718
1424.243	6637
1426.479	6594
1428.715	6561
1430.948	6670
1433.182	6690
1435.414	6710
1437.647	6674
1439.88	6794
1442.11	6586
1444.342	6719
1446.571	6745
1448.799	6738
1451.029	6719
1453.258	6755
1455.485	6851
1457.711	6650
1459.937	6735
1462.164	6635
1464.39	6773
1466.614	6720
1468.838	6682
1471.06	6718
1473.283	6568
1475.506	6666
1477.727	6617
1479.949	6617
1482.169	6545
1484.389	6570
1486.609	6533
1488.828	6571
1491.045	6538
1493.261	6540
1495.477	6566
1497.693	6628
1499.91	6537
1502.125	6543
1504.339	6529
1506.553	6592
1508.766	6562
1510.979	6507
1513.191	6523
1515.402	6634
1517.613	6547
1519.823	6601
1522.033	6548
1524.242	6520
1526.451	6485
1528.657	6535
1530.865	6514
1533.072	6590
1535.278	6512
1537.484	6563
1539.687	6603
1541.892	6558
1544.096	6528
1546.299	6510
1548.502	6614
1550.703	6587
1552.905	6466
1555.104	6624
1557.303	6662
1559.505	6585
1561.703	6586
1563.902	6590
1566.099	6766
1568.295	6696
1570.494	6573
1572.689	6670
1574.883	6772
1577.079	6699
1579.272	6787
1581.467	6692
1583.659	6717
1585.853	6740
1588.044	6827
1590.234	6680
1592.424	6777
1594.615	6766
1596.806	6737
1598.994	6694
1601.182	6729
1603.369	6772
1605.557	6809
1607.744	6838
1609.929	6782
1612.114	6782
1614.298	6714
1616.482	6864
1618.667	6676
1620.85	6712
1623.032	6820
1625.214	6811
1627.395	6704
1629.575	6813
1631.755	6788
1633.935	6765
1636.114	6724
1638.292	6724
1640.471	6950
1642.647	6814
1644.823	6875
1647	6773
1649.175	6846
1651.348	6807
1653.525	6808
1655.698	6716
1657.87	6925
1660.043	6870
1662.213	6964
1664.387	6877
1666.558	6851
1668.727	6934
1670.896	6964
1673.064	6882
1675.233	6936
1677.401	6877
1679.569	6920
1681.735	6822
1683.902	6863
1686.066	6836
1688.233	6890
1690.397	6828
1692.559	6815
1694.723	6852
1696.885	6805
1699.048	6866
1701.21	6836
1703.37	6843
1705.53	6815
1707.689	6827
1709.849	6764
1712.009	6812
1714.166	6863
1716.323	6747
1718.479	6773
1720.634	6826
1722.793	6779
1724.948	6777
1727.102	6786
1729.255	6749
1731.408	6798
1733.562	6825
1735.714	6854
1737.865	6746
1740.016	6859
1742.166	6828
1744.316	6797
1746.467	6767
1748.616	6779
1750.764	6655
1752.911	6923
1755.056	6781
1757.205	6876
1759.35	6814
1761.496	6794
1763.641	6902
1765.785	6859
1767.927	6788
1770.072	6855
1772.214	6832
1774.355	6895
1776.496	6869
1778.637	6836
1780.778	6877
1782.918	6819
1785.057	6818
1787.194	6844
1789.333	6931
1791.472	6967
1793.608	6904
1795.745	6868
1797.879	6891
1800.015	6976
1802.148	6919
1804.284	6861
1806.417	6839
1808.548	6876
1810.682	6779
1812.812	6982
1814.946	6754
1817.075	6995
1819.205	6890
1821.335	6841
1823.463	6782
1825.59	6915
1827.721	7020
1829.847	6940
1831.973	6873
1834.098	6679
1836.223	6829
1838.351	6916
1840.475	6772
1842.598	6773
1844.721	6821
1846.843	6813
1848.966	6954
1851.087	6840
1853.21	6856
1855.33	6807
1857.449	6839
1859.568	6858
1861.688	6895
1863.806	6868
1865.924	6907
1868.039	6758
1870.155	6808
1872.273	6822
1874.388	6893
1876.503	6860
1878.617	6837
1880.73	6861
1882.844	6788
1884.956	6911
1887.068	6801
1889.18	6899
1891.291	6821
1893.4	6869
1895.511	6933
1897.621	6846
1899.73	6785
1901.837	6852
1903.944	6951
1906.053	6957
1908.159	6879
1910.265	6936
1912.369	6942
1914.474	6881
1916.577	6911
1918.683	6860
1920.785	6842
1922.888	6995
1924.989	6757
1927.091	6961
1929.193	6962
1931.294	7016
1933.393	6946
1935.493	6921
1937.59	6929
1939.689	7021
1941.788	6905
1943.884	6957
1945.98	6964
1948.077	6958
1950.171	7003
1952.267	6937
1954.361	6950
1956.455	6889
1958.548	6957
1960.64	6972
1962.733	6925
1964.824	6908
1966.915	7028
1969.005	6877
1971.096	7004
1973.185	6958
1975.275	6939
1977.363	6999
1979.45	6922
1981.537	7043
1983.623	6925
1985.711	6913
1987.796	6944
1989.881	6859
1991.965	6955
1994.047	6912
1996.132	6926
1998.215	6860
2000.297	6920
2002.378	6972
2004.46	6848
2006.54	6894
2008.62	6968
2010.7	6954
2012.779	6874
2014.858	6919
2016.934	6775
2019.013	6912
2021.09	6902
2023.165	6856
2025.241	6966
2027.317	6950
2029.39	6867
2031.466	6930
2033.538	6925
2035.612	6871
2037.683	7039
2039.755	6957
2041.827	6972
2043.898	6849
2045.968	7009
2048.038	6917
2050.106	6850
2052.177	6928
2054.244	6863
2056.313	6983
2058.379	6927
2060.444	6917
2062.511	6957
2064.577	6930
2066.641	6852
2068.705	6969
2070.77	7038
2072.832	6913
2074.896	6915
2076.958	6893
2079.02	6933
2081.081	6915
2083.141	6863
2085.2	6873
2087.261	7003
2089.319	6809
2091.377	7019
2093.435	6875
2095.492	6930
2097.552	6944
2099.607	6862
2101.663	6956
2103.718	6995
2105.771	6884
2107.826	6945
2109.879	6889
2111.932	6851
2113.985	6915
2116.037	6859
2118.088	6846
2120.141	7004
2122.191	6946
2124.239	6940
2126.288	6962
2128.337	6938
2130.387	6896
2132.434	6914
2134.481	6883
2136.528	6910
2138.574	6913
2140.618	6940
2142.665	6929
2144.71	6870
2146.753	6936
2148.797	6930
2150.838	6928
2152.883	6855
2154.923	6767
2156.965	6844
2159.007	6843
2161.046	6869
2163.086	7025
2165.126	6786
2167.163	6785
2169.202	6949
2171.239	6965
2173.277	6961
2175.314	6789
2177.349	6855
2179.385	6834
2181.42	6855
2183.453	6784
2185.49	6799
2187.522	6778
2189.555	6891
2191.586	6892
2193.619	6825
2195.651	6771
2197.682	6816
2199.711	6896
2201.74	6681
2203.769	6819
2205.799	6752
2207.828	6851
2209.855	6768
2211.882	6874
2213.908	6851
2215.934	6793
2217.961	6831
2219.986	6796
2222.01	6741
2224.034	6783
2226.057	6745
2228.08	6759
2230.104	6815
2232.124	6754
2234.145	6766
2236.166	6707
2238.186	6808
2240.207	6659
2242.227	6769
2244.244	6779
2246.262	6749
2248.28	6772
2250.299	6710
2252.314	6656
2254.33	6734
2256.346	6790
2258.36	6772
2260.375	6720
2262.391	6806
2264.403	6859
2266.416	6803
2268.427	6809
2270.44	6663
2272.453	6770
2274.463	6811
2276.474	6724
2278.483	6734
2280.493	6809
2282.501	6766
2284.51	6771
2286.518	6771
2288.524	6813
2290.532	6844
2292.537	6692
2294.544	6645
2296.55	6804
2298.554	6861
2300.557	6854
2302.562	6851
2304.566	6891
2306.568	6873
2308.569	6783
2310.572	6757
2312.573	6803
2314.573	6753
2316.574	6595
2318.573	6713
2320.571	6636
2322.571	6745
2324.569	6799
2326.567	6679
2328.564	6778
2330.56	6649
2332.556	6716
2334.551	6574
2336.546	6804
2338.542	6726
2340.535	6726
2342.529	6753
2344.521	6625
2346.512	6691
2348.505	6584
2350.497	6789
2352.487	6666
2354.478	6706
2356.468	6805
2358.457	6613
2360.446	6690
2362.434	6726
2364.422	6606
2366.408	6640
2368.395	6680
2370.383	6714
2372.369	6577
2374.353	6599
2376.338	6602
2378.321	6682
2380.307	6510
2382.29	6539
2384.272	6577
2386.254	6600
2388.235	6449
2390.218	6757
2392.198	6610
2394.179	6595
2396.157	6617
2398.137	6642
2400.115	6501
2402.095	6591
2404.072	6592
2406.048	6514
2408.026	6575
2410.001	6545
2411.977	6585
2413.953	6546
2415.927	6581
2417.9	6687
2419.875	6617
2421.847	6533
2423.821	6630
2425.792	6568
2427.763	6546
2429.736	6604
2431.706	6468
2433.677	6666
2435.646	6589
2437.615	6611
2439.583	6515
2441.551	6601
2443.519	6584
2445.486	6591
2447.452	6548
2449.418	6621
2451.383	6611
2453.348	6594
2455.314	6566
2457.278	6595
2459.241	6543
2461.205	6532
2463.167	6623
2465.131	6414
2467.091	6602
2469.052	6439
2471.012	6542
2472.972	6534
2474.932	6518
2476.891	6438
2478.85	6466
2480.808	6463
2482.766	6501
2484.722	6478
2486.68	6465
2488.636	6456
2490.591	6444
2492.546	6568
2494.5	6571
2496.456	6514
2498.41	6551
2500.362	6419
2502.315	6505
2504.266	6635
2506.218	6405
2508.169	6326
2510.121	6454
2512.07	6475
2514.019	6524
2515.968	6499
2517.918	6417
2519.866	6454
2521.813	6458
2523.76	6622
2525.707	6311
2527.653	6502
2529.599	6369
2531.543	6542
2533.489	6529
2535.433	6359
2537.376	6481
2539.32	6378
2541.264	6394
2543.205	6448
2545.147	6415
2547.087	6533
2549.029	6362
2550.969	6502
2552.908	6465
2554.847	6413
2556.786	6443
2558.724	6450
2560.663	6342
2562.6	6433
2564.537	6405
2566.473	6523
2568.408	6518
2570.345	6470
2572.28	6497
2574.214	6286
2576.148	6446
2578.081	6395
2580.014	6515
2581.947	6463
2583.879	6552
2585.81	6421
2587.741	6546
2589.67	6463
2591.602	6423
2593.532	6559
2595.461	6448
2597.388	6465
2599.316	6439
2601.244	6537
2603.172	6448
2605.098	6507
2607.023	6505
2608.949	6511
2610.873	6459
2612.8	6493
2614.723	6573
2616.647	6447
2618.569	6479
2620.493	6568
2622.416	6467
2624.338	6349
2626.258	6494
2628.179	6523
2630.099	6586
2632.019	6478
2633.939	6555
2635.857	6525
2637.775	6487
2639.694	6583
2641.61	6475
2643.528	6491
2645.444	6334
2647.361	6530
2649.276	6553
2651.19	6525
2653.105	6498
2655.019	6515
2656.934	6455
2658.846	6451
2660.758	6456
2662.67	6440
2664.583	6399
2666.493	6377
2668.404	6389
2670.313	6422
2672.223	6471
2674.134	6582
2676.042	6575
2677.95	6432
2679.858	6465
2681.765	6440
2683.673	6506
2685.579	6541
2687.483	6525
2689.389	6377
2691.294	6405
2693.198	6410
2695.104	6416
2697.006	6422
2698.909	6442
2700.811	6390
2702.713	6318
2704.615	6492
2706.516	6330
2708.417	6376
2710.316	6437
2712.216	6428
2714.115	6353
2716.014	6334
2717.913	6462
2719.81	6376
2721.707	6266
2723.603	6476
2725.501	6415
2727.396	6374
2729.292	6392
2731.186	6302
2733.081	6430
2734.976	6342
2736.87	6337
2738.762	6360
2740.653	6302
2742.546	6432
2744.437	6348
2746.329	6240
2748.22	6378
2750.11	6288
2751.999	6358
2753.889	6374
2755.778	6415
2757.666	6316
2759.553	6410
2761.44	6306
2763.328	6314
2765.215	6344
2767.101	6398
2768.986	6401
2770.87	6372
2772.754	6260
2774.638	6359
2776.523	6240
2778.405	6300
2780.288	6324
2782.17	6381
2784.051	6252
2785.934	6338
2787.814	6422
2789.694	6277
2791.574	6296
2793.453	6236
2795.332	6309
2797.212	6238
2799.088	6208
2800.966	6370
2802.843	6433
2804.719	6271
2806.597	6391
2808.471	6318
2810.346	6254
2812.221	6201
2814.094	6254
2815.969	6264
2817.843	6224
2819.714	6369
2821.587	6249
2823.459	6303
2825.329	6279
2827.202	6391
2829.072	6238
2830.942	6214
2832.811	6178
2834.68	6266
2836.549	6254
2838.418	6302
2840.284	6213
2842.152	6156
2844.018	6291
2845.885	6298
2847.751	6330
2849.616	6235
2851.482	6316
2853.345	6362
2855.208	6306
2857.074	6286
2858.937	6303
2860.799	6280
2862.66	6311
2864.522	6365
2866.385	6290
2868.245	6491
2870.104	6519
2871.964	6353
2873.824	6543
2875.683	6485
2877.542	6538
2879.4	6524
2881.257	6476
2883.114	6497
2884.97	6508
2886.827	6541
2888.683	6590
2890.537	6539
2892.392	6529
2894.246	6570
2896.1	6593
2897.954	6548
2899.807	6498
2901.66	6496
2903.51	6530
2905.362	6515
2907.214	6571
2909.065	6588
2910.915	6545
2912.765	6555
2914.613	6617
2916.463	6604
2918.311	6656
2920.158	6557
2922.006	6704
2923.853	6854
2925.698	6855
2927.546	6796
2929.392	6966
2931.236	6925
2933.081	6979
2934.924	6852
2936.77	7078
2938.613	6995
2940.455	7012
2942.298	7037
2944.139	6977
2945.982	7167
2947.823	6990
2949.662	7148
2951.503	6950
2953.342	6851
2955.182	6816
2957.021	6896
2958.858	6766
2960.697	6671
2962.534	6767
2964.37	6830
2966.207	6641
2968.044	6656
2969.879	6701
2971.714	6582
2973.548	6666
2975.383	6589
2977.218	6558
2979.051	6577
2980.883	6467
2982.715	6495
2984.547	6543
2986.379	6562
2988.21	6460
2990.04	6428
2991.87	6334
2993.7	6382
2995.53	6400
2997.359	6402
2999.187	6289
3001.015	6360
3002.842	6202
3004.669	6213
3006.497	6220
3008.323	6173
3010.148	6292
3011.974	6219
3013.797	6145
3015.623	6080
3017.447	6040
3019.27	6144
3021.094	6067
3022.915	5962
3024.737	6123
3026.56	6030
3028.38	6026
3030.201	5967
3032.022	6087
3033.84	5963
3035.662	6002
3037.481	6070
3039.298	5952
3041.117	5985
3042.933	6042
3044.752	5939
3046.568	5960
3048.385	6001
3050.2	5925
3052.016	5939
3053.83	5926
3055.646	5974
3057.46	5881
3059.272	5967
3061.086	5943
3062.898	5957
3064.711	5900
3066.524	5985
3068.335	6028
3070.145	5927
3071.956	5923
3073.766	5922
3075.576	5861
3077.385	5775
3079.193	5860
3081.002	5919
3082.81	5795
3084.618	5983
3086.425	5853
3088.231	5804
3090.036	5745
3091.842	5746
3093.648	5926
3095.452	5830
3097.257	5717
3099.06	5713
3100.863	5705
3102.666	5907
3104.47	5741
3106.272	5767
3108.073	5788
3109.875	5782
3111.676	5739
3113.477	5772
3115.277	5748
3117.077	5808
3118.874	5769
3120.673	5706
3122.473	5738
3124.271	5615
3126.066	5776
3127.863	5694
3129.66	5820
3131.456	5700
3133.252	5645
3135.047	5762
3136.842	5774
3138.635	5736
3140.429	5793
3142.223	5634
3144.016	5737
3145.808	5753
3147.6	5699
3149.392	5751
3151.183	5615
3152.975	5645
3154.765	5656
3156.553	5549
3158.344	5661
3160.132	5564
3161.922	5649
3163.71	5613
3165.497	5626
3167.285	5632
3169.071	5747
3170.858	5593
3172.645	5666
3174.429	5617
3176.214	5607
3177.998	5608
3179.783	5555
3181.568	5651
3183.351	5564
3185.133	5484
3186.915	5591
3188.698	5557
3190.481	5593
3192.261	5608
3194.042	5587
3195.822	5573
3197.601	5630
3199.381	5549
3201.161	5630
3202.939	5530
3204.717	5451
3206.495	5531
3208.272	5588
3210.05	5551
3211.826	5596
3213.602	5635
3215.376	5608
3217.151	5686
3218.927	5558
3220.702	5547
3222.476	5619
3224.249	5602
3226.021	5533
3227.793	5638
3229.567	5397
3231.339	5581
3233.109	5480
3234.88	5599
3236.651	5458
3238.421	5528
3240.191	5501
3241.96	5525
3243.728	5521
3245.497	5477
3247.263	5533
3249.033	5555
3250.799	5581
3252.566	5571
3254.331	5379
3256.097	5561
3257.863	5425
3259.628	5509
3261.392	5550
3263.156	5496
3264.919	5513
3266.683	5478
3268.447	5646
3270.208	5588
3271.969	5590
3273.731	5530
3275.492	5584
3277.253	5578
3279.013	5406
3280.773	5437
3282.532	5502
3284.291	5556
3286.05	5493
3287.808	5523
3289.566	5395
3291.323	5595
3293.079	5511
3294.835	5504
3296.593	5520
3298.348	5488
3300.102	5523
3301.857	5476
3303.611	5526
3305.366	5540
3307.119	5409
3308.872	5466
3310.624	5525
3312.376	5391
3314.129	5430
3315.881	5512
3317.631	5549
3319.38	5466
3321.13	5477
3322.88	5460
3324.631	5447
3326.379	5540
3328.126	5419
3329.875	5459
3331.622	5489
3333.371	5443
3335.116	5447
3336.863	5460
3338.609	5408
3340.353	5474
3342.1	5546
3343.845	5416
3345.588	5532
3347.332	5396
3349.074	5405
3350.817	5436
3352.56	5416
3354.303	5309
3356.043	5334
3357.785	5400
3359.525	5386
3361.268	5326
3363.007	5428
3364.745	5397
3366.485	5359
3368.223	5414
3369.962	5390
3371.701	5446
3373.438	5358
3375.174	5415
3376.911	5410
3378.647	5355
3380.384	5332
3382.118	5378
3383.854	5304
3385.588	5410
3387.322	5269
3389.057	5271
3390.79	5219
3392.522	5265
3394.255	5315
3395.987	5314
3397.719	5306
3399.451	5324
3401.181	5257
3402.911	5305
3404.641	5285
3406.371	5265
3408.101	5319
3409.83	5238
3411.558	5416
3413.285	5254
3415.011	5250
3416.739	5338
3418.467	5237
3420.193	5235
3421.919	5311
3423.644	5212
3425.368	5271
3427.094	5211
3428.818	5267
3430.542	5266
3432.264	5245
3433.987	5206
3435.712	5237
3437.434	5200
3439.155	5294
3440.876	5179
3442.596	5166
3444.317	5158
3446.039	5190
3447.757	5199
3449.477	5133
3451.195	5221
3452.914	5164
3454.632	5176
3456.35	5155
3458.067	5099
3459.784	5156
3461.5	5178
3463.216	5068
3464.932	5089
3466.647	5152
3468.362	5166
3470.076	5167
3471.789	5085
3473.505	5102
3475.217	5059
3476.929	5190
3478.641	4999
3480.354	5162
3482.066	4944
3483.777	5088
3485.487	5119
3487.197	5026
3488.908	5017
3490.617	5117
3492.327	4985
3494.035	5045
3495.743	5083
3497.451	5085
3499.158	5127
3500.866	4991
3502.572	5002
3504.278	5107
3505.984	5074
3507.689	5121
3509.396	5022
3511.1	4999
3512.804	5007
3514.508	5013
3516.211	5006
3517.913	4981
3519.616	4960
3521.319	4974
3523.021	4931
3524.722	4966
3526.422	4947
3528.124	4927
3529.824	4935
3531.524	4968
3533.222	4956
3534.921	4925
3536.62	4942
3538.318	4986
3540.016	4923
3541.714	4900
3543.41	4943
3545.107	5020
3546.803	4849
3548.5	4820
3550.194	4969
3551.889	4937
3553.583	4933
3555.279	4874
3556.972	5027
3558.666	4831
3560.358	4913
3562.051	4976
3563.742	4987
3565.435	4853
3567.126	4863
3568.817	4890
3570.507	4860
3572.197	4802
3573.888	4830
3575.577	4768
3577.265	4898
3578.954	4831
3580.642	4900
3582.329	4829
3584.017	4848
3585.704	4883
3587.391	4787
3589.077	4882
3590.762	4813
3592.449	4858
3594.133	4731
3595.817	4764
3597.501	4871
3599.185	4774
3600.869	4731
3602.552	4821
3604.234	4828
3605.916	4758
3607.598	4808
3609.279	4702
3610.961	4691
3612.642	4739
3614.321	4763
3616	4763
3617.68	4739
3619.36	4746
3621.039	4664
3622.716	4736
3624.394	4670
3626.071	4794
3627.748	4674
3629.425	4612
3631.102	4616
3632.778	4668
3634.452	4744
3636.127	4609
3637.803	4623
3639.477	4560
3641.151	4560
3642.823	4591
3644.497	4575
3646.171	4722
3647.842	4616
3649.515	4631
3651.185	4569
3652.857	4594
3654.527	4682
3656.198	4555
3657.868	4719
3659.537	4642
3661.207	4567
3662.875	4603
3664.544	4533
3666.212	4664
3667.879	4607
3669.546	4587
3671.212	4621
3672.88	4543
3674.546	4557
3676.211	4573
3677.875	4636
3679.541	4546
3681.205	4631
3682.87	4580
3684.533	4585
3686.196	4500
3687.859	4558
3689.521	4440
3691.184	4511
3692.845	4597
3694.507	4553
3696.167	4472
3697.827	4489
3699.487	4508
3701.148	4558
3702.808	4534
3704.466	4526
3706.125	4572
3707.783	4403
3709.442	4445
3711.099	4429
3712.757	4558
3714.412	4512
3716.068	4519
3717.725	4447
3719.381	4564
3721.036	4472
3722.689	4449
3724.344	4552
3725.998	4472
3727.652	4517
3729.305	4496
3730.958	4472
3732.61	4458
3734.262	4454
3735.915	4452
3737.565	4397
3739.217	4459
3740.866	4365
3742.516	4378
3744.165	4428
3745.816	4473
3747.464	4486
3749.113	4406
3750.761	4334
3752.409	4341
3754.057	4478
3755.703	4449
3757.35	4465
3758.996	4363
3760.641	4348
3762.289	4396
3763.933	4339
3765.577	4440
3767.222	4390
3768.865	4324
3770.508	4338
3772.152	4411
3773.796	4351
3775.438	4455
3777.079	4319
3778.721	4376
3780.363	4407
3782.003	4375
3783.643	4336
3785.283	4333
3786.923	4369
3788.563	4303
3790.203	4294
3791.841	4256
3793.479	4400
3795.115	4352
3796.753	4335
3798.391	4284
3800.027	4313
3801.664	4314
3803.299	4357
3804.935	4271
3806.571	4225
3808.206	4180
3809.839	4253
3811.473	4319
3813.107	4236
3814.74	4282
3816.375	4248
3818.006	4274
3819.638	4290
3821.27	4248
3822.9	4266
3824.532	4234
3826.163	4310
3827.792	4180
3829.423	4251
3831.051	4249
3832.682	4205
3834.311	4223
3835.938	4298
3837.566	4239
3839.193	4194
3840.821	4171
3842.448	4265
3844.075	4207
3845.7	4208
3847.325	4236
3848.951	4211
3850.576	4166
3852.201	4148
3853.825	4177
3855.448	4134
3857.072	4241
3858.694	4180
3860.318	4222
3861.939	4188
3863.562	4154
3865.183	4103
3866.804	4110
3868.426	4167
3870.045	4137
3871.666	4096
3873.285	4084
3874.904	4126
3876.524	4005
3878.142	4164
3879.76	4134
3881.378	4106
3882.995	4104
3884.612	4089
3886.229	4195
3887.845	4077
3889.461	4143
3891.076	4133
3892.691	4125
3894.307	4031
3895.922	4108
3897.536	4070
3899.149	4105
3900.761	4147
3902.374	4131
3903.988	4109
3905.6	4120
3907.212	4028
3908.822	4016
3910.433	4077
3912.045	4006
3913.655	4121
3915.265	4056
3916.875	4091
3918.483	4042
3920.093	4111
3921.702	4098
3923.309	4061
3924.917	4031
3926.523	4024
3928.13	4140
3929.739	4086
3931.344	4035
3932.95	3933
3934.555	4150
3936.159	4115
3937.766	4164
3939.369	4028
3940.974	4006
3942.577	3975
3944.181	4091
3945.783	4032
3947.386	3992
3948.989	4065
3950.59	4018
3952.191	4001
3953.791	4030
3955.394	4095
3956.994	4090
3958.593	4026
3960.192	3962
3961.791	3961
3963.392	4011
3964.99	4014
3966.588	3993
3968.185	3990
3969.782	4007
3971.379	4004
3972.976	3967
3974.572	4014
3976.168	4043
3977.763	4078
3979.358	4017
3980.954	3938
3982.548	3993
3984.142	3907
3985.736	3910
3987.329	3877
3988.922	4035
3990.516	3847
3992.108	3885
3993.698	3881
3995.29	3885
3996.881	3890
3998.473	3849
4000.064	3929
4001.653	3795
4003.242	3964
4004.832	3813
4006.422	3855
4008.01	3899
4009.598	3871
4011.186	3805
4012.773	3843
4014.36	3863
4015.947	3777
4017.534	3832
4019.119	3807
4020.705	3893
4022.291	3888
4023.876	3785
4025.461	3836
4027.044	3843
4028.627	3853
4030.211	3871
4031.795	3823
4033.378	3758
4034.96	3727
4036.542	3712
4038.124	3779
4039.704	3727
4041.286	3717
4042.867	3764
4044.447	3774
4046.026	3765
4047.606	3760
4049.187	3804
4050.765	3706
4052.343	3661
4053.92	3665
4055.498	3729
4057.076	3738
4058.654	3770
4060.23	3768
4061.806	3759
4063.381	3739
4064.957	3731
4066.533	3701
4068.107	3776
4069.682	3749
4071.256	3666
4072.829	3698
4074.404	3712
4075.977	3715
4077.549	3685
4079.121	3699
4080.693	3828
4082.265	3626
4083.836	3663
4085.407	3739
4086.977	3643
4088.547	3770
4090.117	3684
4091.687	3706
4093.256	3702
4094.825	3568
4096.392	3651
4097.96	3583
4099.528	3718
4101.097	3677
4102.663	3662
4104.229	3680
4105.795	3620
4107.361	3713
4108.928	3647
4110.493	3740
4112.058	3624
4113.621	3553
4115.186	3551
4116.75	3673
4118.313	3675
4119.876	3648
4121.438	3589
4123	3594
4124.562	3622
4126.125	3625
4127.686	3635
4129.246	3555
4130.807	3629
4132.367	3486
4133.927	3526
4135.486	3671
4137.046	3615
4138.604	3525
4140.162	3512
4141.72	3594
4143.279	3613
4144.836	3558
4146.393	3542
4147.949	3546
4149.505	3445
4151.062	3520
4152.617	3627
4154.172	3592
4155.727	3513
4157.281	3503
4158.836	3448
4160.39	3464
4161.943	3488
4163.496	3493
4165.048	3506
4166.601	3501
4168.154	3476
4169.706	3466
4171.257	3438
4172.808	3419
4174.358	3515
4175.909	3453
4177.458	3449
4179.008	3522
4180.558	3484
4182.106	3509
4183.655	3521
4185.204	3411
4186.751	3450
4188.298	3386
4189.845	3400
4191.392	3457
4192.939	3424
4194.485	3408
4196.031	3419
4197.576	3357
4199.121	3460
4200.666	3509
4202.211	3396
4203.754	3416
4205.298	3450
4206.84	3405
4208.384	3363
4209.927	3428
4211.47	3313
4213.011	3394
4214.552	3367
4216.094	3404
4217.635	3371
4219.175	3354
4220.716	3342
4222.255	3383
4223.793	3352
4225.335	3337
4226.873	3404
4228.411	3456
4229.948	3368
4231.486	3334
4233.024	3371
4234.562	3361
4236.098	3410
4237.634	3316
4239.169	3409
4240.705	3309
4242.241	3324
4243.776	3331
4245.31	3322
4246.844	3302
4248.378	3337
4249.911	3338
4251.445	3325
4252.978	3345
4254.51	3286
4256.042	3324
4257.574	3347
4259.107	3309
4260.638	3271
4262.169	3318
4263.699	3355
4265.228	3387
4266.759	3293
4268.289	3314
4269.818	3308
4271.345	3255
4272.874	3182
4274.402	3326
4275.931	3301
4277.458	3314
4278.985	3233
4280.512	3248
4282.037	3359
4283.564	3293
4285.089	3349
4286.615	3304
4288.139	3277
4289.664	3297
4291.187	3286
4292.712	3169
4294.235	3319
4295.759	3232
4297.281	3244
4298.804	3220
4300.327	3264
4301.849	3216
4303.37	3307
4304.891	3208
4306.412	3280
4307.933	3237
4309.453	3209
4310.973	3222
4312.492	3228
