398.1873	3780
400.7097	3815
403.2336	3792
405.7547	3836
408.2751	3838
410.7948	3888
413.3138	3833
415.83	3943
418.3497	3975
420.8666	3952
423.3829	4071
425.8985	3949
428.4133	3966
430.9275	4027
433.441	4085
435.9538	4037
438.4639	4115
440.9753	4038
443.4881	4057
445.9982	4195
448.5055	4127
451.0142	4080
453.5201	4178
456.0274	4123
458.5361	4069
461.04	4084
463.5453	4063
466.0478	4050
468.5517	4056
471.0549	4050
473.5574	4154
476.0572	4115
478.5584	4165
481.0568	4058
483.5545	4173
486.0557	4119
488.5521	4081
491.0478	4097
493.5449	4172
496.0392	4145
498.5349	4226
501.0299	4149
503.5222	4204
506.0139	4180
508.5048	4183
510.9991	4193
513.4887	4360
515.9777	4266
518.4659	4242
520.9534	4257
523.4403	4232
525.9306	4226
528.4161	4200
530.9009	4255
533.3851	4215
535.8687	4162
538.3535	4213
540.8356	4252
543.3171	4331
545.7979	4186
548.278	4182
550.7595	4204
553.2383	4293
555.7144	4215
558.1918	4293
560.6685	4368
563.1446	4363
565.6221	4286
568.0968	4284
570.5688	4281
573.0422	4395
575.515	4307
577.989	4439
580.4584	4468
582.9291	4442
585.3991	4361
587.8685	4378
590.3352	4422
592.8052	4463
595.2706	4381
597.7372	4368
600.2033	4334
602.6666	4428
605.1334	4390
607.5953	4308
610.0587	4422
612.5193	4350
614.9814	4465
617.4427	4407
619.9034	4455
622.3615	4338
624.8208	4327
627.2775	4364
629.7335	4291
632.1929	4460
634.6476	4258
637.1016	4415
639.5569	4295
642.0096	4334
644.4637	4387
646.9151	4370
649.3678	4406
651.8179	4330
654.2672	4432
656.7159	4341
659.166	4388
661.6154	4405
664.0622	4514
666.5082	4431
668.9537	4446
671.4005	4424
673.8445	4467
676.288	4512
678.7308	4498
681.1729	4534
683.6163	4549
686.0572	4470
688.4973	4496
690.9368	4527
693.3757	4546
695.8138	4584
698.2534	4537
700.6902	4484
703.1245	4536
705.56	4542
707.9949	4482
710.4311	4591
712.8647	4571
715.2957	4510
717.7279	4579
720.1595	4581
722.5905	4608
725.0208	4589
727.4505	4583
729.8795	4645
732.3058	4643
734.7336	4570
737.1626	4654
739.587	4709
742.0128	4681
744.4359	4667
746.8604	4769
749.2841	4689
751.7073	4764
754.1278	4830
756.5496	4732
758.9688	4806
761.3893	4738
763.8093	4824
766.2285	4802
768.6451	4828
771.0611	4744
773.4784	4793
775.895	4786
778.3091	4831
780.7244	4782
783.1371	4844
785.5493	4849
787.9626	4881
790.3754	4726
792.7856	4831
795.1951	4832
797.6039	4841
800.0121	4840
802.4236	4823
804.8306	4792
807.2369	4809
809.6425	4809
812.0475	4821
814.4538	4869
816.8575	4988
819.2606	4920
821.663	4946
824.0648	4901
826.4659	4865
828.8683	4851
831.2682	4874
833.6674	4897
836.066	4869
838.4639	4955
840.8632	4949
843.2579	4977
845.6539	4939
848.0493	4960
850.444	4990
852.84	4955
855.2315	5017
857.6243	5045
860.0165	4911
862.4081	5084
864.797	4893
867.1892	4872
869.5789	4956
871.9659	5012
874.3542	4964
876.74	4997
879.129	4966
881.5155	4922
883.8994	4922
886.2845	5014
888.6671	4923
891.051	5027
893.4343	4940
895.8169	5012
898.197	4994
900.5783	4904
902.9571	4929
905.3372	4979
907.7167	4990
910.0936	5036
912.4698	5031
914.8474	5059
917.2244	5137
919.5987	5035
921.9744	5117
924.3475	5236
926.72	5213
929.0918	5171
931.4669	5091
933.8375	5191
936.2074	5238
938.5767	5260
940.9454	5239
943.3154	5390
945.6829	5467
948.0497	5591
950.4178	5797
952.7833	5995
955.1483	6175
957.5145	6317
959.8782	6418
962.2412	6536
964.6036	6331
966.9655	6177
969.3266	5910
971.6871	5615
974.0471	5447
976.4064	5376
978.765	5225
981.125	5248
983.4824	5204
985.8373	5207
988.1935	5087
990.549	5187
992.9039	5107
995.2602	5090
997.6119	5205
999.965	5220
1002.317	5186
1004.667	5233
1007.02	5145
1009.371	5148
1011.719	5223
1014.068	5220
1016.415	5246
1018.765	5210
1021.111	5162
1023.458	5220
1025.804	5151
1028.147	5260
1030.49	5294
1032.837	5255
1035.179	5308
1037.522	5258
1039.862	5242
1042.204	5278
1044.546	5290
1046.884	5302
1049.224	5258
1051.562	5294
1053.899	5366
1056.237	5281
1058.575	5242
1060.91	5316
1063.244	5253
1065.58	5383
1067.913	5386
1070.248	5418
1072.579	5448
1074.911	5407
1077.242	5303
1079.572	5404
1081.905	5406
1084.234	5306
1086.562	5307
1088.89	5295
1091.217	5298
1093.544	5186
1095.871	5317
1098.197	5206
1100.521	5332
1102.845	5355
1105.169	5346
1107.491	5332
1109.814	5271
1112.135	5315
1114.456	5258
1116.776	5242
1119.096	5333
1121.415	5307
1123.734	5354
1126.052	5459
1128.369	5361
1130.686	5407
1133.002	5284
1135.318	5280
1137.632	5319
1139.945	5347
1142.258	5352
1144.573	5204
1146.884	5239
1149.196	5390
1151.505	5429
1153.816	5270
1156.124	5244
1158.435	5383
1160.742	5348
1163.051	5232
1165.356	5389
1167.663	5300
1169.97	5266
1172.276	5329
1174.579	5290
1176.881	5377
1179.186	5355
1181.487	5334
1183.79	5328
1186.092	5411
1188.392	5352
1190.691	5289
1192.991	5343
1195.291	5282
1197.588	5447
1199.885	5295
1202.181	5390
1204.479	5392
1206.775	5395
1209.07	5283
1211.363	5455
1213.656	5298
1215.949	5316
1218.241	5380
1220.534	5348
1222.825	5341
1225.115	5430
1227.405	5477
1229.693	5396
1231.984	5507
1234.271	5499
1236.558	5473
1238.845	5549
1241.131	5509
1243.416	5462
1245.703	5517
1247.987	5504
1250.269	5533
1252.552	5512
1254.834	5541
1257.118	5467
1259.399	5546
1261.678	5510
1263.958	5540
1266.237	5533
1268.516	5471
1270.794	5467
1273.072	5482
1275.347	5608
1277.624	5463
1279.899	5471
1282.175	5506
1284.449	5564
1286.722	5548
1288.995	5446
1291.266	5491
1293.54	5458
1295.81	5464
1298.081	5431
1300.35	5433
1302.62	5467
1304.889	5459
1307.156	5505
1309.425	5459
1311.69	5479
1313.957	5417
1316.222	5585
1318.488	5369
1320.751	5387
1323.016	5487
1325.278	5500
1327.54	5451
1329.803	5486
1332.065	5464
1334.325	5444
1336.584	5486
1338.843	5584
1341.101	5575
1343.36	5420
1345.617	5539
1347.876	5494
1350.131	5523
1352.387	5514
1354.643	5667
1356.897	5409
1359.151	5589
1361.403	5523
1363.656	5421
1365.909	5646
1368.16	5397
1370.409	5515
1372.659	5436
1374.909	5522
1377.157	5566
1379.407	5526
1381.655	5608
1383.9	5517
1386.147	5632
1388.393	5610
1390.64	5666
1392.885	5656
1395.127	5604
1397.37	5666
1399.614	5674
1401.854	5669
1404.098	5589
1406.339	5572
1408.578	5720
1410.818	5581
1413.056	5553
1415.297	5675
1417.533	5654
1419.771	5656
1422.006	5637
1424.243	5551
1426.479	5724
1428.715	5648
1430.948	5712
1433.182	5753
1435.414	5724
1437.647	5676
1439.88	5842
1442.11	5661
1444.342	5726
1446.571	5783
1448.799	5854
1451.029	5541
1453.258	5809
1455.485	5786
1457.711	5834
1459.937	5776
1462.164	5764
1464.39	5778
1466.614	5662
1468.838	5721
1471.06	5754
1473.283	5652
1475.506	5601
1477.727	5707
1479.949	5662
1482.169	5599
1484.389	5612
1486.609	5619
1488.828	5545
1491.045	5443
1493.261	5660
1495.477	5609
1497.693	5525
1499.91	5580
1502.125	5555
1504.339	5573
1506.553	5595
1508.766	5573
1510.979	5577
1513.191	5591
1515.402	5511
1517.613	5596
1519.823	5661
1522.033	5621
1524.242	5732
1526.451	5521
1528.657	5649
1530.865	5536
1533.072	5543
1535.278	5544
1537.484	5601
1539.687	5551
1541.892	5643
1544.096	5614
1546.299	5616
1548.502	5703
1550.703	5560
1552.905	5614
1555.104	5563
1557.303	5596
1559.505	5764
1561.703	5558
1563.902	5644
1566.099	5711
1568.295	5673
1570.494	5735
1572.689	5693
1574.883	5731
1577.079	5703
1579.272	5683
1581.467	5647
1583.659	5667
1585.853	5777
1588.044	5703
1590.234	5769
1592.424	5754
1594.615	5806
1596.806	5798
1598.994	5793
1601.182	5804
1603.369	5835
1605.557	5694
1607.744	5774
1609.929	5831
1612.114	5698
1614.298	5857
1616.482	5826
1618.667	5762
1620.85	5751
1623.032	5827
1625.214	5768
1627.395	5802
1629.575	5721
1631.755	5849
1633.935	5787
1636.114	5787
1638.292	5821
1640.471	5911
1642.647	5890
1644.823	5982
1647	5786
1649.175	5822
1651.348	5887
1653.525	5749
1655.698	5770
1657.87	5783
1660.043	5976
1662.213	5944
1664.387	5857
1666.558	5935
1668.727	5916
1670.896	5870
1673.064	5890
1675.233	5928
1677.401	5945
1679.569	5850
1681.735	6022
1683.902	5923
1686.066	5879
1688.233	5940
1690.397	5991
1692.559	5820
1694.723	5813
1696.885	5829
1699.048	5778
1701.21	5754
1703.37	5794
1705.53	5700
1707.689	5820
1709.849	5776
1712.009	5815
1714.166	5785
1716.323	5812
1718.479	5748
1720.634	5877
1722.793	5829
1724.948	5846
1727.102	5840
1729.255	5831
1731.408	5812
1733.562	5819
1735.714	5850
1737.865	5822
1740.016	5760
1742.166	5765
1744.316	5845
1746.467	5792
1748.616	5856
1750.764	5788
1752.911	5785
1755.056	5744
1757.205	5816
1759.35	5783
1761.496	5786
1763.641	5843
1765.785	5794
1767.927	5819
1770.072	5823
1772.214	5839
1774.355	5859
1776.496	5790
1778.637	5897
1780.778	5851
1782.918	5881
1785.057	5926
1787.194	5713
1789.333	5923
1791.472	5845
1793.608	5863
1795.745	5855
1797.879	5891
1800.015	5912
1802.148	5883
1804.284	5815
1806.417	5911
1808.548	5932
1810.682	5934
1812.812	5960
1814.946	5874
1817.075	6000
1819.205	5857
1821.335	5843
1823.463	5830
1825.59	5858
1827.721	5814
1829.847	5775
1831.973	5809
1834.098	5810
1836.223	5919
1838.351	5850
1840.475	5689
1842.598	5839
1844.721	5895
1846.843	5812
1848.966	5774
1851.087	5830
1853.21	5838
1855.33	5941
1857.449	5794
1859.568	5833
1861.688	5871
1863.806	5788
1865.924	5737
1868.039	5770
1870.155	5799
1872.273	5894
1874.388	5846
1876.503	5788
1878.617	5840
1880.73	5768
1882.844	5774
1884.956	5802
1887.068	5848
1889.18	5850
1891.291	5876
1893.4	5855
1895.511	5913
1897.621	5723
1899.73	5976
1901.837	5915
1903.944	5916
1906.053	5888
1908.159	5856
1910.265	5846
1912.369	5987
1914.474	5974
1916.577	5973
1918.683	5874
1920.785	5941
1922.888	5936
1924.989	5939
1927.091	5963
1929.193	5923
1931.294	5936
1933.393	5917
1935.493	5890
1937.59	5971
1939.689	6018
1941.788	6051
1943.884	5973
1945.98	5939
1948.077	5869
1950.171	5929
1952.267	5894
1954.361	5954
1956.455	5852
1958.548	5936
1960.64	6008
1962.733	5986
1964.824	5967
1966.915	5947
1969.005	5911
1971.096	5919
1973.185	6041
1975.275	5919
1977.363	5964
1979.45	6069
1981.537	5960
1983.623	5930
1985.711	5891
1987.796	5876
1989.881	5776
1991.965	5895
1994.047	5897
1996.132	5923
1998.215	5991
2000.297	5938
2002.378	5832
2004.46	5962
2006.54	5883
2008.62	5925
2010.7	5841
2012.779	5856
2014.858	5941
2016.934	5860
2019.013	5883
2021.09	5895
2023.165	5931
2025.241	5930
2027.317	5773
2029.39	5963
2031.466	5852
2033.538	5981
2035.612	5924
2037.683	5812
2039.755	5973
2041.827	5990
2043.898	5873
2045.968	5939
2048.038	5884
2050.106	5921
2052.177	6019
2054.244	5882
2056.313	5986
2058.379	5980
2060.444	5942
2062.511	5929
2064.577	5908
2066.641	5851
2068.705	6030
2070.77	5840
2072.832	5999
2074.896	5847
2076.958	5936
2079.02	5917
2081.081	6018
2083.141	5891
2085.2	5963
2087.261	5975
2089.319	5873
2091.377	6127
2093.435	5980
2095.492	5913
2097.552	5864
2099.607	6016
2101.663	6078
2103.718	5903
2105.771	5865
2107.826	5919
2109.879	5776
2111.932	6052
2113.985	5874
2116.037	5970
2118.088	5870
2120.141	6051
2122.191	5933
2124.239	5965
2126.288	5913
2128.337	5934
2130.387	5936
2132.434	5871
2134.481	6018
2136.528	5879
2138.574	5854
2140.618	5999
2142.665	5859
2144.71	6010
2146.753	5937
2148.797	5970
2150.838	5898
2152.883	5877
2154.923	5936
2156.965	6003
2159.007	5927
2161.046	5936
2163.086	5885
2165.126	6006
2167.163	5964
2169.202	5847
2171.239	5881
2173.277	5874
2175.314	5920
2177.349	5940
2179.385	5891
2181.42	5853
2183.453	5918
2185.49	5847
2187.522	5799
2189.555	5807
2191.586	5843
2193.619	5889
2195.651	5764
2197.682	5816
2199.711	5975
2201.74	5804
2203.769	5879
2205.799	5820
2207.828	5929
2209.855	5807
2211.882	5805
2213.908	5863
2215.934	5754
2217.961	5850
2219.986	5761
2222.01	5766
2224.034	5803
2226.057	5953
2228.08	5756
2230.104	5814
2232.124	5834
2234.145	5771
2236.166	5734
2238.186	5738
2240.207	5772
2242.227	5821
2244.244	5804
2246.262	5778
2248.28	5980
2250.299	5824
2252.314	5842
2254.33	5770
2256.346	5841
2258.36	5822
2260.375	5817
2262.391	5803
2264.403	5712
2266.416	5879
2268.427	5862
2270.44	5789
2272.453	5843
2274.463	5906
2276.474	5868
2278.483	5829
2280.493	5983
2282.501	5920
2284.51	5796
2286.518	5910
2288.524	5780
2290.532	5862
2292.537	5864
2294.544	5797
2296.55	5809
2298.554	5857
2300.557	5783
2302.562	5839
2304.566	5812
2306.568	5800
2308.569	5821
2310.572	5888
2312.573	5862
2314.573	5887
2316.574	5772
2318.573	5782
2320.571	5802
2322.571	5725
2324.569	5832
2326.567	5813
2328.564	5807
2330.56	5686
2332.556	5918
2334.551	5780
2336.546	5878
2338.542	5722
2340.535	5875
2342.529	5818
2344.521	5890
2346.512	5857
2348.505	5720
2350.497	5813
2352.487	5830
2354.478	5790
2356.468	5861
2358.457	5743
2360.446	5786
2362.434	5735
2364.422	5836
2366.408	5652
2368.395	5773
2370.383	5724
2372.369	5587
2374.353	5726
2376.338	5674
2378.321	5850
2380.307	5768
2382.29	5671
2384.272	5695
2386.254	5717
2388.235	5660
2390.218	5805
2392.198	5681
2394.179	5667
2396.157	5775
2398.137	5767
2400.115	5736
2402.095	5712
2404.072	5642
2406.048	5694
2408.026	5662
2410.001	5621
2411.977	5697
2413.953	5677
2415.927	5776
2417.9	5739
2419.875	5725
2421.847	5735
2423.821	5680
2425.792	5666
2427.763	5682
2429.736	5649
2431.706	5752
2433.677	5690
2435.646	5709
2437.615	5660
2439.583	5694
2441.551	5656
2443.519	5759
2445.486	5574
2447.452	5780
2449.418	5641
2451.383	5653
2453.348	5742
2455.314	5617
2457.278	5661
2459.241	5628
2461.205	5720
2463.167	5640
2465.131	5585
2467.091	5760
2469.052	5657
2471.012	5658
2472.972	5721
2474.932	5614
2476.891	5576
2478.85	5696
2480.808	5589
2482.766	5647
2484.722	5607
2486.68	5665
2488.636	5682
2490.591	5557
2492.546	5552
2494.5	5696
2496.456	5730
2498.41	5643
2500.362	5604
2502.315	5587
2504.266	5644
2506.218	5725
2508.169	5609
2510.121	5628
2512.07	5599
2514.019	5620
2515.968	5588
2517.918	5628
2519.866	5642
2521.813	5627
2523.76	5593
2525.707	5583
2527.653	5555
2529.599	5672
2531.543	5580
2533.489	5676
2535.433	5609
2537.376	5587
2539.32	5626
2541.264	5595
2543.205	5630
2545.147	5579
2547.087	5590
2549.029	5594
2550.969	5646
2552.908	5578
2554.847	5539
2556.786	5565
2558.724	5627
2560.663	5577
2562.6	5664
2564.537	5665
2566.473	5625
2568.408	5599
2570.345	5644
2572.28	5680
2574.214	5559
2576.148	5668
2578.081	5537
2580.014	5574
2581.947	5535
2583.879	5698
2585.81	5593
2587.741	5543
2589.67	5571
2591.602	5692
2593.532	5654
2595.461	5648
2597.388	5711
2599.316	5586
2601.244	5620
2603.172	5635
2605.098	5708
2607.023	5589
2608.949	5676
2610.873	5547
2612.8	5636
2614.723	5671
2616.647	5752
2618.569	5630
2620.493	5689
2622.416	5654
2624.338	5618
2626.258	5703
2628.179	5611
2630.099	5650
2632.019	5644
2633.939	5601
2635.857	5579
2637.775	5658
2639.694	5730
2641.61	5663
2643.528	5741
2645.444	5724
2647.361	5707
2649.276	5674
2651.19	5606
2653.105	5610
2655.019	5680
2656.934	5674
2658.846	5585
2660.758	5747
2662.67	5604
2664.583	5739
2666.493	5638
2668.404	5584
2670.313	5645
2672.223	5645
2674.134	5654
2676.042	5724
2677.95	5625
2679.858	5693
2681.765	5671
2683.673	5647
2685.579	5594
2687.483	5690
2689.389	5560
2691.294	5595
2693.198	5597
2695.104	5543
2697.006	5598
2698.909	5599
2700.811	5539
2702.713	5528
2704.615	5622
2706.516	5521
2708.417	5649
2710.316	5519
2712.216	5538
2714.115	5516
2716.014	5611
2717.913	5493
2719.81	5568
2721.707	5546
2723.603	5533
2725.501	5598
2727.396	5556
2729.292	5481
2731.186	5448
2733.081	5564
2734.976	5487
2736.87	5621
2738.762	5523
2740.653	5547
2742.546	5630
2744.437	5521
2746.329	5555
2748.22	5508
2750.11	5525
2751.999	5567
2753.889	5544
2755.778	5582
2757.666	5654
2759.553	5548
2761.44	5621
2763.328	5603
2765.215	5661
2767.101	5556
2768.986	5512
2770.87	5517
2772.754	5548
2774.638	5494
2776.523	5497
2778.405	5595
2780.288	5567
2782.17	5516
2784.051	5460
2785.934	5514
2787.814	5480
2789.694	5507
2791.574	5347
2793.453	5496
2795.332	5479
2797.212	5644
2799.088	5396
2800.966	5566
2802.843	5443
2804.719	5488
2806.597	5615
2808.471	5511
2810.346	5366
2812.221	5533
2814.094	5539
2815.969	5489
2817.843	5467
2819.714	5472
2821.587	5487
2823.459	5630
2825.329	5473
2827.202	5588
2829.072	5546
2830.942	5622
2832.811	5508
2834.68	5449
2836.549	5640
2838.418	5422
2840.284	5619
2842.152	5577
2844.018	5619
2845.885	5621
2847.751	5568
2849.616	5594
2851.482	5599
2853.345	5618
2855.208	5624
2857.074	5676
2858.937	5583
2860.799	5658
2862.66	5648
2864.522	5563
2866.385	5716
2868.245	5809
2870.104	5713
2871.964	5694
2873.824	5765
2875.683	5811
2877.542	5851
2879.4	5992
2881.257	5909
2883.114	5959
2884.97	5887
2886.827	6005
2888.683	5997
2890.537	5906
2892.392	5865
2894.246	5856
2896.1	5877
2897.954	5915
2899.807	5895
2901.66	5914
2903.51	5903
2905.362	5786
2907.214	5808
2909.065	5903
2910.915	5938
2912.765	6053
2914.613	5912
2916.463	6118
2918.311	6074
2920.158	6050
2922.006	6161
2923.853	6138
2925.698	6206
2927.546	6194
2929.392	6239
2931.236	6251
2933.081	6243
2934.924	6343
2936.77	6378
2938.613	6390
2940.455	6405
2942.298	6443
2944.139	6447
2945.982	6409
2947.823	6385
2949.662	6434
2951.503	6555
2953.342	6415
2955.182	6324
2957.021	6220
2958.858	6318
2960.697	6183
2962.534	6258
2964.37	6194
2966.207	6128
2968.044	6075
2969.879	6047
2971.714	5985
2973.548	5981
2975.383	5893
2977.218	5982
2979.051	5985
2980.883	5839
2982.715	5924
2984.547	5751
2986.379	5820
2988.21	5848
2990.04	5691
2991.87	5742
2993.7	5700
2995.53	5614
2997.359	5678
2999.187	5619
3001.015	5721
3002.842	5547
3004.669	5595
3006.497	5568
3008.323	5611
3010.148	5586
3011.974	5357
3013.797	5523
3015.623	5512
3017.447	5335
3019.27	5436
3021.094	5456
3022.915	5452
3024.737	5356
3026.56	5396
3028.38	5273
3030.201	5283
3032.022	5383
3033.84	5276
3035.662	5237
3037.481	5380
3039.298	5376
3041.117	5351
3042.933	5351
3044.752	5252
3046.568	5355
3048.385	5255
3050.2	5270
3052.016	5198
3053.83	5357
3055.646	5166
3057.46	5271
3059.272	5261
3061.086	5326
3062.898	5228
3064.711	5300
3066.524	5326
3068.335	5199
3070.145	5291
3071.956	5243
3073.766	5268
3075.576	5234
3077.385	5228
3079.193	5254
3081.002	5239
3082.81	5174
3084.618	5169
3086.425	5308
3088.231	5284
3090.036	5303
3091.842	5227
3093.648	5189
3095.452	5093
3097.257	5099
3099.06	5199
3100.863	5168
3102.666	5159
3104.47	5111
3106.272	5174
3108.073	5041
3109.875	5110
3111.676	5130
3113.477	5157
3115.277	5213
3117.077	5260
3118.874	5166
3120.673	5049
3122.473	5107
3124.271	5132
3126.066	5121
3127.863	5103
3129.66	5193
3131.456	5128
3133.252	5066
3135.047	5060
3136.842	5134
3138.635	5050
3140.429	5142
3142.223	5060
3144.016	5063
3145.808	5028
3147.6	5085
3149.392	5076
3151.183	5032
3152.975	5057
3154.765	5060
3156.553	4894
3158.344	5089
3160.132	5091
3161.922	5016
3163.71	5044
3165.497	4963
3167.285	5046
3169.071	5025
3170.858	4959
3172.645	5003
3174.429	4977
3176.214	4991
3177.998	5046
3179.783	5017
3181.568	4952
3183.351	5041
3185.133	5064
3186.915	5034
3188.698	4984
3190.481	4947
3192.261	4975
3194.042	4926
3195.822	4893
3197.601	4998
3199.381	4946
3201.161	5012
3202.939	4993
3204.717	4966
3206.495	5076
3208.272	4995
3210.05	5060
3211.826	4970
3213.602	4857
3215.376	5054
3217.151	5045
3218.927	4944
3220.702	5028
3222.476	4947
3224.249	4947
3226.021	4912
3227.793	4954
3229.567	5021
3231.339	4919
3233.109	4979
3234.88	4949
3236.651	4929
3238.421	4972
3240.191	4834
3241.96	4918
3243.728	4862
3245.497	4878
3247.263	4952
3249.033	5004
3250.799	4898
3252.566	4966
3254.331	4911
3256.097	4885
3257.863	5017
3259.628	4935
3261.392	4969
3263.156	5006
3264.919	4976
3266.683	4908
3268.447	4961
3270.208	4772
3271.969	5049
3273.731	5044
3275.492	4871
3277.253	4958
3279.013	4835
3280.773	4809
3282.532	4923
3284.291	4994
3286.05	4960
3287.808	4950
3289.566	4967
3291.323	4982
3293.079	4979
3294.835	4839
3296.593	4913
3298.348	4900
3300.102	5047
3301.857	4914
3303.611	4891
3305.366	4899
3307.119	4947
3308.872	4941
3310.624	4910
3312.376	4887
3314.129	4855
3315.881	4896
3317.631	4860
3319.38	4872
3321.13	4892
3322.88	4963
3324.631	4840
3326.379	4986
3328.126	4964
3329.875	4918
3331.622	4972
3333.371	4825
3335.116	4918
3336.863	4960
3338.609	4823
3340.353	4996
3342.1	4912
3343.845	4924
3345.588	4747
3347.332	4924
3349.074	5016
3350.817	4881
3352.56	4949
3354.303	4824
3356.043	4890
3357.785	4870
3359.525	4928
3361.268	4886
3363.007	4946
3364.745	4804
3366.485	4855
3368.223	4872
3369.962	4907
3371.701	4843
3373.438	4832
3375.174	4733
3376.911	4882
3378.647	4846
3380.384	4788
3382.118	4818
3383.854	4854
3385.588	4756
3387.322	4790
3389.057	4782
3390.79	4819
3392.522	4740
3394.255	4947
3395.987	4696
3397.719	4764
3399.451	4805
3401.181	4862
3402.911	4785
3404.641	4725
3406.371	4805
3408.101	4770
3409.83	4732
3411.558	4738
3413.285	4698
3415.011	4778
3416.739	4722
3418.467	4725
3420.193	4785
3421.919	4699
3423.644	4820
3425.368	4759
3427.094	4752
3428.818	4709
3430.542	4692
3432.264	4692
3433.987	4739
3435.712	4703
3437.434	4740
3439.155	4674
3440.876	4709
3442.596	4612
3444.317	4654
3446.039	4716
3447.757	4529
3449.477	4710
3451.195	4645
3452.914	4671
3454.632	4662
3456.35	4598
3458.067	4684
3459.784	4561
3461.5	4729
3463.216	4603
3464.932	4655
3466.647	4622
3468.362	4533
3470.076	4612
3471.789	4659
3473.505	4679
3475.217	4539
3476.929	4642
3478.641	4638
3480.354	4516
3482.066	4543
3483.777	4525
3485.487	4678
3487.197	4519
3488.908	4608
3490.617	4536
3492.327	4603
3494.035	4460
3495.743	4538
3497.451	4502
3499.158	4404
3500.866	4527
3502.572	4486
3504.278	4569
3505.984	4553
3507.689	4490
3509.396	4506
3511.1	4467
3512.804	4487
3514.508	4531
3516.211	4473
3517.913	4559
3519.616	4518
3521.319	4438
3523.021	4524
3524.722	4444
3526.422	4435
3528.124	4511
3529.824	4461
3531.524	4553
3533.222	4368
3534.921	4454
3536.62	4461
3538.318	4487
3540.016	4357
3541.714	4400
3543.41	4396
3545.107	4489
3546.803	4563
3548.5	4399
3550.194	4500
3551.889	4389
3553.583	4329
3555.279	4329
3556.972	4393
3558.666	4429
3560.358	4378
3562.051	4437
3563.742	4377
3565.435	4345
3567.126	4401
3568.817	4308
3570.507	4379
3572.197	4345
3573.888	4405
3575.577	4505
3577.265	4496
3578.954	4310
3580.642	4322
3582.329	4354
3584.017	4339
3585.704	4375
3587.391	4333
3589.077	4439
3590.762	4339
3592.449	4320
3594.133	4391
3595.817	4346
3597.501	4426
3599.185	4210
3600.869	4280
3602.552	4271
3604.234	4276
3605.916	4284
3607.598	4339
3609.279	4223
3610.961	4272
3612.642	4294
3614.321	4290
3616	4191
3617.68	4250
3619.36	4270
3621.039	4125
3622.716	4131
3624.394	4317
3626.071	4245
3627.748	4199
3629.425	4252
3631.102	4215
3632.778	4172
3634.452	4206
3636.127	4100
3637.803	4227
3639.477	4162
3641.151	4183
3642.823	4129
3644.497	4128
3646.171	4147
3647.842	4210
3649.515	4100
3651.185	4162
3652.857	4166
3654.527	4119
3656.198	4150
3657.868	4118
3659.537	4144
3661.207	4159
3662.875	4104
3664.544	4150
3666.212	4099
3667.879	4134
3669.546	4096
3671.212	4063
3672.88	4125
3674.546	4140
3676.211	4066
3677.875	4112
3679.541	4092
3681.205	4076
3682.87	4099
3684.533	4067
3686.196	4075
3687.859	4083
3689.521	4078
3691.184	4072
3692.845	4052
3694.507	4100
3696.167	4032
3697.827	4046
3699.487	4086
3701.148	4055
3702.808	4050
3704.466	4096
3706.125	3968
3707.783	4046
3709.442	4037
3711.099	4082
3712.757	4024
3714.412	4067
3716.068	3924
3717.725	4059
3719.381	4039
3721.036	4077
3722.689	4074
3724.344	4001
3725.998	4056
3727.652	3992
3729.305	4059
3730.958	3996
3732.61	3995
3734.262	4084
3735.915	4013
3737.565	3934
3739.217	3979
3740.866	3931
3742.516	3997
3744.165	4013
3745.816	3954
3747.464	4023
3749.113	3940
3750.761	3996
3752.409	4038
3754.057	3986
3755.703	3931
3757.35	3930
3758.996	3960
3760.641	4023
3762.289	3946
3763.933	3974
3765.577	3917
3767.222	3947
3768.865	3960
3770.508	3866
3772.152	3967
3773.796	4002
3775.438	3953
3777.079	3932
3778.721	3954
3780.363	3890
3782.003	3918
3783.643	3853
3785.283	3873
3786.923	3875
3788.563	3805
3790.203	3932
3791.841	3910
3793.479	3855
3795.115	3878
3796.753	3899
3798.391	3949
3800.027	3879
3801.664	3961
3803.299	3871
3804.935	3822
3806.571	3829
3808.206	3849
3809.839	3858
3811.473	3854
3813.107	3811
3814.74	3794
3816.375	3825
3818.006	3825
3819.638	3854
3821.27	3847
3822.9	3791
3824.532	3782
3826.163	3895
3827.792	3809
3829.423	3872
3831.051	3808
3832.682	3821
3834.311	3807
3835.938	3776
3837.566	3780
3839.193	3815
3840.821	3717
3842.448	3800
3844.075	3840
3845.7	3776
3847.325	3758
3848.951	3742
3850.576	3789
3852.201	3698
3853.825	3763
3855.448	3664
3857.072	3674
3858.694	3742
3860.318	3730
3861.939	3782
3863.562	3762
3865.183	3744
3866.804	3665
3868.426	3833
3870.045	3820
3871.666	3796
3873.285	3814
3874.904	3785
3876.524	3747
3878.142	3704
3879.76	3724
3881.378	3714
3882.995	3714
3884.612	3670
3886.229	3762
3887.845	3690
3889.461	3663
3891.076	3759
3892.691	3813
3894.307	3761
3895.922	3655
3897.536	3678
3899.149	3595
3900.761	3718
3902.374	3675
3903.988	3763
3905.6	3675
3907.212	3681
3908.822	3658
3910.433	3740
3912.045	3679
3913.655	3684
3915.265	3679
3916.875	3620
3918.483	3679
3920.093	3655
3921.702	3611
3923.309	3634
3924.917	3694
3926.523	3594
3928.13	3668
3929.739	3726
3931.344	3679
3932.95	3701
3934.555	3653
3936.159	3686
3937.766	3686
3939.369	3718
3940.974	3663
3942.577	3682
3944.181	3664
3945.783	3661
3947.386	3655
3948.989	3547
3950.59	3657
3952.191	3636
3953.791	3555
3955.394	3644
3956.994	3621
3958.593	3690
3960.192	3701
3961.791	3534
3963.392	3581
3964.99	3636
3966.588	3568
3968.185	3655
3969.782	3575
3971.379	3553
3972.976	3606
3974.572	3599
3976.168	3572
3977.763	3519
3979.358	3523
3980.954	3548
3982.548	3511
3984.142	3611
3985.736	3556
3987.329	3548
3988.922	3549
3990.516	3521
3992.108	3471
3993.698	3518
3995.29	3498
3996.881	3580
3998.473	3518
4000.064	3508
4001.653	3519
4003.242	3514
4004.832	3559
4006.422	3594
4008.01	3470
4009.598	3550
4011.186	3513
4012.773	3506
4014.36	3450
4015.947	3440
4017.534	3433
4019.119	3472
4020.705	3504
4022.291	3486
4023.876	3459
4025.461	3466
4027.044	3452
4028.627	3464
4030.211	3447
4031.795	3461
4033.378	3505
4034.96	3479
4036.542	3493
4038.124	3431
4039.704	3413
4041.286	3409
4042.867	3415
4044.447	3384
4046.026	3386
4047.606	3415
4049.187	3384
4050.765	3348
4052.343	3419
4053.92	3436
4055.498	3413
4057.076	3407
4058.654	3465
4060.23	3321
4061.806	3376
4063.381	3374
4064.957	3367
4066.533	3427
4068.107	3437
4069.682	3383
4071.256	3398
4072.829	3357
4074.404	3344
4075.977	3379
4077.549	3367
4079.121	3384
4080.693	3400
4082.265	3358
4083.836	3330
4085.407	3381
4086.977	3410
4088.547	3362
4090.117	3310
4091.687	3325
4093.256	3287
4094.825	3331
4096.392	3347
4097.96	3348
4099.528	3412
4101.097	3285
4102.663	3315
4104.229	3377
4105.795	3332
4107.361	3326
4108.928	3284
4110.493	3360
4112.058	3287
4113.621	3245
4115.186	3339
4116.75	3337
4118.313	3229
4119.876	3290
4121.438	3167
4123	3288
4124.562	3207
4126.125	3260
4127.686	3302
4129.246	3257
4130.807	3241
4132.367	3205
4133.927	3239
4135.486	3247
4137.046	3271
4138.604	3285
4140.162	3204
4141.72	3286
4143.279	3253
4144.836	3188
4146.393	3294
4147.949	3237
4149.505	3176
4151.062	3156
4152.617	3188
4154.172	3190
4155.727	3190
4157.281	3172
4158.836	3202
4160.39	3173
4161.943	3203
4163.496	3190
4165.048	3244
4166.601	3195
4168.154	3140
4169.706	3170
4171.257	3133
4172.808	3210
4174.358	3164
4175.909	3186
4177.458	3205
4179.008	3153
4180.558	3115
4182.106	3145
4183.655	3166
4185.204	3127
4186.751	3099
4188.298	3181
4189.845	3136
4191.392	3136
4192.939	3135
4194.485	3103
4196.031	3198
4197.576	3131
4199.121	3121
4200.666	3151
4202.211	3038
4203.754	3094
4205.298	3061
4206.84	3102
4208.384	3107
4209.927	3022
4211.47	3109
4213.011	3110
4214.552	3092
4216.094	3080
4217.635	3024
4219.175	3157
4220.716	3043
4222.255	3057
4223.793	3023
4225.335	3049
4226.873	3079
4228.411	3028
4229.948	3139
4231.486	3113
4233.024	3095
4234.562	3079
4236.098	3061
4237.634	3107
4239.169	3085
4240.705	3054
4242.241	3036
4243.776	3078
4245.31	3109
4246.844	2983
4248.378	3061
4249.911	3055
4251.445	3010
4252.978	3033
4254.51	3001
4256.042	3021
4257.574	3049
4259.107	2974
4260.638	3090
4262.169	2997
4263.699	3001
4265.228	3033
4266.759	3021
4268.289	2964
4269.818	3012
4271.345	3036
4272.874	2986
4274.402	3028
4275.931	3062
4277.458	2932
4278.985	2999
4280.512	2931
4282.037	2984
4283.564	2970
4285.089	2975
4286.615	2982
4288.139	2933
4289.664	2998
4291.187	3013
4292.712	2958
4294.235	2981
4295.759	2946
4297.281	2975
4298.804	2971
4300.327	2920
4301.849	3003
4303.37	2911
4304.891	2952
4306.412	2988
4307.933	2906
4309.453	2901
4310.973	2905
4312.492	2950
