398.1873	4628
400.7097	4640
403.2336	4640
405.7547	4701
408.2751	4725
410.7948	4636
413.3138	4761
415.83	4687
418.3497	4767
420.8666	4917
423.3829	4825
425.8985	4938
428.4133	5049
430.9275	4880
433.441	5026
435.9538	4991
438.4639	5074
440.9753	5027
443.4881	5089
445.9982	5014
448.5055	4997
451.0142	5023
453.5201	4970
456.0274	5082
458.5361	5002
461.04	4987
463.5453	4956
466.0478	4980
468.5517	4948
471.0549	4951
473.5574	5027
476.0572	5066
478.5584	5088
481.0568	5019
483.5545	4969
486.0557	5051
488.5521	5121
491.0478	5135
493.5449	5146
496.0392	5170
498.5349	5065
501.0299	5079
503.5222	5153
506.0139	5026
508.5048	5137
510.9991	5228
513.4887	5113
515.9777	5227
518.4659	5167
520.9534	5146
523.4403	5170
525.9306	5226
528.4161	5201
530.9009	5132
533.3851	5159
535.8687	5082
538.3535	5124
540.8356	5093
543.3171	5253
545.7979	5080
548.278	5270
550.7595	5089
553.2383	5215
555.7144	5217
558.1918	5246
560.6685	5245
563.1446	5217
565.6221	5225
568.0968	5333
570.5688	5321
573.0422	5344
575.515	5368
577.989	5384
580.4584	5416
582.9291	5367
585.3991	5419
587.8685	5397
590.3352	5431
592.8052	5394
595.2706	5380
597.7372	5393
600.2033	5447
602.6666	5421
605.1334	5396
607.5953	5437
610.0587	5310
612.5193	5394
614.9814	5376
617.4427	5327
619.9034	5333
622.3615	5363
624.8208	5377
627.2775	5388
629.7335	5346
632.1929	5272
634.6476	5310
637.1016	5385
639.5569	5373
642.0096	5261
644.4637	5457
646.9151	5383
649.3678	5372
651.8179	5363
654.2672	5434
656.7159	5490
659.166	5426
661.6154	5485
664.0622	5445
666.5082	5486
668.9537	5458
671.4005	5465
673.8445	5531
676.288	5517
678.7308	5520
681.1729	5583
683.6163	5566
686.0572	5483
688.4973	5498
690.9368	5491
693.3757	5530
695.8138	5613
698.2534	5609
700.6902	5624
703.1245	5486
705.56	5672
707.9949	5592
710.4311	5613
712.8647	5618
715.2957	5688
717.7279	5697
720.1595	5713
722.5905	5721
725.0208	5681
727.4505	5770
729.8795	5697
732.3058	5708
734.7336	5756
737.1626	5790
739.587	5808
742.0128	5780
744.4359	5691
746.8604	5796
749.2841	5898
751.7073	5879
754.1278	5925
756.5496	5938
758.9688	5823
761.3893	5831
763.8093	5855
766.2285	5828
768.6451	5924
771.0611	5865
773.4784	5969
775.895	5947
778.3091	5907
780.7244	6011
783.1371	5876
785.5493	5985
787.9626	5866
790.3754	5910
792.7856	5895
795.1951	5906
797.6039	5893
800.0121	5938
802.4236	5881
804.8306	6045
807.2369	5932
809.6425	5935
812.0475	5980
814.4538	6051
816.8575	5875
819.2606	6021
821.663	6003
824.0648	6052
826.4659	5978
828.8683	5979
831.2682	6051
833.6674	6070
836.066	6106
838.4639	6077
840.8632	6070
843.2579	6067
845.6539	6240
848.0493	6111
850.444	6136
852.84	6169
855.2315	6222
857.6243	6227
860.0165	6084
862.4081	6062
864.797	6153
867.1892	6068
869.5789	6069
871.9659	6097
874.3542	6098
876.74	6207
879.129	6230
881.5155	6162
883.8994	6165
886.2845	6027
888.6671	6092
891.051	6148
893.4343	6136
895.8169	6125
898.197	6044
900.5783	6092
902.9571	6224
905.3372	6135
907.7167	6142
910.0936	6143
912.4698	6109
914.8474	6337
917.2244	6189
919.5987	6386
921.9744	6364
924.3475	6310
926.72	6273
929.0918	6371
931.4669	6438
933.8375	6407
936.2074	6357
938.5767	6633
940.9454	6484
943.3154	6689
945.6829	6629
948.0497	6769
950.4178	7098
952.7833	7257
955.1483	7501
957.5145	7723
959.8782	7675
962.2412	7765
964.6036	7662
966.9655	7206
969.3266	7149
971.6871	6811
974.0471	6644
976.4064	6582
978.765	6475
981.125	6257
983.4824	6361
985.8373	6435
988.1935	6322
990.549	6346
992.9039	6264
995.2602	6383
997.6119	6228
999.965	6372
1002.317	6374
1004.667	6256
1007.02	6365
1009.371	6473
1011.719	6380
1014.068	6350
1016.415	6453
1018.765	6292
1021.111	6399
1023.458	6355
1025.804	6474
1028.147	6473
1030.49	6430
1032.837	6373
1035.179	6431
1037.522	6473
1039.862	6425
1042.204	6502
1044.546	6476
1046.884	6519
1049.224	6532
1051.562	6385
1053.899	6486
1056.237	6359
1058.575	6561
1060.91	6628
1063.244	6537
1065.58	6613
1067.913	6560
1070.248	6585
1072.579	6578
1074.911	6557
1077.242	6602
1079.572	6489
1081.905	6567
1084.234	6545
1086.562	6521
1088.89	6578
1091.217	6602
1093.544	6619
1095.871	6583
1098.197	6469
1100.521	6540
1102.845	6554
1105.169	6563
1107.491	6677
1109.814	6507
1112.135	6411
1114.456	6402
1116.776	6414
1119.096	6487
1121.415	6553
1123.734	6530
1126.052	6482
1128.369	6561
1130.686	6475
1133.002	6536
1135.318	6576
1137.632	6589
1139.945	6509
1142.258	6600
1144.573	6685
1146.884	6521
1149.196	6526
1151.505	6473
1153.816	6478
1156.124	6473
1158.435	6590
1160.742	6601
1163.051	6383
1165.356	6533
1167.663	6592
1169.97	6620
1172.276	6500
1174.579	6486
1176.881	6604
1179.186	6566
1181.487	6485
1183.79	6507
1186.092	6589
1188.392	6566
1190.691	6557
1192.991	6568
1195.291	6440
1197.588	6608
1199.885	6543
1202.181	6561
1204.479	6600
1206.775	6543
1209.07	6623
1211.363	6503
1213.656	6572
1215.949	6490
1218.241	6501
1220.534	6554
1222.825	6574
1225.115	6707
1227.405	6609
1229.693	6634
1231.984	6705
1234.271	6750
1236.558	6732
1238.845	6777
1241.131	6718
1243.416	6722
1245.703	6823
1247.987	6829
1250.269	6665
1252.552	6825
1254.834	6747
1257.118	6743
1259.399	6863
1261.678	6781
1263.958	6826
1266.237	6727
1268.516	6703
1270.794	6818
1273.072	6758
1275.347	6902
1277.624	6734
1279.899	6681
1282.175	6853
1284.449	6719
1286.722	6699
1288.995	6714
1291.266	6768
1293.54	6752
1295.81	6641
1298.081	6662
1300.35	6728
1302.62	6610
1304.889	6728
1307.156	6753
1309.425	6639
1311.69	6760
1313.957	6743
1316.222	6629
1318.488	6725
1320.751	6666
1323.016	6694
1325.278	6768
1327.54	6724
1329.803	6853
1332.065	6751
1334.325	6691
1336.584	6749
1338.843	6679
1341.101	6785
1343.36	6791
1345.617	6722
1347.876	6760
1350.131	6694
1352.387	6614
1354.643	6770
1356.897	6761
1359.151	6634
1361.403	6697
1363.656	6765
1365.909	6847
1368.16	6713
1370.409	6627
1372.659	6726
1374.909	6663
1377.157	6731
1379.407	6744
1381.655	6875
1383.9	6816
1386.147	6756
1388.393	6927
1390.64	6773
1392.885	6847
1395.127	6839
1397.37	6804
1399.614	6799
1401.854	6933
1404.098	6896
1406.339	6909
1408.578	6921
1410.818	6915
1413.056	6871
1415.297	6934
1417.533	6901
1419.771	6900
1422.006	6998
1424.243	6890
1426.479	6929
1428.715	6892
1430.948	6948
1433.182	7052
1435.414	6954
1437.647	7032
1439.88	7136
1442.11	6918
1444.342	6985
1446.571	7042
1448.799	6924
1451.029	7074
1453.258	6986
1455.485	7045
1457.711	6987
1459.937	7069
1462.164	7111
1464.39	7183
1466.614	7041
1468.838	6978
1471.06	7009
1473.283	6988
1475.506	6976
1477.727	6898
1479.949	6869
1482.169	6777
1484.389	6869
1486.609	6835
1488.828	6777
1491.045	6867
1493.261	6778
1495.477	6828
1497.693	6833
1499.91	6837
1502.125	6813
1504.339	6714
1506.553	6726
1508.766	6769
1510.979	6713
1513.191	6808
1515.402	6840
1517.613	6745
1519.823	6862
1522.033	6796
1524.242	6849
1526.451	6703
1528.657	6901
1530.865	6796
1533.072	6800
1535.278	6821
1537.484	6733
1539.687	6839
1541.892	6763
1544.096	6849
1546.299	6822
1548.502	6832
1550.703	6903
1552.905	6901
1555.104	6799
1557.303	6805
1559.505	6945
1561.703	7011
1563.902	6899
1566.099	6998
1568.295	6926
1570.494	6876
1572.689	6970
1574.883	6990
1577.079	6924
1579.272	6896
1581.467	6889
1583.659	6993
1585.853	7015
1588.044	6873
1590.234	6960
1592.424	6947
1594.615	7028
1596.806	7040
1598.994	7138
1601.182	7112
1603.369	7046
1605.557	7057
1607.744	7082
1609.929	7052
1612.114	7159
1614.298	7137
1616.482	7145
1618.667	7090
1620.85	7079
1623.032	7131
1625.214	7024
1627.395	7179
1629.575	7127
1631.755	7063
1633.935	7157
1636.114	7049
1638.292	7082
1640.471	7109
1642.647	7131
1644.823	7154
1647	7085
1649.175	7090
1651.348	7267
1653.525	7076
1655.698	7142
1657.87	7141
1660.043	7146
1662.213	7228
1664.387	7213
1666.558	7132
1668.727	7064
1670.896	7175
1673.064	7198
1675.233	7261
1677.401	7240
1679.569	7166
1681.735	7183
1683.902	7204
1686.066	7205
1688.233	7138
1690.397	7256
1692.559	7074
1694.723	7073
1696.885	7050
1699.048	7087
1701.21	7047
1703.37	7112
1705.53	7141
1707.689	7020
1709.849	7135
1712.009	7085
1714.166	7038
1716.323	6952
1718.479	7086
1720.634	7053
1722.793	7015
1724.948	7107
1727.102	7012
1729.255	7045
1731.408	6983
1733.562	7089
1735.714	7076
1737.865	7060
1740.016	7133
1742.166	7006
1744.316	7115
1746.467	7054
1748.616	7176
1750.764	7084
1752.911	7061
1755.056	7177
1757.205	7112
1759.35	7088
1761.496	7156
1763.641	7132
1765.785	7034
1767.927	7060
1770.072	7173
1772.214	7188
1774.355	7118
1776.496	7099
1778.637	7077
1780.778	7166
1782.918	7171
1785.057	7172
1787.194	7117
1789.333	7134
1791.472	7104
1793.608	7168
1795.745	7288
1797.879	7178
1800.015	7195
1802.148	7184
1804.284	7094
1806.417	7256
1808.548	7102
1810.682	7125
1812.812	7208
1814.946	7166
1817.075	7153
1819.205	7129
1821.335	7000
1823.463	7105
1825.59	7175
1827.721	7129
1829.847	7038
1831.973	7139
1834.098	7106
1836.223	7071
1838.351	7111
1840.475	7128
1842.598	7221
1844.721	7182
1846.843	7148
1848.966	7089
1851.087	7049
1853.21	7178
1855.33	7095
1857.449	6992
1859.568	7108
1861.688	7014
1863.806	6981
1865.924	6883
1868.039	7154
1870.155	7051
1872.273	7020
1874.388	7021
1876.503	7062
1878.617	7105
1880.73	7051
1882.844	7127
1884.956	7198
1887.068	7073
1889.18	7146
1891.291	7205
1893.4	6897
1895.511	7191
1897.621	7032
1899.73	7177
1901.837	7239
1903.944	7280
1906.053	7196
1908.159	7135
1910.265	7155
1912.369	7269
1914.474	7164
1916.577	7183
1918.683	7337
1920.785	7217
1922.888	7339
1924.989	7181
1927.091	7282
1929.193	7242
1931.294	7250
1933.393	7303
1935.493	7263
1937.59	7276
1939.689	7263
1941.788	7180
1943.884	7244
1945.98	7271
1948.077	7254
1950.171	7199
1952.267	7249
1954.361	7259
1956.455	7295
1958.548	7369
1960.64	7253
1962.733	7229
1964.824	7135
1966.915	7230
1969.005	7210
1971.096	7226
1973.185	7189
1975.275	7205
1977.363	7318
1979.45	7211
1981.537	7242
1983.623	7137
1985.711	7193
1987.796	7281
1989.881	7239
1991.965	7219
1994.047	7182
1996.132	7182
1998.215	7177
2000.297	7154
2002.378	7231
2004.46	6979
2006.54	7188
2008.62	7246
2010.7	7098
2012.779	7046
2014.858	7188
2016.934	7157
2019.013	7194
2021.09	7159
2023.165	7232
2025.241	7199
2027.317	7098
2029.39	7018
2031.466	7146
2033.538	7235
2035.612	7129
2037.683	7223
2039.755	7072
2041.827	7180
2043.898	7157
2045.968	7262
2048.038	7208
2050.106	7269
2052.177	7163
2054.244	7295
2056.313	7069
2058.379	7110
2060.444	7143
2062.511	7223
2064.577	7168
2066.641	7128
2068.705	7077
2070.77	7272
2072.832	7201
2074.896	7199
2076.958	7225
2079.02	7136
2081.081	7191
2083.141	7112
2085.2	7211
2087.261	7154
2089.319	7220
2091.377	7117
2093.435	7305
2095.492	7336
2097.552	7266
2099.607	7164
2101.663	7167
2103.718	7253
2105.771	7216
2107.826	7175
2109.879	7284
2111.932	7124
2113.985	7248
2116.037	7314
2118.088	7250
2120.141	7095
2122.191	7141
2124.239	7295
2126.288	7171
2128.337	7313
2130.387	7184
2132.434	7229
2134.481	7144
2136.528	7279
2138.574	7187
2140.618	7253
2142.665	7207
2144.71	7086
2146.753	7182
2148.797	7121
2150.838	7083
2152.883	7248
2154.923	7257
2156.965	7103
2159.007	7213
2161.046	7138
2163.086	7216
2165.126	7143
2167.163	7046
2169.202	7226
2171.239	7125
2173.277	7056
2175.314	7065
2177.349	7153
2179.385	7284
2181.42	7102
2183.453	7144
2185.49	7128
2187.522	7155
2189.555	7048
2191.586	7031
2193.619	7087
2195.651	7158
2197.682	7050
2199.711	7093
2201.74	6999
2203.769	7018
2205.799	6987
2207.828	7105
2209.855	7115
2211.882	7032
2213.908	7010
2215.934	7042
2217.961	7155
2219.986	7022
2222.01	7020
2224.034	7023
2226.057	7017
2228.08	7001
2230.104	7117
2232.124	7107
2234.145	7134
2236.166	6985
2238.186	7009
2240.207	7075
2242.227	6927
2244.244	7024
2246.262	7095
2248.28	7111
2250.299	6974
2252.314	6965
2254.33	7064
2256.346	7006
2258.36	6978
2260.375	7166
2262.391	7067
2264.403	7106
2266.416	7031
2268.427	7093
2270.44	7081
2272.453	7073
2274.463	7175
2276.474	7093
2278.483	7091
2280.493	7030
2282.501	7198
2284.51	7054
2286.518	7065
2288.524	7059
2290.532	7086
2292.537	7053
2294.544	7033
2296.55	7132
2298.554	7174
2300.557	6990
2302.562	7142
2304.566	7091
2306.568	7071
2308.569	7030
2310.572	7094
2312.573	7138
2314.573	7020
2316.574	7011
2318.573	7040
2320.571	7090
2322.571	7017
2324.569	7041
2326.567	6969
2328.564	7077
2330.56	6992
2332.556	6982
2334.551	6875
2336.546	6820
2338.542	6964
2340.535	6972
2342.529	7142
2344.521	6989
2346.512	6852
2348.505	6976
2350.497	6897
2352.487	6950
2354.478	6959
2356.468	6998
2358.457	6978
2360.446	7012
2362.434	6939
2364.422	6733
2366.408	6923
2368.395	6859
2370.383	6868
2372.369	6860
2374.353	6987
2376.338	6851
2378.321	6923
2380.307	6836
2382.29	6781
2384.272	6837
2386.254	6952
2388.235	7067
2390.218	6903
2392.198	6841
2394.179	6919
2396.157	6965
2398.137	6900
2400.115	6829
2402.095	6897
2404.072	6934
2406.048	7000
2408.026	6806
2410.001	6772
2411.977	6950
2413.953	7034
2415.927	6858
2417.9	6933
2419.875	6830
2421.847	6823
2423.821	6903
2425.792	6838
2427.763	6804
2429.736	6944
2431.706	6915
2433.677	6865
2435.646	6790
2437.615	6875
2439.583	6867
2441.551	6934
2443.519	6910
2445.486	6860
2447.452	6933
2449.418	6827
2451.383	6899
2453.348	6866
2455.314	6983
2457.278	6765
2459.241	6810
2461.205	6858
2463.167	6816
2465.131	6973
2467.091	6892
2469.052	6685
2471.012	6825
2472.972	6724
2474.932	6822
2476.891	6834
2478.85	6822
2480.808	6763
2482.766	6877
2484.722	6813
2486.68	6806
2488.636	6721
2490.591	6803
2492.546	6617
2494.5	6836
2496.456	6653
2498.41	6782
2500.362	6788
2502.315	6678
2504.266	6761
2506.218	6744
2508.169	6737
2510.121	6748
2512.07	6661
2514.019	6758
2515.968	6896
2517.918	6771
2519.866	6646
2521.813	6753
2523.76	6805
2525.707	6624
2527.653	6738
2529.599	6778
2531.543	6798
2533.489	6750
2535.433	6680
2537.376	6754
2539.32	6820
2541.264	6800
2543.205	6636
2545.147	6689
2547.087	6722
2549.029	6769
2550.969	6786
2552.908	6721
2554.847	6840
2556.786	6684
2558.724	6794
2560.663	6693
2562.6	6880
2564.537	6739
2566.473	6837
2568.408	6744
2570.345	6843
2572.28	6682
2574.214	6684
2576.148	6840
2578.081	6701
2580.014	6764
2581.947	6631
2583.879	6870
2585.81	6734
2587.741	6721
2589.67	6823
2591.602	6826
2593.532	6670
2595.461	6788
2597.388	6844
2599.316	6673
2601.244	6770
2603.172	6778
2605.098	6917
2607.023	6756
2608.949	6803
2610.873	6650
2612.8	6669
2614.723	6779
2616.647	6856
2618.569	6815
2620.493	6818
2622.416	6820
2624.338	6634
2626.258	6877
2628.179	6732
2630.099	6780
2632.019	6757
2633.939	6796
2635.857	6831
2637.775	6808
2639.694	6693
2641.61	6706
2643.528	6854
2645.444	6815
2647.361	6818
2649.276	6759
2651.19	6742
2653.105	6678
2655.019	6767
2656.934	6698
2658.846	6770
2660.758	6804
2662.67	6699
2664.583	6820
2666.493	6790
2668.404	6751
2670.313	6596
2672.223	6734
2674.134	6644
2676.042	6623
2677.95	6702
2679.858	6765
2681.765	6833
2683.673	6851
2685.579	6736
2687.483	6679
2689.389	6718
2691.294	6758
2693.198	6646
2695.104	6772
2697.006	6705
2698.909	6710
2700.811	6543
2702.713	6709
2704.615	6704
2706.516	6672
2708.417	6735
2710.316	6648
2712.216	6682
2714.115	6693
2716.014	6686
2717.913	6637
2719.81	6592
2721.707	6823
2723.603	6750
2725.501	6525
2727.396	6610
2729.292	6728
2731.186	6625
2733.081	6602
2734.976	6649
2736.87	6525
2738.762	6684
2740.653	6585
2742.546	6691
2744.437	6645
2746.329	6635
2748.22	6666
2750.11	6685
2751.999	6657
2753.889	6775
2755.778	6584
2757.666	6592
2759.553	6635
2761.44	6652
2763.328	6570
2765.215	6578
2767.101	6573
2768.986	6562
2770.87	6534
2772.754	6593
2774.638	6651
2776.523	6646
2778.405	6543
2780.288	6604
2782.17	6591
2784.051	6674
2785.934	6582
2787.814	6526
2789.694	6564
2791.574	6596
2793.453	6653
2795.332	6717
2797.212	6612
2799.088	6551
2800.966	6498
2802.843	6596
2804.719	6472
2806.597	6547
2808.471	6483
2810.346	6643
2812.221	6530
2814.094	6553
2815.969	6540
2817.843	6564
2819.714	6594
2821.587	6569
2823.459	6586
2825.329	6409
2827.202	6651
2829.072	6567
2830.942	6508
2832.811	6628
2834.68	6530
2836.549	6697
2838.418	6683
2840.284	6550
2842.152	6561
2844.018	6518
2845.885	6523
2847.751	6561
2849.616	6523
2851.482	6641
2853.345	6573
2855.208	6680
2857.074	6591
2858.937	6641
2860.799	6768
2862.66	6664
2864.522	6666
2866.385	6688
2868.245	6687
2870.104	6755
2871.964	6864
2873.824	6768
2875.683	7049
2877.542	6800
2879.4	6962
2881.257	6916
2883.114	7016
2884.97	7028
2886.827	6911
2888.683	7013
2890.537	7025
2892.392	6912
2894.246	6903
2896.1	6890
2897.954	6954
2899.807	6736
2901.66	6968
2903.51	6979
2905.362	6757
2907.214	6851
2909.065	7010
2910.915	7043
2912.765	7058
2914.613	7062
2916.463	7189
2918.311	7072
2920.158	7160
2922.006	7125
2923.853	7191
2925.698	7448
2927.546	7240
2929.392	7383
2931.236	7412
2933.081	7455
2934.924	7396
2936.77	7468
2938.613	7578
2940.455	7611
2942.298	7651
2944.139	7639
2945.982	7660
2947.823	7500
2949.662	7466
2951.503	7512
2953.342	7480
2955.182	7354
2957.021	7229
2958.858	7517
2960.697	7306
2962.534	7420
2964.37	7242
2966.207	7085
2968.044	7195
2969.879	7133
2971.714	7079
2973.548	7009
2975.383	7037
2977.218	7023
2979.051	6879
2980.883	6997
2982.715	6866
2984.547	6989
2986.379	6951
2988.21	6823
2990.04	6794
2991.87	6854
2993.7	6792
2995.53	6799
2997.359	6785
2999.187	6604
3001.015	6738
3002.842	6640
3004.669	6530
3006.497	6549
3008.323	6414
3010.148	6426
3011.974	6447
3013.797	6402
3015.623	6445
3017.447	6405
3019.27	6409
3021.094	6403
3022.915	6520
3024.737	6354
3026.56	6373
3028.38	6340
3030.201	6383
3032.022	6285
3033.84	6194
3035.662	6313
3037.481	6351
3039.298	6303
3041.117	6164
3042.933	6327
3044.752	6254
3046.568	6202
3048.385	6295
3050.2	6243
3052.016	6252
3053.83	6231
3055.646	6169
3057.46	6279
3059.272	6173
3061.086	6288
3062.898	6271
3064.711	6255
3066.524	6301
3068.335	6207
3070.145	6247
3071.956	6194
3073.766	6282
3075.576	6283
3077.385	6200
3079.193	6179
3081.002	6176
3082.81	6037
3084.618	6037
3086.425	6160
3088.231	6199
3090.036	6147
3091.842	6145
3093.648	6090
3095.452	6013
3097.257	6148
3099.06	6093
3100.863	5987
3102.666	6104
3104.47	6154
3106.272	5960
3108.073	6009
3109.875	6075
3111.676	6074
3113.477	5995
3115.277	5984
3117.077	6084
3118.874	6060
3120.673	6136
3122.473	5939
3124.271	5952
3126.066	5936
3127.863	5952
3129.66	5927
3131.456	6009
3133.252	6006
3135.047	5943
3136.842	5950
3138.635	5902
3140.429	5946
3142.223	5966
3144.016	5982
3145.808	5912
3147.6	5985
3149.392	5912
3151.183	5934
3152.975	5915
3154.765	5927
3156.553	5953
3158.344	6008
3160.132	5827
3161.922	5968
3163.71	5866
3165.497	6054
3167.285	5913
3169.071	5946
3170.858	5917
3172.645	5844
3174.429	5934
3176.214	5964
3177.998	5816
3179.783	5929
3181.568	5947
3183.351	5899
3185.133	5841
3186.915	5917
3188.698	5832
3190.481	5905
3192.261	5857
3194.042	5910
3195.822	5828
3197.601	5837
3199.381	5879
3201.161	5842
3202.939	6003
3204.717	5750
3206.495	6040
3208.272	5837
3210.05	5839
3211.826	5893
3213.602	5764
3215.376	5773
3217.151	5872
3218.927	5867
3220.702	5868
3222.476	5909
3224.249	5915
3226.021	5810
3227.793	5826
3229.567	5913
3231.339	5836
3233.109	5790
3234.88	5775
3236.651	5818
3238.421	5901
3240.191	5724
3241.96	5886
3243.728	5869
3245.497	5827
3247.263	5839
3249.033	5850
3250.799	5814
3252.566	5791
3254.331	5843
3256.097	5813
3257.863	5710
3259.628	5776
3261.392	5885
3263.156	5779
3264.919	5699
3266.683	5771
3268.447	5792
3270.208	5749
3271.969	5837
3273.731	5762
3275.492	5767
3277.253	5827
3279.013	5782
3280.773	5696
3282.532	5853
3284.291	5844
3286.05	5714
3287.808	5768
3289.566	5862
3291.323	5840
3293.079	5838
3294.835	5805
3296.593	5765
3298.348	5833
3300.102	5835
3301.857	5861
3303.611	5753
3305.366	5693
3307.119	5786
3308.872	5798
3310.624	5885
3312.376	5743
3314.129	5751
3315.881	5815
3317.631	5855
3319.38	5769
3321.13	5773
3322.88	5816
3324.631	5703
3326.379	5772
3328.126	5850
3329.875	5717
3331.622	5704
3333.371	5810
3335.116	5821
3336.863	5797
3338.609	5794
3340.353	5693
3342.1	5748
3343.845	5774
3345.588	5681
3347.332	5721
3349.074	5751
3350.817	5679
3352.56	5760
3354.303	5704
3356.043	5725
3357.785	5701
3359.525	5673
3361.268	5627
3363.007	5739
3364.745	5633
3366.485	5803
3368.223	5763
3369.962	5586
3371.701	5624
3373.438	5567
3375.174	5615
3376.911	5689
3378.647	5736
3380.384	5562
3382.118	5603
3383.854	5681
3385.588	5610
3387.322	5641
3389.057	5726
3390.79	5623
3392.522	5608
3394.255	5592
3395.987	5654
3397.719	5529
3399.451	5572
3401.181	5635
3402.911	5593
3404.641	5664
3406.371	5583
3408.101	5521
3409.83	5573
3411.558	5544
3413.285	5637
3415.011	5649
3416.739	5568
3418.467	5597
3420.193	5575
3421.919	5552
3423.644	5553
3425.368	5584
3427.094	5442
3428.818	5451
3430.542	5575
3432.264	5510
3433.987	5495
3435.712	5545
3437.434	5574
3439.155	5535
3440.876	5538
3442.596	5450
3444.317	5485
3446.039	5502
3447.757	5425
3449.477	5531
3451.195	5437
3452.914	5411
3454.632	5517
3456.35	5352
3458.067	5467
3459.784	5479
3461.5	5407
3463.216	5385
3464.932	5347
3466.647	5310
3468.362	5340
3470.076	5421
3471.789	5309
3473.505	5400
3475.217	5407
3476.929	5338
3478.641	5301
3480.354	5337
3482.066	5347
3483.777	5337
3485.487	5297
3487.197	5440
3488.908	5282
3490.617	5343
3492.327	5268
3494.035	5272
3495.743	5215
3497.451	5325
3499.158	5247
3500.866	5320
3502.572	5346
3504.278	5283
3505.984	5133
3507.689	5248
3509.396	5227
3511.1	5213
3512.804	5232
3514.508	5240
3516.211	5316
3517.913	5135
3519.616	5237
3521.319	5232
3523.021	5292
3524.722	5142
3526.422	5199
3528.124	5281
3529.824	5105
3531.524	5251
3533.222	5096
3534.921	5169
3536.62	5270
3538.318	5189
3540.016	5130
3541.714	5124
3543.41	5236
3545.107	5126
3546.803	5182
3548.5	5076
3550.194	5226
3551.889	5006
3553.583	5139
3555.279	5104
3556.972	5199
3558.666	5127
3560.358	5206
3562.051	5160
3563.742	5146
3565.435	5048
3567.126	5119
3568.817	5212
3570.507	5071
3572.197	5078
3573.888	5166
3575.577	5107
3577.265	5061
3578.954	5000
3580.642	5118
3582.329	4985
3584.017	5064
3585.704	4981
3587.391	5056
3589.077	5087
3590.762	4979
3592.449	5186
3594.133	4980
3595.817	4987
3597.501	5091
3599.185	4983
3600.869	4974
3602.552	4956
3604.234	4942
3605.916	4959
3607.598	4840
3609.279	4851
3610.961	4894
3612.642	4958
3614.321	4886
3616	4960
3617.68	4860
3619.36	4870
3621.039	4845
3622.716	4926
3624.394	4973
3626.071	4940
3627.748	4791
3629.425	4921
3631.102	4907
3632.778	4874
3634.452	4862
3636.127	4876
3637.803	4881
3639.477	4865
3641.151	4819
3642.823	4733
3644.497	4839
3646.171	4880
3647.842	4909
3649.515	4777
3651.185	4768
3652.857	4732
3654.527	4768
3656.198	4776
3657.868	4764
3659.537	4744
3661.207	4844
3662.875	4844
3664.544	4761
3666.212	4794
3667.879	4762
3669.546	4850
3671.212	4788
3672.88	4729
3674.546	4722
3676.211	4821
3677.875	4771
3679.541	4697
3681.205	4780
3682.87	4625
3684.533	4665
3686.196	4695
3687.859	4737
3689.521	4712
3691.184	4675
3692.845	4787
3694.507	4706
3696.167	4815
3697.827	4761
3699.487	4706
3701.148	4725
3702.808	4712
3704.466	4761
3706.125	4647
3707.783	4660
3709.442	4794
3711.099	4795
3712.757	4721
3714.412	4678
3716.068	4695
3717.725	4689
3719.381	4642
3721.036	4739
3722.689	4650
3724.344	4702
3725.998	4593
3727.652	4697
3729.305	4584
3730.958	4577
3732.61	4657
3734.262	4737
3735.915	4608
3737.565	4594
3739.217	4575
3740.866	4613
3742.516	4660
3744.165	4609
3745.816	4615
3747.464	4556
3749.113	4648
3750.761	4680
3752.409	4631
3754.057	4612
3755.703	4562
3757.35	4584
3758.996	4544
3760.641	4587
3762.289	4609
3763.933	4573
3765.577	4661
3767.222	4547
3768.865	4624
3770.508	4548
3772.152	4665
3773.796	4486
3775.438	4610
3777.079	4487
3778.721	4469
3780.363	4453
3782.003	4566
3783.643	4497
3785.283	4452
3786.923	4500
3788.563	4505
3790.203	4509
3791.841	4514
3793.479	4531
3795.115	4499
3796.753	4405
3798.391	4461
3800.027	4472
3801.664	4443
3803.299	4444
3804.935	4531
3806.571	4506
3808.206	4418
3809.839	4496
3811.473	4500
3813.107	4446
3814.74	4324
3816.375	4422
3818.006	4321
3819.638	4381
3821.27	4470
3822.9	4470
3824.532	4420
3826.163	4530
3827.792	4373
3829.423	4416
3831.051	4288
3832.682	4437
3834.311	4443
3835.938	4357
3837.566	4489
3839.193	4487
3840.821	4407
3842.448	4419
3844.075	4363
3845.7	4386
3847.325	4370
3848.951	4389
3850.576	4371
3852.201	4383
3853.825	4353
3855.448	4371
3857.072	4374
3858.694	4394
3860.318	4385
3861.939	4342
3863.562	4420
3865.183	4385
3866.804	4368
3868.426	4349
3870.045	4367
3871.666	4394
3873.285	4360
3874.904	4248
3876.524	4279
3878.142	4317
3879.76	4281
3881.378	4342
3882.995	4294
3884.612	4297
3886.229	4305
3887.845	4283
3889.461	4382
3891.076	4237
3892.691	4321
3894.307	4235
3895.922	4223
3897.536	4337
3899.149	4208
3900.761	4323
3902.374	4251
3903.988	4227
3905.6	4263
3907.212	4328
3908.822	4181
3910.433	4338
3912.045	4251
3913.655	4294
3915.265	4244
3916.875	4242
3918.483	4197
3920.093	4301
3921.702	4286
3923.309	4237
3924.917	4263
3926.523	4192
3928.13	4249
3929.739	4291
3931.344	4282
3932.95	4188
3934.555	4237
3936.159	4202
3937.766	4214
3939.369	4216
3940.974	4185
3942.577	4300
3944.181	4261
3945.783	4113
3947.386	4237
3948.989	4210
3950.59	4219
3952.191	4176
3953.791	4165
3955.394	4165
3956.994	4196
3958.593	4181
3960.192	4243
3961.791	4107
3963.392	4174
3964.99	4175
3966.588	4170
3968.185	4146
3969.782	4174
3971.379	4229
3972.976	4156
3974.572	4116
3976.168	4134
3977.763	4079
3979.358	4161
3980.954	4059
3982.548	4163
3984.142	4121
3985.736	4074
3987.329	4127
3988.922	4072
3990.516	4066
3992.108	4092
3993.698	4027
3995.29	4060
3996.881	4127
3998.473	3984
4000.064	4032
4001.653	4011
4003.242	4014
4004.832	4019
4006.422	3981
4008.01	4080
4009.598	4020
4011.186	3965
4012.773	4074
4014.36	3907
4015.947	4015
4017.534	3968
4019.119	3987
4020.705	3971
4022.291	3940
4023.876	3972
4025.461	4007
4027.044	3934
4028.627	3926
4030.211	3908
4031.795	3930
4033.378	3979
4034.96	3914
4036.542	3994
4038.124	3975
4039.704	3969
4041.286	3917
4042.867	3941
4044.447	3941
4046.026	4010
4047.606	3918
4049.187	3898
4050.765	3836
4052.343	3944
4053.92	3841
4055.498	3878
4057.076	3823
4058.654	3876
4060.23	3970
4061.806	3840
4063.381	3912
4064.957	3822
4066.533	3863
4068.107	3820
4069.682	3855
4071.256	3885
4072.829	3801
4074.404	3843
4075.977	3856
4077.549	3821
4079.121	3851
4080.693	3870
4082.265	3807
4083.836	3808
4085.407	3817
4086.977	3813
4088.547	3868
4090.117	3894
4091.687	3823
4093.256	3890
4094.825	3821
4096.392	3762
4097.96	3829
4099.528	3788
4101.097	3763
4102.663	3770
4104.229	3821
4105.795	3871
4107.361	3784
4108.928	3800
4110.493	3766
4112.058	3722
4113.621	3818
4115.186	3735
4116.75	3773
4118.313	3822
4119.876	3717
4121.438	3756
4123	3820
4124.562	3814
4126.125	3691
4127.686	3726
4129.246	3743
4130.807	3711
4132.367	3722
4133.927	3732
4135.486	3734
4137.046	3716
4138.604	3697
4140.162	3721
4141.72	3673
4143.279	3656
4144.836	3711
4146.393	3704
4147.949	3697
4149.505	3725
4151.062	3654
4152.617	3663
4154.172	3675
4155.727	3645
4157.281	3643
4158.836	3620
4160.39	3663
4161.943	3637
4163.496	3583
4165.048	3648
4166.601	3638
4168.154	3656
4169.706	3708
4171.257	3619
4172.808	3546
4174.358	3635
4175.909	3678
4177.458	3640
4179.008	3613
4180.558	3599
4182.106	3549
4183.655	3629
4185.204	3571
4186.751	3518
4188.298	3635
4189.845	3587
4191.392	3563
4192.939	3555
4194.485	3572
4196.031	3528
4197.576	3591
4199.121	3524
4200.666	3645
4202.211	3556
4203.754	3561
4205.298	3485
4206.84	3579
4208.384	3482
4209.927	3513
4211.47	3571
4213.011	3530
4214.552	3499
4216.094	3541
4217.635	3540
4219.175	3488
4220.716	3601
4222.255	3517
4223.793	3510
4225.335	3510
4226.873	3433
4228.411	3509
4229.948	3549
4231.486	3459
4233.024	3508
4234.562	3505
4236.098	3475
4237.634	3500
4239.169	3599
4240.705	3456
4242.241	3497
4243.776	3493
4245.31	3478
4246.844	3447
4248.378	3438
4249.911	3437
4251.445	3451
4252.978	3436
4254.51	3485
4256.042	3452
4257.574	3486
4259.107	3447
4260.638	3432
4262.169	3452
4263.699	3403
4265.228	3454
4266.759	3439
4268.289	3387
4269.818	3482
4271.345	3413
4272.874	3408
4274.402	3385
4275.931	3432
4277.458	3420
4278.985	3396
4280.512	3389
4282.037	3424
4283.564	3441
4285.089	3413
4286.615	3377
4288.139	3401
4289.664	3431
4291.187	3367
4292.712	3426
4294.235	3387
4295.759	3329
4297.281	3360
4298.804	3344
4300.327	3402
4301.849	3346
4303.37	3399
4304.891	3335
4306.412	3371
4307.933	3338
4309.453	3329
4310.973	3310
4312.492	3317
