398.1873	6892
400.7097	6960
403.2336	6939
405.7547	6950
408.2751	7013
410.7948	6941
413.3138	6947
415.83	7081
418.3497	7125
420.8666	7101
423.3829	7171
425.8985	7246
428.4133	7265
430.9275	7283
433.441	7279
435.9538	7379
438.4639	7378
440.9753	7333
443.4881	7402
445.9982	7508
448.5055	7360
451.0142	7385
453.5201	7363
456.0274	7384
458.5361	7385
461.04	7400
463.5453	7635
466.0478	7480
468.5517	7519
471.0549	7494
473.5574	7372
476.0572	7533
478.5584	7692
481.0568	7588
483.5545	7617
486.0557	7670
488.5521	7685
491.0478	7591
493.5449	7738
496.0392	7684
498.5349	7724
501.0299	7819
503.5222	7818
506.0139	7816
508.5048	7815
510.9991	7759
513.4887	7894
515.9777	7850
518.4659	7714
520.9534	7662
523.4403	7873
525.9306	7786
528.4161	7772
530.9009	7843
533.3851	7871
535.8687	7765
538.3535	7817
540.8356	7846
543.3171	7806
545.7979	7842
548.278	7787
550.7595	7782
553.2383	7841
555.7144	7876
558.1918	7937
560.6685	7880
563.1446	7896
565.6221	7933
568.0968	8010
570.5688	7938
573.0422	8010
575.515	7858
577.989	8073
580.4584	8086
582.9291	8084
585.3991	8088
587.8685	8158
590.3352	8100
592.8052	8132
595.2706	8101
597.7372	8081
600.2033	8093
602.6666	8088
605.1334	8071
607.5953	8107
610.0587	7962
612.5193	8111
614.9814	8064
617.4427	8113
619.9034	8014
622.3615	8094
624.8208	8132
627.2775	8165
629.7335	8014
632.1929	8244
634.6476	8120
637.1016	8148
639.5569	8123
642.0096	8276
644.4637	8127
646.9151	8304
649.3678	8121
651.8179	8176
654.2672	8300
656.7159	8211
659.166	8368
661.6154	8284
664.0622	8385
666.5082	8377
668.9537	8321
671.4005	8330
673.8445	8316
676.288	8380
678.7308	8418
681.1729	8424
683.6163	8505
686.0572	8390
688.4973	8445
690.9368	8491
693.3757	8308
695.8138	8416
698.2534	8489
700.6902	8381
703.1245	8565
705.56	8446
707.9949	8516
710.4311	8552
712.8647	8514
715.2957	8566
717.7279	8500
720.1595	8598
722.5905	8566
725.0208	8648
727.4505	8592
729.8795	8740
732.3058	8852
734.7336	8716
737.1626	8774
739.587	8830
742.0128	8818
744.4359	8911
746.8604	8839
749.2841	8886
751.7073	8806
754.1278	8982
756.5496	9004
758.9688	8902
761.3893	8862
763.8093	8998
766.2285	9001
768.6451	8915
771.0611	9099
773.4784	8922
775.895	8969
778.3091	8920
780.7244	9208
783.1371	9126
785.5493	9020
787.9626	8971
790.3754	9147
792.7856	9047
795.1951	9015
797.6039	9094
800.0121	9102
802.4236	9067
804.8306	9199
807.2369	8986
809.6425	9000
812.0475	8973
814.4538	9157
816.8575	9144
819.2606	9240
821.663	9141
824.0648	9105
826.4659	8992
828.8683	9169
831.2682	9157
833.6674	9119
836.066	9092
838.4639	9282
840.8632	9316
843.2579	9205
845.6539	9373
848.0493	9298
850.444	9325
852.84	9189
855.2315	9215
857.6243	9263
860.0165	9232
862.4081	9354
864.797	9260
867.1892	9232
869.5789	9194
871.9659	9265
874.3542	9324
876.74	9160
879.129	9188
881.5155	9197
883.8994	9223
886.2845	9235
888.6671	9341
891.051	9138
893.4343	9285
895.8169	9211
898.197	9340
900.5783	9410
902.9571	9214
905.3372	9428
907.7167	9367
910.0936	9315
912.4698	9299
914.8474	9564
917.2244	9477
919.5987	9518
921.9744	9723
924.3475	9638
926.72	9642
929.0918	9720
931.4669	9602
933.8375	9593
936.2074	9674
938.5767	9611
940.9454	9742
943.3154	9698
945.6829	9802
948.0497	9855
950.4178	10078
952.7833	10258
955.1483	10457
957.5145	10385
959.8782	10483
962.2412	10348
964.6036	10324
966.9655	10007
969.3266	9981
971.6871	9881
974.0471	9808
976.4064	9610
978.765	9741
981.125	9615
983.4824	9647
985.8373	9571
988.1935	9608
990.549	9517
992.9039	9594
995.2602	9469
997.6119	9529
999.965	9504
1002.317	9590
1004.667	9688
1007.02	9640
1009.371	9594
1011.719	9505
1014.068	9463
1016.415	9563
1018.765	9532
1021.111	9454
1023.458	9522
1025.804	9585
1028.147	9687
1030.49	9671
1032.837	9565
1035.179	9667
1037.522	9684
1039.862	9678
1042.204	9542
1044.546	9629
1046.884	9859
1049.224	9640
1051.562	9616
1053.899	9799
1056.237	9872
1058.575	9593
1060.91	9810
1063.244	9672
1065.58	9757
1067.913	9722
1070.248	9695
1072.579	9751
1074.911	9763
1077.242	9729
1079.572	9752
1081.905	9804
1084.234	9696
1086.562	9739
1088.89	9787
1091.217	9785
1093.544	9680
1095.871	9907
1098.197	9753
1100.521	9773
1102.845	9720
1105.169	9779
1107.491	9749
1109.814	9826
1112.135	9869
1114.456	9880
1116.776	9798
1119.096	9959
1121.415	9940
1123.734	9968
1126.052	10026
1128.369	9835
1130.686	9999
1133.002	9932
1135.318	9841
1137.632	9912
1139.945	9900
1142.258	9830
1144.573	9860
1146.884	9830
1149.196	10016
1151.505	10034
1153.816	9746
1156.124	9892
1158.435	9988
1160.742	9968
1163.051	9644
1165.356	9837
1167.663	9881
1169.97	9939
1172.276	9845
1174.579	9843
1176.881	9831
1179.186	9873
1181.487	9935
1183.79	9778
1186.092	9980
1188.392	9851
1190.691	9750
1192.991	9830
1195.291	9857
1197.588	9893
1199.885	9996
1202.181	9840
1204.479	9824
1206.775	9788
1209.07	9797
1211.363	9903
1213.656	10004
1215.949	9949
1218.241	9988
1220.534	10002
1222.825	9940
1225.115	10135
1227.405	10044
1229.693	9986
1231.984	10025
1234.271	10013
1236.558	9911
1238.845	9980
1241.131	10079
1243.416	10154
1245.703	10114
1247.987	10208
1250.269	10254
1252.552	10176
1254.834	10166
1257.118	10067
1259.399	10214
1261.678	10127
1263.958	10136
1266.237	10126
1268.516	10274
1270.794	10344
1273.072	10195
1275.347	10242
1277.624	10062
1279.899	9910
1282.175	10067
1284.449	10063
1286.722	9919
1288.995	10041
1291.266	10173
1293.54	10075
1295.81	10112
1298.081	9879
1300.35	10178
1302.62	10127
1304.889	9950
1307.156	10031
1309.425	10087
1311.69	10257
1313.957	10074
1316.222	10163
1318.488	10183
1320.751	10162
1323.016	10121
1325.278	10030
1327.54	10214
1329.803	9964
1332.065	10247
1334.325	10064
1336.584	10284
1338.843	10087
1341.101	10110
1343.36	10208
1345.617	10086
1347.876	10254
1350.131	9981
1352.387	10092
1354.643	10151
1356.897	10047
1359.151	10161
1361.403	10100
1363.656	10050
1365.909	10167
1368.16	10255
1370.409	10141
1372.659	10245
1374.909	10274
1377.157	10186
1379.407	10218
1381.655	10208
1383.9	10133
1386.147	10144
1388.393	10254
1390.64	10257
1392.885	10255
1395.127	10171
1397.37	10333
1399.614	10280
1401.854	10494
1404.098	10272
1406.339	10354
1408.578	10125
1410.818	10495
1413.056	10295
1415.297	10404
1417.533	10455
1419.771	10362
1422.006	10327
1424.243	10438
1426.479	10442
1428.715	10319
1430.948	10327
1433.182	10420
1435.414	10436
1437.647	10557
1439.88	10503
1442.11	10590
1444.342	10395
1446.571	10410
1448.799	10504
1451.029	10442
1453.258	10532
1455.485	10602
1457.711	10506
1459.937	10389
1462.164	10426
1464.39	10455
1466.614	10585
1468.838	10440
1471.06	10423
1473.283	10431
1475.506	10329
1477.727	10341
1479.949	10320
1482.169	10213
1484.389	10232
1486.609	10199
1488.828	10255
1491.045	10222
1493.261	10170
1495.477	10402
1497.693	10293
1499.91	10173
1502.125	10163
1504.339	10251
1506.553	10190
1508.766	10109
1510.979	10246
1513.191	10129
1515.402	10275
1517.613	10207
1519.823	10073
1522.033	10254
1524.242	10273
1526.451	10202
1528.657	10173
1530.865	10169
1533.072	10243
1535.278	10243
1537.484	10263
1539.687	10314
1541.892	10239
1544.096	10249
1546.299	10195
1548.502	10268
1550.703	10240
1552.905	10397
1555.104	10291
1557.303	10501
1559.505	10393
1561.703	10306
1563.902	10357
1566.099	10485
1568.295	10522
1570.494	10496
1572.689	10470
1574.883	10437
1577.079	10586
1579.272	10348
1581.467	10474
1583.659	10415
1585.853	10405
1588.044	10530
1590.234	10496
1592.424	10455
1594.615	10556
1596.806	10497
1598.994	10575
1601.182	10604
1603.369	10661
1605.557	10459
1607.744	10507
1609.929	10518
1612.114	10648
1614.298	10524
1616.482	10623
1618.667	10566
1620.85	10563
1623.032	10552
1625.214	10556
1627.395	10689
1629.575	10627
1631.755	10712
1633.935	10687
1636.114	10635
1638.292	10749
1640.471	10641
1642.647	10614
1644.823	10500
1647	10509
1649.175	10593
1651.348	10549
1653.525	10540
1655.698	10562
1657.87	10740
1660.043	10651
1662.213	10725
1664.387	10570
1666.558	10667
1668.727	10673
1670.896	10799
1673.064	10655
1675.233	10656
1677.401	10754
1679.569	10594
1681.735	10649
1683.902	10715
1686.066	10640
1688.233	10843
1690.397	10790
1692.559	10571
1694.723	10552
1696.885	10551
1699.048	10550
1701.21	10515
1703.37	10552
1705.53	10704
1707.689	10576
1709.849	10476
1712.009	10561
1714.166	10601
1716.323	10437
1718.479	10573
1720.634	10502
1722.793	10502
1724.948	10576
1727.102	10573
1729.255	10560
1731.408	10518
1733.562	10719
1735.714	10703
1737.865	10604
1740.016	10550
1742.166	10539
1744.316	10566
1746.467	10547
1748.616	10624
1750.764	10469
1752.911	10524
1755.056	10612
1757.205	10443
1759.35	10594
1761.496	10509
1763.641	10625
1765.785	10579
1767.927	10546
1770.072	10528
1772.214	10693
1774.355	10669
1776.496	10668
1778.637	10604
1780.778	10596
1782.918	10652
1785.057	10639
1787.194	10782
1789.333	10705
1791.472	10811
1793.608	10673
1795.745	10613
1797.879	10619
1800.015	10772
1802.148	10924
1804.284	10632
1806.417	10673
1808.548	10628
1810.682	10582
1812.812	10741
1814.946	10752
1817.075	10634
1819.205	10620
1821.335	10608
1823.463	10911
1825.59	10625
1827.721	10653
1829.847	10568
1831.973	10593
1834.098	10554
1836.223	10724
1838.351	10583
1840.475	10478
1842.598	10523
1844.721	10446
1846.843	10561
1848.966	10548
1851.087	10542
1853.21	10502
1855.33	10513
1857.449	10720
1859.568	10616
1861.688	10492
1863.806	10512
1865.924	10651
1868.039	10522
1870.155	10536
1872.273	10514
1874.388	10533
1876.503	10484
1878.617	10504
1880.73	10670
1882.844	10614
1884.956	10656
1887.068	10497
1889.18	10566
1891.291	10752
1893.4	10789
1895.511	10579
1897.621	10691
1899.73	10674
1901.837	10665
1903.944	10823
1906.053	10574
1908.159	10611
1910.265	10691
1912.369	10741
1914.474	10599
1916.577	10593
1918.683	10748
1920.785	10713
1922.888	10680
1924.989	10769
1927.091	10686
1929.193	10613
1931.294	10829
1933.393	10794
1935.493	10813
1937.59	10750
1939.689	10729
1941.788	10830
1943.884	10615
1945.98	10730
1948.077	10733
1950.171	10723
1952.267	10807
1954.361	10780
1956.455	10693
1958.548	10543
1960.64	10836
1962.733	10701
1964.824	10670
1966.915	10659
1969.005	10680
1971.096	10496
1973.185	10668
1975.275	10683
1977.363	10614
1979.45	10671
1981.537	10480
1983.623	10585
1985.711	10665
1987.796	10650
1989.881	10554
1991.965	10692
1994.047	10556
1996.132	10681
1998.215	10550
2000.297	10456
2002.378	10557
2004.46	10629
2006.54	10483
2008.62	10642
2010.7	10537
2012.779	10665
2014.858	10713
2016.934	10621
2019.013	10758
2021.09	10623
2023.165	10810
2025.241	10783
2027.317	10521
2029.39	10673
2031.466	10638
2033.538	10746
2035.612	10472
2037.683	10644
2039.755	10697
2041.827	10564
2043.898	10454
2045.968	10706
2048.038	10507
2050.106	10708
2052.177	10614
2054.244	10524
2056.313	10700
2058.379	10574
2060.444	10649
2062.511	10508
2064.577	10697
2066.641	10683
2068.705	10776
2070.77	10603
2072.832	10595
2074.896	10410
2076.958	10535
2079.02	10631
2081.081	10553
2083.141	10736
2085.2	10656
2087.261	10474
2089.319	10590
2091.377	10585
2093.435	10656
2095.492	10586
2097.552	10702
2099.607	10569
2101.663	10630
2103.718	10623
2105.771	10720
2107.826	10500
2109.879	10589
2111.932	10461
2113.985	10619
2116.037	10560
2118.088	10589
2120.141	10624
2122.191	10698
2124.239	10591
2126.288	10631
2128.337	10594
2130.387	10511
2132.434	10565
2134.481	10485
2136.528	10741
2138.574	10518
2140.618	10614
2142.665	10621
2144.71	10514
2146.753	10458
2148.797	10573
2150.838	10600
2152.883	10558
2154.923	10566
2156.965	10486
2159.007	10586
2161.046	10452
2163.086	10430
2165.126	10568
2167.163	10457
2169.202	10437
2171.239	10438
2173.277	10597
2175.314	10407
2177.349	10494
2179.385	10422
2181.42	10253
2183.453	10399
2185.49	10326
2187.522	10219
2189.555	10466
2191.586	10451
2193.619	10517
2195.651	10478
2197.682	10368
2199.711	10221
2201.74	10340
2203.769	10358
2205.799	10165
2207.828	10278
2209.855	10428
2211.882	10293
2213.908	10495
2215.934	10261
2217.961	10296
2219.986	10394
2222.01	10417
2224.034	10210
2226.057	10351
2228.08	10253
2230.104	10370
2232.124	10267
2234.145	10296
2236.166	10369
2238.186	10276
2240.207	10404
2242.227	10274
2244.244	10219
2246.262	10352
2248.28	10285
2250.299	10287
2252.314	10248
2254.33	10261
2256.346	10194
2258.36	10284
2260.375	10431
2262.391	10321
2264.403	10307
2266.416	10219
2268.427	10267
2270.44	10354
2272.453	10396
2274.463	10250
2276.474	10259
2278.483	10244
2280.493	10271
2282.501	10330
2284.51	10317
2286.518	10442
2288.524	10211
2290.532	10328
2292.537	10384
2294.544	10234
2296.55	10326
2298.554	10302
2300.557	10196
2302.562	10156
2304.566	10152
2306.568	10361
2308.569	10314
2310.572	10309
2312.573	10148
2314.573	10032
2316.574	10132
2318.573	10285
2320.571	10257
2322.571	10277
2324.569	10294
2326.567	10218
2328.564	10207
2330.56	10134
2332.556	10229
2334.551	10067
2336.546	10266
2338.542	9986
2340.535	10068
2342.529	9939
2344.521	10094
2346.512	9975
2348.505	9982
2350.497	10057
2352.487	10129
2354.478	10148
2356.468	10066
2358.457	9951
2360.446	10116
2362.434	10152
2364.422	10003
2366.408	9961
2368.395	10022
2370.383	10044
2372.369	9912
2374.353	10055
2376.338	9827
2378.321	10026
2380.307	9972
2382.29	10006
2384.272	9892
2386.254	9890
2388.235	9995
2390.218	10101
2392.198	9869
2394.179	9961
2396.157	9975
2398.137	10075
2400.115	9944
2402.095	9820
2404.072	9954
2406.048	9854
2408.026	9853
2410.001	9837
2411.977	10058
2413.953	9903
2415.927	9830
2417.9	9961
2419.875	9899
2421.847	9879
2423.821	9779
2425.792	9929
2427.763	9946
2429.736	9878
2431.706	9780
2433.677	9785
2435.646	9823
2437.615	9909
2439.583	9805
2441.551	9942
2443.519	9776
2445.486	9953
2447.452	9881
2449.418	9844
2451.383	9882
2453.348	9799
2455.314	9830
2457.278	9919
2459.241	9770
2461.205	9817
2463.167	9908
2465.131	9860
2467.091	9846
2469.052	9768
2471.012	9857
2472.972	9871
2474.932	9685
2476.891	9888
2478.85	9792
2480.808	9832
2482.766	9861
2484.722	9904
2486.68	9847
2488.636	9963
2490.591	9796
2492.546	9776
2494.5	9923
2496.456	9639
2498.41	9836
2500.362	9654
2502.315	9843
2504.266	9729
2506.218	9850
2508.169	9556
2510.121	9889
2512.07	9718
2514.019	9711
2515.968	9748
2517.918	9711
2519.866	9622
2521.813	9656
2523.76	9589
2525.707	9523
2527.653	9780
2529.599	9865
2531.543	9729
2533.489	9703
2535.433	9748
2537.376	9731
2539.32	9695
2541.264	9792
2543.205	9685
2545.147	9680
2547.087	9642
2549.029	9638
2550.969	9602
2552.908	9761
2554.847	9722
2556.786	9717
2558.724	9604
2560.663	9705
2562.6	9808
2564.537	9687
2566.473	9690
2568.408	9648
2570.345	9669
2572.28	9645
2574.214	9604
2576.148	9692
2578.081	9633
2580.014	9787
2581.947	9529
2583.879	9563
2585.81	9769
2587.741	9898
2589.67	9734
2591.602	9668
2593.532	9748
2595.461	9780
2597.388	9739
2599.316	9702
2601.244	9531
2603.172	9703
2605.098	9626
2607.023	9586
2608.949	9754
2610.873	9654
2612.8	9834
2614.723	9699
2616.647	9690
2618.569	9705
2620.493	9837
2622.416	9705
2624.338	9638
2626.258	9637
2628.179	9724
2630.099	9707
2632.019	9778
2633.939	9583
2635.857	9694
2637.775	9755
2639.694	9794
2641.61	9674
2643.528	9585
2645.444	9489
2647.361	9570
2649.276	9817
2651.19	9690
2653.105	9714
2655.019	9663
2656.934	9634
2658.846	9564
2660.758	9529
2662.67	9483
2664.583	9554
2666.493	9707
2668.404	9674
2670.313	9666
2672.223	9607
2674.134	9455
2676.042	9557
2677.95	9530
2679.858	9437
2681.765	9618
2683.673	9529
2685.579	9653
2687.483	9538
2689.389	9487
2691.294	9550
2693.198	9675
2695.104	9499
2697.006	9590
2698.909	9510
2700.811	9502
2702.713	9573
2704.615	9617
2706.516	9443
2708.417	9442
2710.316	9505
2712.216	9331
2714.115	9502
2716.014	9404
2717.913	9373
2719.81	9506
2721.707	9508
2723.603	9477
2725.501	9361
2727.396	9484
2729.292	9432
2731.186	9426
2733.081	9361
2734.976	9440
2736.87	9345
2738.762	9434
2740.653	9423
2742.546	9394
2744.437	9402
2746.329	9496
2748.22	9435
2750.11	9473
2751.999	9334
2753.889	9402
2755.778	9400
2757.666	9480
2759.553	9369
2761.44	9398
2763.328	9264
2765.215	9308
2767.101	9338
2768.986	9459
2770.87	9342
2772.754	9424
2774.638	9492
2776.523	9455
2778.405	9421
2780.288	9397
2782.17	9254
2784.051	9305
2785.934	9327
2787.814	9356
2789.694	9207
2791.574	9262
2793.453	9210
2795.332	9345
2797.212	9245
2799.088	9356
2800.966	9291
2802.843	9261
2804.719	9336
2806.597	9195
2808.471	9217
2810.346	9344
2812.221	9162
2814.094	9283
2815.969	9213
2817.843	9346
2819.714	9489
2821.587	9237
2823.459	9276
2825.329	9313
2827.202	9302
2829.072	9262
2830.942	9139
2832.811	9173
2834.68	9233
2836.549	9356
2838.418	9189
2840.284	9222
2842.152	9327
2844.018	9340
2845.885	9261
2847.751	9296
2849.616	9269
2851.482	9189
2853.345	9197
2855.208	9353
2857.074	9237
2858.937	9388
2860.799	9330
2862.66	9350
2864.522	9068
2866.385	9342
2868.245	9430
2870.104	9376
2871.964	9370
2873.824	9532
2875.683	9438
2877.542	9411
2879.4	9518
2881.257	9499
2883.114	9634
2884.97	9579
2886.827	9539
2888.683	9696
2890.537	9620
2892.392	9705
2894.246	9790
2896.1	9624
2897.954	9606
2899.807	9579
2901.66	9566
2903.51	9499
2905.362	9501
2907.214	9503
2909.065	9689
2910.915	9602
2912.765	9720
2914.613	9554
2916.463	9610
2918.311	9911
2920.158	9786
2922.006	9853
2923.853	9929
2925.698	9863
2927.546	9741
2929.392	9783
2931.236	10001
2933.081	9923
2934.924	9948
2936.77	9906
2938.613	9956
2940.455	10215
2942.298	10134
2944.139	10262
2945.982	10286
2947.823	10399
2949.662	10234
2951.503	10307
2953.342	10148
2955.182	9978
2957.021	10022
2958.858	9998
2960.697	9850
2962.534	9804
2964.37	9936
2966.207	9688
2968.044	9671
2969.879	9740
2971.714	9548
2973.548	9581
2975.383	9507
2977.218	9526
2979.051	9481
2980.883	9425
2982.715	9447
2984.547	9453
2986.379	9381
2988.21	9250
2990.04	9247
2991.87	9237
2993.7	9316
2995.53	9350
2997.359	9156
2999.187	9134
3001.015	9211
3002.842	9030
3004.669	9183
3006.497	9012
3008.323	8956
3010.148	8914
3011.974	9032
3013.797	9016
3015.623	8898
3017.447	8878
3019.27	8836
3021.094	8771
3022.915	8747
3024.737	8863
3026.56	8705
3028.38	8826
3030.201	8618
3032.022	8763
3033.84	8730
3035.662	8756
3037.481	8812
3039.298	8746
3041.117	8620
3042.933	8748
3044.752	8719
3046.568	8816
3048.385	8740
3050.2	8694
3052.016	8668
3053.83	8568
3055.646	8730
3057.46	8608
3059.272	8777
3061.086	8592
3062.898	8657
3064.711	8553
3066.524	8653
3068.335	8617
3070.145	8620
3071.956	8467
3073.766	8612
3075.576	8421
3077.385	8513
3079.193	8692
3081.002	8569
3082.81	8481
3084.618	8487
3086.425	8587
3088.231	8552
3090.036	8621
3091.842	8384
3093.648	8534
3095.452	8645
3097.257	8555
3099.06	8488
3100.863	8330
3102.666	8396
3104.47	8410
3106.272	8394
3108.073	8402
3109.875	8326
3111.676	8508
3113.477	8317
3115.277	8413
3117.077	8360
3118.874	8368
3120.673	8264
3122.473	8388
3124.271	8256
3126.066	8393
3127.863	8200
3129.66	8287
3131.456	8271
3133.252	8234
3135.047	8187
3136.842	8294
3138.635	8191
3140.429	8288
3142.223	8151
3144.016	8214
3145.808	8224
3147.6	8193
3149.392	8178
3151.183	8229
3152.975	8261
3154.765	8155
3156.553	8129
3158.344	8177
3160.132	8221
3161.922	8173
3163.71	8299
3165.497	8204
3167.285	8030
3169.071	8125
3170.858	8094
3172.645	8088
3174.429	8091
3176.214	8182
3177.998	7927
3179.783	8122
3181.568	8080
3183.351	8118
3185.133	8104
3186.915	8029
3188.698	8055
3190.481	8071
3192.261	8045
3194.042	8073
3195.822	7988
3197.601	7974
3199.381	7953
3201.161	8163
3202.939	7955
3204.717	7895
3206.495	7983
3208.272	7964
3210.05	7961
3211.826	7901
3213.602	7833
3215.376	7978
3217.151	7911
3218.927	7894
3220.702	7984
3222.476	8004
3224.249	8062
3226.021	7996
3227.793	7947
3229.567	7932
3231.339	7872
3233.109	8027
3234.88	7946
3236.651	7938
3238.421	7979
3240.191	7906
3241.96	7869
3243.728	7996
3245.497	7879
3247.263	7818
3249.033	8014
3250.799	7851
3252.566	7835
3254.331	7826
3256.097	7707
3257.863	7958
3259.628	7912
3261.392	7981
3263.156	7839
3264.919	7940
3266.683	7883
3268.447	7905
3270.208	7876
3271.969	7903
3273.731	7873
3275.492	7883
3277.253	7850
3279.013	7917
3280.773	7885
3282.532	7920
3284.291	7713
3286.05	7952
3287.808	7817
3289.566	7939
3291.323	7899
3293.079	7991
3294.835	7852
3296.593	7922
3298.348	7916
3300.102	7856
3301.857	7826
3303.611	7899
3305.366	7773
3307.119	7758
3308.872	7865
3310.624	7798
3312.376	7786
3314.129	7876
3315.881	7881
3317.631	7691
3319.38	7870
3321.13	7818
3322.88	7737
3324.631	7871
3326.379	7732
3328.126	7936
3329.875	7875
3331.622	7721
3333.371	7723
3335.116	7756
3336.863	7855
3338.609	7773
3340.353	7635
3342.1	7748
3343.845	7726
3345.588	7723
3347.332	7731
3349.074	7747
3350.817	7631
3352.56	7669
3354.303	7652
3356.043	7670
3357.785	7629
3359.525	7655
3361.268	7737
3363.007	7634
3364.745	7719
3366.485	7633
3368.223	7615
3369.962	7579
3371.701	7589
3373.438	7588
3375.174	7603
3376.911	7576
3378.647	7638
3380.384	7644
3382.118	7605
3383.854	7494
3385.588	7589
3387.322	7602
3389.057	7544
3390.79	7634
3392.522	7518
3394.255	7518
3395.987	7508
3397.719	7434
3399.451	7502
3401.181	7559
3402.911	7492
3404.641	7543
3406.371	7475
3408.101	7494
3409.83	7436
3411.558	7522
3413.285	7610
3415.011	7493
3416.739	7368
3418.467	7543
3420.193	7409
3421.919	7383
3423.644	7440
3425.368	7386
3427.094	7528
3428.818	7317
3430.542	7487
3432.264	7429
3433.987	7382
3435.712	7296
3437.434	7335
3439.155	7360
3440.876	7283
3442.596	7374
3444.317	7366
3446.039	7423
3447.757	7325
3449.477	7434
3451.195	7428
3452.914	7390
3454.632	7245
3456.35	7308
3458.067	7190
3459.784	7360
3461.5	7287
3463.216	7284
3464.932	7223
3466.647	7210
3468.362	7225
3470.076	7342
3471.789	7156
3473.505	7233
3475.217	7230
3476.929	7149
3478.641	7114
3480.354	7099
3482.066	7199
3483.777	7103
3485.487	7192
3487.197	7125
3488.908	7221
3490.617	7102
3492.327	7035
3494.035	7033
3495.743	7208
3497.451	6987
3499.158	7095
3500.866	7075
3502.572	7025
3504.278	7084
3505.984	7128
3507.689	7067
3509.396	6969
3511.1	7000
3512.804	7012
3514.508	7045
3516.211	6950
3517.913	7123
3519.616	7007
3521.319	7018
3523.021	7042
3524.722	6977
3526.422	6917
3528.124	7004
3529.824	7038
3531.524	6899
3533.222	6866
3534.921	7061
3536.62	6978
3538.318	6925
3540.016	6914
3541.714	6982
3543.41	6890
3545.107	6967
3546.803	6977
3548.5	7010
3550.194	6910
3551.889	6835
3553.583	6866
3555.279	6927
3556.972	6820
3558.666	6660
3560.358	6832
3562.051	6889
3563.742	6894
3565.435	6800
3567.126	6804
3568.817	6815
3570.507	6847
3572.197	6715
3573.888	6828
3575.577	6833
3577.265	6854
3578.954	6848
3580.642	6899
3582.329	6760
3584.017	6704
3585.704	6854
3587.391	6731
3589.077	6851
3590.762	6758
3592.449	6771
3594.133	6698
3595.817	6648
3597.501	6831
3599.185	6668
3600.869	6672
3602.552	6770
3604.234	6614
3605.916	6646
3607.598	6635
3609.279	6695
3610.961	6658
3612.642	6603
3614.321	6702
3616	6511
3617.68	6656
3619.36	6664
3621.039	6520
3622.716	6625
3624.394	6517
3626.071	6516
3627.748	6508
3629.425	6566
3631.102	6647
3632.778	6435
3634.452	6457
3636.127	6490
3637.803	6502
3639.477	6515
3641.151	6422
3642.823	6474
3644.497	6442
3646.171	6484
3647.842	6568
3649.515	6419
3651.185	6471
3652.857	6448
3654.527	6436
3656.198	6433
3657.868	6436
3659.537	6458
3661.207	6309
3662.875	6456
3664.544	6490
3666.212	6451
3667.879	6399
3669.546	6460
3671.212	6368
3672.88	6346
3674.546	6376
3676.211	6332
3677.875	6428
3679.541	6400
3681.205	6379
3682.87	6344
3684.533	6435
3686.196	6379
3687.859	6272
3689.521	6457
3691.184	6427
3692.845	6299
3694.507	6335
3696.167	6388
3697.827	6284
3699.487	6293
3701.148	6355
3702.808	6269
3704.466	6418
3706.125	6326
3707.783	6215
3709.442	6316
3711.099	6417
3712.757	6334
3714.412	6299
3716.068	6325
3717.725	6260
3719.381	6323
3721.036	6214
3722.689	6142
3724.344	6271
3725.998	6205
3727.652	6092
3729.305	6204
3730.958	6378
3732.61	6333
3734.262	6186
3735.915	6306
3737.565	6203
3739.217	6231
3740.866	6276
3742.516	6267
3744.165	6121
3745.816	6170
3747.464	6249
3749.113	6188
3750.761	6202
3752.409	6141
3754.057	6149
3755.703	6032
3757.35	6088
3758.996	6042
3760.641	6050
3762.289	6110
3763.933	6190
3765.577	6048
3767.222	5985
3768.865	6118
3770.508	6026
3772.152	5966
3773.796	6071
3775.438	6147
3777.079	5988
3778.721	6123
3780.363	6021
3782.003	6067
3783.643	6124
3785.283	6081
3786.923	6160
3788.563	5997
3790.203	6092
3791.841	6022
3793.479	6000
3795.115	5954
3796.753	6122
3798.391	5943
3800.027	6002
3801.664	5887
3803.299	5998
3804.935	5971
3806.571	6078
3808.206	5890
3809.839	5884
3811.473	5876
3813.107	5923
3814.74	5919
3816.375	5983
3818.006	5953
3819.638	5776
3821.27	5952
3822.9	5975
3824.532	5885
3826.163	5834
3827.792	5867
3829.423	5912
3831.051	5865
3832.682	5873
3834.311	5881
3835.938	5882
3837.566	5769
3839.193	5785
3840.821	5809
3842.448	5931
3844.075	5789
3845.7	5784
3847.325	5810
3848.951	5745
3850.576	5702
3852.201	5801
3853.825	5754
3855.448	5762
3857.072	5749
3858.694	5707
3860.318	5766
3861.939	5759
3863.562	5629
3865.183	5676
3866.804	5750
3868.426	5687
3870.045	5764
3871.666	5703
3873.285	5710
3874.904	5669
3876.524	5631
3878.142	5740
3879.76	5717
3881.378	5693
3882.995	5714
3884.612	5671
3886.229	5690
3887.845	5620
3889.461	5710
3891.076	5591
3892.691	5770
3894.307	5576
3895.922	5675
3897.536	5723
3899.149	5606
3900.761	5606
3902.374	5628
3903.988	5601
3905.6	5739
3907.212	5641
3908.822	5707
3910.433	5648
3912.045	5697
3913.655	5572
3915.265	5639
3916.875	5514
3918.483	5565
3920.093	5575
3921.702	5653
3923.309	5627
3924.917	5610
3926.523	5568
3928.13	5657
3929.739	5566
3931.344	5523
3932.95	5569
3934.555	5472
3936.159	5485
3937.766	5590
3939.369	5548
3940.974	5663
3942.577	5531
3944.181	5572
3945.783	5570
3947.386	5461
3948.989	5529
3950.59	5465
3952.191	5599
3953.791	5451
3955.394	5453
3956.994	5475
3958.593	5449
3960.192	5530
3961.791	5508
3963.392	5515
3964.99	5490
3966.588	5479
3968.185	5434
3969.782	5411
3971.379	5421
3972.976	5387
3974.572	5309
3976.168	5338
3977.763	5457
3979.358	5374
3980.954	5416
3982.548	5368
3984.142	5445
3985.736	5398
3987.329	5458
3988.922	5373
3990.516	5386
3992.108	5387
3993.698	5363
3995.29	5383
3996.881	5358
3998.473	5297
4000.064	5308
4001.653	5269
4003.242	5268
4004.832	5209
4006.422	5265
4008.01	5191
4009.598	5162
4011.186	5284
4012.773	5327
4014.36	5325
4015.947	5340
4017.534	5299
4019.119	5177
4020.705	5242
4022.291	5244
4023.876	5146
4025.461	5201
4027.044	5255
4028.627	5149
4030.211	5209
4031.795	5139
4033.378	5084
4034.96	5308
4036.542	5107
4038.124	5147
4039.704	5108
4041.286	5215
4042.867	5192
4044.447	5105
4046.026	5101
4047.606	5060
4049.187	5104
4050.765	5066
4052.343	5071
4053.92	5183
4055.498	5076
4057.076	5211
4058.654	5137
4060.23	5096
4061.806	5007
4063.381	5062
4064.957	5087
4066.533	5142
4068.107	5117
4069.682	5029
4071.256	5046
4072.829	5163
4074.404	5067
4075.977	4946
4077.549	5140
4079.121	5095
4080.693	5031
4082.265	5072
4083.836	4975
4085.407	4977
4086.977	5050
4088.547	4982
4090.117	4976
4091.687	4956
4093.256	4998
4094.825	4989
4096.392	4920
4097.96	4899
4099.528	5003
4101.097	4940
4102.663	5001
4104.229	4891
4105.795	4970
4107.361	4910
4108.928	4888
4110.493	4983
4112.058	4942
4113.621	4911
4115.186	4904
4116.75	4869
4118.313	4851
4119.876	4881
4121.438	4937
4123	4919
4124.562	4935
4126.125	4874
4127.686	4859
4129.246	4838
4130.807	4797
4132.367	4912
4133.927	4850
4135.486	4815
4137.046	4858
4138.604	4818
4140.162	4786
4141.72	4870
4143.279	4773
4144.836	4746
4146.393	4812
4147.949	4739
4149.505	4776
4151.062	4725
4152.617	4791
4154.172	4787
4155.727	4754
4157.281	4739
4158.836	4749
4160.39	4717
4161.943	4736
4163.496	4709
4165.048	4719
4166.601	4680
4168.154	4724
4169.706	4784
4171.257	4691
4172.808	4731
4174.358	4682
4175.909	4657
4177.458	4730
4179.008	4647
4180.558	4735
4182.106	4708
4183.655	4638
4185.204	4659
4186.751	4632
4188.298	4584
4189.845	4670
4191.392	4681
4192.939	4633
4194.485	4718
4196.031	4677
4197.576	4602
4199.121	4607
4200.666	4540
4202.211	4608
4203.754	4596
4205.298	4567
4206.84	4553
4208.384	4517
4209.927	4609
4211.47	4565
4213.011	4571
4214.552	4523
4216.094	4540
4217.635	4544
4219.175	4579
4220.716	4608
4222.255	4572
4223.793	4557
4225.335	4496
4226.873	4542
4228.411	4588
4229.948	4500
4231.486	4518
4233.024	4635
4234.562	4432
4236.098	4512
4237.634	4553
4239.169	4442
4240.705	4514
4242.241	4437
4243.776	4507
4245.31	4489
4246.844	4443
4248.378	4502
4249.911	4449
4251.445	4442
4252.978	4451
4254.51	4437
4256.042	4509
4257.574	4546
4259.107	4494
4260.638	4485
4262.169	4396
4263.699	4497
4265.228	4383
4266.759	4476
4268.289	4408
4269.818	4445
4271.345	4473
4272.874	4391
4274.402	4482
4275.931	4366
4277.458	4372
4278.985	4423
4280.512	4469
4282.037	4471
4283.564	4420
4285.089	4331
4286.615	4292
4288.139	4389
4289.664	4423
4291.187	4329
4292.712	4381
4294.235	4327
4295.759	4405
4297.281	4394
4298.804	4385
4300.327	4307
4301.849	4291
4303.37	4325
4304.891	4429
4306.412	4313
4307.933	4409
4309.453	4332
4310.973	4285
4312.492	4178
