398.1873	6224
400.7097	6257
403.2336	6414
405.7547	6326
408.2751	6296
410.7948	6333
413.3138	6377
415.83	6641
418.3497	6623
420.8666	6466
423.3829	6596
425.8985	6577
428.4133	6589
430.9275	6621
433.441	6650
435.9538	6680
438.4639	6740
440.9753	6714
443.4881	6820
445.9982	6721
448.5055	6807
451.0142	6767
453.5201	6846
456.0274	6842
458.5361	6717
461.04	6806
463.5453	6762
466.0478	6783
468.5517	6840
471.0549	6818
473.5574	6922
476.0572	6866
478.5584	6874
481.0568	7026
483.5545	6878
486.0557	6868
488.5521	6899
491.0478	7003
493.5449	7148
496.0392	7020
498.5349	7008
501.0299	6997
503.5222	7083
506.0139	7088
508.5048	7163
510.9991	7042
513.4887	7163
515.9777	7174
518.4659	7174
520.9534	7243
523.4403	7216
525.9306	7113
528.4161	7184
530.9009	7161
533.3851	7224
535.8687	7108
538.3535	7244
540.8356	7207
543.3171	7161
545.7979	7158
548.278	7214
550.7595	7144
553.2383	6952
555.7144	7343
558.1918	7106
560.6685	7350
563.1446	7202
565.6221	7315
568.0968	7233
570.5688	7340
573.0422	7290
575.515	7274
577.989	7416
580.4584	7279
582.9291	7466
585.3991	7424
587.8685	7467
590.3352	7427
592.8052	7397
595.2706	7472
597.7372	7330
600.2033	7456
602.6666	7439
605.1334	7409
607.5953	7457
610.0587	7465
612.5193	7358
614.9814	7449
617.4427	7499
619.9034	7500
622.3615	7428
624.8208	7354
627.2775	7274
629.7335	7379
632.1929	7416
634.6476	7477
637.1016	7477
639.5569	7476
642.0096	7433
644.4637	7465
646.9151	7554
649.3678	7488
651.8179	7382
654.2672	7416
656.7159	7631
659.166	7630
661.6154	7660
664.0622	7469
666.5082	7786
668.9537	7732
671.4005	7590
673.8445	7600
676.288	7672
678.7308	7767
681.1729	7844
683.6163	7768
686.0572	7655
688.4973	7853
690.9368	7661
693.3757	7725
695.8138	7749
698.2534	7804
700.6902	7736
703.1245	7655
705.56	7841
707.9949	7800
710.4311	7779
712.8647	7895
715.2957	7878
717.7279	7867
720.1595	7850
722.5905	7944
725.0208	7812
727.4505	7880
729.8795	7953
732.3058	8048
734.7336	7928
737.1626	8007
739.587	8054
742.0128	8173
744.4359	8046
746.8604	8095
749.2841	8223
751.7073	8159
754.1278	8232
756.5496	8177
758.9688	8198
761.3893	8243
763.8093	8095
766.2285	8206
768.6451	8256
771.0611	8321
773.4784	8175
775.895	8146
778.3091	8424
780.7244	8348
783.1371	8140
785.5493	8210
787.9626	8308
790.3754	8308
792.7856	8219
795.1951	8333
797.6039	8344
800.0121	8203
802.4236	8332
804.8306	8380
807.2369	8311
809.6425	8296
812.0475	8320
814.4538	8299
816.8575	8291
819.2606	8370
821.663	8417
824.0648	8339
826.4659	8418
828.8683	8404
831.2682	8393
833.6674	8335
836.066	8402
838.4639	8490
840.8632	8466
843.2579	8561
845.6539	8527
848.0493	8438
850.444	8442
852.84	8387
855.2315	8488
857.6243	8490
860.0165	8467
862.4081	8456
864.797	8390
867.1892	8327
869.5789	8604
871.9659	8467
874.3542	8493
876.74	8579
879.129	8395
881.5155	8426
883.8994	8411
886.2845	8501
888.6671	8390
891.051	8450
893.4343	8470
895.8169	8409
898.197	8624
900.5783	8463
902.9571	8478
905.3372	8626
907.7167	8482
910.0936	8503
912.4698	8673
914.8474	8537
917.2244	8619
919.5987	8655
921.9744	8646
924.3475	8746
926.72	8799
929.0918	8573
931.4669	8822
933.8375	8733
936.2074	8621
938.5767	8938
940.9454	8884
943.3154	8865
945.6829	8901
948.0497	9153
950.4178	9090
952.7833	9207
955.1483	9422
957.5145	9381
959.8782	9661
962.2412	9458
964.6036	9515
966.9655	9334
969.3266	9113
971.6871	8808
974.0471	9005
976.4064	8904
978.765	8907
981.125	8718
983.4824	8764
985.8373	8772
988.1935	8643
990.549	8641
992.9039	8779
995.2602	8641
997.6119	8770
999.965	8781
1002.317	8803
1004.667	8773
1007.02	8845
1009.371	8761
1011.719	8768
1014.068	8779
1016.415	8832
1018.765	8719
1021.111	8727
1023.458	8680
1025.804	8887
1028.147	8890
1030.49	8944
1032.837	8925
1035.179	8833
1037.522	8928
1039.862	8906
1042.204	8918
1044.546	8776
1046.884	8963
1049.224	8886
1051.562	8908
1053.899	8810
1056.237	8816
1058.575	8856
1060.91	8968
1063.244	8951
1065.58	8937
1067.913	8932
1070.248	9025
1072.579	8938
1074.911	9045
1077.242	8984
1079.572	8977
1081.905	8988
1084.234	9019
1086.562	9033
1088.89	8941
1091.217	8842
1093.544	8977
1095.871	8929
1098.197	8900
1100.521	8865
1102.845	8876
1105.169	8870
1107.491	8872
1109.814	9152
1112.135	9031
1114.456	9008
1116.776	8961
1119.096	9167
1121.415	9095
1123.734	8980
1126.052	9187
1128.369	8966
1130.686	9089
1133.002	8937
1135.318	8985
1137.632	9025
1139.945	9130
1142.258	9043
1144.573	8968
1146.884	9224
1149.196	9074
1151.505	9054
1153.816	8836
1156.124	9067
1158.435	9162
1160.742	9096
1163.051	9071
1165.356	9157
1167.663	9002
1169.97	8919
1172.276	9145
1174.579	9105
1176.881	9031
1179.186	8994
1181.487	9023
1183.79	9149
1186.092	8982
1188.392	9047
1190.691	8891
1192.991	9070
1195.291	8900
1197.588	9132
1199.885	9053
1202.181	9126
1204.479	9157
1206.775	9193
1209.07	9079
1211.363	9078
1213.656	9044
1215.949	9131
1218.241	9275
1220.534	9111
1222.825	9166
1225.115	9194
1227.405	9152
1229.693	9147
1231.984	9318
1234.271	9224
1236.558	9306
1238.845	9246
1241.131	9397
1243.416	9266
1245.703	9302
1247.987	9362
1250.269	9322
1252.552	9300
1254.834	9310
1257.118	9263
1259.399	9347
1261.678	9281
1263.958	9477
1266.237	9301
1268.516	9288
1270.794	9408
1273.072	9283
1275.347	9359
1277.624	9270
1279.899	9208
1282.175	9213
1284.449	9316
1286.722	9145
1288.995	9336
1291.266	9241
1293.54	9139
1295.81	9229
1298.081	9229
1300.35	9247
1302.62	9192
1304.889	9268
1307.156	9147
1309.425	9148
1311.69	9275
1313.957	9132
1316.222	9195
1318.488	9352
1320.751	9306
1323.016	9332
1325.278	9252
1327.54	9285
1329.803	9197
1332.065	9288
1334.325	9213
1336.584	9370
1338.843	9269
1341.101	9234
1343.36	9379
1345.617	9312
1347.876	9279
1350.131	9286
1352.387	9389
1354.643	9391
1356.897	9275
1359.151	9307
1361.403	9324
1363.656	9243
1365.909	9356
1368.16	9243
1370.409	9423
1372.659	9336
1374.909	9396
1377.157	9412
1379.407	9359
1381.655	9354
1383.9	9332
1386.147	9330
1388.393	9382
1390.64	9265
1392.885	9460
1395.127	9414
1397.37	9503
1399.614	9416
1401.854	9466
1404.098	9450
1406.339	9315
1408.578	9421
1410.818	9598
1413.056	9439
1415.297	9647
1417.533	9619
1419.771	9482
1422.006	9477
1424.243	9532
1426.479	9510
1428.715	9513
1430.948	9554
1433.182	9481
1435.414	9537
1437.647	9499
1439.88	9608
1442.11	9549
1444.342	9711
1446.571	9548
1448.799	9508
1451.029	9785
1453.258	9607
1455.485	9540
1457.711	9648
1459.937	9617
1462.164	9634
1464.39	9584
1466.614	9549
1468.838	9446
1471.06	9565
1473.283	9407
1475.506	9472
1477.727	9484
1479.949	9477
1482.169	9568
1484.389	9515
1486.609	9446
1488.828	9497
1491.045	9396
1493.261	9429
1495.477	9452
1497.693	9297
1499.91	9273
1502.125	9425
1504.339	9434
1506.553	9463
1508.766	9390
1510.979	9392
1513.191	9383
1515.402	9340
1517.613	9462
1519.823	9234
1522.033	9372
1524.242	9416
1526.451	9351
1528.657	9416
1530.865	9460
1533.072	9334
1535.278	9416
1537.484	9511
1539.687	9403
1541.892	9355
1544.096	9396
1546.299	9345
1548.502	9497
1550.703	9492
1552.905	9410
1555.104	9397
1557.303	9519
1559.505	9567
1561.703	9490
1563.902	9443
1566.099	9741
1568.295	9565
1570.494	9583
1572.689	9633
1574.883	9552
1577.079	9636
1579.272	9539
1581.467	9565
1583.659	9732
1585.853	9639
1588.044	9627
1590.234	9700
1592.424	9679
1594.615	9622
1596.806	9730
1598.994	9592
1601.182	9700
1603.369	9619
1605.557	9611
1607.744	9698
1609.929	9831
1612.114	9692
1614.298	9744
1616.482	9580
1618.667	9591
1620.85	9774
1623.032	9571
1625.214	9655
1627.395	9683
1629.575	9745
1631.755	9692
1633.935	9598
1636.114	9794
1638.292	9710
1640.471	9577
1642.647	9822
1644.823	9725
1647	9648
1649.175	9829
1651.348	9702
1653.525	9579
1655.698	9724
1657.87	9756
1660.043	9665
1662.213	9842
1664.387	9660
1666.558	9710
1668.727	9789
1670.896	9733
1673.064	9827
1675.233	9698
1677.401	9800
1679.569	9811
1681.735	9735
1683.902	9566
1686.066	9840
1688.233	9766
1690.397	9714
1692.559	9580
1694.723	9817
1696.885	9667
1699.048	9617
1701.21	9721
1703.37	9726
1705.53	9686
1707.689	9734
1709.849	9598
1712.009	9715
1714.166	9643
1716.323	9584
1718.479	9684
1720.634	9798
1722.793	9759
1724.948	9640
1727.102	9622
1729.255	9620
1731.408	9805
1733.562	9645
1735.714	9698
1737.865	9738
1740.016	9705
1742.166	9623
1744.316	9743
1746.467	9662
1748.616	9724
1750.764	9726
1752.911	9733
1755.056	9819
1757.205	9709
1759.35	9614
1761.496	9597
1763.641	9779
1765.785	9655
1767.927	9790
1770.072	9769
1772.214	9796
1774.355	9888
1776.496	9699
1778.637	9786
1780.778	9879
1782.918	9773
1785.057	9805
1787.194	9753
1789.333	9858
1791.472	9882
1793.608	9838
1795.745	9778
1797.879	9792
1800.015	9841
1802.148	9863
1804.284	9820
1806.417	9803
1808.548	9730
1810.682	9886
1812.812	9920
1814.946	9755
1817.075	9731
1819.205	9817
1821.335	9803
1823.463	9812
1825.59	9762
1827.721	9743
1829.847	9671
1831.973	9744
1834.098	9848
1836.223	9717
1838.351	9796
1840.475	9749
1842.598	9601
1844.721	9850
1846.843	9807
1848.966	9757
1851.087	9665
1853.21	9706
1855.33	9716
1857.449	9796
1859.568	9810
1861.688	9792
1863.806	9736
1865.924	9855
1868.039	9691
1870.155	9565
1872.273	9692
1874.388	9608
1876.503	9698
1878.617	9648
1880.73	9756
1882.844	9752
1884.956	9727
1887.068	9725
1889.18	9573
1891.291	9640
1893.4	9747
1895.511	9658
1897.621	9780
1899.73	9826
1901.837	9641
1903.944	9934
1906.053	9777
1908.159	9832
1910.265	9707
1912.369	9797
1914.474	9902
1916.577	9813
1918.683	9842
1920.785	9828
1922.888	9853
1924.989	9696
1927.091	9999
1929.193	9823
1931.294	9972
1933.393	9919
1935.493	9918
1937.59	9836
1939.689	9952
1941.788	9863
1943.884	9861
1945.98	9982
1948.077	9725
1950.171	9823
1952.267	9922
1954.361	9722
1956.455	9643
1958.548	9832
1960.64	9923
1962.733	9924
1964.824	9884
1966.915	9839
1969.005	9794
1971.096	9682
1973.185	10004
1975.275	9832
1977.363	9733
1979.45	9828
1981.537	9719
1983.623	9803
1985.711	9858
1987.796	9805
1989.881	9862
1991.965	9827
1994.047	9727
1996.132	9823
1998.215	9752
2000.297	9873
2002.378	9881
2004.46	9755
2006.54	9688
2008.62	9624
2010.7	9684
2012.779	9673
2014.858	9627
2016.934	9913
2019.013	9796
2021.09	9721
2023.165	9684
2025.241	9818
2027.317	9808
2029.39	9628
2031.466	9835
2033.538	9758
2035.612	9694
2037.683	9692
2039.755	9726
2041.827	9614
2043.898	9685
2045.968	9668
2048.038	9804
2050.106	9800
2052.177	9680
2054.244	9722
2056.313	9729
2058.379	9777
2060.444	9801
2062.511	9754
2064.577	9803
2066.641	9808
2068.705	9749
2070.77	9792
2072.832	9797
2074.896	9699
2076.958	9699
2079.02	9829
2081.081	9773
2083.141	9700
2085.2	9706
2087.261	9856
2089.319	9702
2091.377	9863
2093.435	9821
2095.492	9691
2097.552	9715
2099.607	9698
2101.663	9625
2103.718	9819
2105.771	9808
2107.826	9789
2109.879	9633
2111.932	9665
2113.985	9710
2116.037	9735
2118.088	9754
2120.141	9789
2122.191	9757
2124.239	9787
2126.288	9734
2128.337	9823
2130.387	9620
2132.434	9624
2134.481	9659
2136.528	9652
2138.574	9606
2140.618	9674
2142.665	9651
2144.71	9750
2146.753	9664
2148.797	9683
2150.838	9658
2152.883	9556
2154.923	9688
2156.965	9723
2159.007	9773
2161.046	9684
2163.086	9761
2165.126	9591
2167.163	9477
2169.202	9570
2171.239	9680
2173.277	9557
2175.314	9527
2177.349	9583
2179.385	9645
2181.42	9521
2183.453	9508
2185.49	9503
2187.522	9472
2189.555	9493
2191.586	9433
2193.619	9591
2195.651	9425
2197.682	9642
2199.711	9444
2201.74	9550
2203.769	9494
2205.799	9336
2207.828	9490
2209.855	9455
2211.882	9374
2213.908	9411
2215.934	9631
2217.961	9523
2219.986	9512
2222.01	9447
2224.034	9515
2226.057	9489
2228.08	9355
2230.104	9397
2232.124	9449
2234.145	9444
2236.166	9537
2238.186	9569
2240.207	9514
2242.227	9567
2244.244	9474
2246.262	9572
2248.28	9413
2250.299	9396
2252.314	9417
2254.33	9408
2256.346	9494
2258.36	9516
2260.375	9472
2262.391	9480
2264.403	9473
2266.416	9583
2268.427	9492
2270.44	9408
2272.453	9460
2274.463	9547
2276.474	9360
2278.483	9522
2280.493	9604
2282.501	9542
2284.51	9406
2286.518	9460
2288.524	9372
2290.532	9384
2292.537	9339
2294.544	9426
2296.55	9471
2298.554	9454
2300.557	9494
2302.562	9467
2304.566	9491
2306.568	9364
2308.569	9304
2310.572	9420
2312.573	9410
2314.573	9331
2316.574	9356
2318.573	9382
2320.571	9378
2322.571	9465
2324.569	9362
2326.567	9373
2328.564	9285
2330.56	9258
2332.556	9299
2334.551	9149
2336.546	9241
2338.542	9299
2340.535	9344
2342.529	9250
2344.521	9333
2346.512	9362
2348.505	9300
2350.497	9258
2352.487	9270
2354.478	9125
2356.468	9313
2358.457	9324
2360.446	9205
2362.434	9225
2364.422	9192
2366.408	9201
2368.395	9235
2370.383	9133
2372.369	9230
2374.353	9270
2376.338	9159
2378.321	9192
2380.307	9258
2382.29	9137
2384.272	9067
2386.254	9220
2388.235	9149
2390.218	9219
2392.198	9088
2394.179	9204
2396.157	9041
2398.137	9112
2400.115	9153
2402.095	9099
2404.072	9222
2406.048	9090
2408.026	9115
2410.001	8972
2411.977	9020
2413.953	9126
2415.927	9131
2417.9	9177
2419.875	9109
2421.847	9282
2423.821	9111
2425.792	9147
2427.763	9131
2429.736	9105
2431.706	9102
2433.677	9032
2435.646	9118
2437.615	9139
2439.583	9120
2441.551	9045
2443.519	9182
2445.486	9078
2447.452	8995
2449.418	9077
2451.383	9019
2453.348	9155
2455.314	9062
2457.278	9097
2459.241	8912
2461.205	9065
2463.167	8918
2465.131	9088
2467.091	9022
2469.052	9029
2471.012	8979
2472.972	8948
2474.932	8948
2476.891	8994
2478.85	9026
2480.808	8963
2482.766	8950
2484.722	9030
2486.68	8930
2488.636	9025
2490.591	9152
2492.546	8882
2494.5	8908
2496.456	8915
2498.41	8966
2500.362	8951
2502.315	8982
2504.266	8995
2506.218	8884
2508.169	8806
2510.121	8979
2512.07	8949
2514.019	8921
2515.968	8919
2517.918	8837
2519.866	8955
2521.813	8904
2523.76	9011
2525.707	8848
2527.653	8836
2529.599	8830
2531.543	8783
2533.489	8827
2535.433	8905
2537.376	8950
2539.32	8959
2541.264	8800
2543.205	8830
2545.147	8883
2547.087	8969
2549.029	8826
2550.969	8847
2552.908	8935
2554.847	8811
2556.786	8880
2558.724	8828
2560.663	8934
2562.6	8780
2564.537	8900
2566.473	8846
2568.408	8880
2570.345	8897
2572.28	8886
2574.214	8935
2576.148	8848
2578.081	8890
2580.014	8771
2581.947	8857
2583.879	8917
2585.81	8844
2587.741	8858
2589.67	8703
2591.602	8898
2593.532	8797
2595.461	8838
2597.388	8918
2599.316	8896
2601.244	8720
2603.172	8981
2605.098	8921
2607.023	8939
2608.949	8854
2610.873	8901
2612.8	8892
2614.723	8859
2616.647	8909
2618.569	8855
2620.493	8917
2622.416	8890
2624.338	8884
2626.258	8833
2628.179	8849
2630.099	8899
2632.019	8837
2633.939	8839
2635.857	8872
2637.775	8812
2639.694	9016
2641.61	8926
2643.528	8951
2645.444	8889
2647.361	8855
2649.276	9017
2651.19	8869
2653.105	8915
2655.019	8772
2656.934	8976
2658.846	8805
2660.758	8877
2662.67	8894
2664.583	8845
2666.493	8796
2668.404	8877
2670.313	8849
2672.223	8831
2674.134	8789
2676.042	8758
2677.95	8875
2679.858	8825
2681.765	8749
2683.673	8925
2685.579	8831
2687.483	8836
2689.389	8761
2691.294	8815
2693.198	8633
2695.104	8758
2697.006	8740
2698.909	8601
2700.811	8698
2702.713	8738
2704.615	8648
2706.516	8672
2708.417	8579
2710.316	8665
2712.216	8608
2714.115	8763
2716.014	8599
2717.913	8692
2719.81	8677
2721.707	8610
2723.603	8661
2725.501	8607
2727.396	8719
2729.292	8624
2731.186	8599
2733.081	8687
2734.976	8595
2736.87	8610
2738.762	8623
2740.653	8636
2742.546	8701
2744.437	8578
2746.329	8553
2748.22	8640
2750.11	8562
2751.999	8602
2753.889	8598
2755.778	8501
2757.666	8459
2759.553	8634
2761.44	8631
2763.328	8543
2765.215	8735
2767.101	8578
2768.986	8568
2770.87	8556
2772.754	8545
2774.638	8596
2776.523	8583
2778.405	8612
2780.288	8692
2782.17	8574
2784.051	8596
2785.934	8423
2787.814	8589
2789.694	8516
2791.574	8465
2793.453	8448
2795.332	8496
2797.212	8521
2799.088	8443
2800.966	8532
2802.843	8564
2804.719	8491
2806.597	8484
2808.471	8473
2810.346	8561
2812.221	8353
2814.094	8508
2815.969	8395
2817.843	8461
2819.714	8441
2821.587	8421
2823.459	8541
2825.329	8508
2827.202	8595
2829.072	8432
2830.942	8391
2832.811	8367
2834.68	8542
2836.549	8368
2838.418	8467
2840.284	8425
2842.152	8449
2844.018	8344
2845.885	8464
2847.751	8402
2849.616	8560
2851.482	8528
2853.345	8343
2855.208	8499
2857.074	8509
2858.937	8342
2860.799	8544
2862.66	8538
2864.522	8408
2866.385	8510
2868.245	8556
2870.104	8415
2871.964	8642
2873.824	8632
2875.683	8552
2877.542	8618
2879.4	8619
2881.257	8503
2883.114	8737
2884.97	8664
2886.827	8624
2888.683	8750
2890.537	8784
2892.392	8655
2894.246	8571
2896.1	8571
2897.954	8634
2899.807	8408
2901.66	8536
2903.51	8550
2905.362	8417
2907.214	8531
2909.065	8554
2910.915	8498
2912.765	8613
2914.613	8681
2916.463	8729
2918.311	8736
2920.158	8646
2922.006	8658
2923.853	8793
2925.698	8742
2927.546	8837
2929.392	8756
2931.236	8836
2933.081	8833
2934.924	8843
2936.77	8861
2938.613	8909
2940.455	8907
2942.298	8948
2944.139	8902
2945.982	9194
2947.823	8898
2949.662	8844
2951.503	8827
2953.342	8701
2955.182	8799
2957.021	8797
2958.858	8867
2960.697	8699
2962.534	8771
2964.37	8675
2966.207	8570
2968.044	8653
2969.879	8532
2971.714	8701
2973.548	8515
2975.383	8584
2977.218	8394
2979.051	8570
2980.883	8359
2982.715	8521
2984.547	8597
2986.379	8451
2988.21	8472
2990.04	8413
2991.87	8371
2993.7	8321
2995.53	8270
2997.359	8293
2999.187	8243
3001.015	8281
3002.842	8147
3004.669	8182
3006.497	8215
3008.323	8163
3010.148	8097
3011.974	8070
3013.797	8191
3015.623	8111
3017.447	8046
3019.27	8117
3021.094	7994
3022.915	7903
3024.737	8049
3026.56	8028
3028.38	7997
3030.201	7983
3032.022	8044
3033.84	7842
3035.662	7974
3037.481	7925
3039.298	7949
3041.117	8098
3042.933	7920
3044.752	7850
3046.568	7913
3048.385	7956
3050.2	7920
3052.016	8005
3053.83	7832
3055.646	7975
3057.46	7797
3059.272	7770
3061.086	7844
3062.898	7806
3064.711	7905
3066.524	7849
3068.335	7843
3070.145	7825
3071.956	7827
3073.766	7857
3075.576	7842
3077.385	7773
3079.193	7769
3081.002	7911
3082.81	7793
3084.618	7803
3086.425	7565
3088.231	7784
3090.036	7659
3091.842	7784
3093.648	7640
3095.452	7663
3097.257	7726
3099.06	7594
3100.863	7673
3102.666	7580
3104.47	7719
3106.272	7634
3108.073	7682
3109.875	7584
3111.676	7708
3113.477	7568
3115.277	7617
3117.077	7537
3118.874	7485
3120.673	7671
3122.473	7625
3124.271	7558
3126.066	7543
3127.863	7649
3129.66	7437
3131.456	7483
3133.252	7470
3135.047	7577
3136.842	7469
3138.635	7428
3140.429	7578
3142.223	7487
3144.016	7529
3145.808	7534
3147.6	7522
3149.392	7525
3151.183	7367
3152.975	7512
3154.765	7508
3156.553	7451
3158.344	7308
3160.132	7529
3161.922	7419
3163.71	7474
3165.497	7373
3167.285	7508
3169.071	7305
3170.858	7424
3172.645	7375
3174.429	7401
3176.214	7488
3177.998	7379
3179.783	7266
3181.568	7399
3183.351	7360
3185.133	7366
3186.915	7295
3188.698	7302
3190.481	7253
3192.261	7257
3194.042	7321
3195.822	7408
3197.601	7288
3199.381	7234
3201.161	7326
3202.939	7225
3204.717	7338
3206.495	7256
3208.272	7266
3210.05	7326
3211.826	7163
3213.602	7311
3215.376	7321
3217.151	7252
3218.927	7397
3220.702	7278
3222.476	7271
3224.249	7129
3226.021	7211
3227.793	7371
3229.567	7171
3231.339	7204
3233.109	7330
3234.88	7337
3236.651	7252
3238.421	7226
3240.191	7115
3241.96	7168
3243.728	7156
3245.497	7166
3247.263	7238
3249.033	7161
3250.799	7077
3252.566	7114
3254.331	7215
3256.097	7166
3257.863	7233
3259.628	7106
3261.392	7077
3263.156	7110
3264.919	7248
3266.683	7264
3268.447	7181
3270.208	7172
3271.969	7212
3273.731	7111
3275.492	7199
3277.253	7185
3279.013	7064
3280.773	7160
3282.532	7185
3284.291	7216
3286.05	7114
3287.808	7157
3289.566	7044
3291.323	7202
3293.079	7217
3294.835	7189
3296.593	7112
3298.348	7179
3300.102	7126
3301.857	7111
3303.611	7089
3305.366	7083
3307.119	7150
3308.872	7099
3310.624	7119
3312.376	7046
3314.129	7000
3315.881	6996
3317.631	7068
3319.38	6950
3321.13	7090
3322.88	6977
3324.631	7220
3326.379	7135
3328.126	7188
3329.875	7056
3331.622	7100
3333.371	7036
3335.116	6943
3336.863	7052
3338.609	7015
3340.353	7038
3342.1	7111
3343.845	7052
3345.588	7047
3347.332	6948
3349.074	7014
3350.817	7075
3352.56	6963
3354.303	6996
3356.043	7045
3357.785	7058
3359.525	6926
3361.268	7009
3363.007	6978
3364.745	6987
3366.485	6930
3368.223	6935
3369.962	6850
3371.701	6829
3373.438	6782
3375.174	6841
3376.911	6832
3378.647	6942
3380.384	6767
3382.118	6828
3383.854	6868
3385.588	6917
3387.322	6856
3389.057	7022
3390.79	6891
3392.522	6899
3394.255	6930
3395.987	6888
3397.719	6734
3399.451	6788
3401.181	6938
3402.911	6880
3404.641	6854
3406.371	6767
3408.101	6876
3409.83	6910
3411.558	6786
3413.285	6794
3415.011	6819
3416.739	6809
3418.467	6768
3420.193	6749
3421.919	6820
3423.644	6843
3425.368	6806
3427.094	6720
3428.818	6749
3430.542	6838
3432.264	6827
3433.987	6782
3435.712	6720
3437.434	6764
3439.155	6684
3440.876	6761
3442.596	6681
3444.317	6669
3446.039	6777
3447.757	6644
3449.477	6751
3451.195	6754
3452.914	6869
3454.632	6641
3456.35	6653
3458.067	6756
3459.784	6666
3461.5	6683
3463.216	6569
3464.932	6550
3466.647	6596
3468.362	6672
3470.076	6579
3471.789	6545
3473.505	6557
3475.217	6545
3476.929	6512
3478.641	6391
3480.354	6453
3482.066	6475
3483.777	6498
3485.487	6584
3487.197	6521
3488.908	6520
3490.617	6548
3492.327	6531
3494.035	6503
3495.743	6539
3497.451	6496
3499.158	6457
3500.866	6559
3502.572	6398
3504.278	6472
3505.984	6553
3507.689	6323
3509.396	6441
3511.1	6413
3512.804	6432
3514.508	6368
3516.211	6390
3517.913	6337
3519.616	6379
3521.319	6400
3523.021	6400
3524.722	6416
3526.422	6332
3528.124	6355
3529.824	6361
3531.524	6307
3533.222	6348
3534.921	6258
3536.62	6330
3538.318	6367
3540.016	6305
3541.714	6302
3543.41	6262
3545.107	6307
3546.803	6290
3548.5	6337
3550.194	6300
3551.889	6233
3553.583	6191
3555.279	6320
3556.972	6337
3558.666	6202
3560.358	6344
3562.051	6315
3563.742	6165
3565.435	6294
3567.126	6192
3568.817	6283
3570.507	6213
3572.197	6190
3573.888	6296
3575.577	6247
3577.265	6211
3578.954	6178
3580.642	6184
3582.329	6241
3584.017	6222
3585.704	6178
3587.391	6260
3589.077	6477
3590.762	7299
3592.449	6115
3594.133	6049
3595.817	6106
3597.501	6060
3599.185	6104
3600.869	6143
3602.552	6102
3604.234	5948
3605.916	6202
3607.598	6013
3609.279	6012
3610.961	6081
3612.642	6060
3614.321	6092
3616	6121
3617.68	6090
3619.36	6104
3621.039	5963
3622.716	5898
3624.394	5984
3626.071	5952
3627.748	5977
3629.425	6114
3631.102	6061
3632.778	6047
3634.452	5948
3636.127	5901
3637.803	5948
3639.477	5899
3641.151	5904
3642.823	6052
3644.497	5911
3646.171	5971
3647.842	5897
3649.515	5880
3651.185	5890
3652.857	5963
3654.527	5967
3656.198	5950
3657.868	5800
3659.537	5931
3661.207	5923
3662.875	5848
3664.544	5937
3666.212	5960
3667.879	5817
3669.546	5788
3671.212	5807
3672.88	5816
3674.546	5749
3676.211	5895
3677.875	5883
3679.541	5872
3681.205	5813
3682.87	5737
3684.533	5669
3686.196	5756
3687.859	5899
3689.521	5771
3691.184	5791
3692.845	5857
3694.507	5754
3696.167	5816
3697.827	5859
3699.487	5780
3701.148	5823
3702.808	5796
3704.466	5831
3706.125	5836
3707.783	5664
3709.442	5805
3711.099	5765
3712.757	5843
3714.412	5787
3716.068	5866
3717.725	5823
3719.381	5804
3721.036	5806
3722.689	5777
3724.344	5689
3725.998	5658
3727.652	5751
3729.305	5727
3730.958	5751
3732.61	5659
3734.262	5773
3735.915	5606
3737.565	5743
3739.217	5642
3740.866	5626
3742.516	5594
3744.165	5681
3745.816	5645
3747.464	5702
3749.113	5566
3750.761	5647
3752.409	5603
3754.057	5667
3755.703	5638
3757.35	5531
3758.996	5673
3760.641	5618
3762.289	5633
3763.933	5531
3765.577	5682
3767.222	5693
3768.865	5664
3770.508	5577
3772.152	5697
3773.796	5622
3775.438	5473
3777.079	5502
3778.721	5649
3780.363	5494
3782.003	5568
3783.643	5504
3785.283	5570
3786.923	5605
3788.563	5492
3790.203	5626
3791.841	5511
3793.479	5463
3795.115	5468
3796.753	5461
3798.391	5501
3800.027	5520
3801.664	5557
3803.299	5481
3804.935	5467
3806.571	5482
3808.206	5550
3809.839	5431
3811.473	5496
3813.107	5447
3814.74	5425
3816.375	5353
3818.006	5389
3819.638	5312
3821.27	5358
3822.9	5407
3824.532	5337
3826.163	5373
3827.792	5395
3829.423	5519
3831.051	5415
3832.682	5397
3834.311	5353
3835.938	5434
3837.566	5358
3839.193	5284
3840.821	5320
3842.448	5366
3844.075	5329
3845.7	5334
3847.325	5274
3848.951	5392
3850.576	5266
3852.201	5295
3853.825	5334
3855.448	5448
3857.072	5316
3858.694	5362
3860.318	5279
3861.939	5268
3863.562	5267
3865.183	5307
3866.804	5311
3868.426	5218
3870.045	5209
3871.666	5310
3873.285	5154
3874.904	5230
3876.524	5207
3878.142	5217
3879.76	5215
3881.378	5246
3882.995	5179
3884.612	5189
3886.229	5190
3887.845	5128
3889.461	5225
3891.076	5246
3892.691	5217
3894.307	5155
3895.922	5193
3897.536	5181
3899.149	5207
3900.761	5185
3902.374	5267
3903.988	5346
3905.6	5192
3907.212	5202
3908.822	5204
3910.433	5183
3912.045	5158
3913.655	5216
3915.265	5136
3916.875	5088
3918.483	5047
3920.093	5101
3921.702	5149
3923.309	5152
3924.917	5145
3926.523	5197
3928.13	5149
3929.739	5169
3931.344	5164
3932.95	5075
3934.555	5102
3936.159	5033
3937.766	5159
3939.369	5063
3940.974	5025
3942.577	5072
3944.181	5111
3945.783	5096
3947.386	5121
3948.989	5047
3950.59	5049
3952.191	5032
3953.791	4939
3955.394	5000
3956.994	5015
3958.593	5072
3960.192	4936
3961.791	5031
3963.392	5084
3964.99	4969
3966.588	5042
3968.185	4998
3969.782	4983
3971.379	4990
3972.976	5038
3974.572	5001
3976.168	4949
3977.763	4983
3979.358	5029
3980.954	4960
3982.548	4888
3984.142	4884
3985.736	5051
3987.329	4864
3988.922	4884
3990.516	4829
3992.108	4960
3993.698	4936
3995.29	4966
3996.881	4889
3998.473	4915
4000.064	4888
4001.653	4810
4003.242	4873
4004.832	4823
4006.422	4812
4008.01	4822
4009.598	4815
4011.186	4812
4012.773	4814
4014.36	4841
4015.947	4819
4017.534	4845
4019.119	4711
4020.705	4846
4022.291	4773
4023.876	4652
4025.461	4651
4027.044	4783
4028.627	4769
4030.211	4714
4031.795	4810
4033.378	4642
4034.96	4686
4036.542	4668
4038.124	4713
4039.704	4718
4041.286	4770
4042.867	4692
4044.447	4696
4046.026	4647
4047.606	4738
4049.187	4577
4050.765	4600
4052.343	4682
4053.92	4708
4055.498	4670
4057.076	4780
4058.654	4634
4060.23	4639
4061.806	4607
4063.381	4708
4064.957	4586
4066.533	4685
4068.107	4612
4069.682	4677
4071.256	4683
4072.829	4613
4074.404	4656
4075.977	4685
4077.549	4657
4079.121	4657
4080.693	4481
4082.265	4571
4083.836	4611
4085.407	4549
4086.977	4609
4088.547	4556
4090.117	4697
4091.687	4485
4093.256	4607
4094.825	4590
4096.392	4657
4097.96	4585
4099.528	4496
4101.097	4536
4102.663	4546
4104.229	4560
4105.795	4613
4107.361	4513
4108.928	4561
4110.493	4560
4112.058	4494
4113.621	4515
4115.186	4532
4116.75	4520
4118.313	4433
4119.876	4372
4121.438	4476
4123	4433
4124.562	4496
4126.125	4440
4127.686	4594
4129.246	4363
4130.807	4378
4132.367	4439
4133.927	4466
4135.486	4412
4137.046	4433
4138.604	4397
4140.162	4496
4141.72	4520
4143.279	4425
4144.836	4427
4146.393	4415
4147.949	4449
4149.505	4358
4151.062	4355
4152.617	4343
4154.172	4339
4155.727	4464
4157.281	4401
4158.836	4266
4160.39	4294
4161.943	4315
4163.496	4274
4165.048	4319
4166.601	4398
4168.154	4345
4169.706	4248
4171.257	4258
4172.808	4276
4174.358	4247
4175.909	4257
4177.458	4231
4179.008	4341
4180.558	4301
4182.106	4207
4183.655	4320
4185.204	4206
4186.751	4247
4188.298	4321
4189.845	4183
4191.392	4261
4192.939	4317
4194.485	4247
4196.031	4174
4197.576	4236
4199.121	4175
4200.666	4212
4202.211	4170
4203.754	4227
4205.298	4217
4206.84	4224
4208.384	4211
4209.927	4161
4211.47	4168
4213.011	4311
4214.552	4201
4216.094	4210
4217.635	4159
4219.175	4162
4220.716	4254
4222.255	4186
4223.793	4186
4225.335	4193
4226.873	4100
4228.411	4243
4229.948	4105
4231.486	4124
4233.024	4083
4234.562	4143
4236.098	4112
4237.634	4104
4239.169	4055
4240.705	4128
4242.241	4129
4243.776	4146
4245.31	4151
4246.844	4091
4248.378	4095
4249.911	4165
4251.445	4052
4252.978	4089
4254.51	4106
4256.042	3947
4257.574	4151
4259.107	4097
4260.638	4046
4262.169	4089
4263.699	4071
4265.228	4077
4266.759	4006
4268.289	4042
4269.818	4032
4271.345	4074
4272.874	4082
4274.402	4042
4275.931	4102
4277.458	4051
4278.985	3962
4280.512	4050
4282.037	3952
4283.564	4043
4285.089	3975
4286.615	4035
4288.139	3959
4289.664	4028
4291.187	4005
4292.712	4058
4294.235	3903
4295.759	3993
4297.281	4011
4298.804	3889
4300.327	3986
4301.849	3913
4303.37	3957
4304.891	3962
4306.412	3876
4307.933	3940
4309.453	3909
4310.973	3955
4312.492	3885
