398.1873	3053
400.7097	3182
403.2336	3086
405.7547	3099
408.2751	3158
410.7948	3158
413.3138	3145
415.83	3225
418.3497	3240
420.8666	3246
423.3829	3190
425.8985	3276
428.4133	3243
430.9275	3395
433.441	3297
435.9538	3335
438.4639	3235
440.9753	3372
443.4881	3357
445.9982	3332
448.5055	3371
451.0142	3396
453.5201	3326
456.0274	3306
458.5361	3278
461.04	3294
463.5453	3286
466.0478	3238
468.5517	3376
471.0549	3230
473.5574	3253
476.0572	3306
478.5584	3378
481.0568	3321
483.5545	3351
486.0557	3361
488.5521	3351
491.0478	3401
493.5449	3369
496.0392	3408
498.5349	3429
501.0299	3379
503.5222	3393
506.0139	3409
508.5048	3472
510.9991	3439
513.4887	3418
515.9777	3430
518.4659	3367
520.9534	3415
523.4403	3503
525.9306	3434
528.4161	3430
530.9009	3444
533.3851	3333
535.8687	3412
538.3535	3421
540.8356	3447
543.3171	3390
545.7979	3464
548.278	3440
550.7595	3460
553.2383	3467
555.7144	3404
558.1918	3485
560.6685	3472
563.1446	3496
565.6221	3454
568.0968	3501
570.5688	3508
573.0422	3470
575.515	3496
577.989	3497
580.4584	3664
582.9291	3502
585.3991	3552
587.8685	3588
590.3352	3591
592.8052	3584
595.2706	3524
597.7372	3618
600.2033	3536
602.6666	3511
605.1334	3510
607.5953	3612
610.0587	3526
612.5193	3548
614.9814	3528
617.4427	3505
619.9034	3547
622.3615	3502
624.8208	3595
627.2775	3544
629.7335	3546
632.1929	3569
634.6476	3510
637.1016	3573
639.5569	3570
642.0096	3605
644.4637	3618
646.9151	3559
649.3678	3609
651.8179	3499
654.2672	3608
656.7159	3688
659.166	3564
661.6154	3625
664.0622	3658
666.5082	3613
668.9537	3532
671.4005	3602
673.8445	3628
676.288	3600
678.7308	3687
681.1729	3589
683.6163	3680
686.0572	3607
688.4973	3668
690.9368	3665
693.3757	3682
695.8138	3704
698.2534	3648
700.6902	3608
703.1245	3738
705.56	3648
707.9949	3697
710.4311	3752
712.8647	3666
715.2957	3690
717.7279	3758
720.1595	3747
722.5905	3774
725.0208	3767
727.4505	3736
729.8795	3770
732.3058	3863
734.7336	3809
737.1626	3714
739.587	3819
742.0128	3842
744.4359	3764
746.8604	3801
749.2841	3797
751.7073	3857
754.1278	3817
756.5496	3861
758.9688	3878
761.3893	3881
763.8093	3880
766.2285	3925
768.6451	3935
771.0611	3865
773.4784	3832
775.895	3859
778.3091	3911
780.7244	3952
783.1371	3942
785.5493	3832
787.9626	3867
790.3754	3877
792.7856	3917
795.1951	3803
797.6039	3801
800.0121	3923
802.4236	3879
804.8306	3897
807.2369	4004
809.6425	4076
812.0475	3984
814.4538	3916
816.8575	3932
819.2606	3972
821.663	3948
824.0648	3899
826.4659	4037
828.8683	3964
831.2682	3886
833.6674	3952
836.066	3941
838.4639	3971
840.8632	4017
843.2579	4017
845.6539	4057
848.0493	3925
850.444	4017
852.84	4069
855.2315	4022
857.6243	4037
860.0165	4121
862.4081	4038
864.797	4049
867.1892	4107
869.5789	4069
871.9659	4038
874.3542	4005
876.74	4077
879.129	3997
881.5155	3983
883.8994	3941
886.2845	4051
888.6671	4171
891.051	4015
893.4343	4021
895.8169	4019
898.197	4046
900.5783	3990
902.9571	4082
905.3372	4129
907.7167	4075
910.0936	4049
912.4698	4081
914.8474	4210
917.2244	4134
919.5987	4186
921.9744	4223
924.3475	4183
926.72	4204
929.0918	4172
931.4669	4160
933.8375	4237
936.2074	4212
938.5767	4234
940.9454	4294
943.3154	4294
945.6829	4288
948.0497	4416
950.4178	4498
952.7833	4599
955.1483	4655
957.5145	4757
959.8782	4814
962.2412	4786
964.6036	4728
966.9655	4674
969.3266	4612
971.6871	4371
974.0471	4324
976.4064	4234
978.765	4243
981.125	4152
983.4824	4136
985.8373	4176
988.1935	4167
990.549	4191
992.9039	4149
995.2602	4102
997.6119	4214
999.965	4154
1002.317	4147
1004.667	4130
1007.02	4150
1009.371	4215
1011.719	4168
1014.068	4223
1016.415	4095
1018.765	4285
1021.111	4131
1023.458	4202
1025.804	4275
1028.147	4134
1030.49	4183
1032.837	4250
1035.179	4281
1037.522	4217
1039.862	4291
1042.204	4275
1044.546	4299
1046.884	4209
1049.224	4238
1051.562	4200
1053.899	4241
1056.237	4199
1058.575	4204
1060.91	4315
1063.244	4228
1065.58	4223
1067.913	4345
1070.248	4340
1072.579	4258
1074.911	4357
1077.242	4247
1079.572	4265
1081.905	4323
1084.234	4245
1086.562	4299
1088.89	4305
1091.217	4193
1093.544	4282
1095.871	4303
1098.197	4271
1100.521	4253
1102.845	4227
1105.169	4300
1107.491	4306
1109.814	4357
1112.135	4312
1114.456	4184
1116.776	4298
1119.096	4300
1121.415	4278
1123.734	4284
1126.052	4286
1128.369	4276
1130.686	4258
1133.002	4396
1135.318	4362
1137.632	4320
1139.945	4301
1142.258	4278
1144.573	4266
1146.884	4225
1149.196	4324
1151.505	4306
1153.816	4194
1156.124	4205
1158.435	4210
1160.742	4363
1163.051	4257
1165.356	4351
1167.663	4188
1169.97	4284
1172.276	4328
1174.579	4353
1176.881	4348
1179.186	4267
1181.487	4251
1183.79	4270
1186.092	4292
1188.392	4247
1190.691	4258
1192.991	4314
1195.291	4301
1197.588	4285
1199.885	4299
1202.181	4277
1204.479	4293
1206.775	4305
1209.07	4332
1211.363	4314
1213.656	4303
1215.949	4362
1218.241	4414
1220.534	4357
1222.825	4351
1225.115	4400
1227.405	4305
1229.693	4428
1231.984	4345
1234.271	4452
1236.558	4398
1238.845	4416
1241.131	4472
1243.416	4451
1245.703	4440
1247.987	4516
1250.269	4493
1252.552	4413
1254.834	4487
1257.118	4501
1259.399	4494
1261.678	4500
1263.958	4419
1266.237	4319
1268.516	4419
1270.794	4492
1273.072	4463
1275.347	4470
1277.624	4419
1279.899	4377
1282.175	4525
1284.449	4362
1286.722	4487
1288.995	4400
1291.266	4379
1293.54	4443
1295.81	4412
1298.081	4389
1300.35	4381
1302.62	4350
1304.889	4440
1307.156	4365
1309.425	4469
1311.69	4461
1313.957	4419
1316.222	4375
1318.488	4437
1320.751	4378
1323.016	4403
1325.278	4379
1327.54	4326
1329.803	4440
1332.065	4444
1334.325	4365
1336.584	4379
1338.843	4452
1341.101	4364
1343.36	4420
1345.617	4414
1347.876	4363
1350.131	4355
1352.387	4375
1354.643	4466
1356.897	4403
1359.151	4455
1361.403	4397
1363.656	4434
1365.909	4552
1368.16	4458
1370.409	4497
1372.659	4446
1374.909	4496
1377.157	4388
1379.407	4457
1381.655	4425
1383.9	4534
1386.147	4485
1388.393	4521
1390.64	4483
1392.885	4591
1395.127	4487
1397.37	4473
1399.614	4527
1401.854	4524
1404.098	4484
1406.339	4540
1408.578	4562
1410.818	4598
1413.056	4465
1415.297	4606
1417.533	4511
1419.771	4565
1422.006	4566
1424.243	4559
1426.479	4594
1428.715	4627
1430.948	4589
1433.182	4627
1435.414	4643
1437.647	4596
1439.88	4635
1442.11	4624
1444.342	4617
1446.571	4622
1448.799	4635
1451.029	4616
1453.258	4645
1455.485	4592
1457.711	4612
1459.937	4656
1462.164	4612
1464.39	4592
1466.614	4635
1468.838	4680
1471.06	4625
1473.283	4586
1475.506	4511
1477.727	4517
1479.949	4593
1482.169	4601
1484.389	4533
1486.609	4486
1488.828	4545
1491.045	4500
1493.261	4456
1495.477	4606
1497.693	4530
1499.91	4475
1502.125	4477
1504.339	4480
1506.553	4505
1508.766	4586
1510.979	4544
1513.191	4395
1515.402	4511
1517.613	4459
1519.823	4527
1522.033	4435
1524.242	4401
1526.451	4495
1528.657	4471
1530.865	4462
1533.072	4454
1535.278	4415
1537.484	4451
1539.687	4485
1541.892	4492
1544.096	4544
1546.299	4494
1548.502	4584
1550.703	4512
1552.905	4562
1555.104	4547
1557.303	4485
1559.505	4570
1561.703	4498
1563.902	4586
1566.099	4542
1568.295	4644
1570.494	4655
1572.689	4635
1574.883	4600
1577.079	4549
1579.272	4675
1581.467	4608
1583.659	4565
1585.853	4620
1588.044	4609
1590.234	4684
1592.424	4701
1594.615	4646
1596.806	4727
1598.994	4570
1601.182	4674
1603.369	4659
1605.557	4730
1607.744	4643
1609.929	4690
1612.114	4649
1614.298	4692
1616.482	4688
1618.667	4642
1620.85	4664
1623.032	4709
1625.214	4690
1627.395	4761
1629.575	4597
1631.755	4696
1633.935	4657
1636.114	4666
1638.292	4652
1640.471	4783
1642.647	4714
1644.823	4676
1647	4714
1649.175	4694
1651.348	4729
1653.525	4710
1655.698	4668
1657.87	4671
1660.043	4721
1662.213	4779
1664.387	4716
1666.558	4754
1668.727	4729
1670.896	4818
1673.064	4695
1675.233	4756
1677.401	4636
1679.569	4787
1681.735	4769
1683.902	4770
1686.066	4752
1688.233	4817
1690.397	4726
1692.559	4680
1694.723	4725
1696.885	4680
1699.048	4804
1701.21	4675
1703.37	4798
1705.53	4644
1707.689	4690
1709.849	4754
1712.009	4658
1714.166	4582
1716.323	4771
1718.479	4746
1720.634	4645
1722.793	4707
1724.948	4575
1727.102	4725
1729.255	4683
1731.408	4667
1733.562	4626
1735.714	4693
1737.865	4726
1740.016	4687
1742.166	4716
1744.316	4719
1746.467	4691
1748.616	4614
1750.764	4659
1752.911	4702
1755.056	4673
1757.205	4716
1759.35	4697
1761.496	4658
1763.641	4731
1765.785	4698
1767.927	4781
1770.072	4654
1772.214	4718
1774.355	4758
1776.496	4811
1778.637	4726
1780.778	4737
1782.918	4746
1785.057	4705
1787.194	4661
1789.333	4761
1791.472	4687
1793.608	4662
1795.745	4735
1797.879	4801
1800.015	4780
1802.148	4720
1804.284	4770
1806.417	4768
1808.548	4832
1810.682	4760
1812.812	4768
1814.946	4765
1817.075	4748
1819.205	4559
1821.335	4725
1823.463	4585
1825.59	4675
1827.721	4783
1829.847	4711
1831.973	4789
1834.098	4679
1836.223	4698
1838.351	4691
1840.475	4785
1842.598	4689
1844.721	4759
1846.843	4705
1848.966	4706
1851.087	4691
1853.21	4707
1855.33	4777
1857.449	4719
1859.568	4732
1861.688	4696
1863.806	4736
1865.924	4722
1868.039	4651
1870.155	4702
1872.273	4687
1874.388	4720
1876.503	4725
1878.617	4680
1880.73	4768
1882.844	4774
1884.956	4737
1887.068	4584
1889.18	4678
1891.291	4807
1893.4	4690
1895.511	4765
1897.621	4756
1899.73	4842
1901.837	4727
1903.944	4750
1906.053	4751
1908.159	4762
1910.265	4798
1912.369	4755
1914.474	4846
1916.577	4697
1918.683	4780
1920.785	4720
1922.888	4863
1924.989	4749
1927.091	4792
1929.193	4640
1931.294	4771
1933.393	4770
1935.493	4851
1937.59	4777
1939.689	4726
1941.788	4883
1943.884	4776
1945.98	4749
1948.077	4779
1950.171	4768
1952.267	4767
1954.361	4768
1956.455	4846
1958.548	4859
1960.64	4715
1962.733	4917
1964.824	4820
1966.915	4791
1969.005	4799
1971.096	4768
1973.185	4760
1975.275	4784
1977.363	4868
1979.45	4783
1981.537	4845
1983.623	4780
1985.711	4777
1987.796	4665
1989.881	4705
1991.965	4802
1994.047	4761
1996.132	4734
1998.215	4725
2000.297	4809
2002.378	4767
2004.46	4708
2006.54	4704
2008.62	4835
2010.7	4735
2012.779	4718
2014.858	4746
2016.934	4754
2019.013	4846
2021.09	4747
2023.165	4767
2025.241	4876
2027.317	4758
2029.39	4783
2031.466	4829
2033.538	4765
2035.612	4779
2037.683	4747
2039.755	4720
2041.827	4833
2043.898	4736
2045.968	4755
2048.038	4844
2050.106	4691
2052.177	4784
2054.244	4688
2056.313	4794
2058.379	4782
2060.444	4694
2062.511	4831
2064.577	4701
2066.641	4795
2068.705	4781
2070.77	4796
2072.832	4751
2074.896	4702
2076.958	4798
2079.02	4898
2081.081	4803
2083.141	4780
2085.2	4822
2087.261	4842
2089.319	4688
2091.377	4762
2093.435	4813
2095.492	4753
2097.552	4747
2099.607	4758
2101.663	4786
2103.718	4750
2105.771	4806
2107.826	4822
2109.879	4747
2111.932	4788
2113.985	4772
2116.037	4779
2118.088	4789
2120.141	4769
2122.191	4686
2124.239	4897
2126.288	4698
2128.337	4861
2130.387	4675
2132.434	4813
2134.481	4866
2136.528	4736
2138.574	4777
2140.618	4719
2142.665	4795
2144.71	4745
2146.753	4851
2148.797	4731
2150.838	4808
2152.883	4740
2154.923	4760
2156.965	4763
2159.007	4726
2161.046	4725
2163.086	4796
2165.126	4749
2167.163	4740
2169.202	4710
2171.239	4805
2173.277	4742
2175.314	4674
2177.349	4724
2179.385	4848
2181.42	4718
2183.453	4755
2185.49	4756
2187.522	4697
2189.555	4645
2191.586	4679
2193.619	4719
2195.651	4706
2197.682	4693
2199.711	4713
2201.74	4714
2203.769	4639
2205.799	4820
2207.828	4715
2209.855	4733
2211.882	4636
2213.908	4681
2215.934	4698
2217.961	4685
2219.986	4696
2222.01	4777
2224.034	4642
2226.057	4596
2228.08	4569
2230.104	4668
2232.124	4734
2234.145	4646
2236.166	4665
2238.186	4777
2240.207	4650
2242.227	4777
2244.244	4668
2246.262	4684
2248.28	4674
2250.299	4777
2252.314	4676
2254.33	4701
2256.346	4758
2258.36	4687
2260.375	4651
2262.391	4760
2264.403	4802
2266.416	4695
2268.427	4774
2270.44	4727
2272.453	4682
2274.463	4705
2276.474	4761
2278.483	4623
2280.493	4673
2282.501	4700
2284.51	4691
2286.518	4625
2288.524	4661
2290.532	4655
2292.537	4728
2294.544	4667
2296.55	4774
2298.554	4821
2300.557	4658
2302.562	4696
2304.566	4749
2306.568	4682
2308.569	4727
2310.572	4705
2312.573	4697
2314.573	4615
2316.574	4655
2318.573	4671
2320.571	4631
2322.571	4627
2324.569	4678
2326.567	4632
2328.564	4736
2330.56	4644
2332.556	4636
2334.551	4556
2336.546	4620
2338.542	4675
2340.535	4594
2342.529	4608
2344.521	4708
2346.512	4557
2348.505	4698
2350.497	4541
2352.487	4599
2354.478	4574
2356.468	4607
2358.457	4587
2360.446	4575
2362.434	4539
2364.422	4609
2366.408	4651
2368.395	4607
2370.383	4656
2372.369	4617
2374.353	4632
2376.338	4510
2378.321	4668
2380.307	4607
2382.29	4571
2384.272	4510
2386.254	4636
2388.235	4696
2390.218	4596
2392.198	4639
2394.179	4557
2396.157	4601
2398.137	4553
2400.115	4658
2402.095	4631
2404.072	4573
2406.048	4594
2408.026	4569
2410.001	4597
2411.977	4550
2413.953	4532
2415.927	4666
2417.9	4583
2419.875	4580
2421.847	4646
2423.821	4565
2425.792	4553
2427.763	4579
2429.736	4539
2431.706	4571
2433.677	4503
2435.646	4630
2437.615	4512
2439.583	4470
2441.551	4588
2443.519	4560
2445.486	4518
2447.452	4626
2449.418	4549
2451.383	4505
2453.348	4521
2455.314	4651
2457.278	4562
2459.241	4564
2461.205	4520
2463.167	4552
2465.131	4450
2467.091	4562
2469.052	4559
2471.012	4570
2472.972	4601
2474.932	4449
2476.891	4494
2478.85	4546
2480.808	4491
2482.766	4534
2484.722	4498
2486.68	4545
2488.636	4530
2490.591	4545
2492.546	4480
2494.5	4543
2496.456	4570
2498.41	4462
2500.362	4535
2502.315	4564
2504.266	4547
2506.218	4494
2508.169	4527
2510.121	4526
2512.07	4556
2514.019	4529
2515.968	4431
2517.918	4399
2519.866	4595
2521.813	4472
2523.76	4506
2525.707	4488
2527.653	4481
2529.599	4501
2531.543	4514
2533.489	4487
2535.433	4438
2537.376	4485
2539.32	4623
2541.264	4528
2543.205	4491
2545.147	4521
2547.087	4439
2549.029	4516
2550.969	4497
2552.908	4496
2554.847	4468
2556.786	4534
2558.724	4586
2560.663	4478
2562.6	4528
2564.537	4467
2566.473	4470
2568.408	4511
2570.345	4501
2572.28	4469
2574.214	4450
2576.148	4473
2578.081	4438
2580.014	4476
2581.947	4466
2583.879	4484
2585.81	4536
2587.741	4481
2589.67	4575
2591.602	4527
2593.532	4522
2595.461	4565
2597.388	4614
2599.316	4532
2601.244	4452
2603.172	4510
2605.098	4607
2607.023	4512
2608.949	4429
2610.873	4485
2612.8	4557
2614.723	4547
2616.647	4543
2618.569	4484
2620.493	4564
2622.416	4560
2624.338	4569
2626.258	4540
2628.179	4546
2630.099	4496
2632.019	4505
2633.939	4544
2635.857	4564
2637.775	4638
2639.694	4529
2641.61	4520
2643.528	4545
2645.444	4506
2647.361	4628
2649.276	4533
2651.19	4578
2653.105	4591
2655.019	4413
2656.934	4547
2658.846	4504
2660.758	4610
2662.67	4547
2664.583	4520
2666.493	4428
2668.404	4375
2670.313	4503
2672.223	4593
2674.134	4450
2676.042	4514
2677.95	4532
2679.858	4488
2681.765	4536
2683.673	4417
2685.579	4466
2687.483	4520
2689.389	4484
2691.294	4438
2693.198	4553
2695.104	4436
2697.006	4490
2698.909	4400
2700.811	4384
2702.713	4473
2704.615	4489
2706.516	4428
2708.417	4428
2710.316	4504
2712.216	4416
2714.115	4464
2716.014	4403
2717.913	4469
2719.81	4437
2721.707	4405
2723.603	4507
2725.501	4511
2727.396	4463
2729.292	4363
2731.186	4506
2733.081	4383
2734.976	4417
2736.87	4498
2738.762	4402
2740.653	4488
2742.546	4489
2744.437	4396
2746.329	4420
2748.22	4424
2750.11	4451
2751.999	4389
2753.889	4406
2755.778	4421
2757.666	4412
2759.553	4434
2761.44	4333
2763.328	4433
2765.215	4381
2767.101	4411
2768.986	4503
2770.87	4451
2772.754	4439
2774.638	4390
2776.523	4461
2778.405	4428
2780.288	4428
2782.17	4397
2784.051	4377
2785.934	4417
2787.814	4360
2789.694	4456
2791.574	4402
2793.453	4378
2795.332	4404
2797.212	4468
2799.088	4452
2800.966	4324
2802.843	4365
2804.719	4404
2806.597	4375
2808.471	4413
2810.346	4502
2812.221	4354
2814.094	4488
2815.969	4392
2817.843	4411
2819.714	4447
2821.587	4338
2823.459	4336
2825.329	4283
2827.202	4438
2829.072	4442
2830.942	4506
2832.811	4429
2834.68	4423
2836.549	4398
2838.418	4420
2840.284	4356
2842.152	4394
2844.018	4339
2845.885	4432
2847.751	4391
2849.616	4472
2851.482	4409
2853.345	4377
2855.208	4468
2857.074	4450
2858.937	4534
2860.799	4473
2862.66	4467
2864.522	4514
2866.385	4594
2868.245	4568
2870.104	4658
2871.964	4487
2873.824	4619
2875.683	4695
2877.542	4599
2879.4	4638
2881.257	4654
2883.114	4684
2884.97	4682
2886.827	4762
2888.683	4778
2890.537	4700
2892.392	4658
2894.246	4768
2896.1	4770
2897.954	4704
2899.807	4678
2901.66	4765
2903.51	4698
2905.362	4650
2907.214	4775
2909.065	4689
2910.915	4759
2912.765	4674
2914.613	4762
2916.463	4808
2918.311	4763
2920.158	4779
2922.006	4829
2923.853	4934
2925.698	4913
2927.546	4999
2929.392	5022
2931.236	5032
2933.081	5056
2934.924	5040
2936.77	5072
2938.613	5074
2940.455	5189
2942.298	5138
2944.139	5288
2945.982	5232
2947.823	5247
2949.662	5205
2951.503	5154
2953.342	5052
2955.182	5141
2957.021	5049
2958.858	4999
2960.697	5029
2962.534	5086
2964.37	5068
2966.207	4925
2968.044	4941
2969.879	4866
2971.714	4841
2973.548	4865
2975.383	4692
2977.218	4663
2979.051	4807
2980.883	4710
2982.715	4687
2984.547	4541
2986.379	4792
2988.21	4667
2990.04	4718
2991.87	4597
2993.7	4625
2995.53	4555
2997.359	4564
2999.187	4485
3001.015	4494
3002.842	4465
3004.669	4449
3006.497	4501
3008.323	4373
3010.148	4332
3011.974	4338
3013.797	4432
3015.623	4232
3017.447	4291
3019.27	4292
3021.094	4253
3022.915	4324
3024.737	4270
3026.56	4260
3028.38	4246
3030.201	4232
3032.022	4248
3033.84	4303
3035.662	4247
3037.481	4226
3039.298	4219
3041.117	4197
3042.933	4241
3044.752	4171
3046.568	4132
3048.385	4121
3050.2	4149
3052.016	4186
3053.83	4206
3055.646	4207
3057.46	4168
3059.272	4125
3061.086	4233
3062.898	4167
3064.711	4174
3066.524	4198
3068.335	4076
3070.145	4143
3071.956	4182
3073.766	4229
3075.576	4096
3077.385	4108
3079.193	4158
3081.002	4129
3082.81	4131
3084.618	4142
3086.425	4093
3088.231	4128
3090.036	4079
3091.842	4204
3093.648	4059
3095.452	4220
3097.257	4154
3099.06	4076
3100.863	4052
3102.666	4133
3104.47	4108
3106.272	4071
3108.073	4033
3109.875	4067
3111.676	4121
3113.477	4012
3115.277	4065
3117.077	4044
3118.874	3966
3120.673	4126
3122.473	4050
3124.271	4037
3126.066	4078
3127.863	4020
3129.66	3992
3131.456	4004
3133.252	3977
3135.047	4022
3136.842	4178
3138.635	3986
3140.429	3977
3142.223	4043
3144.016	3973
3145.808	4025
3147.6	3999
3149.392	3949
3151.183	3979
3152.975	3971
3154.765	3969
3156.553	3998
3158.344	3989
3160.132	3972
3161.922	4079
3163.71	3935
3165.497	3943
3167.285	4011
3169.071	4018
3170.858	3984
3172.645	3998
3174.429	3947
3176.214	3954
3177.998	3913
3179.783	3919
3181.568	3917
3183.351	3960
3185.133	3927
3186.915	3969
3188.698	3943
3190.481	3924
3192.261	4014
3194.042	3894
3195.822	3966
3197.601	3962
3199.381	3981
3201.161	3897
3202.939	3977
3204.717	3843
3206.495	3973
3208.272	3834
3210.05	3953
3211.826	3887
3213.602	3949
3215.376	3905
3217.151	3998
3218.927	3964
3220.702	3939
3222.476	3902
3224.249	3902
3226.021	3915
3227.793	4017
3229.567	3973
3231.339	3830
3233.109	3882
3234.88	4006
3236.651	3914
3238.421	3866
3240.191	3937
3241.96	3891
3243.728	3950
3245.497	3946
3247.263	3982
3249.033	3908
3250.799	3987
3252.566	3858
3254.331	3859
3256.097	3841
3257.863	3969
3259.628	3899
3261.392	3909
3263.156	3974
3264.919	3962
3266.683	3937
3268.447	3875
3270.208	3939
3271.969	3862
3273.731	4007
3275.492	3965
3277.253	3963
3279.013	3928
3280.773	3900
3282.532	3917
3284.291	3924
3286.05	3867
3287.808	3963
3289.566	3958
3291.323	3926
3293.079	3903
3294.835	3898
3296.593	3896
3298.348	3935
3300.102	3865
3301.857	3886
3303.611	3836
3305.366	3866
3307.119	3842
3308.872	3900
3310.624	3921
3312.376	3913
3314.129	3927
3315.881	3901
3317.631	3829
3319.38	3986
3321.13	3903
3322.88	3925
3324.631	3912
3326.379	3911
3328.126	3918
3329.875	3917
3331.622	3812
3333.371	3878
3335.116	3859
3336.863	3824
3338.609	3808
3340.353	3902
3342.1	3894
3343.845	3928
3345.588	3985
3347.332	3868
3349.074	3811
3350.817	3953
3352.56	3820
3354.303	3816
3356.043	3936
3357.785	3854
3359.525	3798
3361.268	3817
3363.007	3787
3364.745	3822
3366.485	3740
3368.223	3862
3369.962	3830
3371.701	3880
3373.438	3815
3375.174	3840
3376.911	3870
3378.647	3839
3380.384	3855
3382.118	3814
3383.854	3889
3385.588	3875
3387.322	3755
3389.057	3823
3390.79	3858
3392.522	3808
3394.255	3784
3395.987	3818
3397.719	3750
3399.451	3733
3401.181	3733
3402.911	3837
3404.641	3826
3406.371	3765
3408.101	3881
3409.83	3779
3411.558	3695
3413.285	3838
3415.011	3783
3416.739	3790
3418.467	3732
3420.193	3725
3421.919	3768
3423.644	3710
3425.368	3766
3427.094	3823
3428.818	3777
3430.542	3725
3432.264	3713
3433.987	3745
3435.712	3761
3437.434	3708
3439.155	3708
3440.876	3702
3442.596	3748
3444.317	3670
3446.039	3687
3447.757	3611
3449.477	3765
3451.195	3761
3452.914	3699
3454.632	3660
3456.35	3740
3458.067	3676
3459.784	3691
3461.5	3716
3463.216	3666
3464.932	3511
3466.647	3683
3468.362	3656
3470.076	3698
3471.789	3705
3473.505	3753
3475.217	3609
3476.929	3560
3478.641	3512
3480.354	3627
3482.066	3608
3483.777	3662
3485.487	3595
3487.197	3604
3488.908	3550
3490.617	3605
3492.327	3630
3494.035	3580
3495.743	3497
3497.451	3588
3499.158	3584
3500.866	3567
3502.572	3469
3504.278	3509
3505.984	3506
3507.689	3534
3509.396	3521
3511.1	3484
3512.804	3518
3514.508	3560
3516.211	3552
3517.913	3522
3519.616	3589
3521.319	3490
3523.021	3524
3524.722	3545
3526.422	3566
3528.124	3483
3529.824	3480
3531.524	3590
3533.222	3556
3534.921	3510
3536.62	3533
3538.318	3461
3540.016	3527
3541.714	3531
3543.41	3497
3545.107	3501
3546.803	3456
3548.5	3453
3550.194	3486
3551.889	3532
3553.583	3494
3555.279	3412
3556.972	3459
3558.666	3452
3560.358	3475
3562.051	3536
3563.742	3355
3565.435	3445
3567.126	3389
3568.817	3458
3570.507	3418
3572.197	3442
3573.888	3466
3575.577	3456
3577.265	3459
3578.954	3434
3580.642	3510
3582.329	3411
3584.017	3343
3585.704	3400
3587.391	3439
3589.077	3418
3590.762	3368
3592.449	3426
3594.133	3407
3595.817	3363
3597.501	3452
3599.185	3376
3600.869	3462
3602.552	3355
3604.234	3327
3605.916	3349
3607.598	3354
3609.279	3371
3610.961	3345
3612.642	3391
3614.321	3364
3616	3320
3617.68	3325
3619.36	3370
3621.039	3393
3622.716	3356
3624.394	3334
3626.071	3314
3627.748	3329
3629.425	3305
3631.102	3331
3632.778	3298
3634.452	3301
3636.127	3294
3637.803	3245
3639.477	3275
3641.151	3236
3642.823	3327
3644.497	3301
3646.171	3279
3647.842	3284
3649.515	3242
3651.185	3227
3652.857	3242
3654.527	3261
3656.198	3263
3657.868	3228
3659.537	3164
3661.207	3276
3662.875	3206
3664.544	3219
3666.212	3229
3667.879	3217
3669.546	3228
3671.212	3279
3672.88	3225
3674.546	3182
3676.211	3282
3677.875	3194
3679.541	3224
3681.205	3176
3682.87	3276
3684.533	3282
3686.196	3304
3687.859	3237
3689.521	3184
3691.184	3169
3692.845	3212
3694.507	3238
3696.167	3296
3697.827	3261
3699.487	3181
3701.148	3187
3702.808	3196
3704.466	3162
3706.125	3220
3707.783	3205
3709.442	3181
3711.099	3160
3712.757	3157
3714.412	3236
3716.068	3244
3717.725	3156
3719.381	3203
3721.036	3211
3722.689	3140
3724.344	3227
3725.998	3141
3727.652	3185
3729.305	3197
3730.958	3183
3732.61	3236
3734.262	3129
3735.915	3190
3737.565	3186
3739.217	3126
3740.866	3146
3742.516	3134
3744.165	3208
3745.816	3106
3747.464	3149
3749.113	3186
3750.761	3114
3752.409	3152
3754.057	3090
3755.703	3048
3757.35	3134
3758.996	3198
3760.641	3047
3762.289	3179
3763.933	3054
3765.577	3083
3767.222	3098
3768.865	3068
3770.508	3114
3772.152	3074
3773.796	3064
3775.438	3216
3777.079	3130
3778.721	3078
3780.363	3047
3782.003	3078
3783.643	3127
3785.283	3074
3786.923	3074
3788.563	3020
3790.203	3052
3791.841	3094
3793.479	2994
3795.115	3071
3796.753	3046
3798.391	3016
3800.027	3019
3801.664	3001
3803.299	3059
3804.935	3084
3806.571	3051
3808.206	3077
3809.839	2988
3811.473	3041
3813.107	3037
3814.74	2937
3816.375	2978
3818.006	3002
3819.638	3040
3821.27	2996
3822.9	2992
3824.532	3043
3826.163	3019
3827.792	3049
3829.423	2924
3831.051	3010
3832.682	3042
3834.311	2980
3835.938	3064
3837.566	3066
3839.193	2993
3840.821	2985
3842.448	3015
3844.075	3000
3845.7	2978
3847.325	2960
3848.951	2945
3850.576	3026
3852.201	2976
3853.825	3015
3855.448	2949
3857.072	2992
3858.694	2929
3860.318	2946
3861.939	3072
3863.562	2923
3865.183	2914
3866.804	2941
3868.426	3028
3870.045	2990
3871.666	2884
3873.285	2972
3874.904	3012
3876.524	2943
3878.142	2895
3879.76	2943
3881.378	2974
3882.995	2907
3884.612	2956
3886.229	2953
3887.845	2939
3889.461	2984
3891.076	2917
3892.691	3019
3894.307	2912
3895.922	2865
3897.536	2883
3899.149	2948
3900.761	2974
3902.374	2894
3903.988	2920
3905.6	2886
3907.212	2906
3908.822	2819
3910.433	2883
3912.045	2881
3913.655	2942
3915.265	2925
3916.875	2891
3918.483	2881
3920.093	2876
3921.702	2858
3923.309	2841
3924.917	2919
3926.523	2884
3928.13	2954
3929.739	2868
3931.344	2919
3932.95	2916
3934.555	2909
3936.159	2912
3937.766	2895
3939.369	2858
3940.974	2892
3942.577	2802
3944.181	2957
3945.783	2863
3947.386	2951
3948.989	2860
3950.59	2827
3952.191	2792
3953.791	2877
3955.394	2762
3956.994	2851
3958.593	2861
3960.192	2888
3961.791	2832
3963.392	2830
3964.99	2830
3966.588	2738
3968.185	2935
3969.782	2859
3971.379	2792
3972.976	2833
3974.572	2745
3976.168	2799
3977.763	2842
3979.358	2788
3980.954	2758
3982.548	2781
3984.142	2833
3985.736	2738
3987.329	2723
3988.922	2800
3990.516	2805
3992.108	2800
3993.698	2816
3995.29	2776
3996.881	2807
3998.473	2752
4000.064	2782
4001.653	2789
4003.242	2819
4004.832	2745
4006.422	2743
4008.01	2789
4009.598	2735
4011.186	2744
4012.773	2724
4014.36	2674
4015.947	2760
4017.534	2759
4019.119	2747
4020.705	2781
4022.291	2769
4023.876	2696
4025.461	2670
4027.044	2786
4028.627	2722
4030.211	2719
4031.795	2658
4033.378	2767
4034.96	2671
4036.542	2658
4038.124	2663
4039.704	2707
4041.286	2696
4042.867	2733
4044.447	2655
4046.026	2700
4047.606	2627
4049.187	2637
4050.765	2712
4052.343	2671
4053.92	2733
4055.498	2713
4057.076	2662
4058.654	2723
4060.23	2669
4061.806	2674
4063.381	2678
4064.957	2666
4066.533	2671
4068.107	2646
4069.682	2671
4071.256	2662
4072.829	2615
4074.404	2572
4075.977	2645
4077.549	2668
4079.121	2645
4080.693	2663
4082.265	2627
4083.836	2639
4085.407	2730
4086.977	2691
4088.547	2639
4090.117	2593
4091.687	2622
4093.256	2645
4094.825	2627
4096.392	2610
4097.96	2673
4099.528	2561
4101.097	2640
4102.663	2534
4104.229	2586
4105.795	2633
4107.361	2612
4108.928	2654
4110.493	2654
4112.058	2602
4113.621	2623
4115.186	2604
4116.75	2624
4118.313	2603
4119.876	2590
4121.438	2580
4123	2581
4124.562	2607
4126.125	2562
4127.686	2604
4129.246	2531
4130.807	2598
4132.367	2519
4133.927	2583
4135.486	2648
4137.046	2548
4138.604	2499
4140.162	2504
4141.72	2549
4143.279	2556
4144.836	2546
4146.393	2555
4147.949	2549
4149.505	2485
4151.062	2584
4152.617	2546
4154.172	2500
4155.727	2537
4157.281	2487
4158.836	2608
4160.39	2537
4161.943	2544
4163.496	2520
4165.048	2456
4166.601	2545
4168.154	2496
4169.706	2484
4171.257	2545
4172.808	2511
4174.358	2518
4175.909	2533
4177.458	2527
4179.008	2456
4180.558	2520
4182.106	2445
4183.655	2454
4185.204	2475
4186.751	2500
4188.298	2439
4189.845	2505
4191.392	2441
4192.939	2470
4194.485	2483
4196.031	2460
4197.576	2522
4199.121	2420
4200.666	2479
4202.211	2448
4203.754	2454
4205.298	2474
4206.84	2386
4208.384	2436
4209.927	2478
4211.47	2471
4213.011	2413
4214.552	2436
4216.094	2450
4217.635	2373
4219.175	2414
4220.716	2426
4222.255	2463
4223.793	2467
4225.335	2365
4226.873	2418
4228.411	2484
4229.948	2379
4231.486	2361
4233.024	2407
4234.562	2412
4236.098	2445
4237.634	2425
4239.169	2430
4240.705	2376
4242.241	2425
4243.776	2374
4245.31	2373
4246.844	2416
4248.378	2410
4249.911	2421
4251.445	2403
4252.978	2370
4254.51	2406
4256.042	2407
4257.574	2432
4259.107	2389
4260.638	2397
4262.169	2416
4263.699	2331
4265.228	2355
4266.759	2397
4268.289	2389
4269.818	2403
4271.345	2426
4272.874	2388
4274.402	2356
4275.931	2436
4277.458	2271
4278.985	2410
4280.512	2365
4282.037	2403
4283.564	2364
4285.089	2343
4286.615	2377
4288.139	2381
4289.664	2306
4291.187	2339
4292.712	2380
4294.235	2381
4295.759	2305
4297.281	2369
4298.804	2364
4300.327	2344
4301.849	2351
4303.37	2261
4304.891	2305
4306.412	2372
4307.933	2353
4309.453	2349
4310.973	2309
4312.492	2331
