398.1873	3984
400.7097	3978
403.2336	4096
405.7547	4024
408.2751	4047
410.7948	4061
413.3138	4040
415.83	4180
418.3497	4242
420.8666	4071
423.3829	4225
425.8985	4174
428.4133	4219
430.9275	4265
433.441	4319
435.9538	4314
438.4639	4264
440.9753	4256
443.4881	4332
445.9982	4355
448.5055	4394
451.0142	4314
453.5201	4305
456.0274	4253
458.5361	4375
461.04	4370
463.5453	4357
466.0478	4204
468.5517	4296
471.0549	4273
473.5574	4368
476.0572	4328
478.5584	4293
481.0568	4328
483.5545	4365
486.0557	4403
488.5521	4380
491.0478	4395
493.5449	4470
496.0392	4438
498.5349	4443
501.0299	4458
503.5222	4418
506.0139	4367
508.5048	4419
510.9991	4401
513.4887	4445
515.9777	4435
518.4659	4511
520.9534	4502
523.4403	4445
525.9306	4498
528.4161	4430
530.9009	4521
533.3851	4463
535.8687	4508
538.3535	4422
540.8356	4476
543.3171	4490
545.7979	4449
548.278	4483
550.7595	4516
553.2383	4564
555.7144	4487
558.1918	4441
560.6685	4578
563.1446	4565
565.6221	4470
568.0968	4569
570.5688	4628
573.0422	4587
575.515	4607
577.989	4645
580.4584	4624
582.9291	4662
585.3991	4523
587.8685	4731
590.3352	4823
592.8052	4635
595.2706	4624
597.7372	4689
600.2033	4654
602.6666	4549
605.1334	4695
607.5953	4577
610.0587	4751
612.5193	4628
614.9814	4662
617.4427	4673
619.9034	4652
622.3615	4584
624.8208	4673
627.2775	4653
629.7335	4583
632.1929	4638
634.6476	4587
637.1016	4593
639.5569	4575
642.0096	4650
644.4637	4640
646.9151	4641
649.3678	4625
651.8179	4643
654.2672	4696
656.7159	4544
659.166	4688
661.6154	4743
664.0622	4765
666.5082	4727
668.9537	4705
671.4005	4785
673.8445	4752
676.288	4782
678.7308	4724
681.1729	4791
683.6163	4860
686.0572	4764
688.4973	4804
690.9368	4683
693.3757	4761
695.8138	4877
698.2534	4803
700.6902	4930
703.1245	4819
705.56	4791
707.9949	4829
710.4311	4917
712.8647	4835
715.2957	4845
717.7279	4975
720.1595	4855
722.5905	4889
725.0208	4875
727.4505	4952
729.8795	4877
732.3058	4876
734.7336	5057
737.1626	5019
739.587	5053
742.0128	4954
744.4359	4988
746.8604	5031
749.2841	5113
751.7073	4905
754.1278	5117
756.5496	5040
758.9688	5060
761.3893	5034
763.8093	5120
766.2285	5044
768.6451	5167
771.0611	5135
773.4784	5070
775.895	5089
778.3091	5049
780.7244	5078
783.1371	5098
785.5493	5090
787.9626	5230
790.3754	5231
792.7856	5169
795.1951	5063
797.6039	5203
800.0121	5267
802.4236	5109
804.8306	5189
807.2369	5092
809.6425	5248
812.0475	5231
814.4538	5115
816.8575	5194
819.2606	5203
821.663	5267
824.0648	5224
826.4659	5205
828.8683	5134
831.2682	5290
833.6674	5271
836.066	5308
838.4639	5221
840.8632	5214
843.2579	5257
845.6539	5285
848.0493	5288
850.444	5199
852.84	5268
855.2315	5261
857.6243	5318
860.0165	5208
862.4081	5186
864.797	5210
867.1892	5303
869.5789	5250
871.9659	5327
874.3542	5354
876.74	5211
879.129	5307
881.5155	5298
883.8994	5307
886.2845	5232
888.6671	5286
891.051	5247
893.4343	5158
895.8169	5263
898.197	5251
900.5783	5214
902.9571	5305
905.3372	5222
907.7167	5294
910.0936	5398
912.4698	5366
914.8474	5433
917.2244	5445
919.5987	5493
921.9744	5442
924.3475	5610
926.72	5490
929.0918	5546
931.4669	5458
933.8375	5562
936.2074	5415
938.5767	5601
940.9454	5653
943.3154	5714
945.6829	5769
948.0497	5766
950.4178	6014
952.7833	6173
955.1483	6336
957.5145	6535
959.8782	6673
962.2412	6590
964.6036	6480
966.9655	6189
969.3266	6174
971.6871	5879
974.0471	5711
976.4064	5663
978.765	5598
981.125	5532
983.4824	5566
985.8373	5513
988.1935	5460
990.549	5420
992.9039	5532
995.2602	5418
997.6119	5395
999.965	5496
1002.317	5653
1004.667	5537
1007.02	5492
1009.371	5563
1011.719	5470
1014.068	5593
1016.415	5617
1018.765	5513
1021.111	5529
1023.458	5574
1025.804	5432
1028.147	5527
1030.49	5503
1032.837	5555
1035.179	5569
1037.522	5545
1039.862	5527
1042.204	5543
1044.546	5617
1046.884	5536
1049.224	5607
1051.562	5468
1053.899	5615
1056.237	5507
1058.575	5534
1060.91	5677
1063.244	5679
1065.58	5686
1067.913	5693
1070.248	5763
1072.579	5733
1074.911	5760
1077.242	5658
1079.572	5652
1081.905	5745
1084.234	5708
1086.562	5669
1088.89	5660
1091.217	5690
1093.544	5618
1095.871	5615
1098.197	5616
1100.521	5628
1102.845	5545
1105.169	5612
1107.491	5622
1109.814	5711
1112.135	5637
1114.456	5633
1116.776	5648
1119.096	5626
1121.415	5582
1123.734	5719
1126.052	5685
1128.369	5713
1130.686	5686
1133.002	5655
1135.318	5676
1137.632	5691
1139.945	5550
1142.258	5721
1144.573	5610
1146.884	5752
1149.196	5675
1151.505	5660
1153.816	5774
1156.124	5732
1158.435	5728
1160.742	5688
1163.051	5576
1165.356	5703
1167.663	5689
1169.97	5778
1172.276	5653
1174.579	5787
1176.881	5622
1179.186	5636
1181.487	5671
1183.79	5665
1186.092	5692
1188.392	5700
1190.691	5670
1192.991	5642
1195.291	5719
1197.588	5674
1199.885	5735
1202.181	5799
1204.479	5726
1206.775	5636
1209.07	5711
1211.363	5713
1213.656	5725
1215.949	5673
1218.241	5741
1220.534	5838
1222.825	5720
1225.115	5804
1227.405	5719
1229.693	5843
1231.984	5764
1234.271	5830
1236.558	5901
1238.845	5855
1241.131	5880
1243.416	5886
1245.703	5886
1247.987	5971
1250.269	5917
1252.552	5836
1254.834	5967
1257.118	5964
1259.399	5948
1261.678	5871
1263.958	5930
1266.237	5976
1268.516	5940
1270.794	5852
1273.072	5937
1275.347	5930
1277.624	5848
1279.899	5947
1282.175	5924
1284.449	5872
1286.722	5891
1288.995	5903
1291.266	5976
1293.54	5948
1295.81	5957
1298.081	5846
1300.35	5776
1302.62	5858
1304.889	5838
1307.156	5922
1309.425	5870
1311.69	5887
1313.957	5884
1316.222	5973
1318.488	5882
1320.751	6011
1323.016	5929
1325.278	5773
1327.54	5898
1329.803	5917
1332.065	5842
1334.325	6057
1336.584	5995
1338.843	5952
1341.101	5845
1343.36	5911
1345.617	5916
1347.876	6049
1350.131	5917
1352.387	5859
1354.643	6002
1356.897	5819
1359.151	5814
1361.403	5994
1363.656	5994
1365.909	5974
1368.16	5910
1370.409	5954
1372.659	5976
1374.909	5887
1377.157	5977
1379.407	5905
1381.655	6051
1383.9	5985
1386.147	5959
1388.393	6008
1390.64	6061
1392.885	6058
1395.127	6142
1397.37	6141
1399.614	6098
1401.854	6115
1404.098	6085
1406.339	6120
1408.578	6173
1410.818	6031
1413.056	6070
1415.297	6104
1417.533	6225
1419.771	6114
1422.006	6095
1424.243	6088
1426.479	6151
1428.715	6090
1430.948	6128
1433.182	6133
1435.414	6225
1437.647	6165
1439.88	6200
1442.11	6223
1444.342	6212
1446.571	6245
1448.799	6226
1451.029	6190
1453.258	6293
1455.485	6185
1457.711	6148
1459.937	6166
1462.164	6071
1464.39	6213
1466.614	6230
1468.838	6178
1471.06	6166
1473.283	6126
1475.506	6141
1477.727	6222
1479.949	6123
1482.169	6131
1484.389	6123
1486.609	6030
1488.828	6081
1491.045	6049
1493.261	6034
1495.477	6121
1497.693	6092
1499.91	6074
1502.125	6016
1504.339	6031
1506.553	5952
1508.766	6046
1510.979	6046
1513.191	5941
1515.402	6117
1517.613	6119
1519.823	6043
1522.033	6008
1524.242	6015
1526.451	6150
1528.657	6048
1530.865	6081
1533.072	6099
1535.278	5988
1537.484	6242
1539.687	6019
1541.892	6140
1544.096	6157
1546.299	6177
1548.502	6148
1550.703	6018
1552.905	6082
1555.104	6130
1557.303	6084
1559.505	6191
1561.703	6160
1563.902	6084
1566.099	6205
1568.295	6150
1570.494	6252
1572.689	6277
1574.883	6245
1577.079	6170
1579.272	6215
1581.467	6151
1583.659	6247
1585.853	6322
1588.044	6171
1590.234	6270
1592.424	6243
1594.615	6351
1596.806	6300
1598.994	6266
1601.182	6392
1603.369	6285
1605.557	6142
1607.744	6315
1609.929	6278
1612.114	6271
1614.298	6455
1616.482	6417
1618.667	6294
1620.85	6280
1623.032	6346
1625.214	6316
1627.395	6375
1629.575	6245
1631.755	6273
1633.935	6373
1636.114	6317
1638.292	6266
1640.471	6332
1642.647	6248
1644.823	6317
1647	6306
1649.175	6340
1651.348	6491
1653.525	6372
1655.698	6288
1657.87	6329
1660.043	6261
1662.213	6306
1664.387	6412
1666.558	6412
1668.727	6413
1670.896	6332
1673.064	6433
1675.233	6396
1677.401	6358
1679.569	6303
1681.735	6461
1683.902	6312
1686.066	6252
1688.233	6241
1690.397	6353
1692.559	6399
1694.723	6284
1696.885	6442
1699.048	6262
1701.21	6229
1703.37	6243
1705.53	6284
1707.689	6221
1709.849	6196
1712.009	6277
1714.166	6357
1716.323	6216
1718.479	6370
1720.634	6182
1722.793	6281
1724.948	6236
1727.102	6307
1729.255	6275
1731.408	6168
1733.562	6249
1735.714	6192
1737.865	6280
1740.016	6379
1742.166	6187
1744.316	6398
1746.467	6200
1748.616	6323
1750.764	6247
1752.911	6245
1755.056	6203
1757.205	6372
1759.35	6219
1761.496	6251
1763.641	6316
1765.785	6312
1767.927	6372
1770.072	6422
1772.214	6303
1774.355	6429
1776.496	6380
1778.637	6407
1780.778	6251
1782.918	6315
1785.057	6393
1787.194	6313
1789.333	6398
1791.472	6339
1793.608	6303
1795.745	6364
1797.879	6372
1800.015	6433
1802.148	6419
1804.284	6388
1806.417	6358
1808.548	6331
1810.682	6367
1812.812	6331
1814.946	6368
1817.075	6353
1819.205	6358
1821.335	6428
1823.463	6347
1825.59	6335
1827.721	6435
1829.847	6385
1831.973	6503
1834.098	6305
1836.223	6354
1838.351	6392
1840.475	6353
1842.598	6304
1844.721	6384
1846.843	6338
1848.966	6288
1851.087	6354
1853.21	6248
1855.33	6317
1857.449	6349
1859.568	6361
1861.688	6259
1863.806	6270
1865.924	6322
1868.039	6306
1870.155	6290
1872.273	6263
1874.388	6299
1876.503	6212
1878.617	6244
1880.73	6478
1882.844	6408
1884.956	6371
1887.068	6423
1889.18	6342
1891.291	6405
1893.4	6349
1895.511	6360
1897.621	6379
1899.73	6456
1901.837	6276
1903.944	6497
1906.053	6398
1908.159	6373
1910.265	6380
1912.369	6307
1914.474	6499
1916.577	6455
1918.683	6480
1920.785	6399
1922.888	6467
1924.989	6362
1927.091	6472
1929.193	6361
1931.294	6410
1933.393	6576
1935.493	6409
1937.59	6547
1939.689	6517
1941.788	6519
1943.884	6526
1945.98	6364
1948.077	6549
1950.171	6451
1952.267	6487
1954.361	6506
1956.455	6391
1958.548	6495
1960.64	6494
1962.733	6466
1964.824	6560
1966.915	6445
1969.005	6315
1971.096	6369
1973.185	6498
1975.275	6320
1977.363	6486
1979.45	6402
1981.537	6458
1983.623	6390
1985.711	6500
1987.796	6404
1989.881	6484
1991.965	6360
1994.047	6522
1996.132	6476
1998.215	6392
2000.297	6415
2002.378	6453
2004.46	6464
2006.54	6407
2008.62	6317
2010.7	6427
2012.779	6338
2014.858	6370
2016.934	6475
2019.013	6315
2021.09	6368
2023.165	6480
2025.241	6397
2027.317	6369
2029.39	6397
2031.466	6330
2033.538	6457
2035.612	6406
2037.683	6457
2039.755	6475
2041.827	6427
2043.898	6410
2045.968	6412
2048.038	6380
2050.106	6448
2052.177	6463
2054.244	6478
2056.313	6395
2058.379	6318
2060.444	6468
2062.511	6402
2064.577	6529
2066.641	6488
2068.705	6417
2070.77	6522
2072.832	6464
2074.896	6516
2076.958	6398
2079.02	6318
2081.081	6491
2083.141	6275
2085.2	6436
2087.261	6278
2089.319	6471
2091.377	6359
2093.435	6379
2095.492	6548
2097.552	6486
2099.607	6499
2101.663	6468
2103.718	6453
2105.771	6340
2107.826	6461
2109.879	6359
2111.932	6434
2113.985	6361
2116.037	6481
2118.088	6486
2120.141	6383
2122.191	6454
2124.239	6428
2126.288	6380
2128.337	6491
2130.387	6422
2132.434	6383
2134.481	6345
2136.528	6356
2138.574	6458
2140.618	6373
2142.665	6389
2144.71	6386
2146.753	6429
2148.797	6379
2150.838	6488
2152.883	6528
2154.923	6445
2156.965	6481
2159.007	6391
2161.046	6401
2163.086	6426
2165.126	6425
2167.163	6396
2169.202	6412
2171.239	6412
2173.277	6390
2175.314	6296
2177.349	6385
2179.385	6271
2181.42	6325
2183.453	6382
2185.49	6380
2187.522	6483
2189.555	6440
2191.586	6248
2193.619	6243
2195.651	6372
2197.682	6331
2199.711	6245
2201.74	6265
2203.769	6353
2205.799	6392
2207.828	6267
2209.855	6268
2211.882	6282
2213.908	6272
2215.934	6296
2217.961	6365
2219.986	6267
2222.01	6325
2224.034	6378
2226.057	6216
2228.08	6325
2230.104	6351
2232.124	6315
2234.145	6370
2236.166	6218
2238.186	6335
2240.207	6232
2242.227	6319
2244.244	6232
2246.262	6261
2248.28	6412
2250.299	6184
2252.314	6305
2254.33	6424
2256.346	6264
2258.36	6351
2260.375	6337
2262.391	6132
2264.403	6322
2266.416	6337
2268.427	6327
2270.44	6245
2272.453	6386
2274.463	6301
2276.474	6253
2278.483	6353
2280.493	6213
2282.501	6347
2284.51	6291
2286.518	6336
2288.524	6249
2290.532	6372
2292.537	6241
2294.544	6326
2296.55	6356
2298.554	6400
2300.557	6324
2302.562	6273
2304.566	6309
2306.568	6281
2308.569	6306
2310.572	6306
2312.573	6331
2314.573	6236
2316.574	6327
2318.573	6344
2320.571	6180
2322.571	6329
2324.569	6272
2326.567	6227
2328.564	6165
2330.56	6129
2332.556	6299
2334.551	6311
2336.546	6148
2338.542	6176
2340.535	6284
2342.529	6233
2344.521	6222
2346.512	6248
2348.505	6312
2350.497	6313
2352.487	6211
2354.478	6235
2356.468	6279
2358.457	6264
2360.446	6126
2362.434	6130
2364.422	6192
2366.408	6211
2368.395	6174
2370.383	6249
2372.369	6134
2374.353	6243
2376.338	6181
2378.321	6213
2380.307	6101
2382.29	6083
2384.272	6229
2386.254	6249
2388.235	6121
2390.218	6307
2392.198	6085
2394.179	6075
2396.157	6112
2398.137	6081
2400.115	6146
2402.095	6122
2404.072	6187
2406.048	6185
2408.026	6117
2410.001	6153
2411.977	6102
2413.953	6087
2415.927	6229
2417.9	6168
2419.875	6185
2421.847	6139
2423.821	6114
2425.792	6232
2427.763	6246
2429.736	6131
2431.706	6293
2433.677	6089
2435.646	6113
2437.615	6223
2439.583	6052
2441.551	6183
2443.519	6093
2445.486	6090
2447.452	6242
2449.418	6094
2451.383	6100
2453.348	6076
2455.314	6186
2457.278	6223
2459.241	6208
2461.205	6163
2463.167	6125
2465.131	6070
2467.091	6117
2469.052	6049
2471.012	6135
2472.972	6093
2474.932	6020
2476.891	6204
2478.85	6187
2480.808	6109
2482.766	6098
2484.722	6019
2486.68	6217
2488.636	6243
2490.591	6215
2492.546	6050
2494.5	6197
2496.456	6143
2498.41	6029
2500.362	5992
2502.315	6201
2504.266	6045
2506.218	6020
2508.169	6001
2510.121	6108
2512.07	6158
2514.019	6060
2515.968	6067
2517.918	6015
2519.866	6076
2521.813	6050
2523.76	6067
2525.707	5958
2527.653	6065
2529.599	6169
2531.543	6055
2533.489	6062
2535.433	6007
2537.376	6022
2539.32	6143
2541.264	6060
2543.205	6016
2545.147	6067
2547.087	5962
2549.029	6026
2550.969	6104
2552.908	6099
2554.847	6162
2556.786	6019
2558.724	5984
2560.663	6015
2562.6	6079
2564.537	5979
2566.473	6054
2568.408	5973
2570.345	6072
2572.28	6045
2574.214	6074
2576.148	6184
2578.081	6077
2580.014	6171
2581.947	6150
2583.879	6030
2585.81	6167
2587.741	6114
2589.67	6029
2591.602	6107
2593.532	6067
2595.461	6065
2597.388	6120
2599.316	6102
2601.244	6153
2603.172	6055
2605.098	6159
2607.023	6109
2608.949	6113
2610.873	6102
2612.8	6002
2614.723	6176
2616.647	6134
2618.569	6224
2620.493	6053
2622.416	6276
2624.338	6148
2626.258	6049
2628.179	6078
2630.099	6233
2632.019	6126
2633.939	6154
2635.857	6156
2637.775	6264
2639.694	6209
2641.61	6128
2643.528	6149
2645.444	6142
2647.361	6100
2649.276	6155
2651.19	6095
2653.105	6161
2655.019	6175
2656.934	6226
2658.846	6110
2660.758	6189
2662.67	6189
2664.583	6114
2666.493	6191
2668.404	6213
2670.313	6135
2672.223	6199
2674.134	6159
2676.042	6160
2677.95	6068
2679.858	6107
2681.765	6088
2683.673	6130
2685.579	6131
2687.483	6103
2689.389	6187
2691.294	6131
2693.198	6096
2695.104	6007
2697.006	6086
2698.909	6065
2700.811	6080
2702.713	6068
2704.615	6059
2706.516	6066
2708.417	6158
2710.316	6073
2712.216	5965
2714.115	5996
2716.014	5974
2717.913	5983
2719.81	6014
2721.707	6018
2723.603	6132
2725.501	5984
2727.396	6030
2729.292	5987
2731.186	6110
2733.081	6025
2734.976	6064
2736.87	5985
2738.762	6072
2740.653	5981
2742.546	5960
2744.437	6055
2746.329	6078
2748.22	5997
2750.11	6065
2751.999	5940
2753.889	6030
2755.778	6114
2757.666	6032
2759.553	6100
2761.44	6053
2763.328	5985
2765.215	6109
2767.101	5913
2768.986	6085
2770.87	5989
2772.754	5965
2774.638	5994
2776.523	6025
2778.405	5985
2780.288	6065
2782.17	5967
2784.051	6008
2785.934	6075
2787.814	5912
2789.694	5946
2791.574	5985
2793.453	5921
2795.332	5984
2797.212	6004
2799.088	5969
2800.966	6065
2802.843	6076
2804.719	6025
2806.597	5951
2808.471	5997
2810.346	5970
2812.221	5982
2814.094	5842
2815.969	6063
2817.843	5961
2819.714	6024
2821.587	5988
2823.459	6042
2825.329	5968
2827.202	6071
2829.072	6034
2830.942	6155
2832.811	6004
2834.68	6085
2836.549	5990
2838.418	5988
2840.284	5960
2842.152	6059
2844.018	5999
2845.885	6094
2847.751	5962
2849.616	6133
2851.482	6053
2853.345	6108
2855.208	6006
2857.074	6071
2858.937	5994
2860.799	6151
2862.66	6119
2864.522	6108
2866.385	6129
2868.245	6152
2870.104	6212
2871.964	6205
2873.824	6278
2875.683	6182
2877.542	6270
2879.4	6325
2881.257	6283
2883.114	6263
2884.97	6379
2886.827	6269
2888.683	6422
2890.537	6436
2892.392	6255
2894.246	6327
2896.1	6339
2897.954	6474
2899.807	6351
2901.66	6337
2903.51	6233
2905.362	6341
2907.214	6281
2909.065	6342
2910.915	6306
2912.765	6321
2914.613	6270
2916.463	6359
2918.311	6437
2920.158	6357
2922.006	6441
2923.853	6524
2925.698	6496
2927.546	6516
2929.392	6509
2931.236	6584
2933.081	6670
2934.924	6548
2936.77	6650
2938.613	6550
2940.455	6615
2942.298	6832
2944.139	6655
2945.982	6746
2947.823	6678
2949.662	6717
2951.503	6743
2953.342	6614
2955.182	6550
2957.021	6499
2958.858	6712
2960.697	6471
2962.534	6631
2964.37	6511
2966.207	6421
2968.044	6456
2969.879	6325
2971.714	6239
2973.548	6276
2975.383	6314
2977.218	6279
2979.051	6137
2980.883	6162
2982.715	6224
2984.547	6255
2986.379	6172
2988.21	6177
2990.04	6169
2991.87	6083
2993.7	6064
2995.53	5992
2997.359	6017
2999.187	6027
3001.015	6059
3002.842	5979
3004.669	5912
3006.497	6040
3008.323	5942
3010.148	5969
3011.974	5911
3013.797	5949
3015.623	5783
3017.447	5825
3019.27	5884
3021.094	5864
3022.915	5703
3024.737	5777
3026.56	5815
3028.38	5820
3030.201	5718
3032.022	5807
3033.84	5735
3035.662	5818
3037.481	5799
3039.298	5719
3041.117	5696
3042.933	5832
3044.752	5675
3046.568	5709
3048.385	5849
3050.2	5700
3052.016	5707
3053.83	5743
3055.646	5641
3057.46	5741
3059.272	5807
3061.086	5605
3062.898	5764
3064.711	5714
3066.524	5673
3068.335	5616
3070.145	5668
3071.956	5765
3073.766	5634
3075.576	5690
3077.385	5679
3079.193	5711
3081.002	5768
3082.81	5569
3084.618	5725
3086.425	5676
3088.231	5704
3090.036	5608
3091.842	5654
3093.648	5610
3095.452	5772
3097.257	5624
3099.06	5576
3100.863	5564
3102.666	5700
3104.47	5600
3106.272	5546
3108.073	5619
3109.875	5555
3111.676	5636
3113.477	5636
3115.277	5560
3117.077	5555
3118.874	5536
3120.673	5508
3122.473	5524
3124.271	5491
3126.066	5447
3127.863	5558
3129.66	5502
3131.456	5463
3133.252	5526
3135.047	5569
3136.842	5510
3138.635	5436
3140.429	5496
3142.223	5489
3144.016	5508
3145.808	5496
3147.6	5525
3149.392	5595
3151.183	5432
3152.975	5364
3154.765	5598
3156.553	5423
3158.344	5493
3160.132	5433
3161.922	5424
3163.71	5418
3165.497	5425
3167.285	5422
3169.071	5450
3170.858	5426
3172.645	5487
3174.429	5429
3176.214	5473
3177.998	5421
3179.783	5499
3181.568	5491
3183.351	5270
3185.133	5330
3186.915	5407
3188.698	5336
3190.481	5464
3192.261	5390
3194.042	5385
3195.822	5332
3197.601	5361
3199.381	5458
3201.161	5388
3202.939	5438
3204.717	5399
3206.495	5389
3208.272	5331
3210.05	5361
3211.826	5339
3213.602	5405
3215.376	5333
3217.151	5396
3218.927	5416
3220.702	5296
3222.476	5398
3224.249	5348
3226.021	5289
3227.793	5407
3229.567	5414
3231.339	5475
3233.109	5308
3234.88	5300
3236.651	5267
3238.421	5347
3240.191	5377
3241.96	5257
3243.728	5364
3245.497	5369
3247.263	5359
3249.033	5376
3250.799	5233
3252.566	5304
3254.331	5341
3256.097	5392
3257.863	5330
3259.628	5369
3261.392	5464
3263.156	5292
3264.919	5286
3266.683	5342
3268.447	5426
3270.208	5367
3271.969	5373
3273.731	5350
3275.492	5376
3277.253	5336
3279.013	5308
3280.773	5395
3282.532	5344
3284.291	5292
3286.05	5413
3287.808	5367
3289.566	5469
3291.323	5344
3293.079	5322
3294.835	5217
3296.593	5352
3298.348	5363
3300.102	5244
3301.857	5282
3303.611	5400
3305.366	5238
3307.119	5285
3308.872	5300
3310.624	5215
3312.376	5315
3314.129	5409
3315.881	5329
3317.631	5348
3319.38	5186
3321.13	5355
3322.88	5316
3324.631	5276
3326.379	5264
3328.126	5350
3329.875	5295
3331.622	5318
3333.371	5263
3335.116	5232
3336.863	5224
3338.609	5252
3340.353	5325
3342.1	5266
3343.845	5302
3345.588	5220
3347.332	5214
3349.074	5243
3350.817	5188
3352.56	5167
3354.303	5271
3356.043	5147
3357.785	5209
3359.525	5313
3361.268	5170
3363.007	5272
3364.745	5221
3366.485	5242
3368.223	5376
3369.962	5251
3371.701	5235
3373.438	5184
3375.174	5198
3376.911	5201
3378.647	5209
3380.384	5329
3382.118	5102
3383.854	5132
3385.588	5136
3387.322	5229
3389.057	5167
3390.79	5170
3392.522	5151
3394.255	5067
3395.987	5127
3397.719	5174
3399.451	5237
3401.181	5169
3402.911	5178
3404.641	5101
3406.371	5090
3408.101	5174
3409.83	5148
3411.558	5158
3413.285	5152
3415.011	5135
3416.739	5114
3418.467	5080
3420.193	5120
3421.919	5108
3423.644	5099
3425.368	5102
3427.094	5171
3428.818	5071
3430.542	5042
3432.264	5055
3433.987	5099
3435.712	5064
3437.434	5091
3439.155	5047
3440.876	5093
3442.596	4947
3444.317	5023
3446.039	5114
3447.757	5018
3449.477	4989
3451.195	5064
3452.914	4986
3454.632	5123
3456.35	4898
3458.067	5032
3459.784	4941
3461.5	4967
3463.216	5017
3464.932	4969
3466.647	4958
3468.362	4982
3470.076	4979
3471.789	4993
3473.505	4921
3475.217	5013
3476.929	5020
3478.641	4986
3480.354	5096
3482.066	4797
3483.777	4977
3485.487	4973
3487.197	4972
3488.908	5027
3490.617	4907
3492.327	4906
3494.035	4941
3495.743	4816
3497.451	4970
3499.158	4938
3500.866	4864
3502.572	4903
3504.278	4844
3505.984	4912
3507.689	4892
3509.396	4899
3511.1	4802
3512.804	4859
3514.508	4774
3516.211	4774
3517.913	4855
3519.616	4845
3521.319	4866
3523.021	4861
3524.722	4927
3526.422	4883
3528.124	4741
3529.824	4889
3531.524	4883
3533.222	4858
3534.921	4774
3536.62	4821
3538.318	4825
3540.016	4873
3541.714	4818
3543.41	4782
3545.107	4741
3546.803	4786
3548.5	4820
3550.194	4797
3551.889	4807
3553.583	4712
3555.279	4797
3556.972	4812
3558.666	4819
3560.358	4866
3562.051	4698
3563.742	4770
3565.435	4737
3567.126	4797
3568.817	4732
3570.507	4791
3572.197	4691
3573.888	4758
3575.577	4721
3577.265	4749
3578.954	4772
3580.642	4834
3582.329	4715
3584.017	4764
3585.704	4759
3587.391	4696
3589.077	4705
3590.762	4769
3592.449	4737
3594.133	4692
3595.817	4687
3597.501	4698
3599.185	4648
3600.869	4667
3602.552	4558
3604.234	4741
3605.916	4658
3607.598	4593
3609.279	4612
3610.961	4541
3612.642	4677
3614.321	4603
3616	4569
3617.68	4562
3619.36	4587
3621.039	4593
3622.716	4607
3624.394	4646
3626.071	4603
3627.748	4624
3629.425	4559
3631.102	4536
3632.778	4630
3634.452	4600
3636.127	4528
3637.803	4570
3639.477	4610
3641.151	4527
3642.823	4510
3644.497	4484
3646.171	4537
3647.842	4566
3649.515	4520
3651.185	4470
3652.857	4520
3654.527	4509
3656.198	4536
3657.868	4529
3659.537	4484
3661.207	4449
3662.875	4508
3664.544	4520
3666.212	4477
3667.879	4546
3669.546	4454
3671.212	4504
3672.88	4491
3674.546	4414
3676.211	4512
3677.875	4383
3679.541	4437
3681.205	4537
3682.87	4429
3684.533	4387
3686.196	4441
3687.859	4423
3689.521	4527
3691.184	4418
3692.845	4502
3694.507	4474
3696.167	4516
3697.827	4449
3699.487	4459
3701.148	4524
3702.808	4349
3704.466	4424
3706.125	4473
3707.783	4353
3709.442	4403
3711.099	4398
3712.757	4537
3714.412	4343
3716.068	4402
3717.725	4444
3719.381	4425
3721.036	4382
3722.689	4448
3724.344	4447
3725.998	4348
3727.652	4402
3729.305	4391
3730.958	4385
3732.61	4344
3734.262	4352
3735.915	4449
3737.565	4407
3739.217	4363
3740.866	4456
3742.516	4434
3744.165	4332
3745.816	4412
3747.464	4352
3749.113	4338
3750.761	4388
3752.409	4347
3754.057	4354
3755.703	4346
3757.35	4358
3758.996	4414
3760.641	4334
3762.289	4376
3763.933	4284
3765.577	4348
3767.222	4290
3768.865	4290
3770.508	4254
3772.152	4293
3773.796	4390
3775.438	4164
3777.079	4263
3778.721	4408
3780.363	4294
3782.003	4189
3783.643	4382
3785.283	4319
3786.923	4285
3788.563	4277
3790.203	4311
3791.841	4278
3793.479	4260
3795.115	4277
3796.753	4235
3798.391	4262
3800.027	4186
3801.664	4326
3803.299	4211
3804.935	4268
3806.571	4212
3808.206	4286
3809.839	4206
3811.473	4178
3813.107	4247
3814.74	4225
3816.375	4277
3818.006	4095
3819.638	4187
3821.27	4215
3822.9	4195
3824.532	4194
3826.163	4165
3827.792	4189
3829.423	4189
3831.051	4217
3832.682	4164
3834.311	4166
3835.938	4171
3837.566	4144
3839.193	4140
3840.821	4167
3842.448	4221
3844.075	4259
3845.7	4167
3847.325	4126
3848.951	4152
3850.576	4149
3852.201	4149
3853.825	4208
3855.448	4047
3857.072	4081
3858.694	4089
3860.318	4087
3861.939	4162
3863.562	4067
3865.183	4110
3866.804	4210
3868.426	4080
3870.045	4187
3871.666	4089
3873.285	4093
3874.904	4189
3876.524	4178
3878.142	4131
3879.76	4087
3881.378	4135
3882.995	4055
3884.612	4020
3886.229	4060
3887.845	4019
3889.461	3982
3891.076	4088
3892.691	4055
3894.307	4145
3895.922	4045
3897.536	3987
3899.149	3959
3900.761	4076
3902.374	4106
3903.988	4040
3905.6	3986
3907.212	4048
3908.822	4000
3910.433	4064
3912.045	4044
3913.655	4094
3915.265	4071
3916.875	4085
3918.483	4060
3920.093	4017
3921.702	4022
3923.309	4067
3924.917	4033
3926.523	4001
3928.13	4016
3929.739	3945
3931.344	3990
3932.95	3981
3934.555	4021
3936.159	4054
3937.766	4094
3939.369	4003
3940.974	4023
3942.577	4013
3944.181	3955
3945.783	4013
3947.386	3921
3948.989	3971
3950.59	4008
3952.191	4015
3953.791	4000
3955.394	3974
3956.994	4003
3958.593	3994
3960.192	4075
3961.791	3957
3963.392	3994
3964.99	4010
3966.588	3982
3968.185	3936
3969.782	3932
3971.379	4048
3972.976	3958
3974.572	4025
3976.168	3939
3977.763	3963
3979.358	3934
3980.954	3924
3982.548	3880
3984.142	3939
3985.736	3956
3987.329	3910
3988.922	3901
3990.516	3856
3992.108	4036
3993.698	3871
3995.29	3816
3996.881	3909
3998.473	3891
4000.064	3886
4001.653	3976
4003.242	3786
4004.832	3845
4006.422	3877
4008.01	3866
4009.598	3830
4011.186	3836
4012.773	3896
4014.36	3871
4015.947	3879
4017.534	3787
4019.119	3829
4020.705	3789
4022.291	3851
4023.876	3836
4025.461	3714
4027.044	3790
4028.627	3755
4030.211	3792
4031.795	3824
4033.378	3743
4034.96	3762
4036.542	3797
4038.124	3779
4039.704	3727
4041.286	3763
4042.867	3787
4044.447	3710
4046.026	3728
4047.606	3828
4049.187	3817
4050.765	3682
4052.343	3662
4053.92	3759
4055.498	3840
4057.076	3745
4058.654	3806
4060.23	3798
4061.806	3747
4063.381	3726
4064.957	3733
4066.533	3713
4068.107	3648
4069.682	3771
4071.256	3733
4072.829	3703
4074.404	3770
4075.977	3733
4077.549	3762
4079.121	3706
4080.693	3743
4082.265	3714
4083.836	3607
4085.407	3668
4086.977	3695
4088.547	3710
4090.117	3629
4091.687	3606
4093.256	3730
4094.825	3662
4096.392	3756
4097.96	3684
4099.528	3738
4101.097	3663
4102.663	3688
4104.229	3612
4105.795	3645
4107.361	3635
4108.928	3636
4110.493	3721
4112.058	3605
4113.621	3657
4115.186	3570
4116.75	3632
4118.313	3631
4119.876	3664
4121.438	3632
4123	3612
4124.562	3597
4126.125	3560
4127.686	3540
4129.246	3597
4130.807	3620
4132.367	3623
4133.927	3585
4135.486	3594
4137.046	3483
4138.604	3553
4140.162	3491
4141.72	3537
4143.279	3619
4144.836	3514
4146.393	3531
4147.949	3554
4149.505	3502
4151.062	3636
4152.617	3528
4154.172	3577
4155.727	3524
4157.281	3506
4158.836	3551
4160.39	3578
4161.943	3502
4163.496	3584
4165.048	3548
4166.601	3497
4168.154	3454
4169.706	3539
4171.257	3459
4172.808	3520
4174.358	3462
4175.909	3479
4177.458	3456
4179.008	3597
4180.558	3395
4182.106	3478
4183.655	3466
4185.204	3488
4186.751	3469
4188.298	3447
4189.845	3493
4191.392	3455
4192.939	3495
4194.485	3482
4196.031	3429
4197.576	3383
4199.121	3420
4200.666	3440
4202.211	3464
4203.754	3400
4205.298	3456
4206.84	3434
4208.384	3350
4209.927	3520
4211.47	3374
4213.011	3430
4214.552	3380
4216.094	3394
4217.635	3341
4219.175	3351
4220.716	3347
4222.255	3403
4223.793	3392
4225.335	3343
4226.873	3379
4228.411	3434
4229.948	3345
4231.486	3381
4233.024	3426
4234.562	3466
4236.098	3425
4237.634	3364
4239.169	3364
4240.705	3386
4242.241	3339
4243.776	3354
4245.31	3437
4246.844	3415
4248.378	3398
4249.911	3410
4251.445	3370
4252.978	3323
4254.51	3367
4256.042	3391
4257.574	3404
4259.107	3361
4260.638	3379
4262.169	3316
4263.699	3339
4265.228	3365
4266.759	3380
4268.289	3296
4269.818	3320
4271.345	3304
4272.874	3341
4274.402	3344
4275.931	3289
4277.458	3341
4278.985	3300
4280.512	3332
4282.037	3332
4283.564	3289
4285.089	3350
4286.615	3286
4288.139	3310
4289.664	3311
4291.187	3290
4292.712	3308
4294.235	3301
4295.759	3340
4297.281	3293
4298.804	3310
4300.327	3292
4301.849	3302
4303.37	3255
4304.891	3234
4306.412	3230
4307.933	3240
4309.453	3289
4310.973	3197
4312.492	3210
