398.1873	3334
400.7097	3344
403.2336	3337
405.7547	3362
408.2751	3374
410.7948	3453
413.3138	3337
415.83	3450
418.3497	3482
420.8666	3405
423.3829	3496
425.8985	3461
428.4133	3423
430.9275	3583
433.441	3594
435.9538	3493
438.4639	3491
440.9753	3581
443.4881	3472
445.9982	3569
448.5055	3557
451.0142	3539
453.5201	3607
456.0274	3612
458.5361	3511
461.04	3643
463.5453	3597
466.0478	3515
468.5517	3538
471.0549	3608
473.5574	3707
476.0572	3557
478.5584	3554
481.0568	3603
483.5545	3582
486.0557	3625
488.5521	3619
491.0478	3614
493.5449	3662
496.0392	3608
498.5349	3653
501.0299	3618
503.5222	3678
506.0139	3636
508.5048	3673
510.9991	3673
513.4887	3774
515.9777	3624
518.4659	3705
520.9534	3692
523.4403	3679
525.9306	3680
528.4161	3766
530.9009	3787
533.3851	3694
535.8687	3705
538.3535	3690
540.8356	3700
543.3171	3747
545.7979	3720
548.278	3666
550.7595	3705
553.2383	3814
555.7144	3707
558.1918	3790
560.6685	3665
563.1446	3690
565.6221	3734
568.0968	3758
570.5688	3809
573.0422	3841
575.515	3819
577.989	3769
580.4584	3830
582.9291	3804
585.3991	3812
587.8685	3850
590.3352	3861
592.8052	3825
595.2706	3897
597.7372	3847
600.2033	3768
602.6666	3722
605.1334	3841
607.5953	3780
610.0587	3830
612.5193	3865
614.9814	3860
617.4427	3833
619.9034	3834
622.3615	3818
624.8208	3822
627.2775	3737
629.7335	3871
632.1929	3773
634.6476	3846
637.1016	3814
639.5569	3849
642.0096	3750
644.4637	3892
646.9151	3911
649.3678	3851
651.8179	3852
654.2672	3876
656.7159	3798
659.166	3827
661.6154	3955
664.0622	3851
666.5082	3908
668.9537	3895
671.4005	3909
673.8445	3899
676.288	3810
678.7308	3931
681.1729	3934
683.6163	3931
686.0572	3934
688.4973	4002
690.9368	3946
693.3757	3985
695.8138	3956
698.2534	3931
700.6902	4007
703.1245	4060
705.56	4020
707.9949	3970
710.4311	3966
712.8647	4060
715.2957	4009
717.7279	4067
720.1595	4003
722.5905	4005
725.0208	4036
727.4505	4030
729.8795	3970
732.3058	4009
734.7336	4149
737.1626	4079
739.587	4052
742.0128	4195
744.4359	4018
746.8604	4156
749.2841	4180
751.7073	4066
754.1278	4247
756.5496	4127
758.9688	4208
761.3893	4217
763.8093	4149
766.2285	4159
768.6451	4177
771.0611	4195
773.4784	4171
775.895	4215
778.3091	4186
780.7244	4196
783.1371	4255
785.5493	4357
787.9626	4219
790.3754	4274
792.7856	4257
795.1951	4160
797.6039	4167
800.0121	4265
802.4236	4221
804.8306	4332
807.2369	4285
809.6425	4287
812.0475	4320
814.4538	4301
816.8575	4144
819.2606	4355
821.663	4278
824.0648	4225
826.4659	4340
828.8683	4285
831.2682	4258
833.6674	4303
836.066	4234
838.4639	4353
840.8632	4327
843.2579	4328
845.6539	4402
848.0493	4339
850.444	4425
852.84	4438
855.2315	4347
857.6243	4318
860.0165	4349
862.4081	4360
864.797	4271
867.1892	4449
869.5789	4351
871.9659	4312
874.3542	4322
876.74	4375
879.129	4270
881.5155	4399
883.8994	4308
886.2845	4353
888.6671	4448
891.051	4265
893.4343	4315
895.8169	4292
898.197	4335
900.5783	4399
902.9571	4380
905.3372	4387
907.7167	4386
910.0936	4443
912.4698	4348
914.8474	4455
917.2244	4457
919.5987	4502
921.9744	4509
924.3475	4529
926.72	4527
929.0918	4550
931.4669	4506
933.8375	4521
936.2074	4579
938.5767	4590
940.9454	4658
943.3154	4641
945.6829	4776
948.0497	4687
950.4178	4943
952.7833	4925
955.1483	5160
957.5145	5316
959.8782	5292
962.2412	5271
964.6036	5203
966.9655	5131
969.3266	4891
971.6871	4825
974.0471	4685
976.4064	4526
978.765	4480
981.125	4547
983.4824	4464
985.8373	4554
988.1935	4503
990.549	4459
992.9039	4474
995.2602	4575
997.6119	4471
999.965	4479
1002.317	4550
1004.667	4499
1007.02	4567
1009.371	4485
1011.719	4487
1014.068	4569
1016.415	4517
1018.765	4508
1021.111	4539
1023.458	4506
1025.804	4522
1028.147	4508
1030.49	4488
1032.837	4532
1035.179	4551
1037.522	4540
1039.862	4557
1042.204	4517
1044.546	4605
1046.884	4689
1049.224	4620
1051.562	4604
1053.899	4632
1056.237	4624
1058.575	4558
1060.91	4695
1063.244	4721
1065.58	4671
1067.913	4680
1070.248	4609
1072.579	4716
1074.911	4686
1077.242	4642
1079.572	4641
1081.905	4659
1084.234	4624
1086.562	4599
1088.89	4578
1091.217	4597
1093.544	4591
1095.871	4692
1098.197	4603
1100.521	4660
1102.845	4647
1105.169	4621
1107.491	4581
1109.814	4582
1112.135	4615
1114.456	4553
1116.776	4666
1119.096	4583
1121.415	4609
1123.734	4643
1126.052	4691
1128.369	4697
1130.686	4638
1133.002	4587
1135.318	4621
1137.632	4695
1139.945	4704
1142.258	4592
1144.573	4615
1146.884	4681
1149.196	4705
1151.505	4597
1153.816	4592
1156.124	4679
1158.435	4699
1160.742	4640
1163.051	4585
1165.356	4593
1167.663	4721
1169.97	4602
1172.276	4560
1174.579	4623
1176.881	4667
1179.186	4690
1181.487	4533
1183.79	4789
1186.092	4687
1188.392	4683
1190.691	4577
1192.991	4632
1195.291	4704
1197.588	4612
1199.885	4683
1202.181	4625
1204.479	4709
1206.775	4663
1209.07	4651
1211.363	4690
1213.656	4647
1215.949	4645
1218.241	4725
1220.534	4628
1222.825	4811
1225.115	4706
1227.405	4660
1229.693	4775
1231.984	4729
1234.271	4673
1236.558	4685
1238.845	4725
1241.131	4784
1243.416	4827
1245.703	4794
1247.987	4729
1250.269	4836
1252.552	4785
1254.834	4878
1257.118	4741
1259.399	4815
1261.678	4901
1263.958	4819
1266.237	4742
1268.516	4845
1270.794	4755
1273.072	4866
1275.347	4799
1277.624	4802
1279.899	4844
1282.175	4783
1284.449	4800
1286.722	4759
1288.995	4736
1291.266	4761
1293.54	4811
1295.81	4746
1298.081	4792
1300.35	4671
1302.62	4786
1304.889	4771
1307.156	4772
1309.425	4719
1311.69	4782
1313.957	4786
1316.222	4734
1318.488	4853
1320.751	4804
1323.016	4813
1325.278	4726
1327.54	4833
1329.803	4779
1332.065	4749
1334.325	4806
1336.584	4796
1338.843	4836
1341.101	4871
1343.36	4795
1345.617	4729
1347.876	4681
1350.131	4801
1352.387	4771
1354.643	4731
1356.897	4772
1359.151	4835
1361.403	4771
1363.656	4793
1365.909	4805
1368.16	4800
1370.409	4646
1372.659	4819
1374.909	4780
1377.157	4840
1379.407	4829
1381.655	4905
1383.9	4795
1386.147	4774
1388.393	4812
1390.64	4897
1392.885	4840
1395.127	4845
1397.37	4948
1399.614	4832
1401.854	4916
1404.098	4917
1406.339	4970
1408.578	4839
1410.818	4908
1413.056	4884
1415.297	4829
1417.533	4894
1419.771	4891
1422.006	4979
1424.243	4943
1426.479	4843
1428.715	4937
1430.948	4971
1433.182	4987
1435.414	4912
1437.647	5107
1439.88	5051
1442.11	4890
1444.342	4999
1446.571	5021
1448.799	5019
1451.029	5051
1453.258	4986
1455.485	5064
1457.711	5048
1459.937	4955
1462.164	4994
1464.39	4917
1466.614	5048
1468.838	5003
1471.06	5074
1473.283	4928
1475.506	4952
1477.727	4936
1479.949	4856
1482.169	4968
1484.389	4809
1486.609	4932
1488.828	4872
1491.045	4867
1493.261	4706
1495.477	4865
1497.693	4835
1499.91	4893
1502.125	4822
1504.339	4828
1506.553	4911
1508.766	4895
1510.979	4853
1513.191	4892
1515.402	4832
1517.613	4822
1519.823	4747
1522.033	4821
1524.242	4829
1526.451	4705
1528.657	4914
1530.865	4815
1533.072	4827
1535.278	4717
1537.484	4887
1539.687	4809
1541.892	4935
1544.096	4868
1546.299	4906
1548.502	4902
1550.703	4912
1552.905	4929
1555.104	4916
1557.303	4976
1559.505	5012
1561.703	4982
1563.902	4961
1566.099	4955
1568.295	5076
1570.494	4983
1572.689	5000
1574.883	5001
1577.079	4843
1579.272	4961
1581.467	5032
1583.659	4982
1585.853	5005
1588.044	5030
1590.234	5056
1592.424	5022
1594.615	4967
1596.806	5045
1598.994	5041
1601.182	5083
1603.369	5134
1605.557	4997
1607.744	4966
1609.929	5064
1612.114	5009
1614.298	4973
1616.482	5076
1618.667	5000
1620.85	5122
1623.032	5042
1625.214	5032
1627.395	5070
1629.575	5088
1631.755	5136
1633.935	5083
1636.114	5127
1638.292	5101
1640.471	5053
1642.647	5059
1644.823	5041
1647	5030
1649.175	5080
1651.348	5033
1653.525	5145
1655.698	5058
1657.87	5140
1660.043	5109
1662.213	5104
1664.387	5153
1666.558	5179
1668.727	5157
1670.896	5157
1673.064	5162
1675.233	5129
1677.401	5148
1679.569	5114
1681.735	5081
1683.902	5128
1686.066	5029
1688.233	5036
1690.397	5100
1692.559	5174
1694.723	5084
1696.885	5172
1699.048	5057
1701.21	5025
1703.37	4998
1705.53	5028
1707.689	5082
1709.849	5127
1712.009	5146
1714.166	5083
1716.323	4970
1718.479	5060
1720.634	5089
1722.793	5059
1724.948	5065
1727.102	5126
1729.255	5041
1731.408	5115
1733.562	5032
1735.714	4964
1737.865	5006
1740.016	5107
1742.166	5145
1744.316	5066
1746.467	5136
1748.616	5057
1750.764	5072
1752.911	5071
1755.056	5136
1757.205	5128
1759.35	5063
1761.496	5011
1763.641	5166
1765.785	5044
1767.927	5066
1770.072	5060
1772.214	5108
1774.355	5196
1776.496	5070
1778.637	5170
1780.778	5143
1782.918	5081
1785.057	5144
1787.194	5085
1789.333	5100
1791.472	5159
1793.608	5043
1795.745	5082
1797.879	5219
1800.015	5142
1802.148	5263
1804.284	5186
1806.417	5076
1808.548	5143
1810.682	5139
1812.812	5105
1814.946	5039
1817.075	5145
1819.205	5176
1821.335	5194
1823.463	5086
1825.59	5159
1827.721	5090
1829.847	5103
1831.973	5138
1834.098	5135
1836.223	5109
1838.351	5148
1840.475	5011
1842.598	5161
1844.721	5206
1846.843	5113
1848.966	5098
1851.087	5170
1853.21	5018
1855.33	5136
1857.449	5064
1859.568	5046
1861.688	5005
1863.806	5040
1865.924	5031
1868.039	5099
1870.155	5094
1872.273	5120
1874.388	4937
1876.503	5057
1878.617	5114
1880.73	5188
1882.844	5192
1884.956	5067
1887.068	5137
1889.18	5211
1891.291	5170
1893.4	5144
1895.511	5135
1897.621	5219
1899.73	5197
1901.837	5073
1903.944	5292
1906.053	5126
1908.159	5129
1910.265	5088
1912.369	5094
1914.474	5155
1916.577	5211
1918.683	5152
1920.785	5276
1922.888	5210
1924.989	5210
1927.091	5167
1929.193	5347
1931.294	5195
1933.393	5229
1935.493	5170
1937.59	5193
1939.689	5204
1941.788	5188
1943.884	5157
1945.98	5231
1948.077	5199
1950.171	5190
1952.267	5224
1954.361	5210
1956.455	5226
1958.548	5267
1960.64	5197
1962.733	5167
1964.824	5263
1966.915	5219
1969.005	5173
1971.096	5274
1973.185	5221
1975.275	5212
1977.363	5139
1979.45	5155
1981.537	5156
1983.623	5276
1985.711	5194
1987.796	5101
1989.881	5130
1991.965	5178
1994.047	5293
1996.132	5212
1998.215	5181
2000.297	5302
2002.378	5177
2004.46	5175
2006.54	5203
2008.62	5171
2010.7	5277
2012.779	5144
2014.858	5221
2016.934	5078
2019.013	5053
2021.09	5140
2023.165	5235
2025.241	5241
2027.317	5208
2029.39	5302
2031.466	5222
2033.538	5225
2035.612	5094
2037.683	5220
2039.755	5225
2041.827	5056
2043.898	5200
2045.968	5101
2048.038	5223
2050.106	5157
2052.177	5170
2054.244	5157
2056.313	5299
2058.379	5160
2060.444	5214
2062.511	5171
2064.577	5088
2066.641	5197
2068.705	5237
2070.77	5261
2072.832	5169
2074.896	5093
2076.958	5262
2079.02	5205
2081.081	5251
2083.141	5175
2085.2	5248
2087.261	5181
2089.319	5220
2091.377	5143
2093.435	5169
2095.492	5227
2097.552	5273
2099.607	5237
2101.663	5163
2103.718	5330
2105.771	5221
2107.826	5310
2109.879	5216
2111.932	5233
2113.985	5237
2116.037	5233
2118.088	5254
2120.141	5144
2122.191	5237
2124.239	5173
2126.288	5262
2128.337	5101
2130.387	5225
2132.434	5179
2134.481	5177
2136.528	5142
2138.574	5221
2140.618	5127
2142.665	5212
2144.71	5268
2146.753	5147
2148.797	5130
2150.838	5123
2152.883	5063
2154.923	5265
2156.965	5241
2159.007	5185
2161.046	5134
2163.086	5300
2165.126	5205
2167.163	5157
2169.202	5208
2171.239	5216
2173.277	5139
2175.314	5136
2177.349	5182
2179.385	5110
2181.42	5093
2183.453	5099
2185.49	5194
2187.522	5063
2189.555	5167
2191.586	5148
2193.619	5107
2195.651	5135
2197.682	5075
2199.711	5076
2201.74	5178
2203.769	5057
2205.799	5112
2207.828	5141
2209.855	5078
2211.882	5100
2213.908	5137
2215.934	5126
2217.961	5161
2219.986	5128
2222.01	5122
2224.034	5103
2226.057	5073
2228.08	5052
2230.104	5183
2232.124	5106
2234.145	5145
2236.166	5072
2238.186	5144
2240.207	5041
2242.227	5119
2244.244	5141
2246.262	5090
2248.28	5156
2250.299	5017
2252.314	5032
2254.33	5117
2256.346	5180
2258.36	5045
2260.375	5151
2262.391	5171
2264.403	5093
2266.416	5211
2268.427	5106
2270.44	5114
2272.453	5099
2274.463	5088
2276.474	5115
2278.483	5144
2280.493	5289
2282.501	5091
2284.51	5016
2286.518	5097
2288.524	5102
2290.532	5215
2292.537	5166
2294.544	4986
2296.55	5197
2298.554	5076
2300.557	5114
2302.562	5179
2304.566	5261
2306.568	5068
2308.569	5056
2310.572	5172
2312.573	5084
2314.573	5131
2316.574	5133
2318.573	5129
2320.571	5064
2322.571	5107
2324.569	5112
2326.567	5079
2328.564	5061
2330.56	5063
2332.556	5070
2334.551	5088
2336.546	5018
2338.542	5071
2340.535	5024
2342.529	5090
2344.521	5043
2346.512	5037
2348.505	5074
2350.497	5100
2352.487	5059
2354.478	4951
2356.468	5083
2358.457	5022
2360.446	5003
2362.434	5035
2364.422	4975
2366.408	4977
2368.395	5025
2370.383	5074
2372.369	4962
2374.353	5090
2376.338	5059
2378.321	4991
2380.307	5042
2382.29	5011
2384.272	4992
2386.254	4990
2388.235	5061
2390.218	5138
2392.198	4940
2394.179	4896
2396.157	4963
2398.137	5053
2400.115	4966
2402.095	4836
2404.072	4999
2406.048	5111
2408.026	4987
2410.001	5042
2411.977	4879
2413.953	4991
2415.927	4995
2417.9	5103
2419.875	5030
2421.847	4963
2423.821	5022
2425.792	5001
2427.763	4961
2429.736	5018
2431.706	4919
2433.677	4914
2435.646	4967
2437.615	5030
2439.583	4910
2441.551	5010
2443.519	5139
2445.486	4924
2447.452	5063
2449.418	4959
2451.383	4963
2453.348	4998
2455.314	4964
2457.278	4982
2459.241	4989
2461.205	4936
2463.167	4964
2465.131	4905
2467.091	5045
2469.052	4967
2471.012	4927
2472.972	4977
2474.932	4996
2476.891	4897
2478.85	4911
2480.808	4959
2482.766	4939
2484.722	4965
2486.68	4969
2488.636	4984
2490.591	4808
2492.546	5041
2494.5	4951
2496.456	4928
2498.41	4983
2500.362	4906
2502.315	4889
2504.266	4926
2506.218	4923
2508.169	4830
2510.121	4899
2512.07	4769
2514.019	4903
2515.968	4990
2517.918	4926
2519.866	4916
2521.813	4912
2523.76	4924
2525.707	4978
2527.653	4867
2529.599	5052
2531.543	4943
2533.489	4886
2535.433	4906
2537.376	4864
2539.32	5002
2541.264	4814
2543.205	4816
2545.147	4860
2547.087	4859
2549.029	4893
2550.969	4850
2552.908	4977
2554.847	4879
2556.786	4836
2558.724	4929
2560.663	4902
2562.6	4827
2564.537	4886
2566.473	4943
2568.408	4903
2570.345	4879
2572.28	5057
2574.214	4972
2576.148	4968
2578.081	4862
2580.014	4906
2581.947	4949
2583.879	4897
2585.81	4988
2587.741	4940
2589.67	5076
2591.602	4893
2593.532	4892
2595.461	4944
2597.388	5004
2599.316	4954
2601.244	4805
2603.172	4912
2605.098	4903
2607.023	4977
2608.949	4870
2610.873	4920
2612.8	4967
2614.723	4976
2616.647	4936
2618.569	4865
2620.493	4955
2622.416	4916
2624.338	5027
2626.258	4904
2628.179	4897
2630.099	4991
2632.019	4923
2633.939	4901
2635.857	4921
2637.775	5059
2639.694	4904
2641.61	4956
2643.528	4976
2645.444	4995
2647.361	4955
2649.276	4994
2651.19	4931
2653.105	4932
2655.019	4833
2656.934	5014
2658.846	4975
2660.758	4919
2662.67	4980
2664.583	4969
2666.493	4895
2668.404	4900
2670.313	4852
2672.223	4926
2674.134	4811
2676.042	4917
2677.95	4868
2679.858	4874
2681.765	4993
2683.673	4959
2685.579	4858
2687.483	4890
2689.389	4912
2691.294	4801
2693.198	4885
2695.104	4922
2697.006	4953
2698.909	4851
2700.811	4929
2702.713	4837
2704.615	4890
2706.516	4807
2708.417	4870
2710.316	4850
2712.216	4892
2714.115	4778
2716.014	4872
2717.913	4863
2719.81	4857
2721.707	4837
2723.603	4898
2725.501	4917
2727.396	4771
2729.292	4873
2731.186	4811
2733.081	4819
2734.976	4769
2736.87	4849
2738.762	4748
2740.653	4887
2742.546	4867
2744.437	4779
2746.329	4936
2748.22	4873
2750.11	4899
2751.999	4798
2753.889	4822
2755.778	4939
2757.666	4748
2759.553	4808
2761.44	4756
2763.328	4958
2765.215	4791
2767.101	4670
2768.986	4820
2770.87	4726
2772.754	4869
2774.638	4766
2776.523	4859
2778.405	4846
2780.288	4819
2782.17	4808
2784.051	4836
2785.934	4903
2787.814	4800
2789.694	4840
2791.574	4815
2793.453	4848
2795.332	4836
2797.212	4783
2799.088	4833
2800.966	4826
2802.843	4720
2804.719	4823
2806.597	4869
2808.471	4752
2810.346	4783
2812.221	4804
2814.094	4888
2815.969	4800
2817.843	4685
2819.714	4796
2821.587	4628
2823.459	4733
2825.329	4865
2827.202	4818
2829.072	4803
2830.942	4747
2832.811	4758
2834.68	4731
2836.549	4733
2838.418	4778
2840.284	4777
2842.152	4801
2844.018	4835
2845.885	4815
2847.751	4841
2849.616	4738
2851.482	4717
2853.345	4771
2855.208	4785
2857.074	4820
2858.937	4862
2860.799	4895
2862.66	4920
2864.522	4823
2866.385	4963
2868.245	4892
2870.104	4984
2871.964	4962
2873.824	5095
2875.683	5108
2877.542	5176
2879.4	4965
2881.257	4998
2883.114	5072
2884.97	5136
2886.827	5100
2888.683	5061
2890.537	5127
2892.392	5102
2894.246	5096
2896.1	5072
2897.954	5061
2899.807	5036
2901.66	5242
2903.51	5076
2905.362	5102
2907.214	5075
2909.065	5107
2910.915	5048
2912.765	5109
2914.613	5038
2916.463	5161
2918.311	5189
2920.158	5223
2922.006	5192
2923.853	5355
2925.698	5300
2927.546	5281
2929.392	5449
2931.236	5411
2933.081	5334
2934.924	5345
2936.77	5508
2938.613	5378
2940.455	5456
2942.298	5491
2944.139	5480
2945.982	5553
2947.823	5466
2949.662	5553
2951.503	5469
2953.342	5358
2955.182	5488
2957.021	5385
2958.858	5474
2960.697	5254
2962.534	5259
2964.37	5312
2966.207	5280
2968.044	5135
2969.879	5238
2971.714	5108
2973.548	5060
2975.383	5264
2977.218	5091
2979.051	5133
2980.883	5045
2982.715	5033
2984.547	4929
2986.379	4970
2988.21	4977
2990.04	4922
2991.87	4894
2993.7	4903
2995.53	4898
2997.359	4874
2999.187	4876
3001.015	4894
3002.842	4759
3004.669	4783
3006.497	4822
3008.323	4770
3010.148	4792
3011.974	4758
3013.797	4726
3015.623	4688
3017.447	4624
3019.27	4703
3021.094	4733
3022.915	4640
3024.737	4574
3026.56	4633
3028.38	4633
3030.201	4577
3032.022	4678
3033.84	4578
3035.662	4626
3037.481	4573
3039.298	4613
3041.117	4647
3042.933	4601
3044.752	4578
3046.568	4597
3048.385	4641
3050.2	4587
3052.016	4560
3053.83	4628
3055.646	4452
3057.46	4596
3059.272	4557
3061.086	4529
3062.898	4662
3064.711	4596
3066.524	4553
3068.335	4549
3070.145	4565
3071.956	4475
3073.766	4504
3075.576	4561
3077.385	4517
3079.193	4555
3081.002	4492
3082.81	4467
3084.618	4604
3086.425	4570
3088.231	4495
3090.036	4532
3091.842	4428
3093.648	4460
3095.452	4474
3097.257	4404
3099.06	4538
3100.863	4324
3102.666	4437
3104.47	4527
3106.272	4434
3108.073	4435
3109.875	4391
3111.676	4509
3113.477	4423
3115.277	4406
3117.077	4483
3118.874	4380
3120.673	4480
3122.473	4420
3124.271	4308
3126.066	4406
3127.863	4384
3129.66	4381
3131.456	4407
3133.252	4384
3135.047	4323
3136.842	4490
3138.635	4374
3140.429	4389
3142.223	4374
3144.016	4354
3145.808	4372
3147.6	4342
3149.392	4486
3151.183	4425
3152.975	4383
3154.765	4380
3156.553	4484
3158.344	4474
3160.132	4347
3161.922	4376
3163.71	4286
3165.497	4353
3167.285	4342
3169.071	4382
3170.858	4327
3172.645	4409
3174.429	4336
3176.214	4250
3177.998	4370
3179.783	4323
3181.568	4336
3183.351	4274
3185.133	4340
3186.915	4322
3188.698	4372
3190.481	4340
3192.261	4284
3194.042	4283
3195.822	4290
3197.601	4306
3199.381	4273
3201.161	4294
3202.939	4331
3204.717	4314
3206.495	4339
3208.272	4321
3210.05	4346
3211.826	4290
3213.602	4344
3215.376	4254
3217.151	4314
3218.927	4284
3220.702	4251
3222.476	4291
3224.249	4282
3226.021	4168
3227.793	4288
3229.567	4276
3231.339	4250
3233.109	4278
3234.88	4204
3236.651	4303
3238.421	4229
3240.191	4282
3241.96	4338
3243.728	4230
3245.497	4242
3247.263	4255
3249.033	4384
3250.799	4290
3252.566	4273
3254.331	4237
3256.097	4314
3257.863	4267
3259.628	4263
3261.392	4303
3263.156	4276
3264.919	4237
3266.683	4241
3268.447	4257
3270.208	4195
3271.969	4285
3273.731	4195
3275.492	4249
3277.253	4207
3279.013	4232
3280.773	4232
3282.532	4336
3284.291	4252
3286.05	4250
3287.808	4311
3289.566	4278
3291.323	4313
3293.079	4291
3294.835	4193
3296.593	4381
3298.348	4189
3300.102	4304
3301.857	4304
3303.611	4287
3305.366	4241
3307.119	4258
3308.872	4227
3310.624	4285
3312.376	4343
3314.129	4200
3315.881	4258
3317.631	4168
3319.38	4272
3321.13	4192
3322.88	4152
3324.631	4162
3326.379	4226
3328.126	4246
3329.875	4321
3331.622	4195
3333.371	4268
3335.116	4160
3336.863	4267
3338.609	4198
3340.353	4213
3342.1	4190
3343.845	4209
3345.588	4223
3347.332	4205
3349.074	4177
3350.817	4139
3352.56	4146
3354.303	4192
3356.043	4162
3357.785	4143
3359.525	4208
3361.268	4170
3363.007	4193
3364.745	4115
3366.485	4229
3368.223	4102
3369.962	4202
3371.701	4200
3373.438	4160
3375.174	4047
3376.911	4112
3378.647	4186
3380.384	4207
3382.118	4193
3383.854	4150
3385.588	4137
3387.322	4102
3389.057	4110
3390.79	4069
3392.522	4117
3394.255	4100
3395.987	4063
3397.719	4042
3399.451	4106
3401.181	4123
3402.911	4140
3404.641	4170
3406.371	4128
3408.101	4099
3409.83	4101
3411.558	4022
3413.285	4083
3415.011	4050
3416.739	3997
3418.467	4094
3420.193	4045
3421.919	4077
3423.644	4096
3425.368	4072
3427.094	4022
3428.818	4106
3430.542	4119
3432.264	4021
3433.987	4059
3435.712	4010
3437.434	4095
3439.155	4013
3440.876	4020
3442.596	3967
3444.317	4035
3446.039	4053
3447.757	4089
3449.477	4043
3451.195	4003
3452.914	3918
3454.632	3973
3456.35	4004
3458.067	4019
3459.784	3970
3461.5	4052
3463.216	3973
3464.932	3978
3466.647	3859
3468.362	3909
3470.076	3966
3471.789	3871
3473.505	3957
3475.217	3944
3476.929	3946
3478.641	3973
3480.354	3931
3482.066	3925
3483.777	3959
3485.487	4045
3487.197	3911
3488.908	3969
3490.617	3877
3492.327	3903
3494.035	3973
3495.743	3900
3497.451	3918
3499.158	3910
3500.866	3910
3502.572	3856
3504.278	3828
3505.984	3843
3507.689	3868
3509.396	3834
3511.1	3748
3512.804	3878
3514.508	3800
3516.211	3877
3517.913	3920
3519.616	3847
3521.319	3913
3523.021	3845
3524.722	3830
3526.422	3826
3528.124	3771
3529.824	3787
3531.524	3770
3533.222	3885
3534.921	3820
3536.62	3792
3538.318	3805
3540.016	3842
3541.714	3861
3543.41	3869
3545.107	3784
3546.803	3790
3548.5	3823
3550.194	3835
3551.889	3753
3553.583	3681
3555.279	3809
3556.972	3884
3558.666	3764
3560.358	3738
3562.051	3836
3563.742	3727
3565.435	3824
3567.126	3752
3568.817	3814
3570.507	3805
3572.197	3638
3573.888	3785
3575.577	3856
3577.265	3805
3578.954	3736
3580.642	3759
3582.329	3636
3584.017	3699
3585.704	3735
3587.391	3773
3589.077	3750
3590.762	3710
3592.449	3706
3594.133	3806
3595.817	3683
3597.501	3754
3599.185	3713
3600.869	3668
3602.552	3769
3604.234	3659
3605.916	3738
3607.598	3666
3609.279	3620
3610.961	3680
3612.642	3661
3614.321	3711
3616	3595
3617.68	3551
3619.36	3643
3621.039	3569
3622.716	3702
3624.394	3670
3626.071	3606
3627.748	3489
3629.425	3656
3631.102	3627
3632.778	3526
3634.452	3530
3636.127	3590
3637.803	3591
3639.477	3632
3641.151	3562
3642.823	3570
3644.497	3585
3646.171	3537
3647.842	3636
3649.515	3585
3651.185	3606
3652.857	3566
3654.527	3644
3656.198	3594
3657.868	3563
3659.537	3530
3661.207	3591
3662.875	3465
3664.544	3678
3666.212	3589
3667.879	3565
3669.546	3561
3671.212	3569
3672.88	3476
3674.546	3503
3676.211	3538
3677.875	3570
3679.541	3537
3681.205	3511
3682.87	3528
3684.533	3507
3686.196	3497
3687.859	3482
3689.521	3457
3691.184	3499
3692.845	3493
3694.507	3486
3696.167	3531
3697.827	3488
3699.487	3471
3701.148	3511
3702.808	3488
3704.466	3494
3706.125	3562
3707.783	3440
3709.442	3490
3711.099	3438
3712.757	3410
3714.412	3490
3716.068	3455
3717.725	3479
3719.381	3428
3721.036	3506
3722.689	3460
3724.344	3450
3725.998	3463
3727.652	3539
3729.305	3442
3730.958	3460
3732.61	3474
3734.262	3422
3735.915	3448
3737.565	3418
3739.217	3393
3740.866	3488
3742.516	3420
3744.165	3406
3745.816	3422
3747.464	3456
3749.113	3420
3750.761	3410
3752.409	3443
3754.057	3305
3755.703	3481
3757.35	3439
3758.996	3393
3760.641	3455
3762.289	3384
3763.933	3430
3765.577	3444
3767.222	3339
3768.865	3373
3770.508	3423
3772.152	3360
3773.796	3399
3775.438	3419
3777.079	3360
3778.721	3353
3780.363	3330
3782.003	3449
3783.643	3285
3785.283	3522
3786.923	3339
3788.563	3379
3790.203	3272
3791.841	3309
3793.479	3300
3795.115	3393
3796.753	3321
3798.391	3408
3800.027	3288
3801.664	3385
3803.299	3300
3804.935	3331
3806.571	3290
3808.206	3310
3809.839	3343
3811.473	3303
3813.107	3289
3814.74	3283
3816.375	3333
3818.006	3273
3819.638	3423
3821.27	3241
3822.9	3237
3824.532	3293
3826.163	3316
3827.792	3307
3829.423	3334
3831.051	3265
3832.682	3206
3834.311	3231
3835.938	3310
3837.566	3226
3839.193	3338
3840.821	3243
3842.448	3254
3844.075	3258
3845.7	3324
3847.325	3262
3848.951	3195
3850.576	3250
3852.201	3229
3853.825	3280
3855.448	3262
3857.072	3291
3858.694	3246
3860.318	3199
3861.939	3253
3863.562	3221
3865.183	3204
3866.804	3259
3868.426	3289
3870.045	3221
3871.666	3163
3873.285	3238
3874.904	3137
3876.524	3182
3878.142	3202
3879.76	3292
3881.378	3254
3882.995	3155
3884.612	3235
3886.229	3226
3887.845	3159
3889.461	3236
3891.076	3155
3892.691	3199
3894.307	3192
3895.922	3166
3897.536	3176
3899.149	3207
3900.761	3189
3902.374	3232
3903.988	3192
3905.6	3171
3907.212	3250
3908.822	3104
3910.433	3160
3912.045	3214
3913.655	3249
3915.265	3173
3916.875	3195
3918.483	3190
3920.093	3136
3921.702	3153
3923.309	3212
3924.917	3120
3926.523	3131
3928.13	3183
3929.739	3132
3931.344	3120
3932.95	3151
3934.555	3068
3936.159	3154
3937.766	3189
3939.369	3142
3940.974	3129
3942.577	3086
3944.181	3160
3945.783	3147
3947.386	3091
3948.989	3088
3950.59	3115
3952.191	3045
3953.791	3045
3955.394	3110
3956.994	3011
3958.593	3130
3960.192	3103
3961.791	3097
3963.392	3111
3964.99	3085
3966.588	3052
3968.185	3137
3969.782	3079
3971.379	3106
3972.976	3066
3974.572	3082
3976.168	3063
3977.763	3044
3979.358	3069
3980.954	3037
3982.548	3079
3984.142	3000
3985.736	3054
3987.329	3102
3988.922	3029
3990.516	3045
3992.108	3032
3993.698	3062
3995.29	3062
3996.881	3001
3998.473	2984
4000.064	2997
4001.653	3012
4003.242	3016
4004.832	2955
4006.422	2966
4008.01	2991
4009.598	3051
4011.186	2921
4012.773	2987
4014.36	2986
4015.947	2944
4017.534	3013
4019.119	2956
4020.705	2960
4022.291	2970
4023.876	2938
4025.461	2946
4027.044	3032
4028.627	2924
4030.211	2916
4031.795	2976
4033.378	2979
4034.96	2920
4036.542	2979
4038.124	3005
4039.704	2906
4041.286	2882
4042.867	2905
4044.447	2964
4046.026	2884
4047.606	2965
4049.187	2908
4050.765	2860
4052.343	2870
4053.92	2906
4055.498	2904
4057.076	2980
4058.654	2926
4060.23	2894
4061.806	2881
4063.381	2839
4064.957	2907
4066.533	2956
4068.107	2912
4069.682	2898
4071.256	2843
4072.829	2892
4074.404	2896
4075.977	2909
4077.549	2928
4079.121	2808
4080.693	2897
4082.265	2903
4083.836	2896
4085.407	2946
4086.977	2834
4088.547	2828
4090.117	2880
4091.687	2845
4093.256	2824
4094.825	2871
4096.392	2870
4097.96	2751
4099.528	2841
4101.097	2842
4102.663	2827
4104.229	2888
4105.795	2799
4107.361	2837
4108.928	2835
4110.493	2846
4112.058	2814
4113.621	2792
4115.186	2704
4116.75	2881
4118.313	2906
4119.876	2796
4121.438	2818
4123	2852
4124.562	2896
4126.125	2763
4127.686	2850
4129.246	2761
4130.807	2794
4132.367	2815
4133.927	2819
4135.486	2757
4137.046	2786
4138.604	2763
4140.162	2865
4141.72	2784
4143.279	2802
4144.836	2737
4146.393	2721
4147.949	2772
4149.505	2789
4151.062	2889
4152.617	2750
4154.172	2736
4155.727	2718
4157.281	2710
4158.836	2659
4160.39	2729
4161.943	2679
4163.496	2743
4165.048	2704
4166.601	2723
4168.154	2681
4169.706	2666
4171.257	2698
4172.808	2659
4174.358	2767
4175.909	2646
4177.458	2652
4179.008	2741
4180.558	2643
4182.106	2662
4183.655	2696
4185.204	2707
4186.751	2715
4188.298	2664
4189.845	2627
4191.392	2732
4192.939	2630
4194.485	2582
4196.031	2718
4197.576	2683
4199.121	2718
4200.666	2660
4202.211	2647
4203.754	2673
4205.298	2613
4206.84	2697
4208.384	2632
4209.927	2644
4211.47	2633
4213.011	2637
4214.552	2665
4216.094	2581
4217.635	2592
4219.175	2685
4220.716	2614
4222.255	2644
4223.793	2603
4225.335	2613
4226.873	2606
4228.411	2609
4229.948	2659
4231.486	2557
4233.024	2639
4234.562	2628
4236.098	2584
4237.634	2616
4239.169	2587
4240.705	2658
4242.241	2578
4243.776	2635
4245.31	2603
4246.844	2562
4248.378	2568
4249.911	2650
4251.445	2591
4252.978	2580
4254.51	2525
4256.042	2565
4257.574	2582
4259.107	2559
4260.638	2574
4262.169	2583
4263.699	2653
4265.228	2567
4266.759	2518
4268.289	2583
4269.818	2549
4271.345	2633
4272.874	2659
4274.402	2564
4275.931	2544
4277.458	2528
4278.985	2567
4280.512	2528
4282.037	2544
4283.564	2598
4285.089	2591
4286.615	2552
4288.139	2546
4289.664	2548
4291.187	2520
4292.712	2542
4294.235	2567
4295.759	2534
4297.281	2515
4298.804	2537
4300.327	2551
4301.849	2498
4303.37	2529
4304.891	2514
4306.412	2537
4307.933	2536
4309.453	2479
4310.973	2532
4312.492	2500
