398.1873	3725
400.7097	3711
403.2336	3695
405.7547	3771
408.2751	3808
410.7948	3796
413.3138	3733
415.83	3789
418.3497	3860
420.8666	3881
423.3829	3839
425.8985	3856
428.4133	3911
430.9275	3938
433.441	3997
435.9538	3930
438.4639	3946
440.9753	3975
443.4881	3956
445.9982	3989
448.5055	4046
451.0142	3963
453.5201	4033
456.0274	4011
458.5361	3934
461.04	4005
463.5453	4019
466.0478	3970
468.5517	4005
471.0549	3964
473.5574	4002
476.0572	4005
478.5584	4058
481.0568	4056
483.5545	3995
486.0557	4106
488.5521	4031
491.0478	4078
493.5449	4087
496.0392	4086
498.5349	4127
501.0299	4114
503.5222	4086
506.0139	4109
508.5048	4166
510.9991	4114
513.4887	4278
515.9777	4105
518.4659	4215
520.9534	4239
523.4403	4164
525.9306	4084
528.4161	4149
530.9009	4091
533.3851	4107
535.8687	4102
538.3535	4007
540.8356	4177
543.3171	4222
545.7979	4218
548.278	4232
550.7595	4110
553.2383	4185
555.7144	4173
558.1918	4313
560.6685	4205
563.1446	4217
565.6221	4150
568.0968	4169
570.5688	4279
573.0422	4209
575.515	4293
577.989	4210
580.4584	4282
582.9291	4279
585.3991	4210
587.8685	4229
590.3352	4270
592.8052	4365
595.2706	4355
597.7372	4330
600.2033	4286
602.6666	4293
605.1334	4310
607.5953	4332
610.0587	4229
612.5193	4277
614.9814	4271
617.4427	4266
619.9034	4270
622.3615	4270
624.8208	4289
627.2775	4226
629.7335	4215
632.1929	4263
634.6476	4305
637.1016	4301
639.5569	4294
642.0096	4306
644.4637	4268
646.9151	4314
649.3678	4412
651.8179	4230
654.2672	4433
656.7159	4400
659.166	4318
661.6154	4443
664.0622	4349
666.5082	4362
668.9537	4465
671.4005	4404
673.8445	4449
676.288	4417
678.7308	4446
681.1729	4339
683.6163	4443
686.0572	4471
688.4973	4415
690.9368	4421
693.3757	4527
695.8138	4432
698.2534	4390
700.6902	4394
703.1245	4437
705.56	4516
707.9949	4459
710.4311	4459
712.8647	4534
715.2957	4535
717.7279	4535
720.1595	4558
722.5905	4503
725.0208	4542
727.4505	4588
729.8795	4594
732.3058	4585
734.7336	4491
737.1626	4586
739.587	4693
742.0128	4594
744.4359	4642
746.8604	4586
749.2841	4618
751.7073	4703
754.1278	4675
756.5496	4656
758.9688	4658
761.3893	4651
763.8093	4716
766.2285	4655
768.6451	4780
771.0611	4803
773.4784	4784
775.895	4677
778.3091	4777
780.7244	4761
783.1371	4694
785.5493	4833
787.9626	4749
790.3754	4733
792.7856	4690
795.1951	4775
797.6039	4730
800.0121	4716
802.4236	4766
804.8306	4683
807.2369	4750
809.6425	4791
812.0475	4713
814.4538	4813
816.8575	4853
819.2606	4841
821.663	4730
824.0648	4852
826.4659	4833
828.8683	4797
831.2682	4776
833.6674	4794
836.066	4820
838.4639	4840
840.8632	4886
843.2579	4781
845.6539	4803
848.0493	4920
850.444	4828
852.84	4819
855.2315	4939
857.6243	4801
860.0165	4806
862.4081	4866
864.797	4868
867.1892	4920
869.5789	4876
871.9659	4713
874.3542	4891
876.74	4795
879.129	4956
881.5155	4900
883.8994	4941
886.2845	4856
888.6671	4949
891.051	4899
893.4343	4865
895.8169	4795
898.197	4773
900.5783	4901
902.9571	4990
905.3372	4910
907.7167	4915
910.0936	4959
912.4698	5012
914.8474	4989
917.2244	5001
919.5987	5026
921.9744	5025
924.3475	5078
926.72	4996
929.0918	5059
931.4669	5091
933.8375	5058
936.2074	5119
938.5767	5120
940.9454	5159
943.3154	5157
945.6829	5289
948.0497	5329
950.4178	5374
952.7833	5441
955.1483	5532
957.5145	5586
959.8782	5669
962.2412	5795
964.6036	5688
966.9655	5614
969.3266	5503
971.6871	5300
974.0471	5332
976.4064	5120
978.765	5047
981.125	5096
983.4824	5043
985.8373	5092
988.1935	5071
990.549	4994
992.9039	4981
995.2602	5083
997.6119	5010
999.965	5021
1002.317	5133
1004.667	4999
1007.02	5174
1009.371	5119
1011.719	4994
1014.068	5066
1016.415	5062
1018.765	5004
1021.111	5091
1023.458	5157
1025.804	5176
1028.147	5125
1030.49	5078
1032.837	5114
1035.179	5150
1037.522	5098
1039.862	5093
1042.204	5143
1044.546	5128
1046.884	5122
1049.224	5127
1051.562	5117
1053.899	5242
1056.237	5165
1058.575	5177
1060.91	5182
1063.244	5167
1065.58	5153
1067.913	5148
1070.248	5258
1072.579	5227
1074.911	5221
1077.242	5180
1079.572	5193
1081.905	5172
1084.234	5133
1086.562	5108
1088.89	5157
1091.217	5227
1093.544	5217
1095.871	5231
1098.197	5319
1100.521	5098
1102.845	5243
1105.169	5124
1107.491	5267
1109.814	5307
1112.135	5169
1114.456	5206
1116.776	5126
1119.096	5199
1121.415	5169
1123.734	5224
1126.052	5249
1128.369	5169
1130.686	5188
1133.002	5188
1135.318	5175
1137.632	5236
1139.945	5248
1142.258	5191
1144.573	5169
1146.884	5137
1149.196	5173
1151.505	5212
1153.816	5208
1156.124	5235
1158.435	5218
1160.742	5155
1163.051	5224
1165.356	5264
1167.663	5324
1169.97	5177
1172.276	5261
1174.579	5305
1176.881	5210
1179.186	5285
1181.487	5232
1183.79	5218
1186.092	5272
1188.392	5246
1190.691	5218
1192.991	5155
1195.291	5332
1197.588	5263
1199.885	5301
1202.181	5149
1204.479	5287
1206.775	5224
1209.07	5218
1211.363	5236
1213.656	5166
1215.949	5248
1218.241	5315
1220.534	5221
1222.825	5277
1225.115	5391
1227.405	5339
1229.693	5287
1231.984	5277
1234.271	5332
1236.558	5239
1238.845	5288
1241.131	5347
1243.416	5385
1245.703	5330
1247.987	5338
1250.269	5486
1252.552	5534
1254.834	5461
1257.118	5412
1259.399	5504
1261.678	5344
1263.958	5399
1266.237	5346
1268.516	5503
1270.794	5470
1273.072	5344
1275.347	5423
1277.624	5371
1279.899	5489
1282.175	5414
1284.449	5407
1286.722	5370
1288.995	5298
1291.266	5370
1293.54	5257
1295.81	5346
1298.081	5318
1300.35	5279
1302.62	5353
1304.889	5380
1307.156	5339
1309.425	5286
1311.69	5319
1313.957	5376
1316.222	5389
1318.488	5334
1320.751	5360
1323.016	5451
1325.278	5297
1327.54	5476
1329.803	5299
1332.065	5480
1334.325	5313
1336.584	5417
1338.843	5372
1341.101	5352
1343.36	5397
1345.617	5434
1347.876	5314
1350.131	5400
1352.387	5323
1354.643	5330
1356.897	5383
1359.151	5309
1361.403	5483
1363.656	5373
1365.909	5432
1368.16	5373
1370.409	5407
1372.659	5273
1374.909	5493
1377.157	5369
1379.407	5375
1381.655	5469
1383.9	5372
1386.147	5542
1388.393	5490
1390.64	5494
1392.885	5638
1395.127	5495
1397.37	5497
1399.614	5427
1401.854	5599
1404.098	5536
1406.339	5462
1408.578	5589
1410.818	5541
1413.056	5569
1415.297	5534
1417.533	5429
1419.771	5471
1422.006	5512
1424.243	5565
1426.479	5517
1428.715	5519
1430.948	5513
1433.182	5663
1435.414	5630
1437.647	5617
1439.88	5584
1442.11	5686
1444.342	5692
1446.571	5589
1448.799	5624
1451.029	5626
1453.258	5651
1455.485	5700
1457.711	5666
1459.937	5676
1462.164	5608
1464.39	5541
1466.614	5684
1468.838	5651
1471.06	5730
1473.283	5630
1475.506	5668
1477.727	5535
1479.949	5540
1482.169	5580
1484.389	5510
1486.609	5452
1488.828	5563
1491.045	5407
1493.261	5598
1495.477	5438
1497.693	5504
1499.91	5406
1502.125	5447
1504.339	5424
1506.553	5385
1508.766	5536
1510.979	5464
1513.191	5519
1515.402	5392
1517.613	5377
1519.823	5419
1522.033	5419
1524.242	5483
1526.451	5516
1528.657	5442
1530.865	5508
1533.072	5555
1535.278	5499
1537.484	5501
1539.687	5499
1541.892	5578
1544.096	5412
1546.299	5560
1548.502	5601
1550.703	5446
1552.905	5500
1555.104	5586
1557.303	5615
1559.505	5579
1561.703	5552
1563.902	5541
1566.099	5634
1568.295	5635
1570.494	5566
1572.689	5549
1574.883	5628
1577.079	5614
1579.272	5588
1581.467	5659
1583.659	5595
1585.853	5606
1588.044	5533
1590.234	5578
1592.424	5657
1594.615	5610
1596.806	5670
1598.994	5659
1601.182	5675
1603.369	5663
1605.557	5570
1607.744	5737
1609.929	5697
1612.114	5730
1614.298	5748
1616.482	5746
1618.667	5598
1620.85	5827
1623.032	5661
1625.214	5707
1627.395	5703
1629.575	5669
1631.755	5742
1633.935	5660
1636.114	5707
1638.292	5692
1640.471	5799
1642.647	5674
1644.823	5742
1647	5681
1649.175	5717
1651.348	5741
1653.525	5714
1655.698	5758
1657.87	5811
1660.043	5891
1662.213	5810
1664.387	5816
1666.558	5799
1668.727	5735
1670.896	5803
1673.064	5855
1675.233	5749
1677.401	5733
1679.569	5801
1681.735	5653
1683.902	5809
1686.066	5785
1688.233	5761
1690.397	5788
1692.559	5683
1694.723	5737
1696.885	5897
1699.048	5708
1701.21	5710
1703.37	5704
1705.53	5675
1707.689	5629
1709.849	5715
1712.009	5679
1714.166	5683
1716.323	5762
1718.479	5681
1720.634	5693
1722.793	5703
1724.948	5751
1727.102	5675
1729.255	5677
1731.408	5810
1733.562	5655
1735.714	5654
1737.865	5651
1740.016	5641
1742.166	5624
1744.316	5719
1746.467	5677
1748.616	5828
1750.764	5724
1752.911	5797
1755.056	5801
1757.205	5770
1759.35	5731
1761.496	5814
1763.641	5736
1765.785	5652
1767.927	5820
1770.072	5740
1772.214	5851
1774.355	5789
1776.496	5896
1778.637	5739
1780.778	5793
1782.918	5833
1785.057	5775
1787.194	5784
1789.333	5742
1791.472	5752
1793.608	5888
1795.745	5786
1797.879	5849
1800.015	5805
1802.148	5827
1804.284	5801
1806.417	5838
1808.548	5871
1810.682	5779
1812.812	5825
1814.946	5786
1817.075	5835
1819.205	5709
1821.335	5769
1823.463	5778
1825.59	5832
1827.721	5756
1829.847	5842
1831.973	5761
1834.098	5762
1836.223	5810
1838.351	5812
1840.475	5768
1842.598	5732
1844.721	5889
1846.843	5708
1848.966	5735
1851.087	5785
1853.21	5768
1855.33	5792
1857.449	5785
1859.568	5746
1861.688	5785
1863.806	5739
1865.924	5841
1868.039	5827
1870.155	5784
1872.273	5774
1874.388	5704
1876.503	5812
1878.617	5627
1880.73	5873
1882.844	5798
1884.956	5711
1887.068	5750
1889.18	5798
1891.291	5813
1893.4	5736
1895.511	5795
1897.621	5763
1899.73	5828
1901.837	5907
1903.944	5862
1906.053	5793
1908.159	5888
1910.265	5802
1912.369	5846
1914.474	5888
1916.577	5914
1918.683	5884
1920.785	5881
1922.888	5918
1924.989	5995
1927.091	5864
1929.193	5935
1931.294	5892
1933.393	5906
1935.493	5884
1937.59	5942
1939.689	5915
1941.788	5906
1943.884	5866
1945.98	5828
1948.077	5897
1950.171	5853
1952.267	5898
1954.361	5881
1956.455	5917
1958.548	5864
1960.64	5804
1962.733	5939
1964.824	5992
1966.915	5934
1969.005	5871
1971.096	5966
1973.185	5891
1975.275	5874
1977.363	5890
1979.45	5930
1981.537	5832
1983.623	5950
1985.711	5904
1987.796	5865
1989.881	5853
1991.965	5847
1994.047	5937
1996.132	5912
1998.215	5882
2000.297	5916
2002.378	5887
2004.46	5922
2006.54	5808
2008.62	5866
2010.7	5793
2012.779	5833
2014.858	5854
2016.934	5943
2019.013	5845
2021.09	5872
2023.165	5875
2025.241	5851
2027.317	5963
2029.39	5922
2031.466	5878
2033.538	5940
2035.612	5774
2037.683	5871
2039.755	5909
2041.827	5969
2043.898	5857
2045.968	5778
2048.038	5909
2050.106	5878
2052.177	5815
2054.244	5907
2056.313	5825
2058.379	5894
2060.444	5764
2062.511	5912
2064.577	5961
2066.641	5968
2068.705	5919
2070.77	5824
2072.832	5885
2074.896	5870
2076.958	5893
2079.02	5846
2081.081	5927
2083.141	5896
2085.2	5966
2087.261	5865
2089.319	5867
2091.377	5890
2093.435	5990
2095.492	5920
2097.552	5879
2099.607	5873
2101.663	5835
2103.718	5931
2105.771	5905
2107.826	5896
2109.879	5821
2111.932	5939
2113.985	5893
2116.037	5961
2118.088	6002
2120.141	5861
2122.191	5855
2124.239	6002
2126.288	5851
2128.337	6015
2130.387	5829
2132.434	5907
2134.481	5947
2136.528	5932
2138.574	5844
2140.618	5897
2142.665	5883
2144.71	5888
2146.753	5937
2148.797	5920
2150.838	5938
2152.883	5923
2154.923	5850
2156.965	5873
2159.007	5806
2161.046	5841
2163.086	5866
2165.126	5838
2167.163	5974
2169.202	5987
2171.239	5942
2173.277	5841
2175.314	5787
2177.349	5854
2179.385	5901
2181.42	5873
2183.453	5957
2185.49	5850
2187.522	5825
2189.555	5722
2191.586	5894
2193.619	5828
2195.651	5872
2197.682	6007
2199.711	5711
2201.74	5860
2203.769	5809
2205.799	5816
2207.828	5811
2209.855	5764
2211.882	5814
2213.908	5797
2215.934	5821
2217.961	5768
2219.986	5854
2222.01	5865
2224.034	5728
2226.057	5718
2228.08	5766
2230.104	5703
2232.124	5815
2234.145	5760
2236.166	5733
2238.186	5782
2240.207	5788
2242.227	5853
2244.244	5867
2246.262	5806
2248.28	5742
2250.299	5812
2252.314	5812
2254.33	5776
2256.346	5738
2258.36	5747
2260.375	5814
2262.391	5790
2264.403	5840
2266.416	5790
2268.427	5774
2270.44	5701
2272.453	5789
2274.463	5843
2276.474	5739
2278.483	5929
2280.493	5766
2282.501	5830
2284.51	5849
2286.518	5775
2288.524	5790
2290.532	5885
2292.537	5810
2294.544	5723
2296.55	5857
2298.554	5828
2300.557	5847
2302.562	5781
2304.566	5819
2306.568	5812
2308.569	5806
2310.572	5812
2312.573	5776
2314.573	5847
2316.574	5714
2318.573	5735
2320.571	5800
2322.571	5718
2324.569	5779
2326.567	5811
2328.564	5732
2330.56	5740
2332.556	5775
2334.551	5829
2336.546	5893
2338.542	5688
2340.535	5640
2342.529	5796
2344.521	5822
2346.512	5641
2348.505	5672
2350.497	5711
2352.487	5661
2354.478	5686
2356.468	5654
2358.457	5856
2360.446	5755
2362.434	5711
2364.422	5697
2366.408	5786
2368.395	5725
2370.383	5770
2372.369	5707
2374.353	5766
2376.338	5640
2378.321	5659
2380.307	5702
2382.29	5712
2384.272	5725
2386.254	5578
2388.235	5621
2390.218	5696
2392.198	5659
2394.179	5632
2396.157	5638
2398.137	5648
2400.115	5524
2402.095	5726
2404.072	5685
2406.048	5655
2408.026	5641
2410.001	5778
2411.977	5783
2413.953	5636
2415.927	5665
2417.9	5624
2419.875	5631
2421.847	5672
2423.821	5725
2425.792	5627
2427.763	5678
2429.736	5632
2431.706	5609
2433.677	5792
2435.646	5725
2437.615	5654
2439.583	5600
2441.551	5801
2443.519	5593
2445.486	5705
2447.452	5646
2449.418	5591
2451.383	5700
2453.348	5618
2455.314	5677
2457.278	5737
2459.241	5680
2461.205	5742
2463.167	5622
2465.131	5641
2467.091	5677
2469.052	5550
2471.012	5594
2472.972	5738
2474.932	5534
2476.891	5660
2478.85	5637
2480.808	5610
2482.766	5614
2484.722	5639
2486.68	5677
2488.636	5674
2490.591	5711
2492.546	5680
2494.5	5622
2496.456	5593
2498.41	5576
2500.362	5640
2502.315	5566
2504.266	5709
2506.218	5506
2508.169	5674
2510.121	5660
2512.07	5718
2514.019	5595
2515.968	5718
2517.918	5625
2519.866	5582
2521.813	5712
2523.76	5524
2525.707	5524
2527.653	5642
2529.599	5573
2531.543	5668
2533.489	5693
2535.433	5590
2537.376	5611
2539.32	5644
2541.264	5553
2543.205	5624
2545.147	5660
2547.087	5566
2549.029	5589
2550.969	5544
2552.908	5553
2554.847	5621
2556.786	5654
2558.724	5596
2560.663	5545
2562.6	5635
2564.537	5552
2566.473	5601
2568.408	5620
2570.345	5595
2572.28	5609
2574.214	5639
2576.148	5661
2578.081	5662
2580.014	5624
2581.947	5662
2583.879	5724
2585.81	5568
2587.741	5602
2589.67	5585
2591.602	5591
2593.532	5706
2595.461	5623
2597.388	5645
2599.316	5574
2601.244	5673
2603.172	5754
2605.098	5571
2607.023	5625
2608.949	5591
2610.873	5712
2612.8	5706
2614.723	5604
2616.647	5610
2618.569	5625
2620.493	5637
2622.416	5541
2624.338	5606
2626.258	5627
2628.179	5693
2630.099	5558
2632.019	5639
2633.939	5594
2635.857	5759
2637.775	5622
2639.694	5639
2641.61	5600
2643.528	5641
2645.444	5692
2647.361	5656
2649.276	5701
2651.19	5738
2653.105	5567
2655.019	5644
2656.934	5596
2658.846	5705
2660.758	5545
2662.67	5663
2664.583	5658
2666.493	5637
2668.404	5634
2670.313	5596
2672.223	5546
2674.134	5583
2676.042	5573
2677.95	5688
2679.858	5668
2681.765	5651
2683.673	5535
2685.579	5665
2687.483	5630
2689.389	5670
2691.294	5654
2693.198	5617
2695.104	5579
2697.006	5548
2698.909	5583
2700.811	5557
2702.713	5596
2704.615	5601
2706.516	5584
2708.417	5611
2710.316	5577
2712.216	5518
2714.115	5613
2716.014	5501
2717.913	5556
2719.81	5570
2721.707	5451
2723.603	5666
2725.501	5553
2727.396	5481
2729.292	5653
2731.186	5520
2733.081	5531
2734.976	5603
2736.87	5557
2738.762	5624
2740.653	5575
2742.546	5555
2744.437	5570
2746.329	5528
2748.22	5512
2750.11	5594
2751.999	5529
2753.889	5578
2755.778	5477
2757.666	5585
2759.553	5560
2761.44	5541
2763.328	5520
2765.215	5533
2767.101	5416
2768.986	5510
2770.87	5540
2772.754	5549
2774.638	5587
2776.523	5526
2778.405	5546
2780.288	5498
2782.17	5552
2784.051	5422
2785.934	5491
2787.814	5509
2789.694	5468
2791.574	5543
2793.453	5544
2795.332	5359
2797.212	5491
2799.088	5526
2800.966	5466
2802.843	5437
2804.719	5490
2806.597	5490
2808.471	5451
2810.346	5460
2812.221	5505
2814.094	5516
2815.969	5440
2817.843	5476
2819.714	5438
2821.587	5402
2823.459	5423
2825.329	5458
2827.202	5571
2829.072	5432
2830.942	5393
2832.811	5558
2834.68	5406
2836.549	5521
2838.418	5561
2840.284	5464
2842.152	5503
2844.018	5417
2845.885	5449
2847.751	5486
2849.616	5612
2851.482	5523
2853.345	5647
2855.208	5596
2857.074	5497
2858.937	5665
2860.799	5553
2862.66	5638
2864.522	5722
2866.385	5485
2868.245	5755
2870.104	5677
2871.964	5669
2873.824	5785
2875.683	5769
2877.542	5735
2879.4	5762
2881.257	5737
2883.114	5888
2884.97	5818
2886.827	5761
2888.683	5788
2890.537	5727
2892.392	5753
2894.246	5824
2896.1	5711
2897.954	5776
2899.807	5626
2901.66	5776
2903.51	5847
2905.362	5772
2907.214	5733
2909.065	5714
2910.915	5877
2912.765	5871
2914.613	5745
2916.463	5805
2918.311	6014
2920.158	5882
2922.006	6028
2923.853	5912
2925.698	5928
2927.546	6176
2929.392	6032
2931.236	5985
2933.081	6030
2934.924	6091
2936.77	5977
2938.613	6129
2940.455	6159
2942.298	6090
2944.139	6267
2945.982	6218
2947.823	6324
2949.662	6232
2951.503	6246
2953.342	6147
2955.182	6078
2957.021	6020
2958.858	6052
2960.697	6104
2962.534	6066
2964.37	5937
2966.207	5958
2968.044	5926
2969.879	5814
2971.714	5790
2973.548	5756
2975.383	5814
2977.218	5785
2979.051	5895
2980.883	5743
2982.715	5821
2984.547	5734
2986.379	5656
2988.21	5719
2990.04	5573
2991.87	5606
2993.7	5637
2995.53	5528
2997.359	5597
2999.187	5461
3001.015	5572
3002.842	5588
3004.669	5586
3006.497	5525
3008.323	5461
3010.148	5391
3011.974	5492
3013.797	5510
3015.623	5435
3017.447	5438
3019.27	5322
3021.094	5380
3022.915	5246
3024.737	5413
3026.56	5249
3028.38	5398
3030.201	5281
3032.022	5364
3033.84	5288
3035.662	5153
3037.481	5177
3039.298	5262
3041.117	5279
3042.933	5266
3044.752	5234
3046.568	5365
3048.385	5290
3050.2	5276
3052.016	5313
3053.83	5151
3055.646	5271
3057.46	5262
3059.272	5239
3061.086	5210
3062.898	5320
3064.711	5140
3066.524	5350
3068.335	5211
3070.145	5150
3071.956	5365
3073.766	5138
3075.576	5292
3077.385	5054
3079.193	5224
3081.002	5122
3082.81	5150
3084.618	5249
3086.425	5197
3088.231	5076
3090.036	5151
3091.842	5124
3093.648	5193
3095.452	5126
3097.257	5149
3099.06	5077
3100.863	5056
3102.666	5203
3104.47	5174
3106.272	5123
3108.073	5176
3109.875	5120
3111.676	5132
3113.477	5123
3115.277	5130
3117.077	5163
3118.874	5026
3120.673	5033
3122.473	5000
3124.271	5124
3126.066	5076
3127.863	5071
3129.66	5103
3131.456	5090
3133.252	5168
3135.047	4982
3136.842	5061
3138.635	4902
3140.429	5010
3142.223	4998
3144.016	5003
3145.808	5055
3147.6	5138
3149.392	4943
3151.183	4937
3152.975	5024
3154.765	5059
3156.553	5075
3158.344	5040
3160.132	5007
3161.922	5072
3163.71	5065
3165.497	4945
3167.285	4970
3169.071	4974
3170.858	4949
3172.645	4954
3174.429	4887
3176.214	4953
3177.998	4966
3179.783	4918
3181.568	5028
3183.351	4982
3185.133	4902
3186.915	5004
3188.698	4923
3190.481	4938
3192.261	4923
3194.042	4981
3195.822	4959
3197.601	4955
3199.381	4919
3201.161	4994
3202.939	4991
3204.717	4922
3206.495	4851
3208.272	4982
3210.05	4890
3211.826	4956
3213.602	4976
3215.376	4900
3217.151	4998
3218.927	4871
3220.702	4899
3222.476	4925
3224.249	4919
3226.021	4877
3227.793	4884
3229.567	4940
3231.339	4929
3233.109	4923
3234.88	4826
3236.651	4963
3238.421	4960
3240.191	4792
3241.96	4895
3243.728	4914
3245.497	4855
3247.263	4960
3249.033	4999
3250.799	4924
3252.566	4879
3254.331	4842
3256.097	4860
3257.863	4887
3259.628	4898
3261.392	4907
3263.156	4896
3264.919	4817
3266.683	4906
3268.447	4984
3270.208	4887
3271.969	4807
3273.731	4879
3275.492	4948
3277.253	4883
3279.013	4948
3280.773	4875
3282.532	4886
3284.291	4986
3286.05	4875
3287.808	4976
3289.566	4890
3291.323	4933
3293.079	4922
3294.835	4868
3296.593	4896
3298.348	4915
3300.102	4895
3301.857	4842
3303.611	4921
3305.366	4909
3307.119	4867
3308.872	4971
3310.624	4863
3312.376	4871
3314.129	4865
3315.881	4838
3317.631	4944
3319.38	4838
3321.13	4843
3322.88	4853
3324.631	4903
3326.379	4900
3328.126	4808
3329.875	4805
3331.622	4824
3333.371	4856
3335.116	4758
3336.863	4793
3338.609	4926
3340.353	4919
3342.1	4873
3343.845	4847
3345.588	4818
3347.332	4915
3349.074	4822
3350.817	4764
3352.56	4820
3354.303	4905
3356.043	4782
3357.785	4835
3359.525	4758
3361.268	4803
3363.007	4856
3364.745	4754
3366.485	4755
3368.223	4886
3369.962	4787
3371.701	4795
3373.438	4720
3375.174	4792
3376.911	4736
3378.647	4796
3380.384	4667
3382.118	4766
3383.854	4747
3385.588	4708
3387.322	4734
3389.057	4775
3390.79	4774
3392.522	4789
3394.255	4706
3395.987	4761
3397.719	4717
3399.451	4658
3401.181	4843
3402.911	4757
3404.641	4819
3406.371	4695
3408.101	4690
3409.83	4687
3411.558	4609
3413.285	4689
3415.011	4698
3416.739	4724
3418.467	4639
3420.193	4663
3421.919	4766
3423.644	4747
3425.368	4777
3427.094	4716
3428.818	4713
3430.542	4747
3432.264	4608
3433.987	4727
3435.712	4671
3437.434	4721
3439.155	4649
3440.876	4668
3442.596	4610
3444.317	4663
3446.039	4585
3447.757	4535
3449.477	4617
3451.195	4607
3452.914	4603
3454.632	4657
3456.35	4617
3458.067	4572
3459.784	4647
3461.5	4615
3463.216	4586
3464.932	4603
3466.647	4522
3468.362	4600
3470.076	4581
3471.789	4648
3473.505	4518
3475.217	4483
3476.929	4558
3478.641	4624
3480.354	4552
3482.066	4502
3483.777	4604
3485.487	4455
3487.197	4477
3488.908	4567
3490.617	4550
3492.327	4467
3494.035	4507
3495.743	4590
3497.451	4485
3499.158	4534
3500.866	4488
3502.572	4444
3504.278	4489
3505.984	4480
3507.689	4444
3509.396	4421
3511.1	4437
3512.804	4469
3514.508	4494
3516.211	4459
3517.913	4435
3519.616	4449
3521.319	4457
3523.021	4469
3524.722	4482
3526.422	4411
3528.124	4443
3529.824	4429
3531.524	4421
3533.222	4318
3534.921	4405
3536.62	4348
3538.318	4434
3540.016	4414
3541.714	4438
3543.41	4329
3545.107	4388
3546.803	4417
3548.5	4429
3550.194	4397
3551.889	4388
3553.583	4381
3555.279	4434
3556.972	4448
3558.666	4424
3560.358	4374
3562.051	4392
3563.742	4356
3565.435	4283
3567.126	4453
3568.817	4301
3570.507	4417
3572.197	4414
3573.888	4313
3575.577	4466
3577.265	4240
3578.954	4354
3580.642	4346
3582.329	4279
3584.017	4373
3585.704	4355
3587.391	4283
3589.077	4402
3590.762	4286
3592.449	4398
3594.133	4208
3595.817	4303
3597.501	4287
3599.185	4333
3600.869	4291
3602.552	4273
3604.234	4257
3605.916	4269
3607.598	4246
3609.279	4297
3610.961	4325
3612.642	4237
3614.321	4221
3616	4282
3617.68	4216
3619.36	4277
3621.039	4159
3622.716	4240
3624.394	4171
3626.071	4240
3627.748	4233
3629.425	4159
3631.102	4237
3632.778	4239
3634.452	4198
3636.127	4293
3637.803	4162
3639.477	4144
3641.151	4074
3642.823	4242
3644.497	4255
3646.171	4180
3647.842	4171
3649.515	4148
3651.185	4113
3652.857	4252
3654.527	4205
3656.198	4169
3657.868	4139
3659.537	4189
3661.207	4170
3662.875	4180
3664.544	4177
3666.212	4104
3667.879	4175
3669.546	4063
3671.212	4059
3672.88	4083
3674.546	4186
3676.211	4167
3677.875	4059
3679.541	4080
3681.205	4068
3682.87	4161
3684.533	4013
3686.196	4046
3687.859	4168
3689.521	4269
3691.184	4058
3692.845	4098
3694.507	4114
3696.167	4115
3697.827	4165
3699.487	4105
3701.148	4090
3702.808	4074
3704.466	4136
3706.125	4020
3707.783	4003
3709.442	3993
3711.099	3983
3712.757	3995
3714.412	4066
3716.068	4152
3717.725	4045
3719.381	4013
3721.036	3950
3722.689	4072
3724.344	4080
3725.998	3975
3727.652	3989
3729.305	4067
3730.958	4056
3732.61	4015
3734.262	4113
3735.915	4035
3737.565	4017
3739.217	3963
3740.866	3975
3742.516	3938
3744.165	4040
3745.816	4025
3747.464	3931
3749.113	4085
3750.761	4018
3752.409	3994
3754.057	3956
3755.703	3866
3757.35	4015
3758.996	3962
3760.641	4045
3762.289	4049
3763.933	4000
3765.577	4050
3767.222	3941
3768.865	3992
3770.508	3905
3772.152	3924
3773.796	3938
3775.438	3980
3777.079	3921
3778.721	3976
3780.363	3927
3782.003	3943
3783.643	3959
3785.283	3854
3786.923	3944
3788.563	3982
3790.203	3849
3791.841	3877
3793.479	3877
3795.115	3948
3796.753	3879
3798.391	3917
3800.027	3952
3801.664	3926
3803.299	3923
3804.935	3844
3806.571	3941
3808.206	3856
3809.839	3845
3811.473	3833
3813.107	3736
3814.74	3853
3816.375	3859
3818.006	3810
3819.638	3855
3821.27	3882
3822.9	3856
3824.532	3796
3826.163	3811
3827.792	3759
3829.423	3864
3831.051	3842
3832.682	3774
3834.311	3832
3835.938	3818
3837.566	3789
3839.193	3787
3840.821	3854
3842.448	3880
3844.075	3772
3845.7	3858
3847.325	3824
3848.951	3880
3850.576	3833
3852.201	3842
3853.825	3866
3855.448	3740
3857.072	3741
3858.694	3806
3860.318	3756
3861.939	3792
3863.562	3781
3865.183	3804
3866.804	3768
3868.426	3790
3870.045	3747
3871.666	3772
3873.285	3757
3874.904	3767
3876.524	3696
3878.142	3757
3879.76	3788
3881.378	3781
3882.995	3765
3884.612	3774
3886.229	3735
3887.845	3755
3889.461	3781
3891.076	3778
3892.691	3733
3894.307	3758
3895.922	3724
3897.536	3684
3899.149	3704
3900.761	3775
3902.374	3730
3903.988	3769
3905.6	3706
3907.212	3738
3908.822	3694
3910.433	3717
3912.045	3721
3913.655	3739
3915.265	3693
3916.875	3647
3918.483	3745
3920.093	3685
3921.702	3715
3923.309	3754
3924.917	3648
3926.523	3678
3928.13	3647
3929.739	3687
3931.344	3667
3932.95	3710
3934.555	3701
3936.159	3584
3937.766	3753
3939.369	3710
3940.974	3702
3942.577	3643
3944.181	3721
3945.783	3597
3947.386	3654
3948.989	3641
3950.59	3634
3952.191	3756
3953.791	3720
3955.394	3670
3956.994	3617
3958.593	3707
3960.192	3610
3961.791	3594
3963.392	3645
3964.99	3578
3966.588	3629
3968.185	3593
3969.782	3560
3971.379	3690
3972.976	3593
3974.572	3629
3976.168	3559
3977.763	3586
3979.358	3629
3980.954	3528
3982.548	3609
3984.142	3567
3985.736	3593
3987.329	3606
3988.922	3531
3990.516	3577
3992.108	3557
3993.698	3546
3995.29	3585
3996.881	3653
3998.473	3495
4000.064	3574
4001.653	3523
4003.242	3499
4004.832	3530
4006.422	3470
4008.01	3557
4009.598	3492
4011.186	3546
4012.773	3459
4014.36	3450
4015.947	3492
4017.534	3513
4019.119	3437
4020.705	3408
4022.291	3561
4023.876	3504
4025.461	3461
4027.044	3388
4028.627	3422
4030.211	3393
4031.795	3420
4033.378	3442
4034.96	3420
4036.542	3461
4038.124	3449
4039.704	3522
4041.286	3463
4042.867	3453
4044.447	3451
4046.026	3434
4047.606	3489
4049.187	3384
4050.765	3375
4052.343	3455
4053.92	3442
4055.498	3473
4057.076	3472
4058.654	3468
4060.23	3466
4061.806	3314
4063.381	3387
4064.957	3448
4066.533	3384
4068.107	3351
4069.682	3390
4071.256	3463
4072.829	3404
4074.404	3415
4075.977	3275
4077.549	3317
4079.121	3390
4080.693	3387
4082.265	3382
4083.836	3339
4085.407	3370
4086.977	3446
4088.547	3327
4090.117	3345
4091.687	3390
4093.256	3408
4094.825	3368
4096.392	3388
4097.96	3339
4099.528	3379
4101.097	3361
4102.663	3337
4104.229	3263
4105.795	3396
4107.361	3355
4108.928	3389
4110.493	3409
4112.058	3381
4113.621	3369
4115.186	3326
4116.75	3299
4118.313	3323
4119.876	3313
4121.438	3353
4123	3271
4124.562	3285
4126.125	3260
4127.686	3271
4129.246	3244
4130.807	3236
4132.367	3212
4133.927	3380
4135.486	3273
4137.046	3250
4138.604	3336
4140.162	3195
4141.72	3305
4143.279	3248
4144.836	3220
4146.393	3186
4147.949	3204
4149.505	3242
4151.062	3222
4152.617	3175
4154.172	3222
4155.727	3191
4157.281	3191
4158.836	3185
4160.39	3219
4161.943	3174
4163.496	3185
4165.048	3238
4166.601	3153
4168.154	3174
4169.706	3101
4171.257	3215
4172.808	3194
4174.358	3164
4175.909	3164
4177.458	3124
4179.008	3186
4180.558	3115
4182.106	3168
4183.655	3089
4185.204	3170
4186.751	3161
4188.298	3117
4189.845	3151
4191.392	3174
4192.939	3112
4194.485	3164
4196.031	3070
4197.576	3104
4199.121	3090
4200.666	3106
4202.211	3134
4203.754	3178
4205.298	3085
4206.84	3087
4208.384	3074
4209.927	3062
4211.47	3117
4213.011	3225
4214.552	3100
4216.094	3144
4217.635	3143
4219.175	3075
4220.716	3071
4222.255	3087
4223.793	3132
4225.335	3106
4226.873	3100
4228.411	3142
4229.948	3021
4231.486	3050
4233.024	3098
4234.562	3049
4236.098	3131
4237.634	3117
4239.169	3056
4240.705	3081
4242.241	3039
4243.776	3072
4245.31	3092
4246.844	3075
4248.378	3057
4249.911	3124
4251.445	3074
4252.978	3090
4254.51	3037
4256.042	3033
4257.574	3034
4259.107	3030
4260.638	3059
4262.169	2997
4263.699	3109
4265.228	3015
4266.759	3027
4268.289	2976
4269.818	3106
4271.345	3068
4272.874	2987
4274.402	3066
4275.931	2982
4277.458	2986
4278.985	3028
4280.512	3028
4282.037	3023
4283.564	3054
4285.089	2989
4286.615	2991
4288.139	3004
4289.664	3008
4291.187	3012
4292.712	3031
4294.235	2996
4295.759	3003
4297.281	2981
4298.804	3061
4300.327	2966
4301.849	2860
4303.37	2984
4304.891	2856
4306.412	2950
4307.933	2955
4309.453	2970
4310.973	2889
4312.492	3018
