398.1873	4821
400.7097	4872
403.2336	4828
405.7547	4745
408.2751	4787
410.7948	4817
413.3138	4799
415.83	4855
418.3497	4821
420.8666	4901
423.3829	5020
425.8985	4947
428.4133	4955
430.9275	4989
433.441	5002
435.9538	4960
438.4639	4994
440.9753	5133
443.4881	5064
445.9982	5055
448.5055	4965
451.0142	5080
453.5201	5075
456.0274	5120
458.5361	5059
461.04	5130
463.5453	5008
466.0478	5130
468.5517	5093
471.0549	5071
473.5574	5138
476.0572	5078
478.5584	5085
481.0568	5085
483.5545	5127
486.0557	5072
488.5521	5172
491.0478	5192
493.5449	5239
496.0392	5163
498.5349	5239
501.0299	5241
503.5222	5125
506.0139	5275
508.5048	5345
510.9991	5330
513.4887	5333
515.9777	5270
518.4659	5264
520.9534	5331
523.4403	5383
525.9306	5210
528.4161	5250
530.9009	5290
533.3851	5324
535.8687	5320
538.3535	5318
540.8356	5397
543.3171	5349
545.7979	5359
548.278	5284
550.7595	5315
553.2383	5269
555.7144	5343
558.1918	5418
560.6685	5309
563.1446	5347
565.6221	5424
568.0968	5372
570.5688	5428
573.0422	5427
575.515	5456
577.989	5581
580.4584	5563
582.9291	5465
585.3991	5491
587.8685	5554
590.3352	5535
592.8052	5486
595.2706	5458
597.7372	5417
600.2033	5570
602.6666	5423
605.1334	5483
607.5953	5450
610.0587	5439
612.5193	5446
614.9814	5502
617.4427	5469
619.9034	5412
622.3615	5480
624.8208	5557
627.2775	5418
629.7335	5493
632.1929	5487
634.6476	5580
637.1016	5535
639.5569	5505
642.0096	5566
644.4637	5588
646.9151	5490
649.3678	5626
651.8179	5510
654.2672	5610
656.7159	5606
659.166	5529
661.6154	5630
664.0622	5516
666.5082	5612
668.9537	5707
671.4005	5633
673.8445	5568
676.288	5642
678.7308	5818
681.1729	5662
683.6163	5622
686.0572	5651
688.4973	5680
690.9368	5728
693.3757	5700
695.8138	5748
698.2534	5725
700.6902	5716
703.1245	5787
705.56	5768
707.9949	5776
710.4311	5796
712.8647	5761
715.2957	5800
717.7279	5796
720.1595	5836
722.5905	5896
725.0208	5804
727.4505	5853
729.8795	5853
732.3058	5969
734.7336	5730
737.1626	5863
739.587	5798
742.0128	6021
744.4359	5935
746.8604	6033
749.2841	6020
751.7073	5913
754.1278	6020
756.5496	5979
758.9688	6100
761.3893	5977
763.8093	6025
766.2285	6017
768.6451	6029
771.0611	6139
773.4784	6050
775.895	6072
778.3091	6154
780.7244	6108
783.1371	6068
785.5493	5948
787.9626	6074
790.3754	6027
792.7856	6104
795.1951	6063
797.6039	6115
800.0121	6090
802.4236	6111
804.8306	6093
807.2369	6090
809.6425	6035
812.0475	6235
814.4538	6109
816.8575	6215
819.2606	6217
821.663	5978
824.0648	6119
826.4659	6164
828.8683	6209
831.2682	6096
833.6674	6081
836.066	6132
838.4639	6131
840.8632	6165
843.2579	6287
845.6539	6180
848.0493	6244
850.444	6241
852.84	6216
855.2315	6197
857.6243	6286
860.0165	6257
862.4081	6226
864.797	6229
867.1892	6293
869.5789	6265
871.9659	6201
874.3542	6244
876.74	6230
879.129	6177
881.5155	6238
883.8994	6224
886.2845	6236
888.6671	6238
891.051	6292
893.4343	6358
895.8169	6306
898.197	6335
900.5783	6258
902.9571	6308
905.3372	6514
907.7167	6304
910.0936	6285
912.4698	6393
914.8474	6413
917.2244	6506
919.5987	6556
921.9744	6552
924.3475	6481
926.72	6489
929.0918	6634
931.4669	6512
933.8375	6520
936.2074	6472
938.5767	6563
940.9454	6538
943.3154	6650
945.6829	6541
948.0497	6677
950.4178	6739
952.7833	6910
955.1483	7037
957.5145	7201
959.8782	7279
962.2412	7217
964.6036	7218
966.9655	7076
969.3266	6970
971.6871	6789
974.0471	6695
976.4064	6575
978.765	6739
981.125	6545
983.4824	6545
985.8373	6601
988.1935	6374
990.549	6403
992.9039	6427
995.2602	6486
997.6119	6540
999.965	6435
1002.317	6501
1004.667	6435
1007.02	6498
1009.371	6490
1011.719	6503
1014.068	6534
1016.415	6459
1018.765	6471
1021.111	6443
1023.458	6537
1025.804	6529
1028.147	6607
1030.49	6480
1032.837	6455
1035.179	6466
1037.522	6525
1039.862	6603
1042.204	6512
1044.546	6546
1046.884	6681
1049.224	6544
1051.562	6502
1053.899	6500
1056.237	6556
1058.575	6636
1060.91	6629
1063.244	6692
1065.58	6671
1067.913	6646
1070.248	6665
1072.579	6663
1074.911	6631
1077.242	6586
1079.572	6638
1081.905	6603
1084.234	6631
1086.562	6623
1088.89	6782
1091.217	6556
1093.544	6535
1095.871	6541
1098.197	6577
1100.521	6605
1102.845	6584
1105.169	6567
1107.491	6668
1109.814	6590
1112.135	6626
1114.456	6693
1116.776	6619
1119.096	6737
1121.415	6839
1123.734	6631
1126.052	6707
1128.369	6770
1130.686	6696
1133.002	6714
1135.318	6761
1137.632	6664
1139.945	6712
1142.258	6644
1144.573	6638
1146.884	6666
1149.196	6638
1151.505	6662
1153.816	6701
1156.124	6720
1158.435	6683
1160.742	6681
1163.051	6659
1165.356	6680
1167.663	6726
1169.97	6740
1172.276	6633
1174.579	6830
1176.881	6684
1179.186	6675
1181.487	6644
1183.79	6634
1186.092	6770
1188.392	6698
1190.691	6747
1192.991	6767
1195.291	6774
1197.588	6752
1199.885	6669
1202.181	6732
1204.479	6759
1206.775	6633
1209.07	6628
1211.363	6746
1213.656	6635
1215.949	6736
1218.241	6724
1220.534	6634
1222.825	6650
1225.115	6781
1227.405	6803
1229.693	6882
1231.984	6896
1234.271	6929
1236.558	6906
1238.845	6924
1241.131	6803
1243.416	6936
1245.703	6809
1247.987	6857
1250.269	6919
1252.552	7148
1254.834	6923
1257.118	6865
1259.399	6889
1261.678	6931
1263.958	6857
1266.237	6884
1268.516	7074
1270.794	6999
1273.072	7041
1275.347	6849
1277.624	6848
1279.899	6872
1282.175	6936
1284.449	6945
1286.722	6914
1288.995	6853
1291.266	6902
1293.54	6900
1295.81	6878
1298.081	6830
1300.35	6743
1302.62	6915
1304.889	6928
1307.156	6720
1309.425	6929
1311.69	6773
1313.957	6830
1316.222	6767
1318.488	6968
1320.751	6840
1323.016	6850
1325.278	6877
1327.54	6912
1329.803	6941
1332.065	6982
1334.325	6826
1336.584	6837
1338.843	6974
1341.101	6759
1343.36	6890
1345.617	6884
1347.876	6871
1350.131	6902
1352.387	6838
1354.643	6862
1356.897	6937
1359.151	6820
1361.403	6915
1363.656	6790
1365.909	6921
1368.16	6814
1370.409	6868
1372.659	6921
1374.909	6874
1377.157	7023
1379.407	6873
1381.655	6880
1383.9	6904
1386.147	7025
1388.393	7064
1390.64	7104
1392.885	7058
1395.127	7171
1397.37	7062
1399.614	7168
1401.854	7178
1404.098	7103
1406.339	7189
1408.578	7152
1410.818	7083
1413.056	7282
1415.297	7136
1417.533	7073
1419.771	7072
1422.006	7123
1424.243	7205
1426.479	7107
1428.715	7079
1430.948	7137
1433.182	7289
1435.414	6999
1437.647	7264
1439.88	7170
1442.11	7213
1444.342	7242
1446.571	7170
1448.799	7215
1451.029	7263
1453.258	7195
1455.485	7251
1457.711	7309
1459.937	7160
1462.164	7178
1464.39	7172
1466.614	7128
1468.838	7201
1471.06	7138
1473.283	7125
1475.506	7073
1477.727	7036
1479.949	7051
1482.169	7176
1484.389	6990
1486.609	6912
1488.828	6942
1491.045	7012
1493.261	6958
1495.477	6994
1497.693	7048
1499.91	7017
1502.125	6883
1504.339	6944
1506.553	6901
1508.766	6966
1510.979	6952
1513.191	6880
1515.402	6962
1517.613	6910
1519.823	6951
1522.033	6917
1524.242	6922
1526.451	6890
1528.657	6862
1530.865	7042
1533.072	6932
1535.278	7017
1537.484	7000
1539.687	6959
1541.892	6897
1544.096	7054
1546.299	7089
1548.502	7099
1550.703	7045
1552.905	7009
1555.104	7019
1557.303	7279
1559.505	7023
1561.703	7052
1563.902	7050
1566.099	7078
1568.295	7228
1570.494	7266
1572.689	7156
1574.883	7145
1577.079	7127
1579.272	7220
1581.467	7099
1583.659	7249
1585.853	7235
1588.044	7185
1590.234	7210
1592.424	7216
1594.615	7246
1596.806	7207
1598.994	7171
1601.182	7097
1603.369	7238
1605.557	7246
1607.744	7245
1609.929	7150
1612.114	7319
1614.298	7313
1616.482	7302
1618.667	7103
1620.85	7138
1623.032	7238
1625.214	7252
1627.395	7313
1629.575	7338
1631.755	7215
1633.935	7231
1636.114	7307
1638.292	7274
1640.471	7133
1642.647	7365
1644.823	7240
1647	7233
1649.175	7304
1651.348	7237
1653.525	7331
1655.698	7269
1657.87	7350
1660.043	7230
1662.213	7281
1664.387	7320
1666.558	7288
1668.727	7255
1670.896	7306
1673.064	7315
1675.233	7360
1677.401	7294
1679.569	7246
1681.735	7421
1683.902	7294
1686.066	7340
1688.233	7372
1690.397	7397
1692.559	7260
1694.723	7322
1696.885	7288
1699.048	7267
1701.21	7249
1703.37	7224
1705.53	7205
1707.689	7109
1709.849	7326
1712.009	7211
1714.166	7280
1716.323	7217
1718.479	7272
1720.634	7165
1722.793	7209
1724.948	7155
1727.102	7290
1729.255	7199
1731.408	7187
1733.562	7269
1735.714	7400
1737.865	7059
1740.016	7292
1742.166	7164
1744.316	7183
1746.467	7111
1748.616	7312
1750.764	7232
1752.911	7236
1755.056	7226
1757.205	7317
1759.35	7311
1761.496	7241
1763.641	7243
1765.785	7191
1767.927	7222
1770.072	7256
1772.214	7206
1774.355	7281
1776.496	7301
1778.637	7347
1780.778	7348
1782.918	7306
1785.057	7214
1787.194	7373
1789.333	7320
1791.472	7376
1793.608	7407
1795.745	7433
1797.879	7342
1800.015	7385
1802.148	7334
1804.284	7357
1806.417	7443
1808.548	7448
1810.682	7351
1812.812	7403
1814.946	7312
1817.075	7310
1819.205	7198
1821.335	7256
1823.463	7273
1825.59	7301
1827.721	7391
1829.847	7303
1831.973	7394
1834.098	7292
1836.223	7300
1838.351	7470
1840.475	7368
1842.598	7241
1844.721	7312
1846.843	7247
1848.966	7286
1851.087	7275
1853.21	7231
1855.33	7301
1857.449	7259
1859.568	7176
1861.688	7295
1863.806	7217
1865.924	7279
1868.039	7319
1870.155	7185
1872.273	7300
1874.388	7255
1876.503	7299
1878.617	7275
1880.73	7380
1882.844	7321
1884.956	7136
1887.068	7357
1889.18	7176
1891.291	7347
1893.4	7304
1895.511	7262
1897.621	7355
1899.73	7352
1901.837	7240
1903.944	7419
1906.053	7377
1908.159	7395
1910.265	7418
1912.369	7445
1914.474	7454
1916.577	7388
1918.683	7398
1920.785	7371
1922.888	7396
1924.989	7263
1927.091	7441
1929.193	7367
1931.294	7418
1933.393	7333
1935.493	7303
1937.59	7422
1939.689	7456
1941.788	7442
1943.884	7440
1945.98	7452
1948.077	7367
1950.171	7350
1952.267	7418
1954.361	7335
1956.455	7395
1958.548	7383
1960.64	7443
1962.733	7437
1964.824	7485
1966.915	7466
1969.005	7333
1971.096	7324
1973.185	7354
1975.275	7493
1977.363	7294
1979.45	7371
1981.537	7456
1983.623	7272
1985.711	7308
1987.796	7304
1989.881	7330
1991.965	7330
1994.047	7398
1996.132	7279
1998.215	7405
2000.297	7372
2002.378	7363
2004.46	7247
2006.54	7407
2008.62	7385
2010.7	7396
2012.779	7259
2014.858	7432
2016.934	7388
2019.013	7458
2021.09	7560
2023.165	7362
2025.241	7387
2027.317	7327
2029.39	7360
2031.466	7390
2033.538	7344
2035.612	7301
2037.683	7337
2039.755	7265
2041.827	7278
2043.898	7436
2045.968	7294
2048.038	7315
2050.106	7343
2052.177	7377
2054.244	7381
2056.313	7359
2058.379	7380
2060.444	7396
2062.511	7343
2064.577	7314
2066.641	7441
2068.705	7399
2070.77	7425
2072.832	7513
2074.896	7296
2076.958	7371
2079.02	7339
2081.081	7427
2083.141	7415
2085.2	7452
2087.261	7355
2089.319	7359
2091.377	7388
2093.435	7440
2095.492	7475
2097.552	7212
2099.607	7400
2101.663	7441
2103.718	7380
2105.771	7436
2107.826	7271
2109.879	7354
2111.932	7446
2113.985	7361
2116.037	7307
2118.088	7408
2120.141	7409
2122.191	7490
2124.239	7277
2126.288	7427
2128.337	7504
2130.387	7411
2132.434	7463
2134.481	7394
2136.528	7331
2138.574	7446
2140.618	7404
2142.665	7305
2144.71	7514
2146.753	7424
2148.797	7396
2150.838	7411
2152.883	7375
2154.923	7432
2156.965	7519
2159.007	7460
2161.046	7351
2163.086	7341
2165.126	7254
2167.163	7300
2169.202	7285
2171.239	7377
2173.277	7471
2175.314	7290
2177.349	7243
2179.385	7313
2181.42	7294
2183.453	7349
2185.49	7234
2187.522	7231
2189.555	7356
2191.586	7257
2193.619	7330
2195.651	7306
2197.682	7257
2199.711	7160
2201.74	7149
2203.769	7229
2205.799	7300
2207.828	7311
2209.855	7339
2211.882	7234
2213.908	7287
2215.934	7184
2217.961	7047
2219.986	7209
2222.01	7043
2224.034	7220
2226.057	7321
2228.08	7149
2230.104	7165
2232.124	7208
2234.145	7245
2236.166	7173
2238.186	7231
2240.207	7271
2242.227	7339
2244.244	7113
2246.262	7228
2248.28	7172
2250.299	7191
2252.314	7339
2254.33	7215
2256.346	7160
2258.36	7199
2260.375	7253
2262.391	7350
2264.403	7234
2266.416	7311
2268.427	7193
2270.44	7200
2272.453	7295
2274.463	7355
2276.474	7190
2278.483	7098
2280.493	7192
2282.501	7242
2284.51	7196
2286.518	7245
2288.524	7218
2290.532	7264
2292.537	7225
2294.544	7131
2296.55	7335
2298.554	7196
2300.557	7250
2302.562	7136
2304.566	7198
2306.568	7153
2308.569	7246
2310.572	7197
2312.573	7147
2314.573	7212
2316.574	7248
2318.573	7241
2320.571	7107
2322.571	7196
2324.569	7203
2326.567	7215
2328.564	7229
2330.56	7105
2332.556	7138
2334.551	7088
2336.546	7157
2338.542	7181
2340.535	7129
2342.529	7040
2344.521	7127
2346.512	6995
2348.505	7156
2350.497	6995
2352.487	7207
2354.478	6979
2356.468	7047
2358.457	7011
2360.446	7164
2362.434	7095
2364.422	7104
2366.408	7177
2368.395	7044
2370.383	7134
2372.369	7035
2374.353	7042
2376.338	7058
2378.321	7058
2380.307	7058
2382.29	6999
2384.272	7056
2386.254	7093
2388.235	7061
2390.218	7081
2392.198	6982
2394.179	7092
2396.157	7044
2398.137	7074
2400.115	7133
2402.095	7012
2404.072	6933
2406.048	6866
2408.026	7077
2410.001	6972
2411.977	7105
2413.953	6988
2415.927	6967
2417.9	7061
2419.875	7019
2421.847	6946
2423.821	6920
2425.792	6912
2427.763	6837
2429.736	7075
2431.706	6967
2433.677	6880
2435.646	6986
2437.615	6961
2439.583	6991
2441.551	7085
2443.519	6946
2445.486	6885
2447.452	7004
2449.418	7062
2451.383	6922
2453.348	7007
2455.314	6930
2457.278	6909
2459.241	6955
2461.205	6893
2463.167	6995
2465.131	6959
2467.091	6971
2469.052	6855
2471.012	6922
2472.972	6977
2474.932	6889
2476.891	6952
2478.85	6900
2480.808	6918
2482.766	6863
2484.722	6883
2486.68	6920
2488.636	6870
2490.591	6959
2492.546	6903
2494.5	6879
2496.456	6899
2498.41	6992
2500.362	6891
2502.315	6875
2504.266	6886
2506.218	6878
2508.169	6854
2510.121	6924
2512.07	6968
2514.019	6852
2515.968	7005
2517.918	6840
2519.866	6848
2521.813	6925
2523.76	6954
2525.707	6842
2527.653	6878
2529.599	6841
2531.543	7042
2533.489	6932
2535.433	6832
2537.376	6774
2539.32	6956
2541.264	6825
2543.205	6743
2545.147	6960
2547.087	6908
2549.029	6746
2550.969	6947
2552.908	6802
2554.847	6951
2556.786	6888
2558.724	6760
2560.663	6974
2562.6	6876
2564.537	6881
2566.473	6855
2568.408	6886
2570.345	6814
2572.28	6829
2574.214	6870
2576.148	6774
2578.081	6887
2580.014	6952
2581.947	6908
2583.879	6922
2585.81	6791
2587.741	6907
2589.67	6990
2591.602	6762
2593.532	6909
2595.461	6960
2597.388	6901
2599.316	6996
2601.244	6921
2603.172	6948
2605.098	6909
2607.023	6934
2608.949	6830
2610.873	6876
2612.8	6961
2614.723	6900
2616.647	6876
2618.569	6892
2620.493	6883
2622.416	7021
2624.338	6897
2626.258	6883
2628.179	6913
2630.099	6931
2632.019	6780
2633.939	6929
2635.857	7002
2637.775	6868
2639.694	6844
2641.61	7014
2643.528	6921
2645.444	6879
2647.361	6867
2649.276	6824
2651.19	6900
2653.105	6829
2655.019	6885
2656.934	6941
2658.846	6896
2660.758	6816
2662.67	6969
2664.583	6951
2666.493	6809
2668.404	6760
2670.313	6795
2672.223	7054
2674.134	6875
2676.042	6895
2677.95	6822
2679.858	6838
2681.765	6880
2683.673	6923
2685.579	6778
2687.483	6783
2689.389	6824
2691.294	6837
2693.198	6800
2695.104	6767
2697.006	6901
2698.909	6871
2700.811	6775
2702.713	6917
2704.615	6826
2706.516	6633
2708.417	6919
2710.316	6776
2712.216	6757
2714.115	6828
2716.014	6735
2717.913	6788
2719.81	6689
2721.707	6784
2723.603	6798
2725.501	6645
2727.396	6707
2729.292	6748
2731.186	6832
2733.081	6696
2734.976	6753
2736.87	6731
2738.762	6688
2740.653	6766
2742.546	6818
2744.437	6827
2746.329	6807
2748.22	6661
2750.11	6707
2751.999	6633
2753.889	6831
2755.778	6730
2757.666	6780
2759.553	6650
2761.44	6642
2763.328	6782
2765.215	6722
2767.101	6778
2768.986	6678
2770.87	6771
2772.754	6624
2774.638	6638
2776.523	6718
2778.405	6793
2780.288	6615
2782.17	6761
2784.051	6750
2785.934	6644
2787.814	6851
2789.694	6750
2791.574	6733
2793.453	6500
2795.332	6783
2797.212	6649
2799.088	6670
2800.966	6751
2802.843	6577
2804.719	6614
2806.597	6714
2808.471	6688
2810.346	6673
2812.221	6621
2814.094	6616
2815.969	6660
2817.843	6660
2819.714	6645
2821.587	6731
2823.459	6846
2825.329	6716
2827.202	6785
2829.072	6665
2830.942	6606
2832.811	6723
2834.68	6718
2836.549	6652
2838.418	6808
2840.284	6573
2842.152	6733
2844.018	6673
2845.885	6702
2847.751	6731
2849.616	6667
2851.482	6732
2853.345	6841
2855.208	6782
2857.074	6798
2858.937	6746
2860.799	6745
2862.66	6777
2864.522	6747
2866.385	6802
2868.245	6833
2870.104	6887
2871.964	6999
2873.824	6944
2875.683	6880
2877.542	7004
2879.4	6996
2881.257	7064
2883.114	7113
2884.97	7092
2886.827	7077
2888.683	7145
2890.537	7167
2892.392	7120
2894.246	7060
2896.1	7107
2897.954	7116
2899.807	7069
2901.66	6912
2903.51	7131
2905.362	7101
2907.214	7046
2909.065	7087
2910.915	6973
2912.765	7076
2914.613	7150
2916.463	7151
2918.311	7187
2920.158	7134
2922.006	7249
2923.853	7219
2925.698	7130
2927.546	7176
2929.392	7325
2931.236	7287
2933.081	7396
2934.924	7265
2936.77	7424
2938.613	7327
2940.455	7373
2942.298	7522
2944.139	7613
2945.982	7680
2947.823	7721
2949.662	7675
2951.503	7690
2953.342	7547
2955.182	7520
2957.021	7387
2958.858	7473
2960.697	7413
2962.534	7416
2964.37	7451
2966.207	7226
2968.044	7222
2969.879	7143
2971.714	7104
2973.548	6988
2975.383	6968
2977.218	6880
2979.051	6935
2980.883	6924
2982.715	7005
2984.547	6873
2986.379	6868
2988.21	6774
2990.04	6728
2991.87	6682
2993.7	6758
2995.53	6812
2997.359	6738
2999.187	6528
3001.015	6849
3002.842	6669
3004.669	6517
3006.497	6545
3008.323	6513
3010.148	6449
3011.974	6485
3013.797	6444
3015.623	6478
3017.447	6427
3019.27	6511
3021.094	6446
3022.915	6443
3024.737	6551
3026.56	6403
3028.38	6470
3030.201	6337
3032.022	6353
3033.84	6438
3035.662	6270
3037.481	6314
3039.298	6362
3041.117	6321
3042.933	6370
3044.752	6363
3046.568	6398
3048.385	6428
3050.2	6349
3052.016	6303
3053.83	6391
3055.646	6344
3057.46	6295
3059.272	6366
3061.086	6303
3062.898	6311
3064.711	6204
3066.524	6358
3068.335	6287
3070.145	6372
3071.956	6387
3073.766	6252
3075.576	6321
3077.385	6318
3079.193	6182
3081.002	6224
3082.81	6201
3084.618	6225
3086.425	6119
3088.231	6330
3090.036	6140
3091.842	6170
3093.648	6102
3095.452	6125
3097.257	6212
3099.06	5964
3100.863	6044
3102.666	6111
3104.47	6173
3106.272	6184
3108.073	6146
3109.875	6126
3111.676	6167
3113.477	6112
3115.277	6189
3117.077	6109
3118.874	6086
3120.673	6192
3122.473	6077
3124.271	6191
3126.066	6182
3127.863	6070
3129.66	6033
3131.456	5969
3133.252	6083
3135.047	6076
3136.842	6066
3138.635	5969
3140.429	5946
3142.223	5979
3144.016	6045
3145.808	5953
3147.6	6024
3149.392	6120
3151.183	6067
3152.975	6002
3154.765	6033
3156.553	6097
3158.344	5999
3160.132	6008
3161.922	6052
3163.71	5967
3165.497	5988
3167.285	6054
3169.071	5969
3170.858	6127
3172.645	5975
3174.429	6003
3176.214	5884
3177.998	5920
3179.783	5900
3181.568	5913
3183.351	5942
3185.133	5928
3186.915	5914
3188.698	5914
3190.481	5969
3192.261	5833
3194.042	5998
3195.822	5912
3197.601	5947
3199.381	5864
3201.161	5970
3202.939	5936
3204.717	5869
3206.495	5878
3208.272	5916
3210.05	5848
3211.826	5847
3213.602	5891
3215.376	5851
3217.151	5959
3218.927	5843
3220.702	5911
3222.476	5868
3224.249	5851
3226.021	5876
3227.793	5887
3229.567	5947
3231.339	5837
3233.109	5937
3234.88	5826
3236.651	5869
3238.421	5774
3240.191	5838
3241.96	5816
3243.728	5844
3245.497	5800
3247.263	5748
3249.033	5806
3250.799	5858
3252.566	5877
3254.331	5914
3256.097	5818
3257.863	5943
3259.628	5928
3261.392	5830
3263.156	5823
3264.919	5694
3266.683	5877
3268.447	5828
3270.208	5970
3271.969	5758
3273.731	5849
3275.492	5840
3277.253	5750
3279.013	5856
3280.773	5864
3282.532	5885
3284.291	5858
3286.05	5886
3287.808	5792
3289.566	5784
3291.323	5823
3293.079	5803
3294.835	5888
3296.593	5755
3298.348	5825
3300.102	5706
3301.857	5800
3303.611	5824
3305.366	5785
3307.119	5682
3308.872	5777
3310.624	5736
3312.376	5718
3314.129	5857
3315.881	5821
3317.631	5891
3319.38	5804
3321.13	5696
3322.88	5755
3324.631	5645
3326.379	5784
3328.126	5777
3329.875	5769
3331.622	5805
3333.371	5693
3335.116	5633
3336.863	5753
3338.609	5796
3340.353	5709
3342.1	5777
3343.845	5695
3345.588	5721
3347.332	5738
3349.074	5733
3350.817	5707
3352.56	5723
3354.303	5582
3356.043	5687
3357.785	5687
3359.525	5729
3361.268	5672
3363.007	5624
3364.745	5720
3366.485	5642
3368.223	5638
3369.962	5639
3371.701	5703
3373.438	5677
3375.174	5780
3376.911	5657
3378.647	5629
3380.384	5626
3382.118	5742
3383.854	5693
3385.588	5648
3387.322	5657
3389.057	5566
3390.79	5648
3392.522	5620
3394.255	5602
3395.987	5596
3397.719	5558
3399.451	5610
3401.181	5668
3402.911	5542
3404.641	5626
3406.371	5422
3408.101	5542
3409.83	5649
3411.558	5578
3413.285	5560
3415.011	5646
3416.739	5512
3418.467	5527
3420.193	5582
3421.919	5572
3423.644	5534
3425.368	5461
3427.094	5517
3428.818	5554
3430.542	5580
3432.264	5579
3433.987	5563
3435.712	5531
3437.434	5537
3439.155	5575
3440.876	5326
3442.596	5402
3444.317	5408
3446.039	5463
3447.757	5395
3449.477	5504
3451.195	5426
3452.914	5448
3454.632	5369
3456.35	5409
3458.067	5317
3459.784	5337
3461.5	5408
3463.216	5338
3464.932	5356
3466.647	5445
3468.362	5434
3470.076	5424
3471.789	5333
3473.505	5417
3475.217	5298
3476.929	5285
3478.641	5388
3480.354	5301
3482.066	5255
3483.777	5260
3485.487	5376
3487.197	5281
3488.908	5271
3490.617	5385
3492.327	5298
3494.035	5302
3495.743	5285
3497.451	5357
3499.158	5328
3500.866	5281
3502.572	5256
3504.278	5260
3505.984	5264
3507.689	5322
3509.396	5266
3511.1	5206
3512.804	5354
3514.508	5294
3516.211	5308
3517.913	5294
3519.616	5244
3521.319	5205
3523.021	5254
3524.722	5249
3526.422	5190
3528.124	5224
3529.824	5129
3531.524	5217
3533.222	5169
3534.921	5101
3536.62	5163
3538.318	5232
3540.016	5136
3541.714	5202
3543.41	5177
3545.107	5184
3546.803	5122
3548.5	5145
3550.194	5089
3551.889	5153
3553.583	5099
3555.279	5093
3556.972	5073
3558.666	5168
3560.358	5170
3562.051	5156
3563.742	5146
3565.435	5084
3567.126	5179
3568.817	5118
3570.507	5164
3572.197	5043
3573.888	5134
3575.577	5047
3577.265	5064
3578.954	5101
3580.642	5095
3582.329	5093
3584.017	5078
3585.704	5153
3587.391	4981
3589.077	5077
3590.762	5009
3592.449	5060
3594.133	5019
3595.817	4971
3597.501	5056
3599.185	4953
3600.869	5026
3602.552	4981
3604.234	4975
3605.916	4987
3607.598	4998
3609.279	4951
3610.961	4994
3612.642	5020
3614.321	4964
3616	4955
3617.68	4969
3619.36	4998
3621.039	4968
3622.716	4952
3624.394	4963
3626.071	4953
3627.748	4854
3629.425	4990
3631.102	4876
3632.778	4963
3634.452	4902
3636.127	4900
3637.803	4881
3639.477	4882
3641.151	4868
3642.823	4864
3644.497	4914
3646.171	4793
3647.842	4862
3649.515	4797
3651.185	4872
3652.857	4842
3654.527	4845
3656.198	4831
3657.868	4890
3659.537	4804
3661.207	4822
3662.875	4831
3664.544	4799
3666.212	4836
3667.879	4816
3669.546	4785
3671.212	4820
3672.88	4767
3674.546	4791
3676.211	4845
3677.875	4841
3679.541	4761
3681.205	4772
3682.87	4822
3684.533	4851
3686.196	4768
3687.859	4735
3689.521	4738
3691.184	4650
3692.845	4760
3694.507	4765
3696.167	4741
3697.827	4738
3699.487	4759
3701.148	4821
3702.808	4732
3704.466	4805
3706.125	4705
3707.783	4725
3709.442	4681
3711.099	4694
3712.757	4761
3714.412	4708
3716.068	4691
3717.725	4696
3719.381	4669
3721.036	4693
3722.689	4726
3724.344	4692
3725.998	4692
3727.652	4677
3729.305	4681
3730.958	4598
3732.61	4691
3734.262	4629
3735.915	4694
3737.565	4654
3739.217	4692
3740.866	4649
3742.516	4721
3744.165	4606
3745.816	4665
3747.464	4799
3749.113	4566
3750.761	4709
3752.409	4603
3754.057	4578
3755.703	4638
3757.35	4646
3758.996	4686
3760.641	4650
3762.289	4768
3763.933	4550
3765.577	4636
3767.222	4660
3768.865	4595
3770.508	4573
3772.152	4572
3773.796	4548
3775.438	4535
3777.079	4589
3778.721	4577
3780.363	4579
3782.003	4627
3783.643	4550
3785.283	4461
3786.923	4564
3788.563	4587
3790.203	4457
3791.841	4524
3793.479	4562
3795.115	4498
3796.753	4549
3798.391	4504
3800.027	4509
3801.664	4555
3803.299	4492
3804.935	4526
3806.571	4485
3808.206	4456
3809.839	4511
3811.473	4381
3813.107	4387
3814.74	4490
3816.375	4537
3818.006	4412
3819.638	4435
3821.27	4466
3822.9	4429
3824.532	4386
3826.163	4450
3827.792	4386
3829.423	4391
3831.051	4543
3832.682	4345
3834.311	4451
3835.938	4438
3837.566	4484
3839.193	4388
3840.821	4400
3842.448	4434
3844.075	4402
3845.7	4435
3847.325	4353
3848.951	4449
3850.576	4392
3852.201	4407
3853.825	4321
3855.448	4363
3857.072	4443
3858.694	4348
3860.318	4317
3861.939	4391
3863.562	4254
3865.183	4438
3866.804	4298
3868.426	4328
3870.045	4369
3871.666	4294
3873.285	4284
3874.904	4317
3876.524	4350
3878.142	4345
3879.76	4310
3881.378	4182
3882.995	4205
3884.612	4328
3886.229	4351
3887.845	4273
3889.461	4342
3891.076	4374
3892.691	4244
3894.307	4297
3895.922	4276
3897.536	4337
3899.149	4288
3900.761	4303
3902.374	4317
3903.988	4324
3905.6	4269
3907.212	4268
3908.822	4240
3910.433	4331
3912.045	4221
3913.655	4339
3915.265	4242
3916.875	4353
3918.483	4282
3920.093	4258
3921.702	4316
3923.309	4230
3924.917	4218
3926.523	4276
3928.13	4307
3929.739	4215
3931.344	4189
3932.95	4220
3934.555	4223
3936.159	4203
3937.766	4148
3939.369	4202
3940.974	4201
3942.577	4189
3944.181	4270
3945.783	4199
3947.386	4186
3948.989	4127
3950.59	4222
3952.191	4146
3953.791	4187
3955.394	4135
3956.994	4195
3958.593	4113
3960.192	4134
3961.791	4152
3963.392	4179
3964.99	4180
3966.588	4224
3968.185	4119
3969.782	4147
3971.379	4148
3972.976	4229
3974.572	4100
3976.168	4133
3977.763	4070
3979.358	4185
3980.954	4100
3982.548	4085
3984.142	4103
3985.736	4111
3987.329	4076
3988.922	4062
3990.516	4017
3992.108	4127
3993.698	4071
3995.29	4127
3996.881	3994
3998.473	3981
4000.064	4051
4001.653	3986
4003.242	3996
4004.832	4011
4006.422	3963
4008.01	4022
4009.598	3998
4011.186	4007
4012.773	3981
4014.36	3990
4015.947	3885
4017.534	4002
4019.119	3991
4020.705	3987
4022.291	3946
4023.876	3985
4025.461	3938
4027.044	3983
4028.627	3940
4030.211	3966
4031.795	4048
4033.378	3979
4034.96	3972
4036.542	4004
4038.124	3854
4039.704	3995
4041.286	3935
4042.867	3975
4044.447	3950
4046.026	3837
4047.606	3987
4049.187	3823
4050.765	3980
4052.343	3933
4053.92	3873
4055.498	3879
4057.076	3942
4058.654	3890
4060.23	3885
4061.806	3869
4063.381	3851
4064.957	3966
4066.533	3876
4068.107	3818
4069.682	3907
4071.256	3864
4072.829	3875
4074.404	3847
4075.977	3911
4077.549	3805
4079.121	3887
4080.693	3830
4082.265	3805
4083.836	3831
4085.407	3902
4086.977	3812
4088.547	3798
4090.117	3814
4091.687	3849
4093.256	3882
4094.825	3789
4096.392	3807
4097.96	3809
4099.528	3811
4101.097	3909
4102.663	3813
4104.229	3799
4105.795	3791
4107.361	3729
4108.928	3785
4110.493	3838
4112.058	3725
4113.621	3762
4115.186	3799
4116.75	3724
4118.313	3761
4119.876	3797
4121.438	3686
4123	3753
4124.562	3798
4126.125	3732
4127.686	3739
4129.246	3750
4130.807	3749
4132.367	3702
4133.927	3680
4135.486	3717
4137.046	3702
4138.604	3673
4140.162	3756
4141.72	3693
4143.279	3732
4144.836	3695
4146.393	3678
4147.949	3737
4149.505	3681
4151.062	3717
4152.617	3666
4154.172	3570
4155.727	3574
4157.281	3608
4158.836	3658
4160.39	3634
4161.943	3716
4163.496	3665
4165.048	3664
4166.601	3586
4168.154	3645
4169.706	3608
4171.257	3576
4172.808	3498
4174.358	3640
4175.909	3688
4177.458	3520
4179.008	3635
4180.558	3584
4182.106	3538
4183.655	3562
4185.204	3612
4186.751	3568
4188.298	3636
4189.845	3565
4191.392	3595
4192.939	3670
4194.485	3596
4196.031	3590
4197.576	3530
4199.121	3619
4200.666	3620
4202.211	3550
4203.754	3500
4205.298	3485
4206.84	3493
4208.384	3471
4209.927	3617
4211.47	3473
4213.011	3522
4214.552	3515
4216.094	3546
4217.635	3513
4219.175	3497
4220.716	3443
4222.255	3454
4223.793	3489
4225.335	3506
4226.873	3522
4228.411	3510
4229.948	3523
4231.486	3560
4233.024	3528
4234.562	3431
4236.098	3492
4237.634	3461
4239.169	3504
4240.705	3502
4242.241	3427
4243.776	3412
4245.31	3514
4246.844	3425
4248.378	3433
4249.911	3470
4251.445	3512
4252.978	3473
4254.51	3428
4256.042	3428
4257.574	3432
4259.107	3419
4260.638	3424
4262.169	3483
4263.699	3492
4265.228	3400
4266.759	3349
4268.289	3388
4269.818	3378
4271.345	3413
4272.874	3484
4274.402	3356
4275.931	3416
4277.458	3339
4278.985	3340
4280.512	3387
4282.037	3366
4283.564	3433
4285.089	3376
4286.615	3383
4288.139	3429
4289.664	3307
4291.187	3375
4292.712	3310
4294.235	3368
4295.759	3380
4297.281	3268
4298.804	3379
4300.327	3346
4301.849	3370
4303.37	3278
4304.891	3316
4306.412	3368
4307.933	3361
4309.453	3363
4310.973	3348
4312.492	3261
