398.1873	2789
400.7097	2705
403.2336	2728
405.7547	2691
408.2751	2720
410.7948	2717
413.3138	2757
415.83	2820
418.3497	2844
420.8666	2766
423.3829	2798
425.8985	2837
428.4133	2919
430.9275	2930
433.441	2859
435.9538	2863
438.4639	2852
440.9753	2998
443.4881	2974
445.9982	2947
448.5055	2929
451.0142	2909
453.5201	2901
456.0274	2890
458.5361	2908
461.04	2962
463.5453	2912
466.0478	2894
468.5517	2806
471.0549	2953
473.5574	2904
476.0572	2838
478.5584	2955
481.0568	2949
483.5545	2941
486.0557	2897
488.5521	2928
491.0478	3028
493.5449	2963
496.0392	3019
498.5349	2987
501.0299	2944
503.5222	2958
506.0139	2958
508.5048	3017
510.9991	3021
513.4887	2955
515.9777	3005
518.4659	2977
520.9534	3016
523.4403	2984
525.9306	2996
528.4161	3043
530.9009	3010
533.3851	3038
535.8687	3038
538.3535	3001
540.8356	2954
543.3171	3039
545.7979	2975
548.278	3044
550.7595	3028
553.2383	3011
555.7144	3059
558.1918	3042
560.6685	2968
563.1446	3018
565.6221	2988
568.0968	3097
570.5688	2991
573.0422	3081
575.515	3144
577.989	3001
580.4584	3083
582.9291	3121
585.3991	3081
587.8685	3089
590.3352	3117
592.8052	3108
595.2706	3107
597.7372	3085
600.2033	3100
602.6666	3029
605.1334	3127
607.5953	3131
610.0587	3128
612.5193	3127
614.9814	3086
617.4427	3153
619.9034	3085
622.3615	3055
624.8208	3100
627.2775	3154
629.7335	3062
632.1929	3034
634.6476	3105
637.1016	3109
639.5569	3093
642.0096	3101
644.4637	3173
646.9151	3113
649.3678	3157
651.8179	3106
654.2672	3146
656.7159	3179
659.166	3155
661.6154	3215
664.0622	3188
666.5082	3207
668.9537	3123
671.4005	3272
673.8445	3210
676.288	3191
678.7308	3162
681.1729	3189
683.6163	3161
686.0572	3199
688.4973	3204
690.9368	3183
693.3757	3227
695.8138	3265
698.2534	3251
700.6902	3306
703.1245	3218
705.56	3210
707.9949	3181
710.4311	3247
712.8647	3261
715.2957	3291
717.7279	3339
720.1595	3294
722.5905	3356
725.0208	3315
727.4505	3332
729.8795	3332
732.3058	3321
734.7336	3336
737.1626	3283
739.587	3392
742.0128	3315
744.4359	3335
746.8604	3388
749.2841	3364
751.7073	3373
754.1278	3419
756.5496	3431
758.9688	3384
761.3893	3430
763.8093	3415
766.2285	3457
768.6451	3335
771.0611	3426
773.4784	3346
775.895	3445
778.3091	3427
780.7244	3429
783.1371	3412
785.5493	3501
787.9626	3467
790.3754	3392
792.7856	3505
795.1951	3496
797.6039	3358
800.0121	3435
802.4236	3420
804.8306	3394
807.2369	3490
809.6425	3543
812.0475	3434
814.4538	3418
816.8575	3423
819.2606	3491
821.663	3504
824.0648	3459
826.4659	3437
828.8683	3419
831.2682	3430
833.6674	3554
836.066	3430
838.4639	3560
840.8632	3425
843.2579	3469
845.6539	3516
848.0493	3470
850.444	3508
852.84	3570
855.2315	3408
857.6243	3467
860.0165	3590
862.4081	3498
864.797	3451
867.1892	3518
869.5789	3501
871.9659	3597
874.3542	3638
876.74	3566
879.129	3491
881.5155	3463
883.8994	3541
886.2845	3483
888.6671	3522
891.051	3528
893.4343	3533
895.8169	3506
898.197	3542
900.5783	3492
902.9571	3538
905.3372	3555
907.7167	3568
910.0936	3555
912.4698	3626
914.8474	3595
917.2244	3621
919.5987	3592
921.9744	3628
924.3475	3645
926.72	3685
929.0918	3712
931.4669	3593
933.8375	3641
936.2074	3653
938.5767	3682
940.9454	3711
943.3154	3655
945.6829	3817
948.0497	3888
950.4178	3935
952.7833	3962
955.1483	4117
957.5145	4211
959.8782	4331
962.2412	4190
964.6036	4202
966.9655	3984
969.3266	3979
971.6871	3883
974.0471	3802
976.4064	3749
978.765	3659
981.125	3653
983.4824	3658
985.8373	3598
988.1935	3658
990.549	3654
992.9039	3620
995.2602	3618
997.6119	3571
999.965	3679
1002.317	3650
1004.667	3644
1007.02	3716
1009.371	3720
1011.719	3645
1014.068	3689
1016.415	3640
1018.765	3630
1021.111	3701
1023.458	3706
1025.804	3704
1028.147	3677
1030.49	3644
1032.837	3696
1035.179	3829
1037.522	3765
1039.862	3762
1042.204	3692
1044.546	3723
1046.884	3760
1049.224	3793
1051.562	3747
1053.899	3793
1056.237	3728
1058.575	3724
1060.91	3683
1063.244	3682
1065.58	3864
1067.913	3854
1070.248	3773
1072.579	3738
1074.911	3726
1077.242	3707
1079.572	3716
1081.905	3807
1084.234	3816
1086.562	3686
1088.89	3681
1091.217	3732
1093.544	3726
1095.871	3806
1098.197	3680
1100.521	3766
1102.845	3735
1105.169	3734
1107.491	3911
1109.814	3735
1112.135	3707
1114.456	3873
1116.776	3767
1119.096	3790
1121.415	3808
1123.734	3760
1126.052	3912
1128.369	3727
1130.686	3760
1133.002	3835
1135.318	3779
1137.632	3728
1139.945	3792
1142.258	3766
1144.573	3752
1146.884	3748
1149.196	3777
1151.505	3751
1153.816	3829
1156.124	3723
1158.435	3818
1160.742	3873
1163.051	3784
1165.356	3782
1167.663	3788
1169.97	3853
1172.276	3824
1174.579	3824
1176.881	3800
1179.186	3808
1181.487	3797
1183.79	3766
1186.092	3697
1188.392	3727
1190.691	3752
1192.991	3779
1195.291	3738
1197.588	3758
1199.885	3849
1202.181	3779
1204.479	3782
1206.775	3790
1209.07	3750
1211.363	3844
1213.656	3837
1215.949	3844
1218.241	3781
1220.534	3868
1222.825	3925
1225.115	3856
1227.405	3889
1229.693	3885
1231.984	3865
1234.271	3831
1236.558	3827
1238.845	3869
1241.131	3845
1243.416	3934
1245.703	3960
1247.987	3857
1250.269	3883
1252.552	3942
1254.834	3847
1257.118	3918
1259.399	3960
1261.678	3995
1263.958	3888
1266.237	3901
1268.516	3898
1270.794	3956
1273.072	3947
1275.347	3914
1277.624	3913
1279.899	3847
1282.175	3877
1284.449	3902
1286.722	3841
1288.995	3847
1291.266	3813
1293.54	3933
1295.81	3910
1298.081	3817
1300.35	3880
1302.62	3989
1304.889	3899
1307.156	3862
1309.425	3897
1311.69	3910
1313.957	3894
1316.222	3919
1318.488	3901
1320.751	3856
1323.016	3902
1325.278	3932
1327.54	3914
1329.803	3822
1332.065	3949
1334.325	3955
1336.584	3922
1338.843	3903
1341.101	3890
1343.36	3964
1345.617	3969
1347.876	3890
1350.131	3926
1352.387	3920
1354.643	3909
1356.897	3936
1359.151	3932
1361.403	3872
1363.656	3942
1365.909	3957
1368.16	3957
1370.409	3935
1372.659	3943
1374.909	3955
1377.157	3899
1379.407	3973
1381.655	3916
1383.9	3915
1386.147	3948
1388.393	4021
1390.64	3953
1392.885	3957
1395.127	3991
1397.37	4042
1399.614	4049
1401.854	3944
1404.098	4030
1406.339	3924
1408.578	4031
1410.818	4013
1413.056	4084
1415.297	4115
1417.533	3952
1419.771	4015
1422.006	4001
1424.243	4031
1426.479	4078
1428.715	3982
1430.948	4058
1433.182	4116
1435.414	4071
1437.647	4104
1439.88	4168
1442.11	4069
1444.342	4065
1446.571	4088
1448.799	4095
1451.029	4046
1453.258	4101
1455.485	4038
1457.711	4085
1459.937	4088
1462.164	4094
1464.39	4070
1466.614	4095
1468.838	4019
1471.06	4038
1473.283	4036
1475.506	4112
1477.727	4040
1479.949	4019
1482.169	4122
1484.389	3917
1486.609	4009
1488.828	4062
1491.045	3984
1493.261	3976
1495.477	4023
1497.693	4091
1499.91	4022
1502.125	4027
1504.339	4030
1506.553	3938
1508.766	3992
1510.979	3926
1513.191	3888
1515.402	4054
1517.613	3958
1519.823	4006
1522.033	4014
1524.242	3947
1526.451	4002
1528.657	4003
1530.865	3982
1533.072	3958
1535.278	4024
1537.484	3971
1539.687	3977
1541.892	3994
1544.096	3974
1546.299	4030
1548.502	4007
1550.703	3927
1552.905	4051
1555.104	4075
1557.303	4064
1559.505	4104
1561.703	4085
1563.902	4062
1566.099	4077
1568.295	4112
1570.494	4151
1572.689	4078
1574.883	4126
1577.079	4079
1579.272	4045
1581.467	4026
1583.659	4054
1585.853	4196
1588.044	4059
1590.234	4145
1592.424	4067
1594.615	4055
1596.806	4156
1598.994	4114
1601.182	4138
1603.369	4054
1605.557	4149
1607.744	4176
1609.929	4127
1612.114	4211
1614.298	4102
1616.482	4002
1618.667	4140
1620.85	4091
1623.032	4103
1625.214	4166
1627.395	4230
1629.575	4178
1631.755	4182
1633.935	4240
1636.114	4224
1638.292	4124
1640.471	4108
1642.647	4120
1644.823	4231
1647	4097
1649.175	4164
1651.348	4152
1653.525	4217
1655.698	4150
1657.87	4180
1660.043	4174
1662.213	4271
1664.387	4276
1666.558	4256
1668.727	4223
1670.896	4158
1673.064	4220
1675.233	4154
1677.401	4236
1679.569	4155
1681.735	4154
1683.902	4206
1686.066	4239
1688.233	4173
1690.397	4212
1692.559	4249
1694.723	4188
1696.885	4261
1699.048	4148
1701.21	4213
1703.37	4140
1705.53	4129
1707.689	4142
1709.849	4126
1712.009	4100
1714.166	4146
1716.323	4108
1718.479	4126
1720.634	4089
1722.793	4176
1724.948	4198
1727.102	4141
1729.255	4119
1731.408	4166
1733.562	4141
1735.714	4111
1737.865	4129
1740.016	4161
1742.166	4197
1744.316	4196
1746.467	4159
1748.616	4159
1750.764	4164
1752.911	4284
1755.056	4225
1757.205	4236
1759.35	4219
1761.496	4212
1763.641	4183
1765.785	4160
1767.927	4238
1770.072	4164
1772.214	4256
1774.355	4151
1776.496	4199
1778.637	4209
1780.778	4221
1782.918	4228
1785.057	4176
1787.194	4212
1789.333	4187
1791.472	4253
1793.608	4194
1795.745	4298
1797.879	4181
1800.015	4251
1802.148	4236
1804.284	4218
1806.417	4231
1808.548	4240
1810.682	4164
1812.812	4280
1814.946	4153
1817.075	4215
1819.205	4178
1821.335	4304
1823.463	4227
1825.59	4227
1827.721	4283
1829.847	4212
1831.973	4234
1834.098	4213
1836.223	4210
1838.351	4146
1840.475	4185
1842.598	4172
1844.721	4199
1846.843	4175
1848.966	4152
1851.087	4223
1853.21	4210
1855.33	4186
1857.449	4252
1859.568	4229
1861.688	4261
1863.806	4282
1865.924	4165
1868.039	4205
1870.155	4190
1872.273	4188
1874.388	4308
1876.503	4168
1878.617	4162
1880.73	4221
1882.844	4255
1884.956	4254
1887.068	4282
1889.18	4282
1891.291	4256
1893.4	4132
1895.511	4260
1897.621	4269
1899.73	4256
1901.837	4246
1903.944	4295
1906.053	4305
1908.159	4214
1910.265	4297
1912.369	4348
1914.474	4368
1916.577	4336
1918.683	4256
1920.785	4304
1922.888	4298
1924.989	4334
1927.091	4311
1929.193	4331
1931.294	4273
1933.393	4284
1935.493	4354
1937.59	4350
1939.689	4278
1941.788	4303
1943.884	4344
1945.98	4382
1948.077	4343
1950.171	4244
1952.267	4366
1954.361	4385
1956.455	4262
1958.548	4285
1960.64	4303
1962.733	4383
1964.824	4275
1966.915	4377
1969.005	4277
1971.096	4339
1973.185	4319
1975.275	4237
1977.363	4360
1979.45	4287
1981.537	4374
1983.623	4241
1985.711	4349
1987.796	4314
1989.881	4346
1991.965	4341
1994.047	4273
1996.132	4321
1998.215	4259
2000.297	4325
2002.378	4301
2004.46	4302
2006.54	4242
2008.62	4281
2010.7	4298
2012.779	4309
2014.858	4232
2016.934	4423
2019.013	4279
2021.09	4325
2023.165	4343
2025.241	4322
2027.317	4303
2029.39	4339
2031.466	4339
2033.538	4359
2035.612	4255
2037.683	4423
2039.755	4349
2041.827	4288
2043.898	4238
2045.968	4366
2048.038	4269
2050.106	4379
2052.177	4226
2054.244	4279
2056.313	4263
2058.379	4407
2060.444	4307
2062.511	4242
2064.577	4290
2066.641	4279
2068.705	4392
2070.77	4336
2072.832	4321
2074.896	4326
2076.958	4415
2079.02	4299
2081.081	4299
2083.141	4300
2085.2	4299
2087.261	4275
2089.319	4316
2091.377	4310
2093.435	4329
2095.492	4403
2097.552	4304
2099.607	4264
2101.663	4292
2103.718	4296
2105.771	4314
2107.826	4318
2109.879	4299
2111.932	4363
2113.985	4388
2116.037	4421
2118.088	4382
2120.141	4274
2122.191	4285
2124.239	4346
2126.288	4378
2128.337	4342
2130.387	4293
2132.434	4336
2134.481	4374
2136.528	4341
2138.574	4298
2140.618	4394
2142.665	4278
2144.71	4236
2146.753	4235
2148.797	4252
2150.838	4359
2152.883	4368
2154.923	4357
2156.965	4315
2159.007	4412
2161.046	4338
2163.086	4327
2165.126	4336
2167.163	4306
2169.202	4374
2171.239	4311
2173.277	4300
2175.314	4293
2177.349	4302
2179.385	4238
2181.42	4307
2183.453	4336
2185.49	4227
2187.522	4220
2189.555	4399
2191.586	4269
2193.619	4257
2195.651	4369
2197.682	4192
2199.711	4290
2201.74	4276
2203.769	4276
2205.799	4273
2207.828	4288
2209.855	4316
2211.882	4253
2213.908	4202
2215.934	4212
2217.961	4301
2219.986	4224
2222.01	4274
2224.034	4178
2226.057	4202
2228.08	4250
2230.104	4197
2232.124	4210
2234.145	4312
2236.166	4172
2238.186	4336
2240.207	4245
2242.227	4314
2244.244	4327
2246.262	4307
2248.28	4294
2250.299	4249
2252.314	4238
2254.33	4247
2256.346	4305
2258.36	4201
2260.375	4308
2262.391	4237
2264.403	4316
2266.416	4200
2268.427	4270
2270.44	4250
2272.453	4342
2274.463	4240
2276.474	4295
2278.483	4279
2280.493	4250
2282.501	4265
2284.51	4277
2286.518	4286
2288.524	4311
2290.532	4310
2292.537	4247
2294.544	4207
2296.55	4281
2298.554	4278
2300.557	4307
2302.562	4245
2304.566	4260
2306.568	4266
2308.569	4280
2310.572	4248
2312.573	4191
2314.573	4197
2316.574	4308
2318.573	4263
2320.571	4272
2322.571	4197
2324.569	4206
2326.567	4202
2328.564	4150
2330.56	4208
2332.556	4183
2334.551	4193
2336.546	4277
2338.542	4246
2340.535	4232
2342.529	4238
2344.521	4200
2346.512	4227
2348.505	4238
2350.497	4214
2352.487	4246
2354.478	4163
2356.468	4226
2358.457	4199
2360.446	4184
2362.434	4168
2364.422	4227
2366.408	4298
2368.395	4169
2370.383	4270
2372.369	4293
2374.353	4259
2376.338	4290
2378.321	4178
2380.307	4160
2382.29	4147
2384.272	4205
2386.254	4117
2388.235	4224
2390.218	4232
2392.198	4251
2394.179	4113
2396.157	4105
2398.137	4285
2400.115	4114
2402.095	4193
2404.072	4238
2406.048	4235
2408.026	4158
2410.001	4194
2411.977	4198
2413.953	4129
2415.927	4248
2417.9	4220
2419.875	4154
2421.847	4162
2423.821	4160
2425.792	4183
2427.763	4270
2429.736	4252
2431.706	4209
2433.677	4136
2435.646	4205
2437.615	4239
2439.583	4150
2441.551	4213
2443.519	4173
2445.486	4059
2447.452	4217
2449.418	4185
2451.383	4184
2453.348	4175
2455.314	4077
2457.278	4290
2459.241	4180
2461.205	4152
2463.167	4102
2465.131	4160
2467.091	4133
2469.052	4076
2471.012	4064
2472.972	4188
2474.932	4137
2476.891	4122
2478.85	4128
2480.808	4170
2482.766	4241
2484.722	4111
2486.68	4097
2488.636	4143
2490.591	4165
2492.546	4091
2494.5	4176
2496.456	4121
2498.41	4151
2500.362	4160
2502.315	4121
2504.266	4186
2506.218	4162
2508.169	4048
2510.121	4200
2512.07	4181
2514.019	4050
2515.968	4076
2517.918	4099
2519.866	4091
2521.813	4121
2523.76	4141
2525.707	4227
2527.653	4134
2529.599	4084
2531.543	4141
2533.489	4134
2535.433	4140
2537.376	4154
2539.32	4154
2541.264	4093
2543.205	4078
2545.147	4163
2547.087	4174
2549.029	4104
2550.969	4113
2552.908	4052
2554.847	4162
2556.786	4200
2558.724	4141
2560.663	4021
2562.6	4040
2564.537	4156
2566.473	4134
2568.408	4183
2570.345	4196
2572.28	4164
2574.214	4058
2576.148	4116
2578.081	4127
2580.014	4137
2581.947	4202
2583.879	4124
2585.81	4127
2587.741	4158
2589.67	4108
2591.602	4201
2593.532	4146
2595.461	4107
2597.388	4162
2599.316	4191
2601.244	4107
2603.172	4077
2605.098	4142
2607.023	4145
2608.949	4221
2610.873	4073
2612.8	4133
2614.723	4204
2616.647	4151
2618.569	4209
2620.493	4236
2622.416	4310
2624.338	4122
2626.258	4143
2628.179	4197
2630.099	4147
2632.019	4145
2633.939	4229
2635.857	4249
2637.775	4230
2639.694	4067
2641.61	4147
2643.528	4173
2645.444	4203
2647.361	4215
2649.276	4206
2651.19	4190
2653.105	4144
2655.019	4159
2656.934	4118
2658.846	4073
2660.758	4138
2662.67	4179
2664.583	4177
2666.493	4091
2668.404	4101
2670.313	4163
2672.223	4203
2674.134	4138
2676.042	4162
2677.95	4185
2679.858	4235
2681.765	4090
2683.673	4081
2685.579	4063
2687.483	4128
2689.389	4093
2691.294	4253
2693.198	4164
2695.104	4056
2697.006	4138
2698.909	4104
2700.811	4127
2702.713	4061
2704.615	4206
2706.516	4154
2708.417	4155
2710.316	4107
2712.216	4068
2714.115	4203
2716.014	4089
2717.913	4075
2719.81	4084
2721.707	4054
2723.603	4128
2725.501	4115
2727.396	4136
2729.292	4131
2731.186	4134
2733.081	4213
2734.976	4072
2736.87	4037
2738.762	4149
2740.653	4112
2742.546	4165
2744.437	4094
2746.329	4142
2748.22	4096
2750.11	4062
2751.999	4066
2753.889	4078
2755.778	4166
2757.666	4028
2759.553	4082
2761.44	4121
2763.328	4003
2765.215	4106
2767.101	4027
2768.986	4104
2770.87	4075
2772.754	4135
2774.638	4148
2776.523	4145
2778.405	4116
2780.288	4022
2782.17	4041
2784.051	4059
2785.934	4119
2787.814	4018
2789.694	4077
2791.574	4072
2793.453	4065
2795.332	4111
2797.212	4054
2799.088	4067
2800.966	3983
2802.843	4114
2804.719	4021
2806.597	4075
2808.471	3964
2810.346	3994
2812.221	4001
2814.094	4137
2815.969	3999
2817.843	3998
2819.714	4128
2821.587	4044
2823.459	4073
2825.329	3993
2827.202	4085
2829.072	4020
2830.942	4112
2832.811	3988
2834.68	4078
2836.549	4056
2838.418	4001
2840.284	4008
2842.152	4067
2844.018	4076
2845.885	4083
2847.751	4193
2849.616	4136
2851.482	4104
2853.345	4076
2855.208	4191
2857.074	4170
2858.937	4129
2860.799	4047
2862.66	4132
2864.522	4156
2866.385	4071
2868.245	4142
2870.104	4304
2871.964	4265
2873.824	4271
2875.683	4239
2877.542	4299
2879.4	4210
2881.257	4329
2883.114	4285
2884.97	4230
2886.827	4247
2888.683	4182
2890.537	4422
2892.392	4354
2894.246	4330
2896.1	4338
2897.954	4295
2899.807	4315
2901.66	4292
2903.51	4282
2905.362	4324
2907.214	4317
2909.065	4295
2910.915	4271
2912.765	4386
2914.613	4296
2916.463	4460
2918.311	4300
2920.158	4314
2922.006	4418
2923.853	4411
2925.698	4430
2927.546	4460
2929.392	4457
2931.236	4536
2933.081	4571
2934.924	4456
2936.77	4574
2938.613	4475
2940.455	4643
2942.298	4601
2944.139	4512
2945.982	4565
2947.823	4657
2949.662	4507
2951.503	4611
2953.342	4571
2955.182	4485
2957.021	4429
2958.858	4633
2960.697	4537
2962.534	4450
2964.37	4594
2966.207	4382
2968.044	4423
2969.879	4316
2971.714	4334
2973.548	4224
2975.383	4302
2977.218	4228
2979.051	4343
2980.883	4240
2982.715	4177
2984.547	4254
2986.379	4199
2988.21	4207
2990.04	4211
2991.87	4186
2993.7	4121
2995.53	4110
2997.359	4213
2999.187	4129
3001.015	4079
3002.842	4131
3004.669	4058
3006.497	4105
3008.323	4003
3010.148	3957
3011.974	4072
3013.797	4001
3015.623	4020
3017.447	3952
3019.27	3963
3021.094	4017
3022.915	4102
3024.737	3919
3026.56	3953
3028.38	3963
3030.201	3955
3032.022	4054
3033.84	3921
3035.662	3992
3037.481	3918
3039.298	3860
3041.117	3867
3042.933	3930
3044.752	3871
3046.568	3919
3048.385	3900
3050.2	3915
3052.016	3839
3053.83	3948
3055.646	3895
3057.46	3809
3059.272	3879
3061.086	3842
3062.898	3979
3064.711	3885
3066.524	3842
3068.335	3867
3070.145	3924
3071.956	3928
3073.766	3905
3075.576	3979
3077.385	3879
3079.193	3795
3081.002	3887
3082.81	3876
3084.618	3836
3086.425	3848
3088.231	3876
3090.036	3804
3091.842	3857
3093.648	3741
3095.452	3806
3097.257	3810
3099.06	3831
3100.863	3812
3102.666	3700
3104.47	3820
3106.272	3846
3108.073	3770
3109.875	3846
3111.676	3768
3113.477	3869
3115.277	3806
3117.077	3747
3118.874	3761
3120.673	3804
3122.473	3751
3124.271	3808
3126.066	3751
3127.863	3816
3129.66	3828
3131.456	3823
3133.252	3717
3135.047	3763
3136.842	3757
3138.635	3710
3140.429	3716
3142.223	3782
3144.016	3738
3145.808	3691
3147.6	3722
3149.392	3795
3151.183	3675
3152.975	3721
3154.765	3728
3156.553	3663
3158.344	3736
3160.132	3755
3161.922	3645
3163.71	3645
3165.497	3684
3167.285	3712
3169.071	3730
3170.858	3682
3172.645	3649
3174.429	3670
3176.214	3714
3177.998	3691
3179.783	3729
3181.568	3702
3183.351	3738
3185.133	3624
3186.915	3680
3188.698	3703
3190.481	3665
3192.261	3672
3194.042	3675
3195.822	3635
3197.601	3659
3199.381	3665
3201.161	3649
3202.939	3622
3204.717	3623
3206.495	3673
3208.272	3633
3210.05	3618
3211.826	3693
3213.602	3638
3215.376	3621
3217.151	3657
3218.927	3676
3220.702	3607
3222.476	3632
3224.249	3659
3226.021	3672
3227.793	3651
3229.567	3639
3231.339	3720
3233.109	3641
3234.88	3631
3236.651	3689
3238.421	3627
3240.191	3632
3241.96	3619
3243.728	3684
3245.497	3621
3247.263	3614
3249.033	3618
3250.799	3565
3252.566	3627
3254.331	3711
3256.097	3643
3257.863	3679
3259.628	3704
3261.392	3684
3263.156	3562
3264.919	3705
3266.683	3636
3268.447	3715
3270.208	3673
3271.969	3671
3273.731	3686
3275.492	3586
3277.253	3634
3279.013	3605
3280.773	3631
3282.532	3722
3284.291	3709
3286.05	3704
3287.808	3595
3289.566	3600
3291.323	3654
3293.079	3650
3294.835	3569
3296.593	3622
3298.348	3688
3300.102	3690
3301.857	3598
3303.611	3668
3305.366	3622
3307.119	3642
3308.872	3606
3310.624	3604
3312.376	3624
3314.129	3622
3315.881	3582
3317.631	3583
3319.38	3691
3321.13	3575
3322.88	3676
3324.631	3517
3326.379	3533
3328.126	3639
3329.875	3611
3331.622	3691
3333.371	3607
3335.116	3605
3336.863	3568
3338.609	3597
3340.353	3619
3342.1	3594
3343.845	3678
3345.588	3652
3347.332	3577
3349.074	3578
3350.817	3599
3352.56	3548
3354.303	3529
3356.043	3578
3357.785	3595
3359.525	3615
3361.268	3591
3363.007	3601
3364.745	3560
3366.485	3583
3368.223	3622
3369.962	3571
3371.701	3607
3373.438	3542
3375.174	3520
3376.911	3632
3378.647	3584
3380.384	3596
3382.118	3581
3383.854	3480
3385.588	3560
3387.322	3526
3389.057	3595
3390.79	3514
3392.522	3414
3394.255	3545
3395.987	3587
3397.719	3570
3399.451	3556
3401.181	3537
3402.911	3573
3404.641	3598
3406.371	3483
3408.101	3510
3409.83	3617
3411.558	3463
3413.285	3510
3415.011	3480
3416.739	3496
3418.467	3534
3420.193	3474
3421.919	3487
3423.644	3562
3425.368	3492
3427.094	3585
3428.818	3605
3430.542	3526
3432.264	3469
3433.987	3497
3435.712	3514
3437.434	3435
3439.155	3425
3440.876	3525
3442.596	3491
3444.317	3478
3446.039	3503
3447.757	3494
3449.477	3454
3451.195	3457
3452.914	3423
3454.632	3435
3456.35	3337
3458.067	3374
3459.784	3454
3461.5	3439
3463.216	3405
3464.932	3388
3466.647	3445
3468.362	3393
3470.076	3395
3471.789	3402
3473.505	3464
3475.217	3342
3476.929	3307
3478.641	3374
3480.354	3364
3482.066	3417
3483.777	3420
3485.487	3396
3487.197	3382
3488.908	3315
3490.617	3358
3492.327	3309
3494.035	3358
3495.743	3358
3497.451	3342
3499.158	3399
3500.866	3400
3502.572	3359
3504.278	3356
3505.984	3377
3507.689	3359
3509.396	3361
3511.1	3281
3512.804	3361
3514.508	3255
3516.211	3326
3517.913	3324
3519.616	3358
3521.319	3290
3523.021	3338
3524.722	3315
3526.422	3377
3528.124	3371
3529.824	3308
3531.524	3301
3533.222	3298
3534.921	3269
3536.62	3332
3538.318	3321
3540.016	3283
3541.714	3270
3543.41	3279
3545.107	3326
3546.803	3317
3548.5	3227
3550.194	3325
3551.889	3279
3553.583	3265
3555.279	3248
3556.972	3303
3558.666	3152
3560.358	3284
3562.051	3287
3563.742	3246
3565.435	3356
3567.126	3313
3568.817	3322
3570.507	3281
3572.197	3272
3573.888	3252
3575.577	3322
3577.265	3296
3578.954	3293
3580.642	3192
3582.329	3216
3584.017	3217
3585.704	3234
3587.391	3270
3589.077	3241
3590.762	3211
3592.449	3177
3594.133	3179
3595.817	3154
3597.501	3235
3599.185	3171
3600.869	3250
3602.552	3156
3604.234	3149
3605.916	3165
3607.598	3181
3609.279	3142
3610.961	3235
3612.642	3212
3614.321	3177
3616	3155
3617.68	3210
3619.36	3190
3621.039	3189
3622.716	3140
3624.394	3183
3626.071	3131
3627.748	3112
3629.425	3213
3631.102	3093
3632.778	3165
3634.452	3124
3636.127	3090
3637.803	3126
3639.477	3080
3641.151	3066
3642.823	3063
3644.497	3146
3646.171	3066
3647.842	3130
3649.515	3062
3651.185	3111
3652.857	3056
3654.527	3088
3656.198	3075
3657.868	3094
3659.537	3114
3661.207	3070
3662.875	3109
3664.544	3136
3666.212	3122
3667.879	3067
3669.546	3148
3671.212	3113
3672.88	3087
3674.546	3093
3676.211	3059
3677.875	3085
3679.541	3053
3681.205	3084
3682.87	3092
3684.533	3103
3686.196	3090
3687.859	3041
3689.521	3023
3691.184	3083
3692.845	3100
3694.507	3074
3696.167	3051
3697.827	3065
3699.487	3050
3701.148	3103
3702.808	3039
3704.466	3052
3706.125	3031
3707.783	3041
3709.442	3055
3711.099	3052
3712.757	3021
3714.412	3005
3716.068	3023
3717.725	3036
3719.381	3104
3721.036	3034
3722.689	2954
3724.344	3044
3725.998	3060
3727.652	3007
3729.305	3075
3730.958	3000
3732.61	3065
3734.262	3033
3735.915	3039
3737.565	3031
3739.217	3028
3740.866	2997
3742.516	3039
3744.165	2998
3745.816	2968
3747.464	2999
3749.113	2981
3750.761	3008
3752.409	2946
3754.057	2937
3755.703	2905
3757.35	2952
3758.996	3007
3760.641	2923
3762.289	2860
3763.933	2915
3765.577	2999
3767.222	2989
3768.865	2993
3770.508	2959
3772.152	2928
3773.796	2920
3775.438	2957
3777.079	2920
3778.721	2963
3780.363	2947
3782.003	2915
3783.643	2858
3785.283	2973
3786.923	2988
3788.563	2922
3790.203	2931
3791.841	2982
3793.479	2958
3795.115	2914
3796.753	2937
3798.391	2952
3800.027	2981
3801.664	2931
3803.299	2850
3804.935	2964
3806.571	2907
3808.206	2911
3809.839	2972
3811.473	2884
3813.107	2928
3814.74	2848
3816.375	2896
3818.006	2881
3819.638	2943
3821.27	2984
3822.9	2827
3824.532	2930
3826.163	2797
3827.792	2871
3829.423	2922
3831.051	2896
3832.682	2936
3834.311	2976
3835.938	2889
3837.566	2820
3839.193	2810
3840.821	2906
3842.448	2875
3844.075	2844
3845.7	2860
3847.325	2851
3848.951	2940
3850.576	2827
3852.201	2895
3853.825	2829
3855.448	2881
3857.072	2848
3858.694	2880
3860.318	2778
3861.939	2874
3863.562	2847
3865.183	2845
3866.804	2815
3868.426	2846
3870.045	2804
3871.666	2801
3873.285	2831
3874.904	2861
3876.524	2830
3878.142	2865
3879.76	2803
3881.378	2813
3882.995	2777
3884.612	2823
3886.229	2798
3887.845	2776
3889.461	2865
3891.076	2782
3892.691	2883
3894.307	2751
3895.922	2820
3897.536	2794
3899.149	2819
3900.761	2814
3902.374	2799
3903.988	2747
3905.6	2801
3907.212	2758
3908.822	2829
3910.433	2825
3912.045	2852
3913.655	2798
3915.265	2741
3916.875	2861
3918.483	2683
3920.093	2720
3921.702	2781
3923.309	2744
3924.917	2827
3926.523	2772
3928.13	2797
3929.739	2767
3931.344	2752
3932.95	2802
3934.555	2797
3936.159	2712
3937.766	2742
3939.369	2763
3940.974	2807
3942.577	2741
3944.181	2855
3945.783	2771
3947.386	2701
3948.989	2757
3950.59	2827
3952.191	2750
3953.791	2717
3955.394	2733
3956.994	2776
3958.593	2817
3960.192	2784
3961.791	2718
3963.392	2748
3964.99	2767
3966.588	2696
3968.185	2662
3969.782	2709
3971.379	2675
3972.976	2767
3974.572	2753
3976.168	2728
3977.763	2686
3979.358	2757
3980.954	2742
3982.548	2594
3984.142	2744
3985.736	2704
3987.329	2610
3988.922	2653
3990.516	2730
3992.108	2671
3993.698	2651
3995.29	2663
3996.881	2748
3998.473	2676
4000.064	2628
4001.653	2710
4003.242	2729
4004.832	2614
4006.422	2663
4008.01	2618
4009.598	2680
4011.186	2600
4012.773	2642
4014.36	2665
4015.947	2661
4017.534	2676
4019.119	2606
4020.705	2599
4022.291	2586
4023.876	2657
4025.461	2655
4027.044	2643
4028.627	2642
4030.211	2580
4031.795	2622
4033.378	2650
4034.96	2672
4036.542	2647
4038.124	2601
4039.704	2561
4041.286	2609
4042.867	2535
4044.447	2571
4046.026	2521
4047.606	2594
4049.187	2547
4050.765	2556
4052.343	2600
4053.92	2595
4055.498	2602
4057.076	2503
4058.654	2564
4060.23	2569
4061.806	2569
4063.381	2559
4064.957	2567
4066.533	2542
4068.107	2523
4069.682	2561
4071.256	2528
4072.829	2539
4074.404	2594
4075.977	2545
4077.549	2520
4079.121	2534
4080.693	2516
4082.265	2508
4083.836	2564
4085.407	2541
4086.977	2510
4088.547	2518
4090.117	2544
4091.687	2570
4093.256	2511
4094.825	2494
4096.392	2527
4097.96	2520
4099.528	2482
4101.097	2496
4102.663	2535
4104.229	2552
4105.795	2453
4107.361	2538
4108.928	2514
4110.493	2581
4112.058	2453
4113.621	2565
4115.186	2495
4116.75	2523
4118.313	2535
4119.876	2455
4121.438	2486
4123	2525
4124.562	2495
4126.125	2487
4127.686	2485
4129.246	2485
4130.807	2468
4132.367	2445
4133.927	2509
4135.486	2442
4137.046	2448
4138.604	2455
4140.162	2482
4141.72	2504
4143.279	2467
4144.836	2470
4146.393	2462
4147.949	2435
4149.505	2440
4151.062	2482
4152.617	2442
4154.172	2438
4155.727	2474
4157.281	2467
4158.836	2368
4160.39	2426
4161.943	2430
4163.496	2412
4165.048	2443
4166.601	2408
4168.154	2474
4169.706	2389
4171.257	2372
4172.808	2400
4174.358	2426
4175.909	2420
4177.458	2413
4179.008	2441
4180.558	2458
4182.106	2461
4183.655	2390
4185.204	2351
4186.751	2376
4188.298	2433
4189.845	2370
4191.392	2400
4192.939	2419
4194.485	2362
4196.031	2337
4197.576	2376
4199.121	2370
4200.666	2368
4202.211	2387
4203.754	2443
4205.298	2393
4206.84	2353
4208.384	2375
4209.927	2389
4211.47	2397
4213.011	2420
4214.552	2376
4216.094	2334
4217.635	2372
4219.175	2346
4220.716	2342
4222.255	2351
4223.793	2347
4225.335	2370
4226.873	2359
4228.411	2361
4229.948	2334
4231.486	2295
4233.024	2332
4234.562	2293
4236.098	2269
4237.634	2387
4239.169	2366
4240.705	2237
4242.241	2351
4243.776	2305
4245.31	2341
4246.844	2375
4248.378	2298
4249.911	2279
4251.445	2258
4252.978	2244
4254.51	2306
4256.042	2348
4257.574	2343
4259.107	2318
4260.638	2279
4262.169	2305
4263.699	2336
4265.228	2323
4266.759	2296
4268.289	2350
4269.818	2336
4271.345	2308
4272.874	2257
4274.402	2264
4275.931	2264
4277.458	2286
4278.985	2255
4280.512	2309
4282.037	2262
4283.564	2335
4285.089	2261
4286.615	2287
4288.139	2290
4289.664	2268
4291.187	2299
4292.712	2300
4294.235	2302
4295.759	2336
4297.281	2320
4298.804	2219
4300.327	2267
4301.849	2294
4303.37	2196
4304.891	2287
4306.412	2228
4307.933	2253
4309.453	2254
4310.973	2233
4312.492	2238
