200.151048	18092.333333
201.758777	18062.666667
203.365815	17855.000000
204.972162	17975.666667
206.577820	17849.333333
208.182787	17653.333333
209.787065	17721.666667
211.390653	17604.666667
212.993553	17653.333333
214.595765	17542.333333
216.197289	17630.333333
217.798125	17476.666667
219.398274	17518.333333
220.997737	17421.666667
222.596513	17472.333333
224.194603	17530.666667
225.792008	17498.333333
227.388728	17357.666667
228.984763	17466.333333
230.580114	17337.000000
232.174781	17172.000000
233.768765	17268.000000
235.362065	17221.000000
236.954683	17234.333333
238.546619	17110.666667
240.137872	17119.333333
241.728445	17078.000000
243.318336	16986.666667
244.907546	16948.666667
246.496076	16906.333333
248.083926	16745.000000
249.671097	16790.333333
251.257589	16734.000000
252.843402	16584.000000
254.428536	16669.333333
256.012993	16542.000000
257.596772	16435.666667
259.179874	16448.666667
260.762300	16354.666667
262.344049	16385.000000
263.925122	16353.333333
265.505519	16325.333333
267.085241	16252.000000
268.664289	16242.333333
270.242662	16301.333333
271.820361	16259.666667
273.397387	16245.333333
274.973740	16158.666667
276.549419	16159.333333
278.124426	16251.333333
279.698762	16171.000000
281.272425	16156.666667
282.845417	16232.000000
284.417739	16242.333333
285.989390	16182.000000
287.560371	16150.666667
289.130682	16167.000000
290.700324	16134.666667
292.269297	16144.666667
293.837602	15994.000000
295.405238	16168.666667
296.972207	16096.000000
298.538508	16045.333333
300.104142	15998.000000
301.669110	16003.000000
303.233411	15922.000000
304.797047	15822.333333
306.360017	15658.333333
307.922322	15709.000000
309.483963	15656.666667
311.044939	15562.000000
312.605252	15569.666667
314.164900	15448.333333
315.723886	15356.333333
317.282209	15378.666667
318.839870	15362.666667
320.396868	15302.333333
321.953205	15243.333333
323.508881	15242.666667
325.063896	15136.000000
326.618251	15128.666667
328.171945	15089.666667
329.724980	15050.333333
331.277356	15103.000000
332.829072	15163.666667
334.380131	14946.333333
335.930530	15140.000000
337.480273	15068.000000
339.029357	14973.000000
340.577785	15043.333333
342.125556	14856.666667
343.672671	14939.000000
345.219130	14835.000000
346.764933	14885.666667
348.310081	14801.666667
349.854575	14860.666667
351.398414	14983.666667
352.941599	14767.666667
354.484130	14745.333333
356.026008	14713.000000
357.567234	14778.666667
359.107807	14625.666667
360.647727	14612.333333
362.186996	14519.666667
363.725614	14654.666667
365.263580	14543.000000
366.800896	14508.333333
368.337562	14394.333333
369.873578	14424.333333
371.408944	14538.000000
372.943661	14432.000000
374.477730	14361.666667
376.011150	14392.666667
377.543922	14457.333333
379.076046	14503.333333
380.607523	14380.666667
382.138353	14438.333333
383.668537	14453.666667
385.198075	14571.000000
386.726966	14476.666667
388.255213	14599.000000
389.782814	14594.333333
391.309770	14548.666667
392.836083	14510.666667
394.361751	14630.666667
395.886776	14595.666667
397.411157	14678.666667
398.934896	14740.666667
400.457992	14599.666667
401.980446	14757.666667
403.502258	14761.333333
405.023429	14731.333333
406.543959	14895.666667
408.063849	14829.666667
409.583098	14945.666667
411.101707	14880.000000
412.619677	15226.333333
414.137007	15169.333333
415.653699	15319.000000
417.169752	15411.333333
418.685167	15641.333333
420.199945	15755.000000
421.714085	15926.333333
423.227588	16043.666667
424.740454	16102.666667
426.252684	16276.333333
427.764279	16317.000000
429.275238	16339.333333
430.785561	16377.333333
432.295250	16119.333333
433.804304	16075.666667
435.312725	15913.333333
436.820511	15772.666667
438.327664	15757.333333
439.834185	15518.666667
441.340072	15446.666667
442.845327	15418.333333
444.349951	15278.666667
445.853942	15241.666667
447.357303	15238.000000
448.860033	15160.666667
450.362132	15064.666667
451.863601	14951.000000
453.364440	14869.000000
454.864650	14688.333333
456.364231	14604.000000
457.863183	14445.000000
459.361507	14299.333333
460.859203	14174.666667
462.356271	14154.000000
463.852712	13977.333333
465.348526	13998.666667
466.843714	13912.000000
468.338275	13803.333333
469.832210	13751.666667
471.325520	13701.000000
472.818205	13584.000000
474.310265	13552.666667
475.801700	13520.666667
477.292512	13498.000000
478.782700	13432.000000
480.272264	13379.000000
481.761205	13349.000000
483.249524	13363.666667
484.737221	13264.000000
486.224295	13212.666667
487.710748	13179.666667
489.196579	13085.666667
490.681790	13046.666667
492.166380	13144.666667
493.650350	13119.000000
495.133700	13182.000000
496.616431	13069.666667
498.098542	13033.000000
499.580035	13006.000000
501.060909	13084.333333
502.541165	13050.333333
504.020804	12997.000000
505.499825	12916.333333
506.978228	12941.333333
508.456016	12947.333333
509.933186	12809.000000
511.409741	12786.666667
512.885680	12815.666667
514.361004	12935.666667
515.835713	12783.000000
517.309807	12826.000000
518.783287	12753.666667
520.256153	12918.333333
521.728406	12860.000000
523.200045	12882.666667
524.671071	12786.000000
526.141485	12849.000000
527.611287	12862.333333
529.080476	12914.000000
530.549054	12805.333333
532.017021	12862.333333
533.484378	12831.333333
534.951123	12897.666667
536.417259	12805.333333
537.882785	12779.000000
539.347701	12830.666667
540.812008	12689.333333
542.275707	12736.333333
543.738797	12765.000000
545.201279	12838.666667
546.663153	12738.333333
548.124420	12827.333333
549.585080	12870.333333
551.045133	12859.000000
552.504579	13083.333333
553.963420	12994.000000
555.421655	13038.666667
556.879285	13024.333333
558.336309	13017.333333
559.792729	12990.000000
561.248545	13027.333333
562.703756	13134.666667
564.158364	13093.666667
565.612369	13179.666667
567.065770	13248.333333
568.518569	13357.000000
569.970766	13371.666667
571.422361	13497.333333
572.873354	13461.666667
574.323745	13571.333333
575.773536	13646.333333
577.222726	13810.666667
578.671316	13869.333333
580.119306	13834.666667
581.566696	13920.666667
583.013487	13819.666667
584.459679	13745.333333
585.905273	13753.000000
587.350268	13582.333333
588.794665	13628.666667
590.238465	13642.333333
591.681667	13644.666667
593.124272	13543.666667
594.566281	13456.000000
596.007694	13265.666667
597.448510	13069.000000
598.888731	12961.666667
600.328357	13032.666667
601.767388	12871.333333
603.205824	12734.333333
604.643666	12759.333333
606.080914	12827.000000
607.517568	12807.333333
608.953629	12796.000000
610.389097	12763.666667
611.823972	12771.000000
613.258255	12785.333333
614.691946	12590.666667
616.125046	12447.000000
617.557554	12479.000000
618.989471	12390.666667
620.420798	12331.333333
621.851534	12077.000000
623.281680	12115.333333
624.711237	11976.333333
626.140204	11895.333333
627.568582	11755.333333
628.996372	11770.000000
630.423573	11750.333333
631.850186	11697.666667
633.276211	11631.666667
634.701650	11770.666667
636.126501	11675.333333
637.550765	11697.000000
638.974443	11663.666667
640.397535	11628.333333
641.820041	11711.000000
643.241961	11728.000000
644.663297	11582.000000
646.084048	11637.333333
647.504214	11627.666667
648.923796	11525.000000
650.342795	11463.333333
651.761210	11466.000000
653.179041	11503.666667
654.596290	11349.000000
656.012957	11509.000000
657.429041	11399.000000
658.844543	11418.000000
660.259464	11447.666667
661.673804	11447.000000
663.087563	11353.666667
664.500741	11394.666667
665.913339	11454.333333
667.325357	11416.333333
668.736795	11448.666667
670.147654	11415.333333
671.557934	11398.666667
672.967636	11341.000000
674.376759	11294.666667
675.785304	11228.333333
677.193271	11345.666667
678.600661	11322.666667
680.007474	11230.666667
681.413711	11182.666667
682.819370	11288.666667
684.224454	11236.333333
685.628962	11270.333333
687.032895	11254.000000
688.436252	11268.666667
689.839034	11259.333333
691.241242	11194.000000
692.642876	11257.666667
694.043936	11140.666667
695.444422	11182.333333
696.844336	11107.333333
698.243676	11102.333333
699.642443	11048.000000
701.040639	11137.333333
702.438262	11071.666667
703.835313	11138.666667
705.231794	11092.666667
706.627703	11079.666667
708.023041	11060.666667
709.417810	10994.333333
710.812008	11047.000000
712.205636	11043.000000
713.598694	11096.000000
714.991184	10940.333333
716.383105	10999.666667
717.774457	10946.333333
719.165241	11023.000000
720.555457	10922.666667
721.945105	10869.000000
723.334187	10969.666667
724.722701	10916.333333
726.110648	10958.333333
727.498030	10949.666667
728.884845	10955.333333
730.271094	10865.333333
731.656778	10885.666667
733.041897	10873.000000
734.426451	10844.000000
735.810441	10807.333333
737.193866	10873.666667
738.576728	10762.000000
739.959026	10802.000000
741.340760	10808.333333
742.721932	10733.666667
744.102541	10844.333333
745.482588	10835.333333
746.862073	10794.333333
748.240996	10894.000000
749.619358	10765.666667
750.997158	10711.666667
752.374398	10757.000000
753.751077	10770.666667
755.127197	10794.000000
756.502756	10854.666667
757.877756	10823.000000
759.252196	10749.666667
760.626078	10749.000000
761.999400	10753.666667
763.372165	10671.000000
764.744371	10668.000000
766.116020	10611.333333
767.487111	10602.666667
768.857646	10530.333333
770.227623	10654.000000
771.597044	10521.666667
772.965908	10611.666667
774.334217	10492.000000
775.701970	10541.000000
777.069168	10486.000000
778.435811	10472.000000
779.801899	10522.000000
781.167433	10474.000000
782.532412	10555.333333
783.896838	10475.666667
785.260710	10455.333333
786.624029	10440.666667
787.986796	10497.666667
789.349009	10329.666667
790.710671	10360.000000
792.071780	10325.000000
793.432338	10278.666667
794.792344	10313.666667
796.151799	10318.000000
797.510704	10312.333333
798.869058	10180.000000
800.226862	10284.333333
801.584116	10393.333333
802.940820	10336.000000
804.296975	10175.666667
805.652581	10353.333333
807.007638	10329.666667
808.362147	10348.000000
809.716108	10389.000000
811.069521	10379.000000
812.422387	10290.333333
813.774705	10337.333333
815.126476	10285.333333
816.477701	10329.333333
817.828380	10291.000000
819.178512	10241.666667
820.528099	10260.333333
821.877140	10206.333333
823.225637	10267.000000
824.573588	10220.666667
825.920995	10190.000000
827.267857	10144.666667
828.614176	10134.666667
829.959951	10140.333333
831.305183	10111.666667
832.649871	10190.666667
833.994017	10125.666667
835.337620	10152.666667
836.680681	10122.666667
838.023201	10231.000000
839.365178	10122.333333
840.706614	10201.666667
842.047510	10159.000000
843.387864	10276.000000
844.727678	10162.333333
846.066952	10266.666667
847.405687	10383.000000
848.743881	10306.333333
850.081537	10391.666667
851.418653	10484.333333
852.755231	10422.666667
854.091270	10440.666667
855.426771	10355.000000
856.761735	10412.000000
858.096160	10403.000000
859.430049	10359.666667
860.763401	10296.666667
862.096216	10206.333333
863.428495	10232.000000
864.760237	10198.666667
866.091444	10208.000000
867.422115	10250.000000
868.752252	10238.000000
870.081853	10154.333333
871.410919	10185.666667
872.739452	10162.000000
874.067450	10145.333333
875.394914	10074.000000
876.721845	10156.666667
878.048243	10162.333333
879.374108	10040.333333
880.699440	9868.666667
882.024240	10020.666667
883.348508	9995.333333
884.672244	9910.000000
885.995449	9895.333333
887.318122	9896.000000
888.640265	9865.333333
889.961877	9839.000000
891.282959	9854.666667
892.603510	9755.333333
893.923532	9776.333333
895.243024	9771.666667
896.561987	9804.000000
897.880422	9759.000000
899.198327	9773.666667
900.515705	9716.666667
901.832554	9785.000000
903.148875	9738.666667
904.464669	9654.000000
905.779936	9686.000000
907.094676	9799.000000
908.408889	9722.000000
909.722576	9720.000000
911.035737	9791.666667
912.348371	9859.666667
913.660481	9934.666667
914.972065	9936.666667
916.283124	9880.666667
917.593659	9958.000000
918.903669	10003.000000
920.213155	9896.000000
921.522117	9987.000000
922.830556	9951.000000
924.138471	10012.000000
925.445864	10070.666667
926.752733	9980.000000
928.059081	10038.666667
929.364906	10085.000000
930.670209	10168.666667
931.974991	10299.666667
933.279251	10216.666667
934.582990	10467.333333
935.886209	10622.333333
937.188907	10736.000000
938.491085	10899.333333
939.792743	11066.333333
941.093881	11278.000000
942.394500	11497.333333
943.694600	11786.000000
944.994181	12183.000000
946.293243	12562.666667
947.591787	13018.666667
948.889813	13676.333333
950.187322	14351.000000
951.484313	15080.666667
952.780787	16083.666667
954.076744	16896.000000
955.372184	17721.000000
956.667108	18404.333333
957.961516	18786.333333
959.255409	18834.666667
960.548785	18462.666667
961.841647	17988.666667
963.133993	17085.333333
964.425825	16046.333333
965.717142	15109.333333
967.007946	13885.333333
968.298235	13080.666667
969.588011	12323.333333
970.877273	11651.333333
972.166023	11095.000000
973.454259	10641.666667
974.741984	10197.666667
976.029196	9973.333333
977.315895	9798.000000
978.602084	9585.666667
979.887761	9439.333333
981.172926	9425.333333
982.457581	9208.666667
983.741725	9267.333333
985.025359	9205.666667
986.308483	9228.000000
987.591097	9097.333333
988.873202	9115.666667
990.154797	9005.333333
991.435883	9026.000000
992.716461	9034.666667
993.996530	9018.000000
995.276091	9006.666667
996.555144	9088.000000
997.833690	9117.333333
999.111728	9136.333333
1000.389259	9280.000000
1001.666283	9321.333333
1002.942800	9322.000000
1004.218812	9220.666667
1005.494317	9230.000000
1006.769317	9189.333333
1008.043811	9106.666667
1009.317799	9150.333333
1010.591283	9101.000000
1011.864263	9172.666667
1013.136737	9203.666667
1014.408708	9099.000000
1015.680175	9180.333333
1016.951138	9200.666667
1018.221598	9244.333333
1019.491554	9192.666667
1020.761008	9229.333333
1022.029959	9264.000000
1023.298408	9258.666667
1024.566355	9255.000000
1025.833800	9336.000000
1027.100744	9374.666667
1028.367187	9337.000000
1029.633128	9304.666667
1030.898569	9337.333333
1032.163509	9339.666667
1033.427949	9421.333333
1034.691890	9303.000000
1035.955330	9372.000000
1037.218271	9417.666667
1038.480714	9400.666667
1039.742657	9437.333333
1041.004101	9402.666667
1042.265048	9452.333333
1043.525496	9543.333333
1044.785446	9475.666667
1046.044899	9402.000000
1047.303855	9383.333333
1048.562313	9370.333333
1049.820275	9318.000000
1051.077740	9291.666667
1052.334709	9312.333333
1053.591182	9283.666667
1054.847160	9219.666667
1056.102641	9300.666667
1057.357628	9293.000000
1058.612120	9315.000000
1059.866117	9470.000000
1061.119619	9402.000000
1062.372628	9505.666667
1063.625142	9608.333333
1064.877163	9758.666667
1066.128691	9706.333333
1067.379725	9762.333333
1068.630267	9742.000000
1069.880316	9682.000000
1071.129872	9684.666667
1072.378937	9628.333333
1073.627509	9678.666667
1074.875590	9366.333333
1076.123180	9429.666667
1077.370279	9178.333333
1078.616887	9106.666667
1079.863004	9051.666667
1081.108631	8973.000000
1082.353768	8812.000000
1083.598415	8761.000000
1084.842573	8736.666667
1086.086241	8570.000000
1087.329421	8555.666667
1088.572111	8415.666667
1089.814314	8414.333333
1091.056028	8367.666667
1092.297253	8363.666667
1093.537992	8348.000000
1094.778242	8312.666667
1096.018006	8302.000000
1097.257282	8202.666667
1098.496072	8238.000000
1099.734376	8181.000000
1100.972193	8188.666667
1102.209524	8154.333333
1103.446370	8161.000000
1104.682730	8179.000000
1105.918604	8097.000000
1107.153994	7975.000000
1108.388900	7977.000000
1109.623320	7950.000000
1110.857257	7864.333333
1112.090710	7890.000000
1113.323679	7815.666667
1114.556164	7839.333333
1115.788167	7714.666667
1117.019686	7803.333333
1118.250723	7764.000000
1119.481278	7715.333333
1120.711350	7759.666667
1121.940940	7663.333333
1123.170049	7762.666667
1124.398676	7718.666667
1125.626823	7767.000000
1126.854488	7677.000000
1128.081672	7654.333333
1129.308376	7667.333333
1130.534600	7665.000000
1131.760345	7626.333333
1132.985609	7608.000000
1134.210394	7567.333333
1135.434700	7600.666667
1136.658527	7568.666667
1137.881875	7608.000000
1139.104745	7524.333333
1140.327136	7596.666667
1141.549050	7552.666667
1142.770486	7598.000000
1143.991445	7563.666667
1145.211926	7599.333333
1146.431931	7561.000000
1147.651459	7484.000000
1148.870510	7474.000000
1150.089086	7480.666667
1151.307185	7487.666667
1152.524808	7546.666667
1153.741957	7511.666667
1154.958630	7531.666667
1156.174828	7455.000000
1157.390551	7473.666667
1158.605800	7514.666667
1159.820574	7436.666667
1161.034875	7552.666667
1162.248702	7463.000000
1163.462055	7532.666667
1164.674936	7452.666667
1165.887343	7487.000000
1167.099277	7466.000000
1168.310739	7467.333333
1169.521729	7476.000000
1170.732247	7399.333333
1171.942293	7470.666667
1173.151867	7458.000000
1174.360970	7368.333333
1175.569602	7372.333333
1176.777764	7370.666667
1177.985454	7428.000000
1179.192675	7387.666667
1180.399425	7302.666667
1181.605706	7278.666667
1182.811517	7296.000000
1184.016859	7230.666667
1185.221731	7296.666667
1186.426135	7155.333333
1187.630070	7252.666667
1188.833537	7212.000000
1190.036535	7275.333333
1191.239066	7155.000000
1192.441129	7147.333333
1193.642725	7112.000000
1194.843853	7127.333333
1196.044515	7157.666667
1197.244710	7183.333333
1198.444438	7133.666667
1199.643701	7143.000000
1200.842497	7169.666667
1202.040827	7183.000000
1203.238693	7185.333333
1204.436092	7199.000000
1205.633027	7184.666667
1206.829497	7244.000000
1208.025503	7140.000000
1209.221044	7126.333333
1210.416122	7115.666667
1211.610735	7054.000000
1212.804885	7058.666667
1213.998572	7029.333333
1215.191795	7034.000000
1216.384556	6924.666667
1217.576854	6951.666667
1218.768689	6976.333333
1219.960063	6984.333333
1221.150974	6982.333333
1222.341424	7000.000000
1223.531413	7033.666667
1224.720940	7121.000000
1225.910006	7009.000000
1227.098612	7112.000000
1228.286757	7100.666667
1229.474442	7179.666667
1230.661667	7200.666667
1231.848432	7191.333333
1233.034738	7259.000000
1234.220584	7274.666667
1235.405971	7280.000000
1236.590900	7227.333333
1237.775369	7276.666667
1238.959381	7302.333333
1240.142934	7339.666667
1241.326029	7371.666667
1242.508667	7290.000000
1243.690848	7347.666667
1244.872571	7416.666667
1246.053837	7257.666667
1247.234646	7260.666667
1248.414999	7319.000000
1249.594896	7187.666667
1250.774337	7218.666667
1251.953322	7116.000000
1253.131851	7147.666667
1254.309925	7139.666667
1255.487544	7161.666667
1256.664708	7184.000000
1257.841417	7061.000000
1259.017673	7132.333333
1260.193473	7140.333333
1261.368820	7168.666667
1262.543714	7173.000000
1263.718154	7165.333333
1264.892140	7202.666667
1266.065674	7133.333333
1267.238755	7163.000000
1268.411383	7180.333333
1269.583559	7196.000000
1270.755283	7111.666667
1271.926555	7169.000000
1273.097375	7210.666667
1274.267744	7054.000000
1275.437662	7042.333333
1276.607129	7174.000000
1277.776145	7101.000000
1278.944711	7033.666667
1280.112827	7044.333333
1281.280492	6980.333333
1282.447708	6993.666667
1283.614474	6969.333333
1284.780791	6962.000000
1285.946659	6956.666667
1287.112078	6887.666667
1288.277048	6878.666667
1289.441570	6821.000000
1290.605644	6754.666667
1291.769270	6782.666667
1292.932448	6712.666667
1294.095178	6755.666667
1295.257461	6729.000000
1296.419298	6620.666667
1297.580687	6718.000000
1298.741630	6690.000000
1299.902126	6736.333333
1301.062177	6643.333333
1302.221781	6652.000000
1303.380940	6632.333333
1304.539653	6701.333333
1305.697921	6618.333333
1306.855744	6613.666667
1308.013123	6635.000000
1309.170056	6609.666667
1310.326546	6596.666667
1311.482591	6597.333333
1312.638193	6655.333333
1313.793350	6631.000000
1314.948065	6654.333333
1316.102336	6630.333333
1317.256164	6556.666667
1318.409550	6559.666667
1319.562493	6560.000000
1320.714993	6586.000000
1321.867052	6542.666667
1323.018668	6471.000000
1324.169843	6537.000000
1325.320577	6480.666667
1326.470870	6423.333333
1327.620721	6485.666667
1328.770132	6462.000000
1329.919102	6403.666667
1331.067632	6459.000000
1332.215722	6368.333333
1333.363372	6325.666667
1334.510582	6423.000000
1335.657353	6380.000000
1336.803685	6410.666667
1337.949578	6419.666667
1339.095032	6427.000000
1340.240048	6435.000000
1341.384625	6420.666667
1342.528764	6351.666667
1343.672466	6422.666667
1344.815729	6384.000000
1345.958556	6415.000000
1347.100945	6341.333333
1348.242897	6345.666667
1349.384413	6287.666667
1350.525492	6294.000000
1351.666134	6241.666667
1352.806341	6261.000000
1353.946111	6209.000000
1355.085446	6285.666667
1356.224346	6187.666667
1357.362810	6217.000000
1358.500840	6149.000000
1359.638434	6138.000000
1360.775594	6165.666667
1361.912320	6199.666667
1363.048612	6087.666667
1364.184469	6128.333333
1365.319893	6124.000000
1366.454884	6088.000000
1367.589441	6074.000000
1368.723566	6163.333333
1369.857257	6124.000000
1370.990516	6196.666667
1372.123343	6134.666667
1373.255737	6105.000000
1374.387699	6131.333333
1375.519230	6113.333333
1376.650329	6090.000000
1377.780997	6155.000000
1378.911234	6165.666667
1380.041040	6098.000000
1381.170416	6139.333333
1382.299361	6170.666667
1383.427875	6151.333333
1384.555960	6116.333333
1385.683615	6131.666667
1386.810841	6166.333333
1387.937637	6119.666667
1389.064004	6179.333333
1390.189942	6115.000000
1391.315451	6119.000000
1392.440532	6084.333333
1393.565185	6115.333333
1394.689409	6077.666667
1395.813206	6018.666667
1396.936575	6103.666667
1398.059517	6006.000000
1399.182032	6002.000000
1400.304119	6037.000000
1401.425780	6017.333333
1402.547014	6007.000000
1403.667822	6022.333333
1404.788204	5976.333333
1405.908160	5991.333333
1407.027690	6063.333333
1408.146795	6018.333333
1409.265474	6014.000000
1410.383728	5900.333333
1411.501558	6029.000000
1412.618963	6000.000000
1413.735943	5999.666667
1414.852499	6027.000000
1415.968632	6006.666667
1417.084340	6006.666667
1418.199625	6030.333333
1419.314486	6105.666667
1420.428925	6082.333333
1421.542940	6028.666667
1422.656533	6000.666667
1423.769703	6031.000000
1424.882451	6095.000000
1425.994777	6051.000000
1427.106680	6038.666667
1428.218163	5949.333333
1429.329223	5937.666667
1430.439863	5921.333333
1431.550081	5980.666667
1432.659879	5910.000000
1433.769256	5972.333333
1434.878212	5994.666667
1435.986749	5992.000000
1437.094865	5943.666667
1438.202562	5987.000000
1439.309839	5928.666667
1440.416696	6091.333333
1441.523135	6069.000000
1442.629154	6057.000000
1443.734755	6070.666667
1444.839937	6096.333333
1445.944701	6171.333333
1447.049047	6158.000000
1448.152975	6076.333333
1449.256485	6117.000000
1450.359577	6111.000000
1451.462253	6150.000000
1452.564511	6035.000000
1453.666352	6057.333333
1454.767777	6102.000000
1455.868785	6028.000000
1456.969377	5944.333333
1458.069553	5999.000000
1459.169313	5996.000000
1460.268658	5950.000000
1461.367587	5855.333333
1462.466101	5861.000000
1463.564200	5801.666667
1464.661884	5776.333333
1465.759153	5830.333333
1466.856008	5787.666667
1467.952449	5710.333333
1469.048476	5648.666667
1470.144089	5607.000000
1471.239288	5562.666667
1472.334074	5514.666667
1473.428447	5518.666667
1474.522407	5407.666667
1475.615955	5406.000000
1476.709089	5358.333333
1477.801812	5304.666667
1478.894122	5318.000000
1479.986020	5318.666667
1481.077506	5327.333333
1482.168581	5251.000000
1483.259245	5218.000000
1484.349498	5263.333333
1485.439339	5273.666667
1486.528770	5267.333333
1487.617790	5218.000000
1488.706400	5200.666667
1489.794600	5251.666667
1490.882390	5227.000000
1491.969771	5205.666667
1493.056742	5188.333333
1494.143303	5127.333333
1495.229456	5112.666667
1496.315199	5139.000000
1497.400534	5101.000000
1498.485460	5122.666667
1499.569978	5123.000000
1500.654088	5090.666667
1501.737790	5124.666667
1502.821085	5025.666667
1503.903972	5086.333333
1504.986451	4995.666667
1506.068524	5035.333333
1507.150189	5041.000000
1508.231448	5028.333333
1509.312301	5002.333333
1510.392747	4989.666667
1511.472787	4989.333333
1512.552422	4990.666667
1513.631650	4973.000000
1514.710473	4948.666667
1515.788891	4962.666667
1516.866904	4981.666667
1517.944512	4941.333333
1519.021715	4971.000000
1520.098513	4855.333333
1521.174908	4974.000000
1522.250898	4947.333333
1523.326485	4927.333333
1524.401667	4871.666667
1525.476447	4927.333333
1526.550823	4923.666667
1527.624796	4888.333333
1528.698365	4923.666667
1529.771533	4945.666667
1530.844298	4906.000000
1531.916660	4900.666667
1532.988620	4894.666667
1534.060179	4932.333333
1535.131336	4919.333333
1536.202091	4885.000000
1537.272445	4911.000000
1538.342398	4877.333333
1539.411950	4901.333333
1540.481101	4822.666667
1541.549851	4792.000000
1542.618202	4824.333333
1543.686152	4775.333333
1544.753702	4793.333333
1545.820853	4767.333333
1546.887604	4769.000000
1547.953955	4813.333333
1549.019908	4774.666667
1550.085461	4769.666667
1551.150616	4798.333333
1552.215372	4746.000000
1553.279730	4728.666667
1554.343690	4788.333333
1555.407252	4761.000000
1556.470415	4643.333333
1557.533182	4723.333333
1558.595551	4719.333333
1559.657522	4722.333333
1560.719097	4675.000000
1561.780275	4668.333333
1562.841056	4696.000000
1563.901441	4690.333333
1564.961429	4690.333333
1566.021022	4679.000000
1567.080219	4638.333333
1568.139020	4685.000000
1569.197425	4641.666667
1570.255436	4671.666667
1571.313051	4646.333333
1572.370271	4582.666667
1573.427097	4647.333333
1574.483528	4644.666667
1575.539565	4617.333333
1576.595208	4638.000000
1577.650457	4570.333333
1578.705312	4649.333333
1579.759774	4587.666667
1580.813842	4525.000000
1581.867517	4519.666667
1582.920799	4558.000000
1583.973689	4542.666667
1585.026186	4504.000000
1586.078290	4450.666667
1587.130002	4474.333333
1588.181323	4516.666667
1589.232251	4525.333333
1590.282788	4524.333333
1591.332933	4474.333333
1592.382688	4463.666667
1593.432051	4446.666667
1594.481023	4472.000000
1595.529605	4476.666667
1596.577796	4475.666667
1597.625597	4504.666667
1598.673007	4516.000000
1599.720028	4526.333333
1600.766660	4507.666667
1601.812901	4475.333333
1602.858753	4477.666667
1603.904217	4555.666667
1604.949291	4506.000000
1605.993976	4517.333333
1607.038273	4540.333333
1608.082182	4548.666667
1609.125702	4451.000000
1610.168834	4529.333333
1611.211579	4467.000000
1612.253935	4480.000000
1613.295905	4423.000000
1614.337487	4497.666667
1615.378682	4395.333333
1616.419490	4457.333333
1617.459912	4389.666667
1618.499946	4420.333333
1619.539595	4433.333333
1620.578858	4446.666667
1621.617734	4410.000000
1622.656225	4444.000000
1623.694330	4441.000000
1624.732050	4394.666667
1625.769385	4411.000000
1626.806334	4460.000000
1627.842899	4400.000000
1628.879079	4369.666667
1629.914875	4365.333333
1630.950286	4454.666667
1631.985314	4428.666667
1633.019957	4433.333333
1634.054217	4414.333333
1635.088093	4437.666667
1636.121586	4406.333333
1637.154696	4468.333333
1638.187423	4427.000000
1639.219767	4448.333333
1640.251728	4433.666667
1641.283307	4452.333333
1642.314504	4414.666667
1643.345319	4524.666667
1644.375751	4427.666667
1645.405803	4415.333333
1646.435472	4410.333333
1647.464761	4421.333333
1648.493668	4425.333333
1649.522194	4435.000000
1650.550340	4433.000000
1651.578105	4444.666667
1652.605490	4464.666667
1653.632494	4427.000000
1654.659119	4400.000000
1655.685363	4379.333333
1656.711228	4454.000000
1657.736714	4415.666667
1658.761820	4425.666667
1659.786547	4397.000000
1660.810895	4396.666667
1661.834865	4378.333333
1662.858456	4374.000000
1663.881668	4362.333333
1664.904503	4339.000000
1665.926959	4279.000000
1666.949038	4358.333333
1667.970739	4366.666667
1668.992062	4275.000000
1670.013008	4298.000000
1671.033577	4275.000000
1672.053770	4210.666667
1673.073585	4232.333333
1674.093024	4220.333333
1675.112086	4184.666667
1676.130773	4218.000000
1677.149083	4173.666667
1678.167017	4197.666667
1679.184576	4245.666667
1680.201760	4178.666667
1681.218568	4156.666667
1682.235001	4109.000000
1683.251059	4136.666667
1684.266742	4158.000000
1685.282051	4097.666667
1686.296985	4095.000000
1687.311546	4092.000000
1688.325732	4024.333333
1689.339544	4039.666667
1690.352983	3966.333333
1691.366048	3913.333333
1692.378740	3999.333333
1693.391058	3986.333333
1694.403004	3896.666667
1695.414577	3909.333333
1696.425778	3850.666667
1697.436606	3904.666667
1698.447061	3853.666667
1699.457145	3826.333333
1700.466857	3763.333333
1701.476197	3752.666667
1702.485166	3746.666667
1703.493763	3709.333333
1704.501989	3721.000000
1705.509844	3662.333333
1706.517328	3710.333333
1707.524442	3681.333333
1708.531185	3651.333333
1709.537558	3657.000000
1710.543561	3610.333333
1711.549194	3686.000000
1712.554457	3625.000000
1713.559351	3651.333333
1714.563875	3602.666667
1715.568030	3683.666667
1716.571816	3657.666667
1717.575233	3652.000000
1718.578282	3646.666667
1719.580962	3661.333333
1720.583273	3688.333333
1721.585217	3642.666667
1722.586792	3661.333333
1723.588000	3667.000000
1724.588840	3660.000000
1725.589312	3600.666667
1726.589418	3687.000000
1727.589156	3659.000000
1728.588527	3663.666667
1729.587532	3645.000000
1730.586170	3602.666667
1731.584441	3613.666667
1732.582346	3644.666667
1733.579886	3614.666667
1734.577059	3582.666667
1735.573867	3553.666667
1736.570309	3604.333333
1737.566386	3583.333333
1738.562097	3552.000000
1739.557444	3504.000000
1740.552426	3499.000000
1741.547043	3520.333333
1742.541295	3534.666667
1743.535184	3473.666667
1744.528708	3486.333333
1745.521868	3469.333333
1746.514664	3456.333333
1747.507097	3476.666667
1748.499166	3437.666667
1749.490873	3457.000000
1750.482216	3422.666667
1751.473196	3461.333333
1752.463813	3432.000000
1753.454068	3404.000000
1754.443960	3434.666667
1755.433490	3417.000000
1756.422658	3403.666667
1757.411464	3469.333333
1758.399908	3363.666667
1759.387991	3401.666667
1760.375713	3432.000000
1761.363073	3387.333333
1762.350072	3434.333333
1763.336711	3410.000000
1764.322988	3392.666667
1765.308905	3401.666667
1766.294462	3388.666667
1767.279659	3391.333333
1768.264496	3372.666667
1769.248972	3354.333333
1770.233089	3363.000000
1771.216847	3324.333333
1772.200245	3337.666667
1773.183284	3293.333333
1774.165965	3354.333333
1775.148286	3323.333333
1776.130249	3304.666667
1777.111853	3264.333333
1778.093099	3260.000000
1779.073987	3246.333333
1780.054517	3212.333333
1781.034689	3223.000000
1782.014503	3194.000000
1782.993960	3159.333333
1783.973060	3151.666667
1784.951802	3113.333333
1785.930188	3101.000000
1786.908217	3127.666667
1787.885889	3102.000000
1788.863205	3111.000000
1789.840164	3105.000000
1790.816768	3117.000000
1791.793015	3087.666667
1792.768907	3109.000000
1793.744443	3099.666667
1794.719624	3098.666667
1795.694449	3082.666667
1796.668919	3097.333333
1797.643035	3107.333333
1798.616795	3091.333333
1799.590201	3091.000000
1800.563253	3131.666667
1801.535950	3069.000000
1802.508294	3144.000000
1803.480283	3153.666667
1804.451919	3097.333333
1805.423201	3150.333333
1806.394129	3149.666667
1807.364705	3136.333333
1808.334927	3090.333333
1809.304796	3118.333333
1810.274313	3061.666667
1811.243477	3101.333333
1812.212288	3091.000000
1813.180747	3073.333333
1814.148855	3101.333333
1815.116610	3071.666667
1816.084013	3060.333333
1817.051065	3045.000000
1818.017766	3043.000000
1818.984115	3091.000000
1819.950113	3042.333333
1820.915760	3063.666667
1821.881057	3074.000000
1822.846003	3012.333333
1823.810598	3008.000000
1824.774843	3010.000000
1825.738738	2996.666667
1826.702283	2985.666667
1827.665479	2985.000000
1828.628324	2957.000000
1829.590821	2954.333333
1830.552968	2965.666667
1831.514765	3000.000000
1832.476214	2940.000000
1833.437314	3012.666667
1834.398066	2934.333333
1835.358469	2927.333333
1836.318524	2942.000000
1837.278230	2928.333333
1838.237589	2930.333333
1839.196600	2969.000000
1840.155263	2939.000000
1841.113578	2911.666667
1842.071547	2945.333333
1843.029168	2955.666667
1843.986442	2968.666667
1844.943369	2958.000000
1845.899950	3007.666667
1846.856184	2954.000000
1847.812072	2943.333333
1848.767614	2929.000000
1849.722809	2951.333333
1850.677659	2952.666667
1851.632163	2915.666667
1852.586322	2919.000000
1853.540135	2918.333333
1854.493603	2934.000000
1855.446726	2950.000000
1856.399504	2968.333333
1857.351937	2906.333333
1858.304026	2897.333333
1859.255770	2864.666667
1860.207170	2937.000000
1861.158227	2867.333333
1862.108939	2827.000000
1863.059307	2856.333333
1864.009332	2844.333333
1864.959013	2816.666667
1865.908351	2841.000000
1866.857346	2794.333333
1867.805998	2794.666667
1868.754307	2794.000000
1869.702274	2804.666667
1870.649898	2759.333333
1871.597180	2787.333333
1872.544119	2771.666667
1873.490717	2757.333333
1874.436973	2759.333333
1875.382887	2739.000000
1876.328459	2766.666667
1877.273691	2730.000000
1878.218581	2739.666667
1879.163130	2770.000000
1880.107338	2735.000000
1881.051205	2758.666667
1881.994732	2817.666667
1882.937919	2752.000000
1883.880765	2733.333333
1884.823271	2723.333333
1885.765437	2746.333333
1886.707264	2760.333333
1887.648750	2760.666667
1888.589898	2696.000000
1889.530706	2753.333333
1890.471175	2753.666667
1891.411305	2727.000000
1892.351096	2779.666667
1893.290548	2761.333333
1894.229662	2748.666667
1895.168438	2766.000000
1896.106876	2768.000000
1897.044975	2763.000000
1897.982737	2731.000000
1898.920160	2770.666667
1899.857247	2696.666667
1900.793996	2711.666667
1901.730407	2706.666667
1902.666482	2692.333333
1903.602219	2655.666667
1904.537620	2663.666667
1905.472685	2684.333333
1906.407412	2668.333333
1907.341804	2675.333333
1908.275859	2629.000000
1909.209579	2648.000000
1910.142962	2615.333333
1911.076010	2549.333333
1912.008722	2608.000000
1912.941099	2564.333333
1913.873141	2549.333333
1914.804848	2507.666667
1915.736219	2570.000000
1916.667256	2566.000000
1917.597959	2536.333333
1918.528327	2554.000000
1919.458360	2509.333333
1920.388060	2537.000000
1921.317426	2527.666667
1922.246457	2511.000000
1923.175156	2513.333333
1924.103520	2497.666667
1925.031552	2522.333333
1925.959250	2507.333333
1926.886615	2527.333333
1927.813647	2542.000000
1928.740346	2517.000000
1929.666713	2503.666667
1930.592748	2512.000000
1931.518450	2546.000000
1932.443820	2469.333333
1933.368858	2488.333333
1934.293564	2498.000000
1935.217939	2517.333333
1936.141982	2558.666667
1937.065694	2516.000000
1937.989074	2511.333333
1938.912124	2480.333333
1939.834842	2469.333333
1940.757230	2441.000000
1941.679287	2457.000000
1942.601014	2486.666667
1943.522411	2485.666667
1944.443477	2458.000000
1945.364214	2453.000000
1946.284621	2447.666667
1947.204698	2436.666667
1948.124445	2410.000000
1949.043863	2406.000000
1949.962952	2431.333333
1950.881712	2384.000000
1951.800143	2400.333333
1952.718245	2382.000000
1953.636019	2355.333333
1954.553464	2337.000000
1955.470581	2371.666667
1956.387369	2337.666667
1957.303830	2318.666667
1958.219963	2311.000000
1959.135768	2294.333333
1960.051246	2341.333333
1960.966396	2289.000000
1961.881219	2363.000000
1962.795715	2356.666667
1963.709883	2339.666667
1964.623726	2315.000000
1965.537241	2376.000000
1966.450430	2383.333333
1967.363293	2363.666667
1968.275829	2344.000000
1969.188040	2324.333333
1970.099924	2355.666667
1971.011483	2363.333333
1971.922716	2351.000000
1972.833624	2366.666667
1973.744206	2321.000000
1974.654464	2363.333333
1975.564396	2329.666667
1976.474004	2360.666667
1977.383286	2369.000000
1978.292245	2355.333333
1979.200878	2370.333333
1980.109188	2318.000000
1981.017174	2323.000000
1981.924835	2318.666667
1982.832173	2312.000000
1983.739187	2306.333333
1984.645878	2274.666667
1985.552245	2287.333333
1986.458289	2292.333333
1987.364010	2283.000000
1988.269408	2212.666667
1989.174484	2230.333333
1990.079236	2219.000000
1990.983667	2200.333333
1991.887775	2194.666667
1992.791561	2258.666667
1993.695024	2205.000000
1994.598166	2203.666667
1995.500986	2205.000000
1996.403485	2151.333333
1997.305662	2168.666667
1998.207518	2204.333333
1999.109053	2182.666667
