200.151048	22334.000000
201.758777	22339.666667
203.365815	22275.666667
204.972162	22039.333333
206.577820	21995.333333
208.182787	21916.000000
209.787065	21978.666667
211.390653	21792.666667
212.993553	21715.666667
214.595765	21729.000000
216.197289	21706.000000
217.798125	21536.333333
219.398274	21369.666667
220.997737	21336.000000
222.596513	21295.000000
224.194603	21260.333333
225.792008	21107.666667
227.388728	21201.333333
228.984763	21224.000000
230.580114	21018.333333
232.174781	20970.666667
233.768765	20884.000000
235.362065	20918.000000
236.954683	20788.666667
238.546619	20658.000000
240.137872	20733.000000
241.728445	20580.666667
243.318336	20601.666667
244.907546	20357.333333
246.496076	20298.666667
248.083926	20251.666667
249.671097	20275.666667
251.257589	20251.666667
252.843402	20116.666667
254.428536	20011.333333
256.012993	19977.666667
257.596772	19796.333333
259.179874	19741.666667
260.762300	19675.000000
262.344049	19621.000000
263.925122	19612.666667
265.505519	19521.666667
267.085241	19499.000000
268.664289	19519.333333
270.242662	19360.666667
271.820361	19368.000000
273.397387	19349.333333
274.973740	19266.000000
276.549419	19292.000000
278.124426	19211.333333
279.698762	19142.666667
281.272425	19288.333333
282.845417	19249.666667
284.417739	19171.666667
285.989390	19198.666667
287.560371	19070.666667
289.130682	19031.000000
290.700324	19168.666667
292.269297	19045.666667
293.837602	19005.666667
295.405238	19018.333333
296.972207	18957.666667
298.538508	18883.333333
300.104142	18809.000000
301.669110	18824.666667
303.233411	18695.333333
304.797047	18648.666667
306.360017	18584.666667
307.922322	18558.000000
309.483963	18414.000000
311.044939	18397.666667
312.605252	18354.666667
314.164900	18197.333333
315.723886	18084.333333
317.282209	18094.000000
318.839870	17960.000000
320.396868	17784.333333
321.953205	17903.000000
323.508881	17740.000000
325.063896	17723.333333
326.618251	17657.666667
328.171945	17636.000000
329.724980	17578.666667
331.277356	17497.000000
332.829072	17522.000000
334.380131	17470.000000
335.930530	17527.000000
337.480273	17440.666667
339.029357	17485.333333
340.577785	17371.333333
342.125556	17351.000000
343.672671	17232.333333
345.219130	17399.333333
346.764933	17228.333333
348.310081	17140.333333
349.854575	17158.000000
351.398414	17157.333333
352.941599	17037.666667
354.484130	17039.666667
356.026008	16995.666667
357.567234	16995.333333
359.107807	16882.666667
360.647727	16860.333333
362.186996	16760.000000
363.725614	16761.333333
365.263580	16823.333333
366.800896	16646.000000
368.337562	16622.333333
369.873578	16545.666667
371.408944	16667.666667
372.943661	16545.333333
374.477730	16704.000000
376.011150	16684.000000
377.543922	16517.666667
379.076046	16578.666667
380.607523	16644.666667
382.138353	16757.666667
383.668537	16643.666667
385.198075	16659.000000
386.726966	16551.333333
388.255213	16646.666667
389.782814	16606.000000
391.309770	16696.666667
392.836083	16663.000000
394.361751	16662.000000
395.886776	16682.666667
397.411157	16664.333333
398.934896	16756.333333
400.457992	16759.666667
401.980446	16755.666667
403.502258	16762.000000
405.023429	16744.333333
406.543959	16809.000000
408.063849	16835.000000
409.583098	16783.333333
411.101707	16972.333333
412.619677	17129.000000
414.137007	17127.000000
415.653699	17196.000000
417.169752	17379.666667
418.685167	17493.666667
420.199945	17674.000000
421.714085	17911.333333
423.227588	17950.333333
424.740454	18350.000000
426.252684	18320.000000
427.764279	18349.666667
429.275238	18419.666667
430.785561	18313.000000
432.295250	18192.000000
433.804304	17941.000000
435.312725	17780.666667
436.820511	17802.333333
438.327664	17469.000000
439.834185	17486.333333
441.340072	17455.000000
442.845327	17303.333333
444.349951	17240.000000
445.853942	17299.000000
447.357303	17125.666667
448.860033	17124.000000
450.362132	16890.333333
451.863601	16762.333333
453.364440	16672.666667
454.864650	16445.333333
456.364231	16465.000000
457.863183	16328.666667
459.361507	16206.000000
460.859203	16105.000000
462.356271	15926.333333
463.852712	15920.000000
465.348526	15765.666667
466.843714	15633.000000
468.338275	15623.333333
469.832210	15585.333333
471.325520	15537.333333
472.818205	15453.000000
474.310265	15306.333333
475.801700	15353.000000
477.292512	15087.666667
478.782700	15247.666667
480.272264	14998.000000
481.761205	15105.666667
483.249524	15111.333333
484.737221	14986.000000
486.224295	15022.666667
487.710748	14855.666667
489.196579	14845.333333
490.681790	14824.666667
492.166380	14807.666667
493.650350	14769.000000
495.133700	14811.666667
496.616431	14626.000000
498.098542	14713.333333
499.580035	14679.000000
501.060909	14686.666667
502.541165	14677.000000
504.020804	14577.666667
505.499825	14607.666667
506.978228	14482.333333
508.456016	14461.333333
509.933186	14502.666667
511.409741	14475.666667
512.885680	14496.666667
514.361004	14389.333333
515.835713	14262.000000
517.309807	14476.666667
518.783287	14400.000000
520.256153	14418.000000
521.728406	14354.333333
523.200045	14402.000000
524.671071	14424.000000
526.141485	14475.666667
527.611287	14391.000000
529.080476	14364.333333
530.549054	14349.333333
532.017021	14439.000000
533.484378	14193.333333
534.951123	14394.000000
536.417259	14287.000000
537.882785	14335.333333
539.347701	14319.333333
540.812008	14263.666667
542.275707	14329.666667
543.738797	14232.666667
545.201279	14229.666667
546.663153	14182.666667
548.124420	14235.666667
549.585080	14336.666667
551.045133	14261.333333
552.504579	14345.000000
553.963420	14303.333333
555.421655	14288.333333
556.879285	14262.333333
558.336309	14388.000000
559.792729	14458.333333
561.248545	14462.333333
562.703756	14515.333333
564.158364	14444.666667
565.612369	14559.333333
567.065770	14646.000000
568.518569	14715.000000
569.970766	14740.000000
571.422361	14766.333333
572.873354	14924.333333
574.323745	14979.666667
575.773536	15066.333333
577.222726	15116.666667
578.671316	15315.333333
580.119306	15399.333333
581.566696	15301.333333
583.013487	15302.000000
584.459679	15286.000000
585.905273	15270.666667
587.350268	15286.000000
588.794665	15221.666667
590.238465	15193.333333
591.681667	15086.000000
593.124272	14958.666667
594.566281	14806.000000
596.007694	14555.666667
597.448510	14497.333333
598.888731	14437.666667
600.328357	14288.333333
601.767388	14194.333333
603.205824	14219.666667
604.643666	14201.000000
606.080914	14131.333333
607.517568	14048.333333
608.953629	14074.000000
610.389097	14169.666667
611.823972	13959.000000
613.258255	13909.333333
614.691946	13780.333333
616.125046	13692.333333
617.557554	13653.666667
618.989471	13505.000000
620.420798	13451.666667
621.851534	13414.333333
623.281680	13348.666667
624.711237	13270.333333
626.140204	13163.333333
627.568582	12961.666667
628.996372	13013.000000
630.423573	13011.666667
631.850186	12858.333333
633.276211	12849.333333
634.701650	12884.000000
636.126501	12846.333333
637.550765	12914.666667
638.974443	12746.000000
640.397535	12783.666667
641.820041	12825.000000
643.241961	12700.666667
644.663297	12760.666667
646.084048	12743.333333
647.504214	12685.666667
648.923796	12664.666667
650.342795	12643.666667
651.761210	12643.333333
653.179041	12714.000000
654.596290	12614.666667
656.012957	12630.333333
657.429041	12620.333333
658.844543	12553.666667
660.259464	12588.666667
661.673804	12606.000000
663.087563	12554.333333
664.500741	12617.333333
665.913339	12630.666667
667.325357	12482.666667
668.736795	12479.333333
670.147654	12560.333333
671.557934	12488.666667
672.967636	12483.333333
674.376759	12422.666667
675.785304	12447.333333
677.193271	12423.333333
678.600661	12445.333333
680.007474	12372.666667
681.413711	12428.666667
682.819370	12305.333333
684.224454	12382.666667
685.628962	12403.666667
687.032895	12257.333333
688.436252	12303.333333
689.839034	12386.333333
691.241242	12266.333333
692.642876	12298.000000
694.043936	12255.666667
695.444422	12275.000000
696.844336	12279.000000
698.243676	12174.333333
699.642443	12249.333333
701.040639	12134.000000
702.438262	12107.666667
703.835313	12097.666667
705.231794	12142.333333
706.627703	12158.333333
708.023041	12032.666667
709.417810	12116.333333
710.812008	12065.333333
712.205636	12032.000000
713.598694	12142.000000
714.991184	12101.666667
716.383105	12076.333333
717.774457	12056.000000
719.165241	11969.000000
720.555457	12087.000000
721.945105	11996.666667
723.334187	11894.666667
724.722701	12075.666667
726.110648	11870.333333
727.498030	12019.333333
728.884845	11924.333333
730.271094	11922.000000
731.656778	11988.000000
733.041897	11806.333333
734.426451	11950.666667
735.810441	11785.333333
737.193866	11946.000000
738.576728	11920.666667
739.959026	11806.000000
741.340760	11814.000000
742.721932	11780.000000
744.102541	11808.000000
745.482588	11728.333333
746.862073	11735.000000
748.240996	11766.000000
749.619358	11755.666667
750.997158	11754.333333
752.374398	11847.000000
753.751077	11742.000000
755.127197	11848.666667
756.502756	11691.333333
757.877756	11787.000000
759.252196	11749.333333
760.626078	11690.000000
761.999400	11617.333333
763.372165	11683.666667
764.744371	11576.333333
766.116020	11698.666667
767.487111	11595.666667
768.857646	11642.000000
770.227623	11493.333333
771.597044	11615.666667
772.965908	11513.666667
774.334217	11517.000000
775.701970	11466.000000
777.069168	11515.666667
778.435811	11487.000000
779.801899	11393.666667
781.167433	11508.333333
782.532412	11366.000000
783.896838	11364.666667
785.260710	11329.666667
786.624029	11403.666667
787.986796	11326.333333
789.349009	11306.666667
790.710671	11304.000000
792.071780	11273.333333
793.432338	11305.666667
794.792344	11303.666667
796.151799	11249.666667
797.510704	11171.333333
798.869058	11212.666667
800.226862	11172.333333
801.584116	11199.333333
802.940820	11180.000000
804.296975	11225.000000
805.652581	11189.000000
807.007638	11174.000000
808.362147	11332.000000
809.716108	11341.333333
811.069521	11239.666667
812.422387	11326.000000
813.774705	11249.000000
815.126476	11251.333333
816.477701	11230.333333
817.828380	11168.666667
819.178512	11172.333333
820.528099	11158.666667
821.877140	11099.666667
823.225637	11066.666667
824.573588	11067.000000
825.920995	11054.666667
827.267857	11041.000000
828.614176	11027.666667
829.959951	11091.000000
831.305183	10999.666667
832.649871	11087.000000
833.994017	11072.000000
835.337620	11088.000000
836.680681	11063.666667
838.023201	11014.666667
839.365178	11043.333333
840.706614	11143.000000
842.047510	11164.000000
843.387864	11147.000000
844.727678	11186.666667
846.066952	11221.666667
847.405687	11267.000000
848.743881	11370.000000
850.081537	11400.666667
851.418653	11406.333333
852.755231	11466.333333
854.091270	11431.666667
855.426771	11494.000000
856.761735	11457.666667
858.096160	11342.333333
859.430049	11309.333333
860.763401	11246.666667
862.096216	11190.333333
863.428495	11097.333333
864.760237	11210.000000
866.091444	11121.000000
867.422115	11203.666667
868.752252	11095.000000
870.081853	11162.666667
871.410919	11097.000000
872.739452	10982.666667
874.067450	11076.333333
875.394914	11026.333333
876.721845	11114.666667
878.048243	11050.000000
879.374108	11032.333333
880.699440	10999.666667
882.024240	10933.000000
883.348508	10918.333333
884.672244	10893.333333
885.995449	11015.333333
887.318122	10890.000000
888.640265	10804.666667
889.961877	10815.666667
891.282959	10785.000000
892.603510	10845.000000
893.923532	10728.000000
895.243024	10866.666667
896.561987	10780.000000
897.880422	10701.666667
899.198327	10717.333333
900.515705	10744.333333
901.832554	10642.333333
903.148875	10690.666667
904.464669	10806.666667
905.779936	10727.333333
907.094676	10771.000000
908.408889	10661.000000
909.722576	10697.666667
911.035737	10740.333333
912.348371	10853.666667
913.660481	10971.333333
914.972065	10920.666667
916.283124	11009.333333
917.593659	11055.666667
918.903669	11003.000000
920.213155	11068.666667
921.522117	11097.666667
922.830556	11128.666667
924.138471	11017.000000
925.445864	11089.666667
926.752733	11114.333333
928.059081	11207.666667
929.364906	11229.333333
930.670209	11322.666667
931.974991	11339.666667
933.279251	11528.333333
934.582990	11551.666667
935.886209	11694.666667
937.188907	11799.666667
938.491085	11971.666667
939.792743	12196.333333
941.093881	12431.333333
942.394500	12703.333333
943.694600	13010.333333
944.994181	13450.666667
946.293243	13840.000000
947.591787	14272.333333
948.889813	14877.000000
950.187322	15566.333333
951.484313	16178.666667
952.780787	17051.333333
954.076744	18017.333333
955.372184	18857.666667
956.667108	19423.000000
957.961516	19854.666667
959.255409	19742.666667
960.548785	19527.333333
961.841647	18804.000000
963.133993	17930.333333
964.425825	16933.666667
965.717142	15791.666667
967.007946	14930.333333
968.298235	14064.666667
969.588011	13280.666667
970.877273	12671.333333
972.166023	12298.666667
973.454259	11816.333333
974.741984	11374.000000
976.029196	11135.666667
977.315895	10963.333333
978.602084	10799.333333
979.887761	10611.000000
981.172926	10522.333333
982.457581	10470.000000
983.741725	10414.333333
985.025359	10253.333333
986.308483	10279.000000
987.591097	10246.333333
988.873202	10251.666667
990.154797	10187.000000
991.435883	10187.000000
992.716461	10220.000000
993.996530	10246.333333
995.276091	10236.333333
996.555144	10201.000000
997.833690	10359.333333
999.111728	10325.333333
1000.389259	10398.666667
1001.666283	10515.000000
1002.942800	10603.000000
1004.218812	10493.000000
1005.494317	10387.000000
1006.769317	10477.333333
1008.043811	10490.333333
1009.317799	10346.666667
1010.591283	10388.333333
1011.864263	10427.000000
1013.136737	10440.000000
1014.408708	10466.000000
1015.680175	10421.666667
1016.951138	10434.000000
1018.221598	10558.666667
1019.491554	10470.000000
1020.761008	10515.666667
1022.029959	10546.666667
1023.298408	10522.333333
1024.566355	10650.000000
1025.833800	10586.333333
1027.100744	10628.000000
1028.367187	10686.333333
1029.633128	10699.000000
1030.898569	10783.000000
1032.163509	10749.666667
1033.427949	10692.000000
1034.691890	10742.000000
1035.955330	10794.333333
1037.218271	10712.000000
1038.480714	10783.666667
1039.742657	10717.333333
1041.004101	10701.333333
1042.265048	10815.000000
1043.525496	10808.333333
1044.785446	10834.666667
1046.044899	10800.000000
1047.303855	10697.666667
1048.562313	10725.333333
1049.820275	10631.000000
1051.077740	10592.333333
1052.334709	10633.666667
1053.591182	10671.666667
1054.847160	10615.666667
1056.102641	10557.666667
1057.357628	10617.000000
1058.612120	10688.333333
1059.866117	10726.333333
1061.119619	10761.000000
1062.372628	10773.000000
1063.625142	10966.333333
1064.877163	10986.666667
1066.128691	11055.666667
1067.379725	11092.333333
1068.630267	11050.333333
1069.880316	11097.000000
1071.129872	11004.333333
1072.378937	10908.666667
1073.627509	10867.000000
1074.875590	10751.666667
1076.123180	10715.666667
1077.370279	10553.666667
1078.616887	10503.333333
1079.863004	10302.000000
1081.108631	10291.000000
1082.353768	10165.333333
1083.598415	10051.666667
1084.842573	10070.333333
1086.086241	9926.333333
1087.329421	9853.333333
1088.572111	9853.666667
1089.814314	9751.000000
1091.056028	9714.666667
1092.297253	9641.666667
1093.537992	9695.000000
1094.778242	9634.000000
1096.018006	9565.666667
1097.257282	9540.000000
1098.496072	9621.000000
1099.734376	9536.666667
1100.972193	9512.666667
1102.209524	9522.333333
1103.446370	9469.000000
1104.682730	9463.333333
1105.918604	9423.666667
1107.153994	9399.333333
1108.388900	9316.333333
1109.623320	9291.333333
1110.857257	9277.666667
1112.090710	9231.000000
1113.323679	9202.333333
1114.556164	9161.333333
1115.788167	9141.000000
1117.019686	9137.333333
1118.250723	9114.000000
1119.481278	9102.666667
1120.711350	9076.333333
1121.940940	9067.333333
1123.170049	9023.333333
1124.398676	9045.333333
1125.626823	8936.333333
1126.854488	9023.000000
1128.081672	8958.666667
1129.308376	8934.333333
1130.534600	8962.000000
1131.760345	8977.666667
1132.985609	8921.000000
1134.210394	8914.000000
1135.434700	8801.000000
1136.658527	8903.000000
1137.881875	8952.333333
1139.104745	8898.333333
1140.327136	8880.666667
1141.549050	8908.666667
1142.770486	8903.666667
1143.991445	8924.666667
1145.211926	8845.333333
1146.431931	8868.000000
1147.651459	8876.666667
1148.870510	8826.333333
1150.089086	8879.333333
1151.307185	8863.666667
1152.524808	8752.333333
1153.741957	8877.000000
1154.958630	8836.666667
1156.174828	8816.000000
1157.390551	8800.666667
1158.605800	8897.333333
1159.820574	8822.333333
1161.034875	8859.666667
1162.248702	8766.000000
1163.462055	8805.666667
1164.674936	8829.666667
1165.887343	8832.000000
1167.099277	8804.000000
1168.310739	8705.333333
1169.521729	8849.333333
1170.732247	8777.666667
1171.942293	8793.333333
1173.151867	8737.333333
1174.360970	8778.666667
1175.569602	8621.333333
1176.777764	8847.333333
1177.985454	8843.666667
1179.192675	8698.333333
1180.399425	8742.666667
1181.605706	8669.333333
1182.811517	8655.000000
1184.016859	8716.000000
1185.221731	8661.666667
1186.426135	8566.000000
1187.630070	8574.333333
1188.833537	8572.666667
1190.036535	8649.666667
1191.239066	8626.666667
1192.441129	8502.666667
1193.642725	8548.666667
1194.843853	8585.666667
1196.044515	8552.000000
1197.244710	8518.333333
1198.444438	8538.000000
1199.643701	8582.000000
1200.842497	8558.000000
1202.040827	8529.666667
1203.238693	8580.666667
1204.436092	8528.666667
1205.633027	8573.000000
1206.829497	8487.000000
1208.025503	8509.000000
1209.221044	8445.333333
1210.416122	8456.666667
1211.610735	8395.333333
1212.804885	8355.000000
1213.998572	8390.333333
1215.191795	8362.000000
1216.384556	8387.000000
1217.576854	8299.333333
1218.768689	8286.000000
1219.960063	8305.000000
1221.150974	8306.000000
1222.341424	8385.000000
1223.531413	8341.333333
1224.720940	8302.666667
1225.910006	8376.666667
1227.098612	8416.666667
1228.286757	8378.000000
1229.474442	8440.333333
1230.661667	8515.000000
1231.848432	8542.333333
1233.034738	8594.333333
1234.220584	8577.000000
1235.405971	8653.333333
1236.590900	8671.666667
1237.775369	8629.666667
1238.959381	8688.333333
1240.142934	8793.666667
1241.326029	8704.333333
1242.508667	8715.666667
1243.690848	8738.666667
1244.872571	8649.333333
1246.053837	8648.333333
1247.234646	8747.666667
1248.414999	8673.666667
1249.594896	8615.333333
1250.774337	8572.333333
1251.953322	8595.333333
1253.131851	8614.666667
1254.309925	8540.000000
1255.487544	8467.666667
1256.664708	8583.333333
1257.841417	8503.666667
1259.017673	8533.666667
1260.193473	8474.000000
1261.368820	8459.333333
1262.543714	8589.333333
1263.718154	8571.666667
1264.892140	8569.333333
1266.065674	8604.333333
1267.238755	8540.333333
1268.411383	8577.666667
1269.583559	8603.000000
1270.755283	8550.666667
1271.926555	8515.333333
1273.097375	8507.666667
1274.267744	8588.333333
1275.437662	8493.333333
1276.607129	8446.000000
1277.776145	8493.333333
1278.944711	8443.666667
1280.112827	8457.000000
1281.280492	8395.000000
1282.447708	8334.333333
1283.614474	8343.333333
1284.780791	8305.000000
1285.946659	8377.333333
1287.112078	8249.666667
1288.277048	8242.666667
1289.441570	8179.333333
1290.605644	8076.333333
1291.769270	8191.666667
1292.932448	8030.000000
1294.095178	8005.333333
1295.257461	8032.666667
1296.419298	7959.333333
1297.580687	7994.000000
1298.741630	7981.333333
1299.902126	8041.333333
1301.062177	7941.666667
1302.221781	7954.000000
1303.380940	7910.333333
1304.539653	7929.000000
1305.697921	7931.666667
1306.855744	7900.666667
1308.013123	8017.333333
1309.170056	7907.333333
1310.326546	7888.000000
1311.482591	7969.666667
1312.638193	7913.000000
1313.793350	7915.333333
1314.948065	7881.333333
1316.102336	7881.666667
1317.256164	7873.333333
1318.409550	7922.666667
1319.562493	7934.333333
1320.714993	7909.000000
1321.867052	7861.666667
1323.018668	7786.000000
1324.169843	7764.333333
1325.320577	7783.666667
1326.470870	7753.000000
1327.620721	7636.000000
1328.770132	7653.000000
1329.919102	7716.000000
1331.067632	7596.666667
1332.215722	7586.333333
1333.363372	7651.666667
1334.510582	7657.666667
1335.657353	7680.000000
1336.803685	7653.333333
1337.949578	7685.666667
1339.095032	7662.333333
1340.240048	7684.333333
1341.384625	7694.000000
1342.528764	7651.333333
1343.672466	7620.000000
1344.815729	7598.333333
1345.958556	7600.333333
1347.100945	7604.333333
1348.242897	7517.333333
1349.384413	7530.666667
1350.525492	7548.333333
1351.666134	7490.333333
1352.806341	7525.666667
1353.946111	7461.666667
1355.085446	7347.666667
1356.224346	7362.666667
1357.362810	7455.000000
1358.500840	7370.000000
1359.638434	7352.000000
1360.775594	7356.666667
1361.912320	7347.666667
1363.048612	7256.000000
1364.184469	7343.333333
1365.319893	7303.333333
1366.454884	7373.333333
1367.589441	7277.666667
1368.723566	7391.000000
1369.857257	7293.666667
1370.990516	7313.666667
1372.123343	7309.000000
1373.255737	7369.000000
1374.387699	7371.333333
1375.519230	7369.666667
1376.650329	7368.000000
1377.780997	7427.000000
1378.911234	7400.666667
1380.041040	7346.000000
1381.170416	7287.000000
1382.299361	7334.666667
1383.427875	7362.666667
1384.555960	7423.666667
1385.683615	7306.666667
1386.810841	7312.000000
1387.937637	7325.333333
1389.064004	7290.666667
1390.189942	7300.000000
1391.315451	7303.333333
1392.440532	7211.333333
1393.565185	7316.666667
1394.689409	7287.666667
1395.813206	7214.666667
1396.936575	7179.333333
1398.059517	7280.666667
1399.182032	7150.666667
1400.304119	7146.000000
1401.425780	7154.666667
1402.547014	7230.666667
1403.667822	7176.000000
1404.788204	7105.666667
1405.908160	7225.333333
1407.027690	7160.000000
1408.146795	7159.000000
1409.265474	7124.333333
1410.383728	7105.666667
1411.501558	7174.666667
1412.618963	7109.000000
1413.735943	7150.333333
1414.852499	7155.333333
1415.968632	7169.666667
1417.084340	7204.333333
1418.199625	7225.666667
1419.314486	7141.333333
1420.428925	7205.000000
1421.542940	7210.666667
1422.656533	7234.666667
1423.769703	7171.666667
1424.882451	7173.666667
1425.994777	7190.666667
1427.106680	7145.666667
1428.218163	7158.666667
1429.329223	7060.000000
1430.439863	7068.333333
1431.550081	7125.000000
1432.659879	7071.333333
1433.769256	7023.666667
1434.878212	7101.333333
1435.986749	7063.333333
1437.094865	7049.000000
1438.202562	7079.666667
1439.309839	7114.666667
1440.416696	7132.333333
1441.523135	7200.333333
1442.629154	7192.000000
1443.734755	7160.000000
1444.839937	7257.000000
1445.944701	7241.000000
1447.049047	7297.666667
1448.152975	7303.000000
1449.256485	7275.333333
1450.359577	7265.666667
1451.462253	7292.333333
1452.564511	7212.000000
1453.666352	7228.666667
1454.767777	7180.000000
1455.868785	7085.333333
1456.969377	7151.000000
1458.069553	7070.000000
1459.169313	7067.000000
1460.268658	7027.666667
1461.367587	7061.000000
1462.466101	6987.333333
1463.564200	6924.000000
1464.661884	6899.000000
1465.759153	6905.333333
1466.856008	6813.666667
1467.952449	6790.000000
1469.048476	6678.333333
1470.144089	6646.666667
1471.239288	6692.666667
1472.334074	6519.666667
1473.428447	6504.333333
1474.522407	6474.333333
1475.615955	6432.666667
1476.709089	6383.333333
1477.801812	6344.666667
1478.894122	6325.333333
1479.986020	6337.000000
1481.077506	6315.000000
1482.168581	6227.000000
1483.259245	6234.666667
1484.349498	6297.666667
1485.439339	6279.333333
1486.528770	6179.333333
1487.617790	6261.666667
1488.706400	6194.666667
1489.794600	6177.333333
1490.882390	6191.000000
1491.969771	6161.000000
1493.056742	6074.333333
1494.143303	6101.000000
1495.229456	6081.333333
1496.315199	6128.666667
1497.400534	6123.666667
1498.485460	6108.666667
1499.569978	6076.333333
1500.654088	6080.333333
1501.737790	6001.333333
1502.821085	6042.000000
1503.903972	6030.000000
1504.986451	5953.000000
1506.068524	6000.000000
1507.150189	6017.000000
1508.231448	5967.666667
1509.312301	5904.333333
1510.392747	5939.000000
1511.472787	5875.333333
1512.552422	5862.000000
1513.631650	5949.666667
1514.710473	5888.333333
1515.788891	5839.000000
1516.866904	5849.333333
1517.944512	5786.333333
1519.021715	5827.666667
1520.098513	5763.000000
1521.174908	5834.333333
1522.250898	5771.000000
1523.326485	5820.333333
1524.401667	5787.333333
1525.476447	5711.666667
1526.550823	5742.333333
1527.624796	5808.333333
1528.698365	5757.000000
1529.771533	5827.000000
1530.844298	5753.666667
1531.916660	5753.333333
1532.988620	5755.000000
1534.060179	5799.666667
1535.131336	5768.333333
1536.202091	5718.666667
1537.272445	5725.000000
1538.342398	5711.666667
1539.411950	5696.333333
1540.481101	5683.000000
1541.549851	5695.000000
1542.618202	5690.000000
1543.686152	5604.000000
1544.753702	5646.000000
1545.820853	5554.666667
1546.887604	5583.666667
1547.953955	5616.000000
1549.019908	5582.666667
1550.085461	5559.000000
1551.150616	5548.666667
1552.215372	5510.333333
1553.279730	5605.000000
1554.343690	5570.000000
1555.407252	5559.666667
1556.470415	5472.666667
1557.533182	5463.666667
1558.595551	5566.000000
1559.657522	5514.000000
1560.719097	5545.333333
1561.780275	5462.666667
1562.841056	5474.000000
1563.901441	5456.000000
1564.961429	5549.000000
1566.021022	5470.333333
1567.080219	5506.666667
1568.139020	5554.000000
1569.197425	5465.666667
1570.255436	5464.333333
1571.313051	5425.666667
1572.370271	5451.333333
1573.427097	5418.333333
1574.483528	5486.000000
1575.539565	5412.333333
1576.595208	5402.666667
1577.650457	5412.333333
1578.705312	5385.333333
1579.759774	5350.333333
1580.813842	5376.333333
1581.867517	5303.333333
1582.920799	5330.000000
1583.973689	5319.000000
1585.026186	5298.666667
1586.078290	5244.333333
1587.130002	5284.000000
1588.181323	5205.000000
1589.232251	5224.000000
1590.282788	5244.666667
1591.332933	5264.333333
1592.382688	5170.333333
1593.432051	5254.000000
1594.481023	5175.333333
1595.529605	5181.666667
1596.577796	5226.333333
1597.625597	5202.333333
1598.673007	5172.666667
1599.720028	5268.666667
1600.766660	5208.333333
1601.812901	5225.666667
1602.858753	5292.666667
1603.904217	5281.666667
1604.949291	5263.666667
1605.993976	5252.666667
1607.038273	5270.666667
1608.082182	5203.000000
1609.125702	5222.000000
1610.168834	5207.666667
1611.211579	5225.333333
1612.253935	5205.000000
1613.295905	5215.666667
1614.337487	5120.000000
1615.378682	5173.666667
1616.419490	5179.000000
1617.459912	5095.666667
1618.499946	5118.666667
1619.539595	5096.000000
1620.578858	5129.333333
1621.617734	5148.333333
1622.656225	5120.333333
1623.694330	5087.000000
1624.732050	5141.333333
1625.769385	5071.000000
1626.806334	5117.333333
1627.842899	5105.666667
1628.879079	5051.333333
1629.914875	5086.333333
1630.950286	5091.666667
1631.985314	5075.666667
1633.019957	5153.000000
1634.054217	5132.666667
1635.088093	5087.333333
1636.121586	5125.666667
1637.154696	5136.333333
1638.187423	5069.333333
1639.219767	5097.333333
1640.251728	5080.333333
1641.283307	5065.000000
1642.314504	5038.333333
1643.345319	5114.666667
1644.375751	5133.333333
1645.405803	5078.666667
1646.435472	5119.333333
1647.464761	5060.333333
1648.493668	5055.333333
1649.522194	5065.000000
1650.550340	5049.000000
1651.578105	5076.666667
1652.605490	5042.333333
1653.632494	5032.333333
1654.659119	5039.333333
1655.685363	5017.333333
1656.711228	5020.000000
1657.736714	5015.333333
1658.761820	5000.333333
1659.786547	4944.000000
1660.810895	5010.666667
1661.834865	4942.000000
1662.858456	4982.000000
1663.881668	4910.666667
1664.904503	4850.333333
1665.926959	4882.000000
1666.949038	4868.000000
1667.970739	4851.666667
1668.992062	4857.000000
1670.013008	4791.333333
1671.033577	4746.666667
1672.053770	4760.000000
1673.073585	4727.666667
1674.093024	4714.000000
1675.112086	4744.666667
1676.130773	4676.666667
1677.149083	4711.333333
1678.167017	4715.000000
1679.184576	4744.000000
1680.201760	4688.000000
1681.218568	4636.333333
1682.235001	4683.333333
1683.251059	4672.333333
1684.266742	4660.333333
1685.282051	4594.000000
1686.296985	4583.666667
1687.311546	4624.666667
1688.325732	4581.000000
1689.339544	4486.333333
1690.352983	4506.333333
1691.366048	4501.000000
1692.378740	4460.666667
1693.391058	4457.333333
1694.403004	4380.666667
1695.414577	4390.000000
1696.425778	4395.000000
1697.436606	4275.333333
1698.447061	4327.333333
1699.457145	4270.666667
1700.466857	4249.000000
1701.476197	4147.000000
1702.485166	4214.666667
1703.493763	4160.000000
1704.501989	4161.000000
1705.509844	4169.666667
1706.517328	4135.333333
1707.524442	4152.000000
1708.531185	4057.666667
1709.537558	4169.666667
1710.543561	4065.000000
1711.549194	4106.666667
1712.554457	4079.666667
1713.559351	4067.000000
1714.563875	4084.333333
1715.568030	4042.666667
1716.571816	4054.666667
1717.575233	4090.333333
1718.578282	4069.333333
1719.580962	4096.333333
1720.583273	4100.666667
1721.585217	4005.000000
1722.586792	4112.666667
1723.588000	4091.000000
1724.588840	4083.333333
1725.589312	4086.000000
1726.589418	4135.000000
1727.589156	4071.333333
1728.588527	4050.000000
1729.587532	4042.666667
1730.586170	4045.666667
1731.584441	4057.333333
1732.582346	4000.666667
1733.579886	3968.000000
1734.577059	4013.000000
1735.573867	3942.666667
1736.570309	3959.333333
1737.566386	3939.666667
1738.562097	3960.666667
1739.557444	3956.333333
1740.552426	3899.000000
1741.547043	3889.333333
1742.541295	3927.000000
1743.535184	3891.333333
1744.528708	3830.333333
1745.521868	3841.666667
1746.514664	3815.333333
1747.507097	3836.666667
1748.499166	3848.666667
1749.490873	3778.333333
1750.482216	3801.666667
1751.473196	3810.000000
1752.463813	3797.333333
1753.454068	3831.333333
1754.443960	3797.000000
1755.433490	3774.333333
1756.422658	3804.666667
1757.411464	3772.000000
1758.399908	3776.000000
1759.387991	3784.000000
1760.375713	3746.333333
1761.363073	3746.000000
1762.350072	3761.333333
1763.336711	3726.333333
1764.322988	3750.333333
1765.308905	3744.666667
1766.294462	3734.000000
1767.279659	3699.666667
1768.264496	3690.666667
1769.248972	3689.000000
1770.233089	3664.333333
1771.216847	3637.333333
1772.200245	3666.666667
1773.183284	3650.666667
1774.165965	3639.666667
1775.148286	3613.333333
1776.130249	3598.666667
1777.111853	3597.333333
1778.093099	3535.666667
1779.073987	3567.000000
1780.054517	3544.666667
1781.034689	3565.333333
1782.014503	3532.000000
1782.993960	3541.000000
1783.973060	3515.666667
1784.951802	3468.666667
1785.930188	3483.333333
1786.908217	3459.333333
1787.885889	3441.000000
1788.863205	3444.000000
1789.840164	3390.333333
1790.816768	3392.333333
1791.793015	3387.666667
1792.768907	3383.000000
1793.744443	3393.000000
1794.719624	3385.666667
1795.694449	3395.333333
1796.668919	3401.333333
1797.643035	3381.333333
1798.616795	3396.666667
1799.590201	3388.666667
1800.563253	3414.000000
1801.535950	3388.333333
1802.508294	3369.000000
1803.480283	3418.000000
1804.451919	3390.666667
1805.423201	3353.666667
1806.394129	3378.333333
1807.364705	3398.000000
1808.334927	3393.333333
1809.304796	3371.666667
1810.274313	3392.333333
1811.243477	3379.000000
1812.212288	3394.666667
1813.180747	3356.666667
1814.148855	3354.666667
1815.116610	3360.333333
1816.084013	3331.666667
1817.051065	3292.666667
1818.017766	3311.333333
1818.984115	3287.333333
1819.950113	3309.666667
1820.915760	3252.000000
1821.881057	3326.333333
1822.846003	3303.000000
1823.810598	3255.666667
1824.774843	3265.000000
1825.738738	3237.333333
1826.702283	3251.000000
1827.665479	3247.000000
1828.628324	3188.333333
1829.590821	3202.333333
1830.552968	3185.666667
1831.514765	3201.000000
1832.476214	3187.000000
1833.437314	3206.666667
1834.398066	3187.000000
1835.358469	3158.666667
1836.318524	3198.666667
1837.278230	3162.333333
1838.237589	3201.000000
1839.196600	3181.666667
1840.155263	3136.333333
1841.113578	3160.000000
1842.071547	3176.666667
1843.029168	3135.333333
1843.986442	3173.333333
1844.943369	3173.000000
1845.899950	3205.000000
1846.856184	3170.333333
1847.812072	3139.333333
1848.767614	3191.666667
1849.722809	3152.000000
1850.677659	3177.000000
1851.632163	3148.000000
1852.586322	3180.333333
1853.540135	3141.000000
1854.493603	3118.333333
1855.446726	3115.333333
1856.399504	3093.666667
1857.351937	3109.333333
1858.304026	3124.666667
1859.255770	3131.333333
1860.207170	3078.666667
1861.158227	3066.666667
1862.108939	3050.333333
1863.059307	3075.666667
1864.009332	3011.333333
1864.959013	3017.333333
1865.908351	3031.666667
1866.857346	3023.000000
1867.805998	3009.666667
1868.754307	3013.666667
1869.702274	3001.333333
1870.649898	2955.666667
1871.597180	2987.666667
1872.544119	2950.000000
1873.490717	2925.000000
1874.436973	2938.000000
1875.382887	2912.000000
1876.328459	2932.666667
1877.273691	2920.000000
1878.218581	2938.000000
1879.163130	2939.666667
1880.107338	2920.000000
1881.051205	2903.000000
1881.994732	2922.333333
1882.937919	2909.000000
1883.880765	2941.333333
1884.823271	2904.000000
1885.765437	2929.000000
1886.707264	2894.333333
1887.648750	2949.333333
1888.589898	2913.333333
1889.530706	2899.000000
1890.471175	2904.000000
1891.411305	2918.000000
1892.351096	2879.666667
1893.290548	2906.666667
1894.229662	2922.666667
1895.168438	2930.333333
1896.106876	2855.000000
1897.044975	2907.000000
1897.982737	2955.000000
1898.920160	2856.333333
1899.857247	2850.333333
1900.793996	2896.000000
1901.730407	2844.666667
1902.666482	2838.333333
1903.602219	2830.333333
1904.537620	2811.000000
1905.472685	2808.000000
1906.407412	2820.333333
1907.341804	2775.666667
1908.275859	2778.333333
1909.209579	2799.666667
1910.142962	2722.666667
1911.076010	2761.000000
1912.008722	2706.000000
1912.941099	2722.666667
1913.873141	2715.666667
1914.804848	2674.666667
1915.736219	2653.666667
1916.667256	2668.666667
1917.597959	2734.666667
1918.528327	2682.333333
1919.458360	2635.333333
1920.388060	2682.333333
1921.317426	2674.666667
1922.246457	2645.666667
1923.175156	2660.333333
1924.103520	2671.666667
1925.031552	2653.333333
1925.959250	2664.333333
1926.886615	2676.333333
1927.813647	2658.333333
1928.740346	2639.333333
1929.666713	2656.000000
1930.592748	2662.666667
1931.518450	2679.000000
1932.443820	2650.333333
1933.368858	2677.333333
1934.293564	2620.666667
1935.217939	2663.000000
1936.141982	2629.666667
1937.065694	2617.333333
1937.989074	2612.666667
1938.912124	2624.666667
1939.834842	2599.333333
1940.757230	2630.000000
1941.679287	2630.666667
1942.601014	2630.000000
1943.522411	2612.333333
1944.443477	2562.333333
1945.364214	2567.000000
1946.284621	2546.666667
1947.204698	2566.666667
1948.124445	2526.333333
1949.043863	2527.666667
1949.962952	2487.666667
1950.881712	2535.000000
1951.800143	2512.333333
1952.718245	2478.000000
1953.636019	2504.666667
1954.553464	2468.333333
1955.470581	2472.000000
1956.387369	2474.333333
1957.303830	2457.666667
1958.219963	2464.000000
1959.135768	2424.333333
1960.051246	2477.333333
1960.966396	2433.333333
1961.881219	2440.666667
1962.795715	2448.000000
1963.709883	2419.333333
1964.623726	2457.000000
1965.537241	2459.333333
1966.450430	2478.000000
1967.363293	2424.333333
1968.275829	2455.000000
1969.188040	2495.666667
1970.099924	2487.666667
1971.011483	2461.333333
1971.922716	2451.666667
1972.833624	2458.000000
1973.744206	2448.666667
1974.654464	2452.000000
1975.564396	2484.333333
1976.474004	2444.333333
1977.383286	2427.666667
1978.292245	2459.000000
1979.200878	2481.333333
1980.109188	2427.000000
1981.017174	2419.000000
1981.924835	2426.666667
1982.832173	2401.333333
1983.739187	2402.666667
1984.645878	2370.666667
1985.552245	2359.333333
1986.458289	2359.333333
1987.364010	2357.666667
1988.269408	2339.333333
1989.174484	2319.333333
1990.079236	2343.000000
1990.983667	2337.000000
1991.887775	2336.666667
1992.791561	2313.666667
1993.695024	2305.000000
1994.598166	2310.666667
1995.500986	2302.333333
1996.403485	2298.333333
1997.305662	2298.333333
1998.207518	2271.666667
1999.109053	2289.333333
