200.151048	17953.000000
201.758777	17967.333333
203.365815	17851.000000
204.972162	17848.333333
206.577820	17793.000000
208.182787	17830.000000
209.787065	17694.000000
211.390653	17576.666667
212.993553	17524.333333
214.595765	17566.666667
216.197289	17475.666667
217.798125	17539.000000
219.398274	17455.333333
220.997737	17525.333333
222.596513	17400.666667
224.194603	17484.666667
225.792008	17355.333333
227.388728	17397.666667
228.984763	17308.333333
230.580114	17334.333333
232.174781	17289.666667
233.768765	17285.333333
235.362065	17158.666667
236.954683	17148.666667
238.546619	17168.000000
240.137872	17003.000000
241.728445	17110.333333
243.318336	17025.333333
244.907546	17004.000000
246.496076	16960.000000
248.083926	16847.666667
249.671097	16813.333333
251.257589	16730.333333
252.843402	16793.000000
254.428536	16704.000000
256.012993	16491.333333
257.596772	16631.666667
259.179874	16605.666667
260.762300	16635.333333
262.344049	16516.666667
263.925122	16422.333333
265.505519	16391.333333
267.085241	16408.000000
268.664289	16303.333333
270.242662	16324.333333
271.820361	16324.333333
273.397387	16323.333333
274.973740	16356.666667
276.549419	16359.666667
278.124426	16276.666667
279.698762	16336.666667
281.272425	16357.333333
282.845417	16300.333333
284.417739	16311.666667
285.989390	16333.000000
287.560371	16475.666667
289.130682	16339.333333
290.700324	16318.666667
292.269297	16313.333333
293.837602	16374.000000
295.405238	16337.000000
296.972207	16173.666667
298.538508	16188.000000
300.104142	16231.000000
301.669110	16279.333333
303.233411	15997.333333
304.797047	16049.666667
306.360017	16050.666667
307.922322	15969.000000
309.483963	15844.666667
311.044939	15832.666667
312.605252	15664.333333
314.164900	15671.000000
315.723886	15567.333333
317.282209	15603.666667
318.839870	15529.666667
320.396868	15475.333333
321.953205	15419.333333
323.508881	15381.000000
325.063896	15401.666667
326.618251	15302.333333
328.171945	15372.333333
329.724980	15290.000000
331.277356	15264.333333
332.829072	15284.000000
334.380131	15285.000000
335.930530	15359.666667
337.480273	15190.666667
339.029357	15223.000000
340.577785	15164.333333
342.125556	15212.000000
343.672671	15158.666667
345.219130	15159.333333
346.764933	15098.000000
348.310081	15124.666667
349.854575	15150.000000
351.398414	15000.666667
352.941599	14964.666667
354.484130	15033.333333
356.026008	14961.000000
357.567234	14908.000000
359.107807	14959.666667
360.647727	14861.666667
362.186996	14897.333333
363.725614	14850.333333
365.263580	14860.666667
366.800896	14808.000000
368.337562	14819.666667
369.873578	14759.000000
371.408944	14780.000000
372.943661	14695.333333
374.477730	14769.333333
376.011150	14853.000000
377.543922	14799.000000
379.076046	14886.000000
380.607523	14785.666667
382.138353	14834.000000
383.668537	14818.666667
385.198075	14798.333333
386.726966	14832.000000
388.255213	15002.666667
389.782814	14983.666667
391.309770	14886.666667
392.836083	14861.333333
394.361751	14945.333333
395.886776	15039.666667
397.411157	14999.333333
398.934896	15095.000000
400.457992	15101.333333
401.980446	15138.333333
403.502258	15185.666667
405.023429	15166.333333
406.543959	15233.666667
408.063849	15210.333333
409.583098	15348.000000
411.101707	15281.000000
412.619677	15426.333333
414.137007	15560.000000
415.653699	15757.666667
417.169752	15760.333333
418.685167	16020.000000
420.199945	16228.666667
421.714085	16351.000000
423.227588	16417.666667
424.740454	16661.333333
426.252684	16638.333333
427.764279	16756.666667
429.275238	16713.666667
430.785561	16738.666667
432.295250	16644.333333
433.804304	16460.666667
435.312725	16262.333333
436.820511	16169.333333
438.327664	16164.333333
439.834185	16117.333333
441.340072	15957.000000
442.845327	15910.333333
444.349951	15839.000000
445.853942	15711.666667
447.357303	15598.333333
448.860033	15660.333333
450.362132	15602.666667
451.863601	15405.000000
453.364440	15367.000000
454.864650	15217.000000
456.364231	15082.000000
457.863183	15104.333333
459.361507	14761.666667
460.859203	14729.666667
462.356271	14640.666667
463.852712	14643.333333
465.348526	14514.000000
466.843714	14361.000000
468.338275	14343.000000
469.832210	14204.333333
471.325520	14245.333333
472.818205	14115.000000
474.310265	14096.333333
475.801700	14133.666667
477.292512	13975.000000
478.782700	13996.000000
480.272264	13937.333333
481.761205	13998.333333
483.249524	13930.000000
484.737221	13897.666667
486.224295	13758.333333
487.710748	13736.333333
489.196579	13696.333333
490.681790	13764.666667
492.166380	13654.333333
493.650350	13588.666667
495.133700	13708.333333
496.616431	13664.000000
498.098542	13601.000000
499.580035	13656.333333
501.060909	13640.333333
502.541165	13536.666667
504.020804	13566.333333
505.499825	13621.000000
506.978228	13488.000000
508.456016	13526.333333
509.933186	13520.333333
511.409741	13483.000000
512.885680	13479.000000
514.361004	13484.666667
515.835713	13391.000000
517.309807	13324.000000
518.783287	13368.666667
520.256153	13447.666667
521.728406	13485.000000
523.200045	13510.000000
524.671071	13407.333333
526.141485	13568.000000
527.611287	13450.333333
529.080476	13489.000000
530.549054	13498.000000
532.017021	13415.666667
533.484378	13469.000000
534.951123	13526.666667
536.417259	13405.000000
537.882785	13410.666667
539.347701	13418.666667
540.812008	13476.000000
542.275707	13423.000000
543.738797	13401.000000
545.201279	13404.000000
546.663153	13433.666667
548.124420	13463.000000
549.585080	13484.000000
551.045133	13499.000000
552.504579	13521.666667
553.963420	13587.333333
555.421655	13704.333333
556.879285	13672.000000
558.336309	13568.666667
559.792729	13633.333333
561.248545	13672.000000
562.703756	13671.666667
564.158364	13837.333333
565.612369	13810.333333
567.065770	13813.333333
568.518569	14016.000000
569.970766	13997.333333
571.422361	14001.333333
572.873354	14149.333333
574.323745	14236.666667
575.773536	14390.666667
577.222726	14484.666667
578.671316	14632.333333
580.119306	14530.666667
581.566696	14579.000000
583.013487	14500.666667
584.459679	14522.000000
585.905273	14414.000000
587.350268	14460.666667
588.794665	14356.333333
590.238465	14315.666667
591.681667	14239.333333
593.124272	14278.000000
594.566281	13999.666667
596.007694	13917.333333
597.448510	13819.333333
598.888731	13714.000000
600.328357	13591.666667
601.767388	13500.333333
603.205824	13559.666667
604.643666	13471.666667
606.080914	13515.666667
607.517568	13447.333333
608.953629	13376.666667
610.389097	13370.666667
611.823972	13401.333333
613.258255	13275.000000
614.691946	13254.000000
616.125046	13263.666667
617.557554	13127.666667
618.989471	13059.666667
620.420798	12923.666667
621.851534	12854.333333
623.281680	12705.000000
624.711237	12631.333333
626.140204	12648.000000
627.568582	12584.666667
628.996372	12515.333333
630.423573	12473.333333
631.850186	12431.333333
633.276211	12380.333333
634.701650	12421.333333
636.126501	12370.333333
637.550765	12395.000000
638.974443	12191.666667
640.397535	12345.666667
641.820041	12377.000000
643.241961	12234.333333
644.663297	12244.666667
646.084048	12236.333333
647.504214	12215.333333
648.923796	12210.666667
650.342795	12268.000000
651.761210	12197.000000
653.179041	12239.666667
654.596290	12201.666667
656.012957	12127.000000
657.429041	12101.666667
658.844543	12215.333333
660.259464	12099.666667
661.673804	12111.333333
663.087563	12162.333333
664.500741	12153.666667
665.913339	12078.000000
667.325357	12116.333333
668.736795	12133.000000
670.147654	12110.666667
671.557934	12139.000000
672.967636	12041.333333
674.376759	12062.666667
675.785304	12006.000000
677.193271	12021.666667
678.600661	12007.000000
680.007474	12059.333333
681.413711	11998.000000
682.819370	11984.333333
684.224454	11960.000000
685.628962	11944.666667
687.032895	11919.666667
688.436252	12016.000000
689.839034	12022.666667
691.241242	11915.000000
692.642876	11769.666667
694.043936	11992.333333
695.444422	11842.666667
696.844336	11852.333333
698.243676	11885.666667
699.642443	11771.333333
701.040639	11894.666667
702.438262	11794.666667
703.835313	11809.333333
705.231794	11884.666667
706.627703	11840.333333
708.023041	11843.666667
709.417810	11860.333333
710.812008	11796.666667
712.205636	11809.333333
713.598694	11763.000000
714.991184	11740.000000
716.383105	11760.000000
717.774457	11732.666667
719.165241	11740.333333
720.555457	11793.666667
721.945105	11767.333333
723.334187	11635.000000
724.722701	11602.666667
726.110648	11729.666667
727.498030	11775.666667
728.884845	11692.000000
730.271094	11744.000000
731.656778	11749.666667
733.041897	11687.333333
734.426451	11630.666667
735.810441	11619.333333
737.193866	11574.000000
738.576728	11540.333333
739.959026	11457.666667
741.340760	11650.666667
742.721932	11532.666667
744.102541	11597.666667
745.482588	11567.000000
746.862073	11560.333333
748.240996	11599.666667
749.619358	11583.333333
750.997158	11619.666667
752.374398	11496.000000
753.751077	11535.333333
755.127197	11500.000000
756.502756	11487.333333
757.877756	11554.666667
759.252196	11541.000000
760.626078	11519.666667
761.999400	11576.666667
763.372165	11429.333333
764.744371	11457.666667
766.116020	11420.000000
767.487111	11447.666667
768.857646	11415.000000
770.227623	11337.000000
771.597044	11397.666667
772.965908	11327.333333
774.334217	11360.000000
775.701970	11286.666667
777.069168	11283.000000
778.435811	11338.000000
779.801899	11216.000000
781.167433	11284.333333
782.532412	11191.333333
783.896838	11329.000000
785.260710	11158.666667
786.624029	11077.000000
787.986796	11101.000000
789.349009	11140.333333
790.710671	11161.666667
792.071780	11195.666667
793.432338	11130.000000
794.792344	11083.000000
796.151799	11064.333333
797.510704	11176.666667
798.869058	10959.666667
800.226862	11015.333333
801.584116	10998.000000
802.940820	10950.333333
804.296975	11116.666667
805.652581	11044.000000
807.007638	11079.333333
808.362147	11056.666667
809.716108	11080.333333
811.069521	11067.666667
812.422387	11125.666667
813.774705	11168.666667
815.126476	11060.000000
816.477701	11083.000000
817.828380	11137.666667
819.178512	11035.666667
820.528099	10926.333333
821.877140	10983.000000
823.225637	10995.333333
824.573588	10934.333333
825.920995	10985.000000
827.267857	10931.000000
828.614176	10987.000000
829.959951	10941.666667
831.305183	10886.000000
832.649871	10897.666667
833.994017	10945.000000
835.337620	11024.666667
836.680681	10873.666667
838.023201	10911.000000
839.365178	10933.000000
840.706614	10945.000000
842.047510	11001.000000
843.387864	11030.666667
844.727678	11033.333333
846.066952	11116.666667
847.405687	11098.666667
848.743881	11092.000000
850.081537	11176.333333
851.418653	11167.000000
852.755231	11253.666667
854.091270	11228.666667
855.426771	11259.666667
856.761735	11265.333333
858.096160	11129.000000
859.430049	11142.666667
860.763401	11071.000000
862.096216	11016.333333
863.428495	11059.333333
864.760237	10974.000000
866.091444	10945.333333
867.422115	10901.000000
868.752252	10973.333333
870.081853	10932.000000
871.410919	10948.333333
872.739452	10963.666667
874.067450	10908.666667
875.394914	10882.000000
876.721845	10854.666667
878.048243	10921.000000
879.374108	10894.666667
880.699440	10897.666667
882.024240	10785.000000
883.348508	10730.000000
884.672244	10724.333333
885.995449	10735.666667
887.318122	10661.666667
888.640265	10701.666667
889.961877	10629.000000
891.282959	10702.333333
892.603510	10552.666667
893.923532	10603.000000
895.243024	10496.333333
896.561987	10520.666667
897.880422	10585.333333
899.198327	10561.333333
900.515705	10429.666667
901.832554	10501.000000
903.148875	10486.333333
904.464669	10547.333333
905.779936	10449.666667
907.094676	10532.333333
908.408889	10461.000000
909.722576	10634.000000
911.035737	10576.333333
912.348371	10565.666667
913.660481	10590.666667
914.972065	10636.000000
916.283124	10842.333333
917.593659	10818.333333
918.903669	10809.666667
920.213155	10810.333333
921.522117	10886.666667
922.830556	10943.666667
924.138471	10830.666667
925.445864	10881.000000
926.752733	10930.333333
928.059081	10971.333333
929.364906	10986.000000
930.670209	10924.666667
931.974991	11065.666667
933.279251	11135.666667
934.582990	11300.333333
935.886209	11448.666667
937.188907	11596.666667
938.491085	11641.666667
939.792743	11848.000000
941.093881	12108.666667
942.394500	12374.666667
943.694600	12687.333333
944.994181	13003.666667
946.293243	13483.000000
947.591787	13987.333333
948.889813	14628.000000
950.187322	15348.000000
951.484313	15994.333333
952.780787	16867.333333
954.076744	17884.666667
955.372184	18614.666667
956.667108	19218.333333
957.961516	19541.000000
959.255409	19536.000000
960.548785	19170.333333
961.841647	18361.333333
963.133993	17592.666667
964.425825	16545.666667
965.717142	15490.666667
967.007946	14540.666667
968.298235	13522.000000
969.588011	13002.333333
970.877273	12192.666667
972.166023	11735.666667
973.454259	11352.333333
974.741984	10920.333333
976.029196	10669.666667
977.315895	10601.000000
978.602084	10345.333333
979.887761	10240.666667
981.172926	10195.666667
982.457581	10098.000000
983.741725	10028.000000
985.025359	9924.333333
986.308483	9911.333333
987.591097	9895.000000
988.873202	9841.000000
990.154797	9804.666667
991.435883	9761.666667
992.716461	9751.333333
993.996530	9809.333333
995.276091	9825.666667
996.555144	9852.333333
997.833690	9872.333333
999.111728	9937.333333
1000.389259	9979.000000
1001.666283	10051.333333
1002.942800	10134.333333
1004.218812	10049.666667
1005.494317	10043.000000
1006.769317	9972.666667
1008.043811	9933.333333
1009.317799	9908.666667
1010.591283	9924.000000
1011.864263	9875.333333
1013.136737	9889.000000
1014.408708	9911.666667
1015.680175	9883.333333
1016.951138	9922.666667
1018.221598	9988.000000
1019.491554	9917.666667
1020.761008	9970.000000
1022.029959	10026.333333
1023.298408	9985.333333
1024.566355	10137.333333
1025.833800	10041.666667
1027.100744	10011.000000
1028.367187	10053.666667
1029.633128	10145.666667
1030.898569	10121.666667
1032.163509	10029.666667
1033.427949	10111.333333
1034.691890	10174.333333
1035.955330	10156.000000
1037.218271	10180.000000
1038.480714	10111.000000
1039.742657	10163.000000
1041.004101	10026.000000
1042.265048	10098.000000
1043.525496	10147.666667
1044.785446	10116.000000
1046.044899	10098.666667
1047.303855	10126.666667
1048.562313	10028.000000
1049.820275	10075.333333
1051.077740	10035.000000
1052.334709	10108.333333
1053.591182	10012.333333
1054.847160	9930.666667
1056.102641	9988.666667
1057.357628	10039.333333
1058.612120	10124.000000
1059.866117	10128.000000
1061.119619	10188.000000
1062.372628	10267.333333
1063.625142	10371.666667
1064.877163	10381.000000
1066.128691	10480.000000
1067.379725	10526.000000
1068.630267	10470.666667
1069.880316	10583.000000
1071.129872	10428.000000
1072.378937	10285.000000
1073.627509	10268.000000
1074.875590	10174.333333
1076.123180	10095.000000
1077.370279	9910.333333
1078.616887	9858.333333
1079.863004	9721.000000
1081.108631	9619.333333
1082.353768	9600.000000
1083.598415	9440.666667
1084.842573	9396.666667
1086.086241	9381.333333
1087.329421	9284.000000
1088.572111	9153.333333
1089.814314	9161.333333
1091.056028	9085.333333
1092.297253	9071.333333
1093.537992	9012.000000
1094.778242	8961.000000
1096.018006	8991.333333
1097.257282	8995.000000
1098.496072	8956.666667
1099.734376	8890.333333
1100.972193	8880.333333
1102.209524	8956.000000
1103.446370	8848.333333
1104.682730	8868.000000
1105.918604	8775.000000
1107.153994	8820.000000
1108.388900	8720.333333
1109.623320	8717.666667
1110.857257	8679.000000
1112.090710	8617.333333
1113.323679	8534.333333
1114.556164	8549.000000
1115.788167	8504.000000
1117.019686	8456.666667
1118.250723	8568.333333
1119.481278	8457.333333
1120.711350	8442.666667
1121.940940	8506.333333
1123.170049	8447.333333
1124.398676	8430.000000
1125.626823	8364.666667
1126.854488	8420.000000
1128.081672	8291.333333
1129.308376	8360.000000
1130.534600	8325.666667
1131.760345	8404.333333
1132.985609	8398.666667
1134.210394	8347.000000
1135.434700	8289.666667
1136.658527	8274.333333
1137.881875	8217.000000
1139.104745	8253.666667
1140.327136	8265.000000
1141.549050	8228.666667
1142.770486	8261.000000
1143.991445	8181.666667
1145.211926	8213.000000
1146.431931	8257.333333
1147.651459	8192.000000
1148.870510	8184.666667
1150.089086	8214.666667
1151.307185	8206.333333
1152.524808	8198.666667
1153.741957	8223.333333
1154.958630	8200.666667
1156.174828	8167.000000
1157.390551	8201.000000
1158.605800	8167.666667
1159.820574	8119.333333
1161.034875	8149.333333
1162.248702	8055.000000
1163.462055	8137.000000
1164.674936	8176.666667
1165.887343	8090.000000
1167.099277	8149.333333
1168.310739	8059.333333
1169.521729	8134.000000
1170.732247	8048.666667
1171.942293	8024.333333
1173.151867	8105.333333
1174.360970	8096.666667
1175.569602	8117.000000
1176.777764	8126.333333
1177.985454	8004.000000
1179.192675	8026.000000
1180.399425	8087.666667
1181.605706	8065.666667
1182.811517	7927.333333
1184.016859	7875.333333
1185.221731	7955.666667
1186.426135	7976.333333
1187.630070	7958.333333
1188.833537	7876.333333
1190.036535	7846.000000
1191.239066	7821.000000
1192.441129	7893.666667
1193.642725	7893.000000
1194.843853	7894.000000
1196.044515	7960.000000
1197.244710	7796.000000
1198.444438	7879.000000
1199.643701	7783.333333
1200.842497	7904.333333
1202.040827	7862.000000
1203.238693	7847.666667
1204.436092	7851.000000
1205.633027	7840.666667
1206.829497	7812.000000
1208.025503	7717.000000
1209.221044	7678.333333
1210.416122	7731.000000
1211.610735	7689.666667
1212.804885	7607.000000
1213.998572	7661.000000
1215.191795	7606.333333
1216.384556	7648.000000
1217.576854	7672.333333
1218.768689	7573.333333
1219.960063	7592.000000
1221.150974	7696.000000
1222.341424	7661.333333
1223.531413	7592.333333
1224.720940	7599.000000
1225.910006	7684.666667
1227.098612	7734.333333
1228.286757	7661.666667
1229.474442	7738.000000
1230.661667	7794.333333
1231.848432	7841.666667
1233.034738	7812.333333
1234.220584	7852.666667
1235.405971	7899.000000
1236.590900	7903.666667
1237.775369	7923.666667
1238.959381	8024.000000
1240.142934	7909.333333
1241.326029	7945.666667
1242.508667	7999.333333
1243.690848	7913.000000
1244.872571	8007.000000
1246.053837	7964.666667
1247.234646	7926.000000
1248.414999	7962.333333
1249.594896	7846.000000
1250.774337	7901.333333
1251.953322	7820.666667
1253.131851	7800.333333
1254.309925	7827.333333
1255.487544	7704.666667
1256.664708	7807.000000
1257.841417	7742.000000
1259.017673	7699.000000
1260.193473	7827.000000
1261.368820	7749.000000
1262.543714	7703.333333
1263.718154	7805.000000
1264.892140	7792.000000
1266.065674	7858.666667
1267.238755	7872.666667
1268.411383	7797.333333
1269.583559	7799.333333
1270.755283	7745.333333
1271.926555	7742.000000
1273.097375	7761.333333
1274.267744	7777.000000
1275.437662	7739.666667
1276.607129	7790.333333
1277.776145	7733.666667
1278.944711	7736.333333
1280.112827	7661.000000
1281.280492	7693.000000
1282.447708	7617.666667
1283.614474	7599.666667
1284.780791	7505.333333
1285.946659	7470.000000
1287.112078	7473.666667
1288.277048	7424.000000
1289.441570	7417.000000
1290.605644	7406.000000
1291.769270	7386.000000
1292.932448	7350.000000
1294.095178	7351.333333
1295.257461	7229.666667
1296.419298	7342.333333
1297.580687	7254.000000
1298.741630	7252.666667
1299.902126	7242.333333
1301.062177	7203.666667
1302.221781	7270.333333
1303.380940	7153.666667
1304.539653	7134.333333
1305.697921	7132.333333
1306.855744	7230.333333
1308.013123	7181.000000
1309.170056	7162.000000
1310.326546	7179.000000
1311.482591	7161.000000
1312.638193	7152.666667
1313.793350	7191.333333
1314.948065	7199.000000
1316.102336	7151.666667
1317.256164	7135.000000
1318.409550	7167.666667
1319.562493	7126.000000
1320.714993	7056.333333
1321.867052	7105.000000
1323.018668	7002.666667
1324.169843	7070.666667
1325.320577	7039.000000
1326.470870	6993.000000
1327.620721	6967.000000
1328.770132	7030.333333
1329.919102	6944.666667
1331.067632	6986.666667
1332.215722	6906.333333
1333.363372	6914.000000
1334.510582	6969.000000
1335.657353	7002.000000
1336.803685	6873.000000
1337.949578	6943.000000
1339.095032	6994.666667
1340.240048	6889.666667
1341.384625	6950.666667
1342.528764	6883.666667
1343.672466	6852.333333
1344.815729	6838.000000
1345.958556	6886.666667
1347.100945	6805.666667
1348.242897	6837.000000
1349.384413	6828.333333
1350.525492	6696.666667
1351.666134	6849.333333
1352.806341	6805.000000
1353.946111	6755.000000
1355.085446	6689.000000
1356.224346	6725.666667
1357.362810	6733.333333
1358.500840	6667.666667
1359.638434	6679.666667
1360.775594	6597.333333
1361.912320	6630.000000
1363.048612	6655.333333
1364.184469	6663.666667
1365.319893	6634.000000
1366.454884	6621.333333
1367.589441	6540.666667
1368.723566	6629.000000
1369.857257	6606.000000
1370.990516	6593.666667
1372.123343	6646.000000
1373.255737	6709.333333
1374.387699	6626.000000
1375.519230	6695.000000
1376.650329	6665.666667
1377.780997	6655.666667
1378.911234	6629.000000
1380.041040	6644.333333
1381.170416	6569.000000
1382.299361	6717.666667
1383.427875	6650.333333
1384.555960	6683.333333
1385.683615	6628.333333
1386.810841	6594.000000
1387.937637	6599.000000
1389.064004	6599.666667
1390.189942	6578.666667
1391.315451	6553.333333
1392.440532	6549.000000
1393.565185	6573.333333
1394.689409	6551.000000
1395.813206	6559.000000
1396.936575	6575.333333
1398.059517	6547.333333
1399.182032	6503.000000
1400.304119	6402.333333
1401.425780	6439.333333
1402.547014	6398.000000
1403.667822	6478.666667
1404.788204	6470.000000
1405.908160	6468.333333
1407.027690	6473.333333
1408.146795	6477.000000
1409.265474	6495.333333
1410.383728	6528.666667
1411.501558	6487.000000
1412.618963	6481.000000
1413.735943	6543.000000
1414.852499	6548.333333
1415.968632	6503.666667
1417.084340	6479.666667
1418.199625	6564.333333
1419.314486	6537.000000
1420.428925	6508.666667
1421.542940	6518.333333
1422.656533	6519.666667
1423.769703	6549.000000
1424.882451	6574.333333
1425.994777	6515.666667
1427.106680	6446.000000
1428.218163	6479.000000
1429.329223	6465.666667
1430.439863	6374.666667
1431.550081	6431.000000
1432.659879	6332.000000
1433.769256	6345.666667
1434.878212	6370.000000
1435.986749	6301.333333
1437.094865	6414.000000
1438.202562	6389.666667
1439.309839	6434.333333
1440.416696	6449.333333
1441.523135	6504.666667
1442.629154	6491.000000
1443.734755	6499.000000
1444.839937	6472.333333
1445.944701	6549.000000
1447.049047	6629.333333
1448.152975	6491.666667
1449.256485	6526.666667
1450.359577	6568.000000
1451.462253	6578.000000
1452.564511	6533.000000
1453.666352	6499.333333
1454.767777	6463.333333
1455.868785	6406.666667
1456.969377	6415.000000
1458.069553	6456.000000
1459.169313	6463.000000
1460.268658	6382.000000
1461.367587	6357.666667
1462.466101	6302.000000
1463.564200	6309.000000
1464.661884	6256.000000
1465.759153	6192.000000
1466.856008	6176.000000
1467.952449	6130.666667
1469.048476	6077.666667
1470.144089	6004.333333
1471.239288	5978.000000
1472.334074	5920.666667
1473.428447	5854.000000
1474.522407	5864.333333
1475.615955	5838.333333
1476.709089	5825.666667
1477.801812	5771.000000
1478.894122	5751.333333
1479.986020	5768.666667
1481.077506	5706.000000
1482.168581	5654.000000
1483.259245	5674.333333
1484.349498	5682.333333
1485.439339	5602.000000
1486.528770	5676.000000
1487.617790	5659.333333
1488.706400	5661.333333
1489.794600	5552.333333
1490.882390	5612.333333
1491.969771	5631.000000
1493.056742	5626.666667
1494.143303	5562.666667
1495.229456	5555.666667
1496.315199	5570.666667
1497.400534	5540.333333
1498.485460	5484.000000
1499.569978	5560.000000
1500.654088	5538.333333
1501.737790	5491.666667
1502.821085	5461.333333
1503.903972	5470.666667
1504.986451	5410.000000
1506.068524	5459.000000
1507.150189	5390.000000
1508.231448	5351.333333
1509.312301	5385.000000
1510.392747	5357.333333
1511.472787	5362.666667
1512.552422	5300.000000
1513.631650	5380.666667
1514.710473	5351.000000
1515.788891	5305.333333
1516.866904	5312.333333
1517.944512	5319.000000
1519.021715	5269.000000
1520.098513	5312.666667
1521.174908	5299.000000
1522.250898	5290.333333
1523.326485	5332.000000
1524.401667	5304.666667
1525.476447	5376.666667
1526.550823	5317.333333
1527.624796	5290.000000
1528.698365	5251.333333
1529.771533	5332.000000
1530.844298	5286.333333
1531.916660	5260.000000
1532.988620	5291.666667
1534.060179	5332.333333
1535.131336	5241.666667
1536.202091	5198.666667
1537.272445	5207.666667
1538.342398	5270.666667
1539.411950	5244.333333
1540.481101	5245.000000
1541.549851	5189.333333
1542.618202	5176.000000
1543.686152	5154.000000
1544.753702	5180.666667
1545.820853	5138.666667
1546.887604	5120.000000
1547.953955	5097.000000
1549.019908	5139.666667
1550.085461	5067.666667
1551.150616	5149.333333
1552.215372	5148.333333
1553.279730	5084.333333
1554.343690	5138.000000
1555.407252	5116.000000
1556.470415	5080.333333
1557.533182	5052.666667
1558.595551	5065.333333
1559.657522	5052.666667
1560.719097	5026.666667
1561.780275	5096.666667
1562.841056	5031.666667
1563.901441	5043.000000
1564.961429	5049.666667
1566.021022	5091.666667
1567.080219	5087.333333
1568.139020	5050.000000
1569.197425	5032.000000
1570.255436	5038.333333
1571.313051	4979.000000
1572.370271	4979.333333
1573.427097	5017.000000
1574.483528	5037.333333
1575.539565	5008.666667
1576.595208	5018.333333
1577.650457	4979.000000
1578.705312	4963.666667
1579.759774	4962.000000
1580.813842	4942.000000
1581.867517	4919.666667
1582.920799	4841.666667
1583.973689	4881.000000
1585.026186	4860.333333
1586.078290	4851.333333
1587.130002	4874.000000
1588.181323	4855.666667
1589.232251	4857.000000
1590.282788	4855.000000
1591.332933	4810.000000
1592.382688	4791.666667
1593.432051	4794.000000
1594.481023	4810.666667
1595.529605	4787.000000
1596.577796	4822.000000
1597.625597	4744.666667
1598.673007	4863.666667
1599.720028	4836.333333
1600.766660	4835.333333
1601.812901	4830.666667
1602.858753	4806.666667
1603.904217	4872.333333
1604.949291	4842.666667
1605.993976	4812.666667
1607.038273	4791.000000
1608.082182	4819.666667
1609.125702	4790.333333
1610.168834	4822.333333
1611.211579	4795.666667
1612.253935	4811.000000
1613.295905	4836.666667
1614.337487	4825.000000
1615.378682	4754.333333
1616.419490	4755.000000
1617.459912	4780.666667
1618.499946	4784.333333
1619.539595	4730.666667
1620.578858	4768.666667
1621.617734	4784.000000
1622.656225	4829.666667
1623.694330	4795.666667
1624.732050	4734.666667
1625.769385	4733.000000
1626.806334	4792.666667
1627.842899	4733.333333
1628.879079	4768.000000
1629.914875	4743.333333
1630.950286	4746.666667
1631.985314	4758.000000
1633.019957	4736.000000
1634.054217	4759.666667
1635.088093	4746.000000
1636.121586	4764.333333
1637.154696	4742.666667
1638.187423	4718.333333
1639.219767	4759.333333
1640.251728	4746.666667
1641.283307	4751.333333
1642.314504	4697.000000
1643.345319	4769.666667
1644.375751	4784.666667
1645.405803	4769.333333
1646.435472	4751.666667
1647.464761	4713.000000
1648.493668	4760.666667
1649.522194	4736.666667
1650.550340	4727.666667
1651.578105	4801.666667
1652.605490	4754.666667
1653.632494	4678.000000
1654.659119	4738.333333
1655.685363	4657.333333
1656.711228	4691.333333
1657.736714	4652.000000
1658.761820	4679.000000
1659.786547	4737.000000
1660.810895	4708.666667
1661.834865	4695.000000
1662.858456	4602.000000
1663.881668	4624.000000
1664.904503	4600.333333
1665.926959	4582.000000
1666.949038	4592.666667
1667.970739	4561.000000
1668.992062	4550.666667
1670.013008	4536.666667
1671.033577	4546.666667
1672.053770	4447.333333
1673.073585	4510.333333
1674.093024	4441.333333
1675.112086	4491.333333
1676.130773	4444.666667
1677.149083	4411.666667
1678.167017	4381.333333
1679.184576	4463.333333
1680.201760	4430.000000
1681.218568	4438.000000
1682.235001	4452.000000
1683.251059	4441.000000
1684.266742	4356.666667
1685.282051	4351.333333
1686.296985	4416.333333
1687.311546	4288.666667
1688.325732	4334.666667
1689.339544	4325.333333
1690.352983	4271.333333
1691.366048	4277.333333
1692.378740	4243.000000
1693.391058	4213.666667
1694.403004	4171.333333
1695.414577	4115.333333
1696.425778	4135.333333
1697.436606	4131.333333
1698.447061	4112.333333
1699.457145	4048.000000
1700.466857	4028.666667
1701.476197	4013.000000
1702.485166	3984.666667
1703.493763	3970.666667
1704.501989	3946.000000
1705.509844	3970.333333
1706.517328	3979.333333
1707.524442	3937.000000
1708.531185	3898.333333
1709.537558	3875.000000
1710.543561	3874.000000
1711.549194	3911.000000
1712.554457	3856.666667
1713.559351	3865.333333
1714.563875	3900.333333
1715.568030	3882.333333
1716.571816	3839.333333
1717.575233	3881.333333
1718.578282	3880.666667
1719.580962	3893.666667
1720.583273	3886.666667
1721.585217	3892.000000
1722.586792	3867.000000
1723.588000	3891.333333
1724.588840	3857.666667
1725.589312	3889.666667
1726.589418	3872.333333
1727.589156	3869.000000
1728.588527	3902.000000
1729.587532	3904.666667
1730.586170	3865.000000
1731.584441	3845.333333
1732.582346	3880.000000
1733.579886	3868.333333
1734.577059	3857.666667
1735.573867	3813.000000
1736.570309	3823.000000
1737.566386	3807.333333
1738.562097	3813.000000
1739.557444	3721.333333
1740.552426	3753.666667
1741.547043	3762.666667
1742.541295	3748.000000
1743.535184	3754.333333
1744.528708	3712.666667
1745.521868	3654.333333
1746.514664	3682.666667
1747.507097	3671.000000
1748.499166	3664.333333
1749.490873	3655.333333
1750.482216	3645.666667
1751.473196	3680.333333
1752.463813	3637.666667
1753.454068	3645.666667
1754.443960	3664.000000
1755.433490	3628.666667
1756.422658	3621.333333
1757.411464	3622.333333
1758.399908	3630.333333
1759.387991	3617.000000
1760.375713	3641.333333
1761.363073	3662.000000
1762.350072	3615.666667
1763.336711	3575.000000
1764.322988	3636.333333
1765.308905	3578.000000
1766.294462	3609.666667
1767.279659	3551.666667
1768.264496	3595.000000
1769.248972	3576.333333
1770.233089	3576.333333
1771.216847	3550.333333
1772.200245	3519.000000
1773.183284	3522.333333
1774.165965	3533.666667
1775.148286	3534.333333
1776.130249	3512.333333
1777.111853	3522.666667
1778.093099	3425.666667
1779.073987	3450.000000
1780.054517	3485.333333
1781.034689	3412.666667
1782.014503	3414.000000
1782.993960	3396.333333
1783.973060	3399.666667
1784.951802	3383.333333
1785.930188	3344.666667
1786.908217	3318.666667
1787.885889	3315.666667
1788.863205	3307.000000
1789.840164	3338.000000
1790.816768	3260.333333
1791.793015	3297.666667
1792.768907	3258.666667
1793.744443	3273.333333
1794.719624	3296.000000
1795.694449	3271.666667
1796.668919	3294.333333
1797.643035	3293.666667
1798.616795	3271.000000
1799.590201	3315.666667
1800.563253	3308.666667
1801.535950	3308.666667
1802.508294	3328.000000
1803.480283	3295.333333
1804.451919	3306.000000
1805.423201	3262.666667
1806.394129	3319.000000
1807.364705	3308.000000
1808.334927	3275.000000
1809.304796	3287.666667
1810.274313	3319.333333
1811.243477	3316.333333
1812.212288	3292.333333
1813.180747	3291.666667
1814.148855	3250.000000
1815.116610	3267.333333
1816.084013	3249.000000
1817.051065	3192.333333
1818.017766	3275.666667
1818.984115	3245.333333
1819.950113	3216.000000
1820.915760	3231.333333
1821.881057	3222.000000
1822.846003	3176.666667
1823.810598	3216.333333
1824.774843	3182.666667
1825.738738	3161.666667
1826.702283	3165.333333
1827.665479	3137.000000
1828.628324	3120.000000
1829.590821	3141.000000
1830.552968	3101.333333
1831.514765	3143.333333
1832.476214	3103.333333
1833.437314	3163.666667
1834.398066	3098.000000
1835.358469	3071.666667
1836.318524	3058.333333
1837.278230	3112.000000
1838.237589	3068.333333
1839.196600	3038.000000
1840.155263	3089.666667
1841.113578	3116.333333
1842.071547	3129.000000
1843.029168	3082.666667
1843.986442	3090.333333
1844.943369	3121.666667
1845.899950	3131.333333
1846.856184	3101.000000
1847.812072	3104.666667
1848.767614	3097.333333
1849.722809	3128.666667
1850.677659	3100.333333
1851.632163	3112.666667
1852.586322	3057.333333
1853.540135	3062.666667
1854.493603	3093.666667
1855.446726	3067.000000
1856.399504	3068.333333
1857.351937	3052.000000
1858.304026	3138.666667
1859.255770	3034.666667
1860.207170	3017.333333
1861.158227	3041.666667
1862.108939	2997.000000
1863.059307	2969.666667
1864.009332	3024.000000
1864.959013	2950.333333
1865.908351	2974.666667
1866.857346	2938.333333
1867.805998	2948.333333
1868.754307	2940.000000
1869.702274	2946.000000
1870.649898	2926.666667
1871.597180	2907.333333
1872.544119	2883.000000
1873.490717	2921.000000
1874.436973	2864.333333
1875.382887	2898.000000
1876.328459	2876.666667
1877.273691	2925.333333
1878.218581	2902.333333
1879.163130	2915.333333
1880.107338	2859.333333
1881.051205	2888.333333
1881.994732	2868.666667
1882.937919	2929.666667
1883.880765	2862.333333
1884.823271	2884.000000
1885.765437	2894.000000
1886.707264	2879.000000
1887.648750	2867.000000
1888.589898	2887.666667
1889.530706	2901.000000
1890.471175	2855.666667
1891.411305	2895.666667
1892.351096	2882.666667
1893.290548	2842.666667
1894.229662	2888.000000
1895.168438	2862.000000
1896.106876	2865.000000
1897.044975	2848.000000
1897.982737	2850.333333
1898.920160	2840.000000
1899.857247	2849.666667
1900.793996	2860.666667
1901.730407	2816.666667
1902.666482	2812.666667
1903.602219	2808.666667
1904.537620	2790.333333
1905.472685	2781.000000
1906.407412	2776.666667
1907.341804	2735.333333
1908.275859	2752.666667
1909.209579	2707.333333
1910.142962	2715.333333
1911.076010	2742.000000
1912.008722	2698.333333
1912.941099	2721.333333
1913.873141	2676.333333
1914.804848	2682.333333
1915.736219	2666.000000
1916.667256	2663.666667
1917.597959	2660.000000
1918.528327	2616.666667
1919.458360	2612.333333
1920.388060	2632.666667
1921.317426	2603.666667
1922.246457	2628.333333
1923.175156	2619.666667
1924.103520	2641.000000
1925.031552	2627.333333
1925.959250	2675.666667
1926.886615	2630.333333
1927.813647	2658.666667
1928.740346	2639.666667
1929.666713	2594.333333
1930.592748	2603.000000
1931.518450	2633.333333
1932.443820	2652.333333
1933.368858	2633.333333
1934.293564	2632.333333
1935.217939	2655.666667
1936.141982	2627.666667
1937.065694	2627.000000
1937.989074	2633.666667
1938.912124	2594.333333
1939.834842	2599.000000
1940.757230	2586.000000
1941.679287	2591.666667
1942.601014	2605.333333
1943.522411	2538.333333
1944.443477	2526.333333
1945.364214	2564.000000
1946.284621	2538.333333
1947.204698	2491.333333
1948.124445	2509.666667
1949.043863	2484.333333
1949.962952	2503.666667
1950.881712	2478.000000
1951.800143	2485.000000
1952.718245	2497.333333
1953.636019	2445.000000
1954.553464	2441.666667
1955.470581	2437.000000
1956.387369	2421.333333
1957.303830	2395.000000
1958.219963	2433.333333
1959.135768	2432.000000
1960.051246	2436.000000
1960.966396	2451.666667
1961.881219	2462.000000
1962.795715	2454.000000
1963.709883	2450.000000
1964.623726	2440.333333
1965.537241	2428.000000
1966.450430	2421.000000
1967.363293	2436.666667
1968.275829	2424.333333
1969.188040	2446.666667
1970.099924	2455.333333
1971.011483	2448.333333
1971.922716	2435.333333
1972.833624	2482.000000
1973.744206	2445.666667
1974.654464	2475.000000
1975.564396	2407.333333
1976.474004	2478.333333
1977.383286	2446.666667
1978.292245	2458.000000
1979.200878	2429.000000
1980.109188	2429.333333
1981.017174	2418.000000
1981.924835	2418.333333
1982.832173	2393.333333
1983.739187	2425.666667
1984.645878	2372.333333
1985.552245	2372.666667
1986.458289	2371.666667
1987.364010	2359.333333
1988.269408	2345.333333
1989.174484	2334.333333
1990.079236	2329.333333
1990.983667	2310.000000
1991.887775	2310.666667
1992.791561	2296.666667
1993.695024	2279.666667
1994.598166	2332.666667
1995.500986	2273.000000
1996.403485	2299.666667
1997.305662	2285.333333
1998.207518	2257.000000
1999.109053	2318.000000
