200.151048	31083.333333
201.758777	31085.000000
203.365815	31000.666667
204.972162	31060.333333
206.577820	30766.666667
208.182787	30722.000000
209.787065	30831.666667
211.390653	30865.000000
212.993553	30606.333333
214.595765	30737.666667
216.197289	30630.333333
217.798125	30600.333333
219.398274	30497.333333
220.997737	30569.666667
222.596513	30584.333333
224.194603	30366.333333
225.792008	30328.666667
227.388728	30544.666667
228.984763	30501.666667
230.580114	30441.000000
232.174781	30377.000000
233.768765	30324.333333
235.362065	30243.666667
236.954683	30187.666667
238.546619	30123.000000
240.137872	30106.000000
241.728445	30063.000000
243.318336	30005.666667
244.907546	30013.000000
246.496076	29907.333333
248.083926	29808.666667
249.671097	29644.666667
251.257589	29745.666667
252.843402	29605.666667
254.428536	29501.000000
256.012993	29456.000000
257.596772	29386.666667
259.179874	29216.333333
260.762300	29198.333333
262.344049	29296.333333
263.925122	29268.333333
265.505519	29051.666667
267.085241	29121.000000
268.664289	29199.000000
270.242662	29090.333333
271.820361	29018.333333
273.397387	29020.333333
274.973740	29006.000000
276.549419	29078.000000
278.124426	29132.000000
279.698762	29072.666667
281.272425	29014.000000
282.845417	29087.000000
284.417739	29185.666667
285.989390	29271.666667
287.560371	29098.666667
289.130682	29170.666667
290.700324	29048.333333
292.269297	29169.666667
293.837602	29251.000000
295.405238	29129.333333
296.972207	29057.000000
298.538508	29026.000000
300.104142	28889.666667
301.669110	28934.000000
303.233411	28880.000000
304.797047	28644.333333
306.360017	28722.333333
307.922322	28423.000000
309.483963	28453.666667
311.044939	28467.000000
312.605252	28419.333333
314.164900	28449.000000
315.723886	28171.000000
317.282209	28303.000000
318.839870	28208.333333
320.396868	27904.333333
321.953205	28046.000000
323.508881	28050.333333
325.063896	28052.000000
326.618251	27947.333333
328.171945	27889.000000
329.724980	27953.000000
331.277356	27832.000000
332.829072	27846.666667
334.380131	27906.666667
335.930530	27738.000000
337.480273	27812.333333
339.029357	27806.333333
340.577785	27792.333333
342.125556	27734.333333
343.672671	27798.333333
345.219130	27840.333333
346.764933	27695.333333
348.310081	27754.333333
349.854575	27664.333333
351.398414	27707.666667
352.941599	27583.333333
354.484130	27634.000000
356.026008	27563.333333
357.567234	27665.000000
359.107807	27552.333333
360.647727	27461.333333
362.186996	27410.000000
363.725614	27447.000000
365.263580	27361.666667
366.800896	27320.333333
368.337562	27197.333333
369.873578	27264.333333
371.408944	27184.666667
372.943661	27169.000000
374.477730	27408.000000
376.011150	27278.333333
377.543922	27189.666667
379.076046	27129.666667
380.607523	27190.333333
382.138353	27234.666667
383.668537	27070.333333
385.198075	27137.666667
386.726966	27167.000000
388.255213	27305.000000
389.782814	27173.666667
391.309770	27164.333333
392.836083	27284.000000
394.361751	27235.333333
395.886776	27361.666667
397.411157	27341.666667
398.934896	27427.000000
400.457992	27445.666667
401.980446	27474.333333
403.502258	27438.333333
405.023429	27375.333333
406.543959	27582.000000
408.063849	27638.333333
409.583098	27783.333333
411.101707	27597.333333
412.619677	27821.666667
414.137007	27817.666667
415.653699	28091.666667
417.169752	28115.666667
418.685167	28301.666667
420.199945	28750.333333
421.714085	28697.333333
423.227588	29044.333333
424.740454	29230.666667
426.252684	29322.666667
427.764279	29327.333333
429.275238	29321.666667
430.785561	29363.000000
432.295250	29085.333333
433.804304	29094.000000
435.312725	28673.666667
436.820511	28664.666667
438.327664	28493.333333
439.834185	28364.666667
441.340072	28336.333333
442.845327	28011.333333
444.349951	28030.666667
445.853942	27898.666667
447.357303	27850.333333
448.860033	27729.000000
450.362132	27730.333333
451.863601	27554.666667
453.364440	27324.666667
454.864650	27179.000000
456.364231	27014.333333
457.863183	26880.666667
459.361507	26618.333333
460.859203	26656.333333
462.356271	26444.333333
463.852712	26430.666667
465.348526	26195.000000
466.843714	26055.333333
468.338275	25981.000000
469.832210	25961.000000
471.325520	25877.000000
472.818205	25804.000000
474.310265	25644.666667
475.801700	25617.666667
477.292512	25630.000000
478.782700	25723.333333
480.272264	25557.333333
481.761205	25465.000000
483.249524	25246.000000
484.737221	25472.666667
486.224295	25341.666667
487.710748	25115.000000
489.196579	25240.000000
490.681790	25047.000000
492.166380	25019.666667
493.650350	25150.666667
495.133700	25164.000000
496.616431	25038.666667
498.098542	25086.000000
499.580035	25099.666667
501.060909	25034.000000
502.541165	25021.666667
504.020804	25165.666667
505.499825	25017.000000
506.978228	24868.666667
508.456016	24775.333333
509.933186	24807.333333
511.409741	24745.000000
512.885680	24645.000000
514.361004	24518.000000
515.835713	24676.333333
517.309807	24471.000000
518.783287	24719.666667
520.256153	24652.666667
521.728406	24535.000000
523.200045	24579.333333
524.671071	24587.666667
526.141485	24643.333333
527.611287	24478.000000
529.080476	24488.666667
530.549054	24532.666667
532.017021	24611.666667
533.484378	24487.333333
534.951123	24469.333333
536.417259	24435.666667
537.882785	24458.333333
539.347701	24530.000000
540.812008	24408.666667
542.275707	24391.666667
543.738797	24359.000000
545.201279	24399.666667
546.663153	24523.333333
548.124420	24585.333333
549.585080	24387.666667
551.045133	24486.000000
552.504579	24479.333333
553.963420	24751.000000
555.421655	24583.666667
556.879285	24549.000000
558.336309	24683.333333
559.792729	24579.000000
561.248545	24676.000000
562.703756	24655.000000
564.158364	24747.666667
565.612369	24795.666667
567.065770	24867.000000
568.518569	24960.666667
569.970766	25029.666667
571.422361	25110.333333
572.873354	25197.000000
574.323745	25188.666667
575.773536	25554.333333
577.222726	25495.666667
578.671316	25554.333333
580.119306	25605.666667
581.566696	25456.666667
583.013487	25498.666667
584.459679	25447.000000
585.905273	25331.333333
587.350268	25286.333333
588.794665	25312.000000
590.238465	25253.666667
591.681667	25251.333333
593.124272	25047.333333
594.566281	24868.000000
596.007694	24607.666667
597.448510	24569.333333
598.888731	24364.333333
600.328357	24357.000000
601.767388	24226.666667
603.205824	24198.333333
604.643666	24064.333333
606.080914	24115.000000
607.517568	24082.666667
608.953629	24155.666667
610.389097	24037.000000
611.823972	23961.333333
613.258255	23985.000000
614.691946	23813.000000
616.125046	23710.000000
617.557554	23599.666667
618.989471	23482.666667
620.420798	23274.333333
621.851534	23297.666667
623.281680	23015.000000
624.711237	23033.333333
626.140204	22841.333333
627.568582	22876.333333
628.996372	22674.333333
630.423573	22762.333333
631.850186	22547.000000
633.276211	22624.666667
634.701650	22607.333333
636.126501	22547.333333
637.550765	22594.333333
638.974443	22410.000000
640.397535	22533.333333
641.820041	22579.000000
643.241961	22644.333333
644.663297	22523.333333
646.084048	22382.666667
647.504214	22358.333333
648.923796	22285.333333
650.342795	22153.000000
651.761210	22234.000000
653.179041	22002.333333
654.596290	22038.666667
656.012957	22105.333333
657.429041	22103.000000
658.844543	22113.666667
660.259464	22078.666667
661.673804	22065.333333
663.087563	21946.000000
664.500741	21962.333333
665.913339	22097.666667
667.325357	21997.666667
668.736795	22061.666667
670.147654	21973.666667
671.557934	21851.666667
672.967636	21809.333333
674.376759	21785.666667
675.785304	21718.333333
677.193271	21704.000000
678.600661	21709.666667
680.007474	21728.000000
681.413711	21690.333333
682.819370	21696.000000
684.224454	21764.333333
685.628962	21556.333333
687.032895	21698.333333
688.436252	21580.333333
689.839034	21543.000000
691.241242	21543.666667
692.642876	21504.000000
694.043936	21363.000000
695.444422	21423.666667
696.844336	21353.333333
698.243676	21323.666667
699.642443	21440.000000
701.040639	21319.000000
702.438262	21244.666667
703.835313	21388.666667
705.231794	21289.333333
706.627703	21238.333333
708.023041	21301.333333
709.417810	21323.666667
710.812008	21136.333333
712.205636	21194.333333
713.598694	21003.000000
714.991184	21165.333333
716.383105	21088.000000
717.774457	20893.000000
719.165241	20830.000000
720.555457	20941.000000
721.945105	21062.000000
723.334187	20963.666667
724.722701	20978.333333
726.110648	21086.333333
727.498030	20929.000000
728.884845	20955.000000
730.271094	21006.333333
731.656778	20925.666667
733.041897	20799.000000
734.426451	20907.000000
735.810441	20832.333333
737.193866	20803.666667
738.576728	20745.666667
739.959026	20641.000000
741.340760	20718.333333
742.721932	20805.000000
744.102541	20630.000000
745.482588	20589.666667
746.862073	20689.333333
748.240996	20667.000000
749.619358	20780.000000
750.997158	20633.666667
752.374398	20651.333333
753.751077	20661.000000
755.127197	20701.666667
756.502756	20658.000000
757.877756	20517.333333
759.252196	20629.000000
760.626078	20551.666667
761.999400	20569.666667
763.372165	20446.666667
764.744371	20374.000000
766.116020	20315.666667
767.487111	20305.333333
768.857646	20329.666667
770.227623	20331.333333
771.597044	20205.333333
772.965908	20181.000000
774.334217	20113.000000
775.701970	20227.000000
777.069168	20092.333333
778.435811	20096.000000
779.801899	19948.000000
781.167433	20050.000000
782.532412	20052.000000
783.896838	20009.666667
785.260710	20076.000000
786.624029	19960.333333
787.986796	19919.000000
789.349009	19862.666667
790.710671	19707.333333
792.071780	19865.333333
793.432338	19724.000000
794.792344	19761.000000
796.151799	19656.000000
797.510704	19670.666667
798.869058	19687.666667
800.226862	19685.333333
801.584116	19588.333333
802.940820	19659.666667
804.296975	19588.333333
805.652581	19602.000000
807.007638	19632.000000
808.362147	19555.000000
809.716108	19612.333333
811.069521	19515.666667
812.422387	19510.000000
813.774705	19508.000000
815.126476	19543.666667
816.477701	19579.333333
817.828380	19634.333333
819.178512	19897.666667
820.528099	19449.000000
821.877140	19457.666667
823.225637	19391.333333
824.573588	19396.666667
825.920995	19375.000000
827.267857	19354.333333
828.614176	19281.000000
829.959951	19412.333333
831.305183	19295.333333
832.649871	19276.000000
833.994017	19221.333333
835.337620	19177.000000
836.680681	19386.333333
838.023201	19203.333333
839.365178	19279.333333
840.706614	19272.333333
842.047510	19188.666667
843.387864	19215.333333
844.727678	19244.333333
846.066952	19323.000000
847.405687	19184.000000
848.743881	19389.333333
850.081537	19227.000000
851.418653	19323.333333
852.755231	19382.333333
854.091270	19300.666667
855.426771	19469.000000
856.761735	19383.666667
858.096160	19296.000000
859.430049	19324.000000
860.763401	19098.333333
862.096216	19041.333333
863.428495	19042.333333
864.760237	19060.000000
866.091444	19054.666667
867.422115	19007.000000
868.752252	19075.333333
870.081853	18985.666667
871.410919	18895.000000
872.739452	18989.000000
874.067450	18817.333333
875.394914	18791.666667
876.721845	18804.333333
878.048243	18812.333333
879.374108	18696.000000
880.699440	18670.000000
882.024240	18767.000000
883.348508	18534.000000
884.672244	18471.666667
885.995449	18563.666667
887.318122	18446.666667
888.640265	18441.666667
889.961877	18388.666667
891.282959	18487.000000
892.603510	18346.666667
893.923532	18328.000000
895.243024	18230.666667
896.561987	18332.666667
897.880422	18250.333333
899.198327	18279.333333
900.515705	18209.333333
901.832554	18243.666667
903.148875	18107.333333
904.464669	18212.666667
905.779936	18093.333333
907.094676	18113.333333
908.408889	18112.000000
909.722576	18118.333333
911.035737	18149.333333
912.348371	18278.000000
913.660481	18330.666667
914.972065	18219.000000
916.283124	18364.000000
917.593659	18428.000000
918.903669	18377.000000
920.213155	18337.666667
921.522117	18329.333333
922.830556	18257.000000
924.138471	18361.333333
925.445864	18402.666667
926.752733	18201.000000
928.059081	18275.000000
929.364906	18340.666667
930.670209	18386.666667
931.974991	18511.333333
933.279251	18496.000000
934.582990	18718.000000
935.886209	18765.000000
937.188907	18986.333333
938.491085	19012.333333
939.792743	19300.333333
941.093881	19691.666667
942.394500	19768.333333
943.694600	20182.000000
944.994181	20577.000000
946.293243	20997.000000
947.591787	21710.666667
948.889813	22399.000000
950.187322	23153.666667
951.484313	24074.666667
952.780787	25251.000000
954.076744	26572.666667
955.372184	27482.666667
956.667108	28465.666667
957.961516	29116.666667
959.255409	29130.333333
960.548785	28696.333333
961.841647	27976.000000
963.133993	26677.000000
964.425825	25427.000000
965.717142	23985.000000
967.007946	22873.666667
968.298235	21572.333333
969.588011	20486.000000
970.877273	19805.666667
972.166023	19161.000000
973.454259	18572.666667
974.741984	18332.333333
976.029196	17958.333333
977.315895	17672.000000
978.602084	17532.000000
979.887761	17380.666667
981.172926	17232.666667
982.457581	17058.333333
983.741725	17019.666667
985.025359	16924.000000
986.308483	16933.666667
987.591097	16834.000000
988.873202	16839.000000
990.154797	16653.666667
991.435883	16766.000000
992.716461	16812.333333
993.996530	16622.333333
995.276091	16753.333333
996.555144	16722.666667
997.833690	16762.666667
999.111728	16868.333333
1000.389259	16798.333333
1001.666283	16847.333333
1002.942800	16829.333333
1004.218812	16974.333333
1005.494317	16774.000000
1006.769317	16704.333333
1008.043811	16707.333333
1009.317799	16716.666667
1010.591283	16804.333333
1011.864263	16632.333333
1013.136737	16903.666667
1014.408708	16717.333333
1015.680175	16747.666667
1016.951138	16649.666667
1018.221598	16811.000000
1019.491554	16805.666667
1020.761008	16833.333333
1022.029959	16861.333333
1023.298408	16872.333333
1024.566355	16991.666667
1025.833800	16787.666667
1027.100744	16782.333333
1028.367187	16854.000000
1029.633128	16822.333333
1030.898569	16798.333333
1032.163509	16792.000000
1033.427949	16887.000000
1034.691890	16840.333333
1035.955330	16881.000000
1037.218271	16846.333333
1038.480714	16827.333333
1039.742657	16795.666667
1041.004101	16986.666667
1042.265048	16967.666667
1043.525496	16892.333333
1044.785446	16904.666667
1046.044899	16762.000000
1047.303855	16829.666667
1048.562313	16643.000000
1049.820275	16754.333333
1051.077740	16687.000000
1052.334709	16651.666667
1053.591182	16643.333333
1054.847160	16601.666667
1056.102641	16584.000000
1057.357628	16679.333333
1058.612120	16628.000000
1059.866117	16606.666667
1061.119619	16703.333333
1062.372628	16783.333333
1063.625142	16963.666667
1064.877163	16839.666667
1066.128691	16905.000000
1067.379725	17016.000000
1068.630267	16851.666667
1069.880316	16949.666667
1071.129872	16783.666667
1072.378937	16774.666667
1073.627509	16701.333333
1074.875590	16618.666667
1076.123180	16389.333333
1077.370279	16312.000000
1078.616887	16276.333333
1079.863004	16150.333333
1081.108631	16022.333333
1082.353768	15858.000000
1083.598415	15609.333333
1084.842573	15645.333333
1086.086241	15459.666667
1087.329421	15469.666667
1088.572111	15417.333333
1089.814314	15276.666667
1091.056028	15239.666667
1092.297253	15178.000000
1093.537992	15230.666667
1094.778242	15047.333333
1096.018006	15096.666667
1097.257282	15107.000000
1098.496072	15039.666667
1099.734376	15065.333333
1100.972193	15059.000000
1102.209524	14996.000000
1103.446370	14967.000000
1104.682730	14869.666667
1105.918604	14879.666667
1107.153994	14791.333333
1108.388900	14867.666667
1109.623320	14717.000000
1110.857257	14696.666667
1112.090710	14663.666667
1113.323679	14602.333333
1114.556164	14547.666667
1115.788167	14580.666667
1117.019686	14394.666667
1118.250723	14392.666667
1119.481278	14388.333333
1120.711350	14319.666667
1121.940940	14380.333333
1123.170049	14471.000000
1124.398676	14299.666667
1125.626823	14341.000000
1126.854488	14271.000000
1128.081672	14313.333333
1129.308376	14298.000000
1130.534600	14219.333333
1131.760345	14133.666667
1132.985609	14147.333333
1134.210394	14161.000000
1135.434700	14045.333333
1136.658527	14150.333333
1137.881875	14106.666667
1139.104745	14138.666667
1140.327136	14172.000000
1141.549050	14060.333333
1142.770486	14012.666667
1143.991445	14097.666667
1145.211926	14032.000000
1146.431931	14067.333333
1147.651459	14042.333333
1148.870510	13963.000000
1150.089086	13972.000000
1151.307185	14026.333333
1152.524808	13964.000000
1153.741957	14004.000000
1154.958630	13936.000000
1156.174828	13937.666667
1157.390551	13853.333333
1158.605800	13981.666667
1159.820574	13881.333333
1161.034875	13832.666667
1162.248702	13938.333333
1163.462055	13909.666667
1164.674936	13844.000000
1165.887343	13811.000000
1167.099277	13786.000000
1168.310739	13832.000000
1169.521729	13824.333333
1170.732247	13795.000000
1171.942293	13741.333333
1173.151867	13844.000000
1174.360970	13803.000000
1175.569602	13692.333333
1176.777764	13730.000000
1177.985454	13678.333333
1179.192675	13643.000000
1180.399425	13594.333333
1181.605706	13622.333333
1182.811517	13581.333333
1184.016859	13531.666667
1185.221731	13445.666667
1186.426135	13531.000000
1187.630070	13466.333333
1188.833537	13456.333333
1190.036535	13329.000000
1191.239066	13345.000000
1192.441129	13304.666667
1193.642725	13331.333333
1194.843853	13324.333333
1196.044515	13233.333333
1197.244710	13309.000000
1198.444438	13296.666667
1199.643701	13304.666667
1200.842497	13298.666667
1202.040827	13365.666667
1203.238693	13282.333333
1204.436092	13288.666667
1205.633027	13351.666667
1206.829497	13239.333333
1208.025503	13119.333333
1209.221044	13179.666667
1210.416122	13112.666667
1211.610735	13099.000000
1212.804885	13038.000000
1213.998572	13025.333333
1215.191795	13115.666667
1216.384556	12901.666667
1217.576854	12895.333333
1218.768689	12924.666667
1219.960063	12884.000000
1221.150974	12868.666667
1222.341424	12883.333333
1223.531413	12869.666667
1224.720940	12924.000000
1225.910006	12942.666667
1227.098612	12996.333333
1228.286757	13030.000000
1229.474442	13031.000000
1230.661667	13069.333333
1231.848432	13043.000000
1233.034738	13092.333333
1234.220584	13176.666667
1235.405971	13134.333333
1236.590900	13192.666667
1237.775369	13095.666667
1238.959381	13133.000000
1240.142934	13165.333333
1241.326029	13254.666667
1242.508667	13238.000000
1243.690848	13280.000000
1244.872571	13121.333333
1246.053837	13192.000000
1247.234646	13164.000000
1248.414999	13074.000000
1249.594896	13140.000000
1250.774337	12908.000000
1251.953322	13019.000000
1253.131851	12968.000000
1254.309925	12876.333333
1255.487544	12854.333333
1256.664708	12969.333333
1257.841417	12825.000000
1259.017673	12854.000000
1260.193473	12767.333333
1261.368820	12837.000000
1262.543714	12944.000000
1263.718154	12946.666667
1264.892140	12891.666667
1266.065674	13045.666667
1267.238755	12996.000000
1268.411383	12818.333333
1269.583559	12900.333333
1270.755283	12920.333333
1271.926555	12969.666667
1273.097375	12850.666667
1274.267744	12906.000000
1275.437662	12792.000000
1276.607129	12819.666667
1277.776145	12825.666667
1278.944711	12688.666667
1280.112827	12613.000000
1281.280492	12610.666667
1282.447708	12602.333333
1283.614474	12604.000000
1284.780791	12512.333333
1285.946659	12555.000000
1287.112078	12437.666667
1288.277048	12456.666667
1289.441570	12387.666667
1290.605644	12290.000000
1291.769270	12450.000000
1292.932448	12301.666667
1294.095178	12198.666667
1295.257461	12258.666667
1296.419298	12205.000000
1297.580687	12112.333333
1298.741630	12194.000000
1299.902126	12165.000000
1301.062177	12159.666667
1302.221781	12089.000000
1303.380940	12024.333333
1304.539653	12164.333333
1305.697921	12076.333333
1306.855744	12070.666667
1308.013123	12010.333333
1309.170056	11963.333333
1310.326546	12002.000000
1311.482591	12139.000000
1312.638193	12054.666667
1313.793350	11996.000000
1314.948065	12051.000000
1316.102336	11999.000000
1317.256164	11961.666667
1318.409550	11927.000000
1319.562493	11980.000000
1320.714993	11903.333333
1321.867052	11866.333333
1323.018668	11792.000000
1324.169843	11874.000000
1325.320577	11740.666667
1326.470870	11694.000000
1327.620721	11731.666667
1328.770132	11671.666667
1329.919102	11662.000000
1331.067632	11714.000000
1332.215722	11755.333333
1333.363372	11673.333333
1334.510582	11551.000000
1335.657353	11681.666667
1336.803685	11595.000000
1337.949578	11622.666667
1339.095032	11619.666667
1340.240048	11544.333333
1341.384625	11738.333333
1342.528764	11649.333333
1343.672466	11593.666667
1344.815729	11538.333333
1345.958556	11571.666667
1347.100945	11580.333333
1348.242897	11533.666667
1349.384413	11465.000000
1350.525492	11439.333333
1351.666134	11522.333333
1352.806341	11471.333333
1353.946111	11345.333333
1355.085446	11380.000000
1356.224346	11331.666667
1357.362810	11298.000000
1358.500840	11294.333333
1359.638434	11249.000000
1360.775594	11170.666667
1361.912320	11170.000000
1363.048612	11166.000000
1364.184469	11109.000000
1365.319893	11172.333333
1366.454884	11076.333333
1367.589441	11117.000000
1368.723566	11193.666667
1369.857257	11157.000000
1370.990516	11149.000000
1372.123343	11138.333333
1373.255737	11197.000000
1374.387699	11167.666667
1375.519230	11205.000000
1376.650329	11165.666667
1377.780997	11072.666667
1378.911234	11054.333333
1380.041040	11187.000000
1381.170416	11118.666667
1382.299361	11170.666667
1383.427875	11085.333333
1384.555960	11111.333333
1385.683615	11100.000000
1386.810841	10993.000000
1387.937637	11110.666667
1389.064004	10977.666667
1390.189942	10963.000000
1391.315451	11000.000000
1392.440532	10976.000000
1393.565185	10941.333333
1394.689409	10948.000000
1395.813206	10908.666667
1396.936575	10821.333333
1398.059517	10849.666667
1399.182032	10794.666667
1400.304119	10863.333333
1401.425780	10852.666667
1402.547014	10763.333333
1403.667822	10831.333333
1404.788204	10822.000000
1405.908160	10789.666667
1407.027690	10844.000000
1408.146795	10883.666667
1409.265474	10775.333333
1410.383728	10761.000000
1411.501558	10814.333333
1412.618963	10865.333333
1413.735943	10806.666667
1414.852499	10810.333333
1415.968632	10768.333333
1417.084340	10836.666667
1418.199625	10894.666667
1419.314486	10842.000000
1420.428925	10879.333333
1421.542940	10737.000000
1422.656533	10763.333333
1423.769703	10860.666667
1424.882451	10746.666667
1425.994777	10766.666667
1427.106680	10687.000000
1428.218163	10617.333333
1429.329223	10667.333333
1430.439863	10672.000000
1431.550081	10596.333333
1432.659879	10568.666667
1433.769256	10631.666667
1434.878212	10634.333333
1435.986749	10674.000000
1437.094865	10627.333333
1438.202562	10574.000000
1439.309839	10619.666667
1440.416696	10575.333333
1441.523135	10669.666667
1442.629154	10650.333333
1443.734755	10764.000000
1444.839937	10687.333333
1445.944701	10767.333333
1447.049047	10756.333333
1448.152975	10761.666667
1449.256485	10678.333333
1450.359577	10780.666667
1451.462253	10700.666667
1452.564511	10720.666667
1453.666352	10668.666667
1454.767777	10677.333333
1455.868785	10581.000000
1456.969377	10582.666667
1458.069553	10606.000000
1459.169313	10566.333333
1460.268658	10578.333333
1461.367587	10481.000000
1462.466101	10442.666667
1463.564200	10361.666667
1464.661884	10379.666667
1465.759153	10275.333333
1466.856008	10264.666667
1467.952449	10205.666667
1469.048476	10153.666667
1470.144089	10122.333333
1471.239288	10040.666667
1472.334074	10080.666667
1473.428447	9892.000000
1474.522407	9902.000000
1475.615955	9821.666667
1476.709089	9693.666667
1477.801812	9742.666667
1478.894122	9702.666667
1479.986020	9652.333333
1481.077506	9720.000000
1482.168581	9706.666667
1483.259245	9651.333333
1484.349498	9684.333333
1485.439339	9603.666667
1486.528770	9593.333333
1487.617790	9583.000000
1488.706400	9597.000000
1489.794600	9570.000000
1490.882390	9507.666667
1491.969771	9568.000000
1493.056742	9544.333333
1494.143303	9491.333333
1495.229456	9517.000000
1496.315199	9481.333333
1497.400534	9477.666667
1498.485460	9478.666667
1499.569978	9450.666667
1500.654088	9400.666667
1501.737790	9383.666667
1502.821085	9263.000000
1503.903972	9367.333333
1504.986451	9410.000000
1506.068524	9317.666667
1507.150189	9301.666667
1508.231448	9205.333333
1509.312301	9215.666667
1510.392747	9112.666667
1511.472787	9115.666667
1512.552422	9110.666667
1513.631650	9146.666667
1514.710473	9127.000000
1515.788891	9114.000000
1516.866904	9085.000000
1517.944512	9071.666667
1519.021715	9078.333333
1520.098513	9136.000000
1521.174908	9116.333333
1522.250898	9160.666667
1523.326485	9030.000000
1524.401667	9107.666667
1525.476447	9018.000000
1526.550823	9074.000000
1527.624796	9104.333333
1528.698365	9107.666667
1529.771533	9015.000000
1530.844298	9031.666667
1531.916660	9045.666667
1532.988620	9013.333333
1534.060179	9063.333333
1535.131336	8973.333333
1536.202091	8972.666667
1537.272445	9021.666667
1538.342398	8931.000000
1539.411950	8925.000000
1540.481101	8920.333333
1541.549851	8865.666667
1542.618202	8805.333333
1543.686152	8859.333333
1544.753702	8811.666667
1545.820853	8761.333333
1546.887604	8763.000000
1547.953955	8727.666667
1549.019908	8682.666667
1550.085461	8692.666667
1551.150616	8743.000000
1552.215372	8709.333333
1553.279730	8630.666667
1554.343690	8720.333333
1555.407252	8669.000000
1556.470415	8670.333333
1557.533182	8621.333333
1558.595551	8589.333333
1559.657522	8598.333333
1560.719097	8499.000000
1561.780275	8614.333333
1562.841056	8600.333333
1563.901441	8559.333333
1564.961429	8581.000000
1566.021022	8566.000000
1567.080219	8527.666667
1568.139020	8492.666667
1569.197425	8505.000000
1570.255436	8462.666667
1571.313051	8500.000000
1572.370271	8514.000000
1573.427097	8562.000000
1574.483528	8493.000000
1575.539565	8502.666667
1576.595208	8378.000000
1577.650457	8406.333333
1578.705312	8338.000000
1579.759774	8338.000000
1580.813842	8391.000000
1581.867517	8228.666667
1582.920799	8299.000000
1583.973689	8225.333333
1585.026186	8286.000000
1586.078290	8248.333333
1587.130002	8184.000000
1588.181323	8241.333333
1589.232251	8138.000000
1590.282788	8188.333333
1591.332933	8139.333333
1592.382688	8178.000000
1593.432051	8076.333333
1594.481023	8109.666667
1595.529605	8135.666667
1596.577796	8158.000000
1597.625597	8155.000000
1598.673007	8146.666667
1599.720028	8209.666667
1600.766660	8230.666667
1601.812901	8126.666667
1602.858753	8188.666667
1603.904217	8194.000000
1604.949291	8249.000000
1605.993976	8213.333333
1607.038273	8174.000000
1608.082182	8212.666667
1609.125702	8166.333333
1610.168834	8138.666667
1611.211579	8123.666667
1612.253935	8062.333333
1613.295905	8023.666667
1614.337487	8052.333333
1615.378682	8056.666667
1616.419490	8072.000000
1617.459912	7980.000000
1618.499946	7973.000000
1619.539595	7990.666667
1620.578858	7998.666667
1621.617734	7981.666667
1622.656225	7993.333333
1623.694330	7969.666667
1624.732050	7928.666667
1625.769385	7929.000000
1626.806334	7867.000000
1627.842899	7900.666667
1628.879079	7806.333333
1629.914875	7883.000000
1630.950286	7845.000000
1631.985314	7870.333333
1633.019957	7885.333333
1634.054217	7826.666667
1635.088093	7913.000000
1636.121586	7868.666667
1637.154696	7856.333333
1638.187423	7924.000000
1639.219767	7890.000000
1640.251728	7988.000000
1641.283307	7848.333333
1642.314504	7872.333333
1643.345319	7975.000000
1644.375751	7831.666667
1645.405803	7924.333333
1646.435472	7889.333333
1647.464761	7882.333333
1648.493668	7927.666667
1649.522194	7862.666667
1650.550340	7893.000000
1651.578105	7890.000000
1652.605490	7853.666667
1653.632494	7874.000000
1654.659119	7768.333333
1655.685363	7755.333333
1656.711228	7761.333333
1657.736714	7690.333333
1658.761820	7706.000000
1659.786547	7672.666667
1660.810895	7655.000000
1661.834865	7693.666667
1662.858456	7682.000000
1663.881668	7653.000000
1664.904503	7583.666667
1665.926959	7562.666667
1666.949038	7555.000000
1667.970739	7582.333333
1668.992062	7452.333333
1670.013008	7524.000000
1671.033577	7521.333333
1672.053770	7465.666667
1673.073585	7467.666667
1674.093024	7462.000000
1675.112086	7426.666667
1676.130773	7399.000000
1677.149083	7363.333333
1678.167017	7390.666667
1679.184576	7352.333333
1680.201760	7443.000000
1681.218568	7331.333333
1682.235001	7371.000000
1683.251059	7344.000000
1684.266742	7320.333333
1685.282051	7412.000000
1686.296985	7314.000000
1687.311546	7277.000000
1688.325732	7205.333333
1689.339544	7218.000000
1690.352983	7211.666667
1691.366048	7115.333333
1692.378740	7120.000000
1693.391058	7106.333333
1694.403004	7060.666667
1695.414577	7096.000000
1696.425778	7038.666667
1697.436606	6937.000000
1698.447061	6937.666667
1699.457145	6850.333333
1700.466857	6820.333333
1701.476197	6828.666667
1702.485166	6810.333333
1703.493763	6746.000000
1704.501989	6723.666667
1705.509844	6729.666667
1706.517328	6710.666667
1707.524442	6620.666667
1708.531185	6755.333333
1709.537558	6663.666667
1710.543561	6611.666667
1711.549194	6723.333333
1712.554457	6625.000000
1713.559351	6709.000000
1714.563875	6629.000000
1715.568030	6588.666667
1716.571816	6626.666667
1717.575233	6622.333333
1718.578282	6651.000000
1719.580962	6577.000000
1720.583273	6698.666667
1721.585217	6693.666667
1722.586792	6621.000000
1723.588000	6706.666667
1724.588840	6595.666667
1725.589312	6635.333333
1726.589418	6634.333333
1727.589156	6679.666667
1728.588527	6649.666667
1729.587532	6580.000000
1730.586170	6668.333333
1731.584441	6587.333333
1732.582346	6643.333333
1733.579886	6589.666667
1734.577059	6638.333333
1735.573867	6541.333333
1736.570309	6581.333333
1737.566386	6585.666667
1738.562097	6486.333333
1739.557444	6432.000000
1740.552426	6391.666667
1741.547043	6422.666667
1742.541295	6394.000000
1743.535184	6334.666667
1744.528708	6400.333333
1745.521868	6361.666667
1746.514664	6286.000000
1747.507097	6307.000000
1748.499166	6302.000000
1749.490873	6264.000000
1750.482216	6261.000000
1751.473196	6285.000000
1752.463813	6259.000000
1753.454068	6245.666667
1754.443960	6256.666667
1755.433490	6279.666667
1756.422658	6114.333333
1757.411464	6212.666667
1758.399908	6252.666667
1759.387991	6241.666667
1760.375713	6218.666667
1761.363073	6230.666667
1762.350072	6239.333333
1763.336711	6148.666667
1764.322988	6176.666667
1765.308905	6129.666667
1766.294462	6168.666667
1767.279659	6146.333333
1768.264496	6127.000000
1769.248972	6087.666667
1770.233089	6147.666667
1771.216847	6044.000000
1772.200245	6045.000000
1773.183284	6039.000000
1774.165965	6065.333333
1775.148286	5965.000000
1776.130249	5925.000000
1777.111853	5996.666667
1778.093099	5909.666667
1779.073987	5867.000000
1780.054517	5849.666667
1781.034689	5853.333333
1782.014503	5827.000000
1782.993960	5777.666667
1783.973060	5770.666667
1784.951802	5700.000000
1785.930188	5638.666667
1786.908217	5656.333333
1787.885889	5618.000000
1788.863205	5673.000000
1789.840164	5585.666667
1790.816768	5589.666667
1791.793015	5530.666667
1792.768907	5522.000000
1793.744443	5534.000000
1794.719624	5608.333333
1795.694449	5598.333333
1796.668919	5639.666667
1797.643035	5548.666667
1798.616795	5580.666667
1799.590201	5554.666667
1800.563253	5614.000000
1801.535950	5632.333333
1802.508294	5621.333333
1803.480283	5648.666667
1804.451919	5578.000000
1805.423201	5623.666667
1806.394129	5631.000000
1807.364705	5578.666667
1808.334927	5604.666667
1809.304796	5582.333333
1810.274313	5569.333333
1811.243477	5600.333333
1812.212288	5593.000000
1813.180747	5514.000000
1814.148855	5558.000000
1815.116610	5555.666667
1816.084013	5467.666667
1817.051065	5539.000000
1818.017766	5536.000000
1818.984115	5453.333333
1819.950113	5471.000000
1820.915760	5489.666667
1821.881057	5442.333333
1822.846003	5403.666667
1823.810598	5436.666667
1824.774843	5451.666667
1825.738738	5418.000000
1826.702283	5429.333333
1827.665479	5408.333333
1828.628324	5410.666667
1829.590821	5339.333333
1830.552968	5358.666667
1831.514765	5358.000000
1832.476214	5305.000000
1833.437314	5339.666667
1834.398066	5300.666667
1835.358469	5249.000000
1836.318524	5254.666667
1837.278230	5284.000000
1838.237589	5283.666667
1839.196600	5300.333333
1840.155263	5271.000000
1841.113578	5235.666667
1842.071547	5316.333333
1843.029168	5315.666667
1843.986442	5329.666667
1844.943369	5283.666667
1845.899950	5319.333333
1846.856184	5259.000000
1847.812072	5293.666667
1848.767614	5342.000000
1849.722809	5327.333333
1850.677659	5249.000000
1851.632163	5270.666667
1852.586322	5283.666667
1853.540135	5250.666667
1854.493603	5278.333333
1855.446726	5298.666667
1856.399504	5231.333333
1857.351937	5151.000000
1858.304026	5230.000000
1859.255770	5179.666667
1860.207170	5137.333333
1861.158227	5127.666667
1862.108939	5159.000000
1863.059307	5128.333333
1864.009332	5126.666667
1864.959013	5055.000000
1865.908351	5023.000000
1866.857346	5024.333333
1867.805998	5015.666667
1868.754307	4978.666667
1869.702274	4977.000000
1870.649898	4939.333333
1871.597180	4955.000000
1872.544119	4934.333333
1873.490717	4968.666667
1874.436973	4857.666667
1875.382887	4880.666667
1876.328459	4846.000000
1877.273691	4867.333333
1878.218581	4864.666667
1879.163130	4840.333333
1880.107338	4907.000000
1881.051205	4868.000000
1881.994732	4872.000000
1882.937919	4898.333333
1883.880765	4892.666667
1884.823271	4894.666667
1885.765437	4908.666667
1886.707264	4877.333333
1887.648750	4917.666667
1888.589898	4845.666667
1889.530706	4871.666667
1890.471175	4901.000000
1891.411305	4894.666667
1892.351096	4925.333333
1893.290548	4866.666667
1894.229662	4897.000000
1895.168438	4908.000000
1896.106876	4869.333333
1897.044975	4837.000000
1897.982737	4878.666667
1898.920160	4871.666667
1899.857247	4861.666667
1900.793996	4831.666667
1901.730407	4848.666667
1902.666482	4760.000000
1903.602219	4771.333333
1904.537620	4784.666667
1905.472685	4762.000000
1906.407412	4663.000000
1907.341804	4680.333333
1908.275859	4658.666667
1909.209579	4665.666667
1910.142962	4624.666667
1911.076010	4606.666667
1912.008722	4603.666667
1912.941099	4619.000000
1913.873141	4560.666667
1914.804848	4547.333333
1915.736219	4530.333333
1916.667256	4467.666667
1917.597959	4453.666667
1918.528327	4425.666667
1919.458360	4441.000000
1920.388060	4476.000000
1921.317426	4511.000000
1922.246457	4443.666667
1923.175156	4434.333333
1924.103520	4390.666667
1925.031552	4421.666667
1925.959250	4428.333333
1926.886615	4438.666667
1927.813647	4447.333333
1928.740346	4466.000000
1929.666713	4458.666667
1930.592748	4410.333333
1931.518450	4439.333333
1932.443820	4407.000000
1933.368858	4447.666667
1934.293564	4448.333333
1935.217939	4448.000000
1936.141982	4415.666667
1937.065694	4437.666667
1937.989074	4406.000000
1938.912124	4365.333333
1939.834842	4356.666667
1940.757230	4385.666667
1941.679287	4337.666667
1942.601014	4363.000000
1943.522411	4370.666667
1944.443477	4303.000000
1945.364214	4307.666667
1946.284621	4296.333333
1947.204698	4264.000000
1948.124445	4183.333333
1949.043863	4260.000000
1949.962952	4231.666667
1950.881712	4148.333333
1951.800143	4186.333333
1952.718245	4187.333333
1953.636019	4105.666667
1954.553464	4099.666667
1955.470581	4072.000000
1956.387369	4092.333333
1957.303830	4103.000000
1958.219963	4103.000000
1959.135768	4070.000000
1960.051246	4064.000000
1960.966396	4107.333333
1961.881219	4096.000000
1962.795715	4107.000000
1963.709883	4116.333333
1964.623726	4083.333333
1965.537241	4110.333333
1966.450430	4076.333333
1967.363293	4073.333333
1968.275829	4152.000000
1969.188040	4126.000000
1970.099924	4150.333333
1971.011483	4132.333333
1971.922716	4127.000000
1972.833624	4099.666667
1973.744206	4150.666667
1974.654464	4156.666667
1975.564396	4135.000000
1976.474004	4148.333333
1977.383286	4082.333333
1978.292245	4142.666667
1979.200878	4072.333333
1980.109188	4024.000000
1981.017174	4051.000000
1981.924835	4065.666667
1982.832173	4078.666667
1983.739187	4010.333333
1984.645878	3964.000000
1985.552245	3988.000000
1986.458289	3990.666667
1987.364010	3921.000000
1988.269408	3935.000000
1989.174484	3901.666667
1990.079236	3848.333333
1990.983667	3893.333333
1991.887775	3903.333333
1992.791561	3882.000000
1993.695024	3851.000000
1994.598166	3816.333333
1995.500986	3772.333333
1996.403485	3857.000000
1997.305662	3781.666667
1998.207518	3786.333333
1999.109053	3788.000000
2000.010267	3784.333333
2000.911160	3808.000000
2001.811732	3770.000000
2002.711984	3828.000000
2003.611915	3798.333333
2004.511526	3785.000000
2005.410817	3771.666667
2006.309788	3762.666667
2007.208439	3785.333333
2008.106771	3801.666667
2009.004783	3790.333333
2009.902475	3800.666667
2010.799849	3864.666667
2011.696903	3806.666667
2012.593638	3816.000000
2013.490055	3809.000000
2014.386153	3834.333333
2015.281932	3829.333333
2016.177394	3792.333333
2017.072536	3752.333333
2017.967361	3765.666667
2018.861868	3768.000000
2019.756057	3784.666667
2020.649929	3765.333333
2021.543483	3709.333333
2022.436720	3711.666667
2023.329639	3674.333333
2024.222241	3696.666667
2025.114527	3710.000000
2026.006496	3680.000000
2026.898148	3611.333333
2027.789484	3640.333333
2028.680503	3656.000000
2029.571206	3591.666667
2030.461594	3609.666667
2031.351665	3582.666667
2032.241420	3600.000000
2033.130860	3556.666667
2034.019985	3547.666667
2034.908794	3503.333333
2035.797288	3485.666667
2036.685467	3543.333333
2037.573331	3512.666667
2038.460880	3523.000000
2039.348115	3480.333333
2040.235035	3539.666667
2041.121641	3509.666667
2042.007933	3502.666667
2042.893911	3496.000000
2043.779575	3485.333333
2044.664925	3563.666667
2045.549961	3520.333333
2046.434685	3567.333333
2047.319094	3522.000000
2048.203191	3565.666667
2049.086975	3535.000000
2049.970445	3508.333333
2050.853603	3579.666667
2051.736449	3514.333333
2052.618982	3554.000000
2053.501202	3535.000000
2054.383111	3481.000000
2055.264707	3557.000000
2056.145991	3501.333333
2057.026964	3504.333333
2057.907625	3507.666667
2058.787975	3530.000000
2059.668013	3480.666667
2060.547741	3484.333333
2061.427157	3493.000000
2062.306262	3481.666667
2063.185056	3429.333333
2064.063540	3451.333333
2064.941714	3426.000000
2065.819577	3392.333333
2066.697130	3347.333333
2067.574372	3334.666667
2068.451305	3354.000000
2069.327928	3337.000000
2070.204242	3285.666667
2071.080246	3305.333333
2071.955940	3314.333333
2072.831326	3274.000000
2073.706402	3260.000000
2074.581170	3264.666667
2075.455628	3212.666667
2076.329778	3245.000000
2077.203620	3236.000000
2078.077153	3159.000000
2078.950378	3228.333333
2079.823294	3183.000000
2080.695903	3228.333333
2081.568204	3210.000000
2082.440197	3252.333333
2083.311883	3226.666667
2084.183261	3185.000000
2085.054333	3221.333333
2085.925097	3226.333333
2086.795554	3286.666667
2087.665704	3225.333333
2088.535547	3233.666667
2089.405084	3265.666667
2090.274315	3253.333333
2091.143239	3244.333333
2092.011857	3208.666667
2092.880169	3245.000000
2093.748175	3214.666667
2094.615875	3243.333333
2095.483270	3225.000000
2096.350360	3225.333333
2097.217144	3164.000000
2098.083622	3196.333333
2098.949796	3192.000000
2099.815665	3201.333333
2100.681229	3190.666667
2101.546489	3160.333333
2102.411444	3156.333333
2103.276094	3124.000000
2104.140441	3143.666667
2105.004483	3109.333333
2105.868222	3138.666667
2106.731656	3092.000000
2107.594787	3135.333333
2108.457614	3085.333333
2109.320138	3105.333333
2110.182359	3068.333333
2111.044277	3057.333333
2111.905891	3108.333333
2112.767203	3082.000000
2113.628212	3080.333333
2114.488919	3060.666667
2115.349323	3049.666667
2116.209424	3073.000000
2117.069224	3099.000000
2117.928721	3055.000000
2118.787917	3099.666667
2119.646811	3125.333333
2120.505403	3105.000000
2121.363694	3125.333333
2122.221683	3124.333333
2123.079371	3092.000000
2123.936758	3098.333333
2124.793844	3087.000000
2125.650630	3163.333333
2126.507114	3073.666667
2127.363298	3113.333333
2128.219182	3080.333333
2129.074765	3078.333333
2129.930048	3083.000000
2130.785032	3058.000000
2131.639715	3009.666667
2132.494099	3036.000000
2133.348183	3025.000000
2134.201967	3026.333333
2135.055452	2957.000000
2135.908638	2981.000000
2136.761525	2983.666667
2137.614113	2982.000000
2138.466403	2955.333333
2139.318393	2929.666667
2140.170085	2922.666667
2141.021479	2917.333333
2141.872574	2906.666667
2142.723371	2881.000000
2143.573871	2902.666667
2144.424072	2914.000000
2145.273976	2806.666667
2146.123582	2876.666667
2146.972891	2847.000000
2147.821902	2824.000000
2148.670616	2824.000000
2149.519033	2846.666667
2150.367153	2845.000000
2151.214976	2805.333333
2152.062503	2855.666667
2152.909733	2847.000000
2153.756667	2857.000000
2154.603304	2881.333333
2155.449646	2872.333333
2156.295691	2859.000000
2157.141441	2859.666667
2157.986894	2886.333333
2158.832052	2865.000000
2159.676915	2874.666667
2160.521482	2854.666667
2161.365755	2864.000000
2162.209732	2885.666667
2163.053414	2861.000000
2163.896801	2852.333333
2164.739894	2827.000000
2165.582692	2821.000000
2166.425196	2806.666667
2167.267405	2796.333333
2168.109320	2783.333333
2168.950941	2823.666667
2169.792269	2777.333333
2170.633302	2787.333333
2171.474042	2785.666667
2172.314489	2750.333333
2173.154642	2761.666667
2173.994502	2762.333333
2174.834068	2737.333333
2175.673342	2719.666667
2176.512323	2691.666667
2177.351011	2715.000000
2178.189407	2705.666667
2179.027510	2698.000000
2179.865321	2689.333333
2180.702840	2688.000000
2181.540066	2684.666667
2182.377001	2653.000000
2183.213644	2644.333333
2184.049995	2628.000000
2184.886055	2667.333333
2185.721823	2703.000000
2186.557300	2725.333333
2187.392486	2672.000000
2188.227381	2677.333333
2189.061985	2702.333333
2189.896298	2691.000000
2190.730320	2685.333333
2191.564052	2721.666667
2192.397494	2684.666667
2193.230646	2729.666667
2194.063507	2734.000000
2194.896078	2698.333333
2195.728360	2733.000000
2196.560351	2718.333333
2197.392053	2718.333333
2198.223466	2705.000000
2199.054589	2661.666667
2199.885424	2712.333333
