400.0961	5053
402.6185	5210
405.1424	5238
407.6635	5168
410.1838	5237
412.7035	5169
415.2225	5205
417.7388	5263
420.2585	5314
422.7754	5335
425.2917	5428
427.8072	5477
430.3221	5559
432.8363	5483
435.3498	5544
437.8626	5410
440.3727	5563
442.8841	5462
445.3969	5566
447.907	5528
450.4142	5465
452.9229	5528
455.4289	5482
457.9362	5458
460.4449	5436
462.9488	5436
465.454	5416
467.9566	5515
470.4604	5442
472.9637	5441
475.4662	5464
477.966	5558
480.4671	5492
482.9656	5510
485.4633	5456
487.9645	5522
490.4608	5578
492.9566	5483
495.4536	5610
497.948	5576
500.4437	5577
502.9387	5523
505.431	5570
507.9226	5670
510.4136	5757
512.9079	5682
515.3975	5627
517.8864	5577
520.3746	5697
522.8622	5635
525.3491	5665
527.8394	5713
530.3249	5655
532.8098	5602
535.2939	5635
537.7774	5732
540.2623	5676
542.7444	5652
545.2259	5582
547.7067	5699
550.1868	5733
552.6683	5684
555.147	5723
557.6231	5739
560.1005	5735
562.5773	5795
565.0534	5858
567.5308	5762
570.0056	5744
572.4776	5901
574.951	5746
577.4237	5970
579.8978	6004
582.3671	5924
584.8378	6045
587.3079	5941
589.7773	6066
592.244	5938
594.714	5901
597.1793	5996
599.6461	6067
602.1121	5850
604.5754	5933
607.0421	5844
609.5042	5875
611.9675	6049
614.4282	5949
616.8902	5917
619.3515	5925
621.8122	5864
624.2702	5828
626.7296	5810
629.1863	5805
631.6423	5803
634.1017	5875
636.5563	5914
639.0104	5933
641.4658	5790
643.9185	5834
646.3725	5882
648.8239	5931
651.2766	6036
653.7266	5809
656.176	5999
658.6247	5947
661.0748	6046
663.5242	6044
665.9709	5998
668.417	6006
670.8624	5970
673.3092	6115
675.7533	6054
678.1968	6043
680.6395	6103
683.0817	6003
685.5251	6089
687.9659	6066
690.4061	6167
692.8456	6055
695.2844	6039
697.7226	6111
700.1621	6136
702.599	6114
705.0332	6098
707.4688	6105
709.9036	6146
712.3399	6295
714.7735	6131
717.2044	6196
719.6367	6285
722.0683	6140
724.4993	6208
726.9296	6358
729.3593	6259
731.7883	6343
734.2147	6273
736.6423	6330
739.0714	6454
741.4958	6261
743.9216	6442
746.3447	6386
748.7691	6419
751.1929	6425
753.616	6455
756.0366	6466
758.4584	6442
760.8776	6439
763.2982	6479
765.718	6519
768.1373	6625
770.5539	6556
772.9698	6520
775.3871	6575
777.8038	6405
780.2178	6544
782.6332	6604
785.0459	6583
787.458	6483
789.8714	6541
792.2842	6493
794.6943	6389
797.1038	6558
799.5127	6625
801.9209	6524
804.3324	6561
806.7393	6705
809.1456	6545
811.5513	6676
813.9562	6751
816.3625	6605
818.7663	6529
821.1693	6750
823.5718	6726
825.9735	6624
828.3746	6616
830.7771	6453
833.177	6619
835.5762	6729
837.9747	6711
840.3727	6636
842.772	6693
845.1666	6735
847.5626	6751
849.958	6716
852.3527	6843
854.7488	6773
857.1403	6701
859.5331	6852
861.9253	6761
864.3168	6759
866.7057	6771
869.098	6727
871.4876	6717
873.8746	6918
876.263	6826
878.6487	6848
881.0378	6673
883.4243	6682
885.8081	6785
888.1933	6815
890.5759	6808
892.9598	6824
895.343	6749
897.7256	6812
900.1057	6696
902.4871	6744
904.8659	6798
907.246	6898
909.6254	6833
912.0023	6855
914.3786	6973
916.7562	7020
919.1331	7128
921.5074	7169
923.8831	7191
926.2562	7067
928.6287	7175
931.0005	7168
933.3757	7237
935.7462	7288
938.1162	7134
940.4855	7388
942.8542	7365
945.2242	7378
947.5916	7547
949.9584	7845
952.3266	8043
954.6921	8309
957.0571	8622
959.4233	9084
961.787	9079
964.15	9104
966.5125	8798
968.8742	8376
971.2354	7972
973.5959	7652
975.9559	7481
978.3151	7350
980.6738	7171
983.0338	7178
985.3912	7064
987.7461	7033
990.1022	7020
992.4578	6982
994.8127	7030
997.1689	7104
999.5207	7000
1001.874	6967
1004.226	7084
1006.576	7121
1008.929	7107
1011.28	7125
1013.628	7044
1015.977	7006
1018.324	7126
1020.674	7078
1023.019	7215
1025.366	7176
1027.713	7175
1030.056	7179
1032.399	7223
1034.746	7253
1037.087	7152
1039.431	7193
1041.771	7267
1044.113	7197
1046.454	7144
1048.793	7225
1051.133	7234
1053.471	7180
1055.807	7352
1058.146	7117
1060.483	7341
1062.818	7330
1065.153	7332
1067.489	7398
1069.822	7305
1072.156	7440
1074.488	7403
1076.82	7306
1079.15	7400
1081.48	7242
1083.814	7224
1086.143	7273
1088.471	7200
1090.799	7185
1093.126	7251
1095.452	7207
1097.78	7315
1100.105	7281
1102.43	7230
1104.754	7224
1107.077	7178
1109.4	7179
1111.722	7154
1114.044	7206
1116.365	7247
1118.685	7069
1121.005	7256
1123.324	7232
1125.643	7231
1127.961	7225
1130.278	7358
1132.595	7187
1134.911	7243
1137.226	7257
1139.541	7154
1141.854	7115
1144.167	7198
1146.482	7221
1148.793	7136
1151.105	7142
1153.414	7080
1155.725	7163
1158.033	7186
1160.344	7239
1162.651	7234
1164.959	7187
1167.265	7257
1169.572	7247
1171.878	7142
1174.184	7172
1176.488	7203
1178.79	7282
1181.094	7295
1183.396	7282
1185.699	7172
1188.001	7196
1190.301	7201
1192.6	7382
1194.9	7288
1197.2	7194
1199.497	7354
1201.794	7208
1204.09	7179
1206.387	7229
1208.684	7207
1210.978	7300
1213.272	7300
1215.565	7243
1217.858	7224
1220.15	7203
1222.443	7283
1224.734	7313
1227.024	7313
1229.313	7326
1231.602	7523
1233.892	7472
1236.18	7423
1238.467	7565
1240.754	7553
1243.04	7604
1245.325	7623
1247.612	7576
1249.896	7644
1252.178	7716
1254.461	7559
1256.743	7478
1259.027	7480
1261.308	7664
1263.587	7550
1265.867	7525
1268.146	7542
1270.425	7627
1272.703	7678
1274.981	7476
1277.256	7697
1279.532	7534
1281.808	7518
1284.083	7391
1286.358	7433
1288.63	7521
1290.904	7485
1293.175	7425
1295.449	7482
1297.719	7523
1299.99	7488
1302.259	7455
1304.529	7382
1306.798	7463
1309.065	7596
1311.333	7345
1313.599	7408
1315.866	7349
1318.131	7423
1320.396	7541
1322.66	7504
1324.925	7487
1327.187	7547
1329.448	7452
1331.711	7596
1333.974	7462
1336.234	7479
1338.493	7463
1340.752	7377
1343.01	7430
1345.269	7536
1347.526	7350
1349.784	7378
1352.04	7391
1354.295	7469
1356.552	7521
1358.806	7449
1361.059	7501
1363.312	7441
1365.564	7452
1367.818	7433
1370.069	7502
1372.318	7440
1374.568	7425
1376.817	7622
1379.066	7544
1381.316	7592
1383.564	7468
1385.809	7625
1388.056	7572
1390.301	7587
1392.549	7704
1394.793	7735
1397.036	7721
1399.279	7688
1401.522	7774
1403.763	7756
1406.007	7675
1408.248	7595
1410.487	7686
1412.727	7732
1414.965	7802
1417.205	7738
1419.442	7746
1421.68	7714
1423.915	7801
1426.152	7791
1428.388	7629
1430.623	7726
1432.857	7791
1435.091	7835
1437.323	7861
1439.556	7934
1441.789	7799
1444.019	7846
1446.25	7830
1448.48	7807
1450.708	7750
1452.938	7941
1455.167	7974
1457.394	8017
1459.62	7964
1461.846	7889
1464.073	8015
1466.299	7904
1468.523	7772
1470.746	7721
1472.969	7722
1475.191	7716
1477.415	7745
1479.636	7562
1481.858	7754
1484.078	7591
1486.298	7531
1488.518	7603
1490.736	7432
1492.954	7542
1495.169	7380
1497.386	7610
1499.602	7500
1501.819	7418
1504.034	7361
1506.248	7539
1508.462	7495
1510.675	7468
1512.888	7407
1515.1	7403
1517.311	7491
1519.522	7436
1521.732	7444
1523.942	7518
1526.151	7496
1528.36	7466
1530.566	7478
1532.773	7486
1534.98	7538
1537.187	7611
1539.392	7445
1541.596	7444
1543.801	7557
1546.005	7393
1548.208	7574
1550.411	7444
1552.612	7588
1554.814	7580
1557.013	7486
1559.212	7561
1561.414	7658
1563.612	7598
1565.811	7622
1568.007	7706
1570.203	7746
1572.403	7623
1574.598	7672
1576.792	7647
1578.988	7652
1581.181	7720
1583.376	7666
1585.568	7764
1587.761	7707
1589.952	7656
1592.143	7747
1594.333	7722
1596.524	7709
1598.715	7766
1600.903	7691
1603.091	7694
1605.278	7748
1607.466	7782
1609.652	7828
1611.838	7712
1614.023	7780
1616.207	7884
1618.391	7697
1620.576	7761
1622.759	7797
1624.941	7714
1627.123	7770
1629.304	7939
1631.484	7804
1633.664	7722
1635.844	7876
1638.022	7922
1640.201	7945
1642.38	7927
1644.556	7958
1646.732	7772
1648.908	7822
1651.084	7848
1653.257	7917
1655.433	7866
1657.607	7891
1659.779	7900
1661.951	8000
1664.122	8032
1666.295	8038
1668.467	7969
1670.635	8027
1672.805	8013
1674.973	7829
1677.142	8129
1679.31	7882
1681.478	7902
1683.644	8013
1685.81	7854
1687.975	7751
1690.142	7930
1692.305	7873
1694.468	7925
1696.632	7785
1698.794	7775
1700.957	7739
1703.119	7768
1705.279	7785
1707.439	7903
1709.598	7673
1711.758	7608
1713.917	7589
1716.075	7585
1718.231	7807
1720.388	7580
1722.543	7674
1724.702	7753
1726.856	7785
1729.01	7568
1731.164	7725
1733.317	7605
1735.471	7642
1737.623	7744
1739.774	7659
1741.925	7735
1744.075	7733
1746.225	7696
1748.376	7773
1750.524	7784
1752.672	7665
1754.82	7784
1756.965	7748
1759.113	7622
1761.259	7730
1763.405	7812
1765.549	7815
1767.694	7746
1769.836	7834
1771.981	7709
1774.123	7833
1776.264	7708
1778.405	7822
1780.546	7738
1782.687	7638
1784.827	7759
1786.966	7776
1789.103	7766
1791.242	7755
1793.381	7612
1795.517	7848
1797.653	7708
1799.788	7627
1801.923	7761
1804.057	7890
1806.193	7748
1808.326	7862
1810.457	7779
1812.59	7771
1814.721	7960
1816.855	7768
1818.984	7719
1821.113	7756
1823.244	7687
1825.372	7857
1827.499	7734
1829.63	7782
1831.756	7622
1833.882	7694
1836.007	7597
1838.132	7747
1840.26	7767
1842.384	7754
1844.507	7718
1846.63	7671
1848.752	7551
1850.875	7607
1852.996	7618
1855.118	7613
1857.238	7604
1859.358	7673
1861.477	7669
1863.597	7751
1865.715	7611
1867.832	7672
1869.948	7698
1872.064	7640
1874.181	7738
1876.297	7655
1878.411	7729
1880.526	7592
1882.639	7635
1884.752	7701
1886.865	7680
1888.977	7660
1891.089	7781
1893.2	7699
1895.308	7662
1897.42	7707
1899.53	7632
1901.639	7721
1903.745	7671
1905.853	7715
1907.962	7721
1910.067	7573
1912.174	7743
1914.278	7902
1916.383	7781
1918.486	7766
1920.592	7754
1922.694	7625
1924.797	7920
1926.898	7838
1929	7863
1931.102	7743
1933.203	7824
1935.301	7851
1937.401	7750
1939.499	7821
1941.598	7750
1943.697	7916
1945.793	7861
1947.888	7796
1949.985	7862
1952.08	7748
1954.176	7686
1956.269	7873
1958.364	7797
1960.457	7859
1962.549	7695
1964.642	7696
1966.733	7799
1968.823	7765
1970.913	7785
1973.005	7674
1975.093	7807
1977.184	7771
1979.271	7767
1981.359	7761
1983.446	7768
1985.532	7731
1987.619	7686
1989.705	7714
1991.789	7729
1993.874	7690
1995.956	7755
1998.041	7707
2000.123	7708
2002.206	7715
2004.287	7752
2006.368	7593
2008.449	7775
2010.529	7784
2012.609	7735
2014.688	7744
2016.766	7767
2018.843	7719
2020.922	7715
2022.999	7653
2025.074	7660
2027.15	7745
2029.225	7591
2031.299	7605
2033.375	7629
2035.447	7724
2037.52	7661
2039.592	7726
2041.664	7601
2043.736	7680
2045.807	7600
2047.876	7643
2049.947	7669
2052.015	7805
2054.086	7700
2056.153	7528
2058.221	7727
2060.288	7769
2062.353	7647
2064.42	7709
2066.486	7629
2068.55	7720
2070.614	7580
2072.678	7852
2074.741	7575
2076.805	7629
2078.866	7674
2080.929	7545
2082.99	7717
2085.049	7553
2087.109	7523
2089.17	7729
2091.228	7616
2093.286	7778
2095.344	7686
2097.4	7697
2099.46	7679
2101.516	7856
2103.572	7701
2105.626	7687
2107.679	7675
2109.735	7630
2111.788	7616
2113.841	7611
2115.894	7636
2117.945	7721
2119.997	7652
2122.049	7654
2124.1	7711
2126.148	7587
2128.197	7618
2130.246	7715
2132.296	7517
2134.342	7787
2136.39	7621
2138.437	7588
2140.483	7677
2142.527	7667
2144.574	7690
2146.619	7621
2148.661	7636
2150.705	7602
2152.747	7672
2154.792	7555
2156.832	7741
2158.874	7565
2160.915	7574
2162.954	7463
2164.995	7561
2167.034	7541
2169.072	7453
2171.111	7506
2173.148	7652
2175.186	7494
2177.223	7473
2179.258	7568
2181.294	7678
2183.328	7546
2185.362	7541
2187.398	7493
2189.431	7542
2191.463	7546
2193.495	7598
2195.528	7496
2197.56	7474
2199.59	7572
2201.62	7419
2203.649	7483
2205.678	7529
2207.708	7493
2209.737	7398
2211.764	7331
2213.791	7408
2215.817	7477
2217.843	7316
2219.87	7470
2221.895	7505
2223.919	7411
2225.942	7371
2227.966	7485
2229.988	7428
2232.012	7467
2234.032	7430
2236.054	7439
2238.074	7486
2240.095	7484
2242.116	7397
2244.135	7394
2246.153	7413
2248.171	7386
2250.188	7471
2252.208	7435
2254.223	7490
2256.239	7452
2258.255	7409
2260.269	7420
2262.283	7490
2264.3	7404
2266.312	7456
2268.325	7448
2270.336	7449
2272.349	7526
2274.362	7352
2276.372	7465
2278.383	7389
2280.392	7322
2282.402	7443
2284.409	7446
2286.418	7408
2288.427	7559
2290.433	7312
2292.441	7363
2294.446	7496
2296.453	7459
2298.459	7442
2300.463	7417
2302.466	7418
2304.471	7426
2306.475	7501
2308.477	7263
2310.478	7397
2312.481	7395
2314.481	7395
2316.481	7438
2318.482	7405
2320.482	7407
2322.48	7315
2324.48	7402
2326.478	7227
2328.476	7380
2330.473	7402
2332.469	7217
2334.465	7203
2336.46	7355
2338.454	7469
2340.45	7319
2342.444	7352
2344.437	7328
2346.43	7290
2348.421	7281
2350.414	7237
2352.405	7269
2354.396	7275
2356.386	7283
2358.376	7297
2360.366	7099
2362.355	7136
2364.343	7202
2366.331	7264
2368.317	7292
2370.304	7169
2372.292	7241
2374.278	7256
2376.262	7334
2378.247	7244
2380.23	7081
2382.216	7202
2384.199	7085
2386.181	7214
2388.163	7252
2390.144	7185
2392.127	7284
2394.107	7139
2396.087	7191
2398.066	7122
2400.046	7241
2402.023	7181
2404.004	7150
2405.981	7225
2407.957	7109
2409.934	7115
2411.91	7043
2413.886	7049
2415.862	7198
2417.836	7149
2419.809	7082
2421.784	7106
2423.756	7043
2425.73	7252
2427.701	7190
2429.672	7218
2431.644	7069
2433.615	7102
2435.586	7113
2437.555	7195
2439.523	7175
2441.491	7098
2443.459	7063
2445.428	7091
2447.395	6981
2449.361	7047
2451.327	7084
2453.292	7085
2455.257	7169
2457.223	7090
2459.187	7054
2461.15	7066
2463.113	7053
2465.076	7164
2467.039	6983
2468.999	7150
2470.96	7040
2472.921	7031
2474.881	7059
2476.841	6987
2478.8	7133
2480.759	6999
2482.717	6978
2484.675	6973
2486.63	6876
2488.589	7052
2490.545	7021
2492.5	6956
2494.455	6994
2496.408	6944
2498.364	7038
2500.318	7024
2502.27	7004
2504.223	6975
2506.174	6938
2508.126	6988
2510.078	6901
2512.03	6883
2513.979	6997
2515.927	6888
2517.877	7065
2519.826	6826
2521.775	6961
2523.722	6897
2525.668	6900
2527.616	6957
2529.561	6954
2531.508	6973
2533.452	6899
2535.398	6957
2537.342	7020
2539.284	6930
2541.229	6948
2543.173	6895
2545.114	6952
2547.055	6929
2548.996	6887
2550.938	6950
2552.878	6918
2554.817	7003
2556.756	6940
2558.695	6920
2560.633	7023
2562.572	6778
2564.509	7027
2566.445	6854
2568.382	6882
2570.317	7039
2572.254	6930
2574.189	7043
2576.123	6837
2578.057	6943
2579.99	6860
2581.923	7062
2583.855	6845
2585.788	6864
2587.719	6847
2589.65	6973
2591.579	6812
2593.511	6885
2595.44	6929
2597.37	6824
2599.297	6966
2601.225	7030
2603.153	6948
2605.08	6873
2607.007	6928
2608.932	6979
2610.858	6933
2612.782	6929
2614.709	6812
2616.632	6922
2618.556	6926
2620.478	6923
2622.401	6959
2624.324	6891
2626.247	6954
2628.167	6854
2630.088	6912
2632.008	6946
2633.928	6870
2635.848	6828
2637.766	6850
2639.684	6915
2641.603	6963
2643.519	6956
2645.437	7032
2647.353	6868
2649.27	6907
2651.184	6919
2653.099	6989
2655.014	6886
2656.928	6911
2658.842	6956
2660.755	6872
2662.667	6985
2664.579	6987
2666.491	6857
2668.402	6769
2670.312	6831
2672.222	6907
2674.132	6827
2676.042	6895
2677.951	6855
2679.859	6850
2681.766	6851
2683.674	6835
2685.582	6863
2687.488	6859
2689.392	6780
2691.298	6837
2693.202	6848
2695.107	6808
2697.012	6869
2698.914	6861
2700.817	6723
2702.72	6794
2704.622	6838
2706.524	6681
2708.425	6806
2710.326	6722
2712.225	6734
2714.125	6737
2716.024	6765
2717.923	6769
2719.822	6702
2721.719	6841
2723.616	6774
2725.512	6832
2727.41	6812
2729.305	6678
2731.201	6747
2733.095	6691
2734.99	6919
2736.884	6635
2738.778	6755
2740.67	6718
2742.562	6709
2744.455	6783
2746.346	6746
2748.238	6796
2750.129	6626
2752.018	6668
2753.907	6845
2755.797	6714
2757.687	6760
2759.575	6621
2761.462	6630
2763.349	6693
2765.237	6800
2767.124	6774
2769.009	6677
2770.894	6689
2772.779	6604
2774.663	6698
2776.547	6709
2778.431	6672
2780.314	6743
2782.197	6781
2784.078	6688
2785.96	6588
2787.842	6709
2789.723	6689
2791.603	6660
2793.483	6611
2795.362	6539
2797.241	6788
2799.121	6703
2800.997	6597
2802.874	6768
2804.751	6560
2806.628	6745
2808.506	6599
2810.38	6571
2812.255	6636
2814.13	6520
2816.003	6561
2817.878	6658
2819.752	6668
2821.623	6572
2823.496	6640
2825.368	6586
2827.238	6626
2829.111	6638
2830.98	6659
2832.851	6652
2834.719	6628
2836.589	6676
2838.458	6684
2840.327	6577
2842.193	6758
2844.061	6610
2845.927	6678
2847.794	6707
2849.66	6634
2851.525	6682
2853.39	6814
2855.254	6713
2857.117	6743
2858.983	6807
2860.845	6697
2862.707	6834
2864.569	6918
2866.431	6882
2868.293	6790
2870.154	7032
2872.013	6897
2873.873	6987
2875.733	7186
2877.592	7067
2879.451	7207
2881.309	7286
2883.166	7283
2885.022	7309
2886.879	7380
2888.736	7395
2890.591	7287
2892.446	7413
2894.301	7379
2896.155	7350
2898.009	7279
2899.863	7290
2901.716	7308
2903.568	7471
2905.419	7301
2907.27	7305
2909.123	7278
2910.973	7339
2912.824	7396
2914.673	7511
2916.521	7322
2918.372	7600
2920.22	7660
2922.067	7675
2923.914	7718
2925.761	7840
2927.607	7802
2929.455	7924
2931.301	7980
2933.144	8074
2934.99	8180
2936.833	8078
2938.678	8178
2940.522	8248
2942.364	8399
2944.207	8417
2946.048	8552
2947.891	8660
2949.731	8476
2951.571	8452
2953.412	8370
2955.25	8303
2957.09	8186
2958.93	8108
2960.767	8031
2962.606	8024
2964.443	7823
2966.279	7975
2968.116	7739
2969.953	7594
2971.788	7636
2973.623	7516
2975.457	7606
2977.292	7484
2979.127	7465
2980.959	7561
2982.792	7392
2984.624	7524
2986.455	7462
2988.288	7439
2990.119	7327
2991.949	7231
2993.779	7315
2995.608	7103
2997.439	7118
2999.268	7165
3001.096	7072
3002.923	6895
3004.751	6978
3006.578	6782
3008.406	6804
3010.232	6682
3012.057	6687
3013.883	6668
3015.706	6660
3017.532	6683
3019.356	6500
3021.179	6539
3023.002	6369
3024.823	6466
3026.646	6473
3028.469	6427
3030.289	6409
3032.11	6336
3033.93	6241
3035.749	6359
3037.57	6290
3039.39	6354
3041.207	6320
3043.026	6339
3044.842	6233
3046.661	6277
3048.477	6301
3050.294	6282
3052.109	6239
3053.925	6338
3055.739	6230
3057.555	6232
3059.368	6340
3061.181	6226
3062.995	6187
3064.807	6256
3066.62	6235
3068.433	6352
3070.243	6182
3072.054	6360
3073.865	6274
3075.675	6300
3077.485	6018
3079.293	6207
3081.102	6140
3082.911	6184
3084.719	6095
3086.527	6137
3088.333	6095
3090.139	6099
3091.945	6121
3093.75	6078
3095.557	6127
3097.361	6156
3099.165	6132
3100.969	6131
3102.772	6072
3104.575	5983
3106.379	6060
3108.181	6131
3109.982	6037
3111.783	5951
3113.584	6054
3115.386	6021
3117.186	5946
3118.985	6012
3120.783	5954
3122.582	5930
3124.381	5906
3126.179	5943
3127.975	6023
3129.772	5983
3131.569	5980
3133.365	5920
3135.161	5936
3136.956	5875
3138.751	6039
3140.544	5956
3142.338	5825
3144.132	5917
3145.925	5882
3147.717	5877
3149.509	5957
3151.301	6006
3153.091	5935
3154.884	5827
3156.673	5893
3158.462	5836
3160.252	5981
3162.041	5903
3163.831	5895
3165.618	5982
3167.405	5892
3169.193	5813
3170.979	5780
3172.767	5872
3174.553	5826
3176.338	5878
3178.123	5827
3179.907	5891
3181.692	5821
3183.477	5832
3185.259	5816
3187.042	5833
3188.824	5842
3190.607	5844
3192.389	5874
3194.17	5826
3195.951	5812
3197.73	5717
3199.51	5852
3201.289	5857
3203.07	5820
3204.848	5756
3206.626	5926
3208.403	5856
3210.18	5788
3211.959	5690
3213.735	5792
3215.511	5718
3217.285	5774
3219.06	5853
3220.836	5755
3222.611	5794
3224.384	5763
3226.158	5687
3227.929	5853
3229.702	5932
3231.476	5785
3233.248	5795
3235.018	5715
3236.789	5775
3238.56	5739
3240.33	5798
3242.1	5775
3243.869	5808
3245.637	5792
3247.405	5824
3249.172	5854
3250.941	5742
3252.707	5733
3254.474	5798
3256.24	5757
3258.006	5687
3259.772	5680
3261.537	5720
3263.301	5795
3265.065	5743
3266.828	5778
3268.592	5885
3270.355	5695
3272.117	5709
3273.878	5785
3275.64	5714
3277.401	5774
3279.162	5802
3280.922	5690
3282.682	5776
3284.441	5781
3286.199	5783
3287.959	5793
3289.716	5669
3291.475	5808
3293.232	5849
3294.988	5599
3296.744	5767
3298.501	5823
3300.256	5755
3302.011	5822
3303.766	5748
3305.52	5759
3307.275	5701
3309.028	5787
3310.781	5687
3312.533	5788
3314.285	5828
3316.038	5742
3317.789	5797
3319.54	5631
3321.289	5726
3323.039	5779
3324.789	5645
3326.539	5802
3328.288	5690
3330.035	5813
3331.783	5745
3333.531	5790
3335.28	5739
3337.025	5668
3338.771	5684
3340.518	5839
3342.262	5689
3344.009	5701
3345.753	5731
3347.497	5697
3349.24	5726
3350.983	5613
3352.726	5706
3354.469	5656
3356.212	5541
3357.952	5664
3359.694	5750
3361.434	5581
3363.176	5600
3364.916	5632
3366.654	5529
3368.394	5561
3370.132	5652
3371.871	5595
3373.61	5575
3375.346	5478
3377.083	5552
3378.82	5621
3380.556	5621
3382.292	5612
3384.027	5595
3385.763	5531
3387.497	5550
3389.231	5543
3390.965	5514
3392.698	5464
3394.431	5509
3396.164	5566
3397.896	5525
3399.627	5505
3401.36	5419
3403.09	5605
3404.82	5508
3406.55	5460
3408.279	5422
3410.01	5505
3411.738	5443
3413.467	5465
3415.194	5465
3416.92	5382
3418.647	5515
3420.375	5414
3422.102	5546
3423.827	5369
3425.553	5409
3427.277	5445
3429.003	5482
3430.727	5325
3432.451	5306
3434.173	5456
3435.896	5433
3437.62	5351
3439.343	5416
3441.063	5439
3442.785	5434
3444.505	5333
3446.226	5410
3447.948	5416
3449.666	5270
3451.386	5260
3453.104	5368
3454.823	5354
3456.541	5259
3458.259	5316
3459.976	5296
3461.693	5239
3463.408	5417
3465.125	5241
3466.841	5177
3468.556	5248
3470.271	5187
3471.985	5128
3473.698	5121
3475.414	5308
3477.126	5166
3478.838	5156
3480.55	5143
3482.263	5200
3483.975	5094
3485.686	5182
3487.396	5108
3489.106	5078
3490.817	5135
3492.526	5206
3494.236	5182
3495.944	5130
3497.652	5084
3499.359	5211
3501.066	5103
3502.775	5129
3504.481	4995
3506.187	5005
3507.893	5103
3509.598	5057
3511.304	5011
3513.009	5024
3514.713	5027
3516.417	5066
3518.12	5041
3519.821	5023
3521.525	5032
3523.228	5037
3524.929	4963
3526.631	4955
3528.33	5004
3530.032	4986
3531.733	4932
3533.433	4937
3535.131	4958
3536.83	5002
3538.529	5028
3540.227	4936
3541.925	4884
3543.623	4866
3545.319	4918
3547.016	4919
3548.712	4891
3550.408	4835
3552.103	4913
3553.798	4922
3555.491	4943
3557.188	4993
3558.88	4838
3560.574	4771
3562.266	4812
3563.959	4809
3565.651	4803
3567.343	4751
3569.035	4846
3570.725	4854
3572.415	4815
3574.106	4875
3575.797	4799
3577.485	4823
3579.174	4860
3580.863	4839
3582.551	4813
3584.238	4811
3585.926	4783
3587.613	4786
3589.3	4744
3590.986	4792
3592.671	4724
3594.357	4728
3596.042	4734
3597.726	4707
3599.41	4724
3601.094	4605
3602.778	4663
3604.461	4689
3606.143	4633
3607.825	4553
3609.507	4646
3611.188	4593
3612.87	4649
3614.551	4646
3616.229	4568
3617.909	4681
3619.589	4624
3621.269	4640
3622.948	4568
3624.625	4535
3626.302	4593
3627.98	4550
3629.657	4523
3631.334	4591
3633.01	4604
3634.686	4570
3636.361	4509
3638.036	4544
3639.712	4499
3641.385	4506
3643.06	4518
3644.732	4427
3646.405	4518
3648.08	4520
3649.751	4490
3651.424	4498
3653.094	4403
3654.766	4381
3656.436	4459
3658.106	4466
3659.777	4444
3661.446	4546
3663.115	4543
3664.783	4467
3666.452	4493
3668.121	4414
3669.788	4302
3671.454	4460
3673.121	4381
3674.789	4469
3676.455	4399
3678.12	4466
3679.784	4426
3681.45	4397
3683.114	4391
3684.779	4401
3686.442	4353
3688.105	4431
3689.768	4406
3691.43	4342
3693.093	4329
3694.754	4344
3696.415	4347
3698.076	4440
3699.736	4364
3701.396	4285
3703.057	4330
3704.716	4232
3706.375	4324
3708.034	4386
3709.692	4313
3711.351	4251
3713.008	4429
3714.665	4369
3716.321	4368
3717.977	4241
3719.634	4266
3721.29	4218
3722.945	4213
3724.598	4250
3726.253	4295
3727.907	4247
3729.561	4248
3731.214	4224
3732.867	4311
3734.518	4319
3736.171	4280
3737.824	4252
3739.474	4253
3741.125	4136
3742.775	4200
3744.425	4246
3746.074	4107
3747.725	4188
3749.373	4137
3751.022	4224
3752.669	4094
3754.318	4182
3755.966	4207
3757.612	4141
3759.259	4231
3760.905	4255
3762.55	4198
3764.197	4178
3765.842	4129
3767.486	4241
3769.131	4147
3770.774	4222
3772.417	4245
3774.061	4193
3775.705	4188
3777.347	4201
3778.988	4105
3780.629	4191
3782.271	4214
3783.912	4152
3785.552	4175
3787.192	4067
3788.831	4169
3790.472	4060
3792.112	4162
3793.75	4141
3795.388	4137
3797.024	4102
3798.661	4124
3800.3	4057
3801.936	4129
3803.572	4169
3805.208	4053
3806.844	4103
3808.48	4035
3810.115	3968
3811.748	3987
3813.382	4156
3815.016	4060
3816.649	3970
3818.283	4052
3819.914	4011
3821.547	4023
3823.178	4024
3824.809	3978
3826.441	4018
3828.072	4028
3829.701	3999
3831.331	4008
3832.96	3995
3834.591	3933
3836.219	3980
3837.847	4049
3839.475	3956
3841.102	3941
3842.729	3923
3844.357	3891
3845.984	3981
3847.609	4004
3849.234	3961
3850.86	3916
3852.485	3965
3854.11	3980
3855.734	3984
3857.357	3892
3858.981	3949
3860.603	4032
3862.227	3960
3863.848	3971
3865.471	3935
3867.092	3908
3868.713	3881
3870.334	3877
3871.954	3922
3873.575	3883
3875.194	3947
3876.813	3924
3878.433	3812
3880.051	3924
3881.669	3928
3883.286	3924
3884.904	3883
3886.52	3864
3888.138	3921
3889.754	3899
3891.37	3985
3892.985	3820
3894.6	3842
3896.216	3919
3897.831	3820
3899.444	3784
3901.058	3867
3902.67	3886
3904.283	3836
3905.897	3803
3907.509	3825
3909.121	3827
3910.731	3822
3912.342	3862
3913.954	3852
3915.563	3870
3917.174	3891
3918.783	3861
3920.391	3838
3922.002	3853
3923.611	3810
3925.218	3792
3926.826	3770
3928.432	3802
3930.039	3862
3931.647	3870
3933.253	3780
3934.859	3813
3936.464	3771
3938.068	3733
3939.675	3778
3941.278	3819
3942.883	3770
3944.486	3792
3946.089	3812
3947.692	3731
3949.295	3674
3950.898	3766
3952.499	3791
3954.1	3786
3955.7	3739
3957.303	3781
3958.903	3763
3960.502	3759
3962.101	3727
3963.7	3773
3965.301	3720
3966.899	3699
3968.497	3599
3970.094	3633
3971.691	3724
3973.288	3633
3974.885	3774
3976.481	3691
3978.077	3645
3979.672	3707
3981.267	3604
3982.863	3689
3984.457	3724
3986.051	3609
3987.645	3655
3989.238	3599
3990.831	3572
3992.425	3634
3994.017	3676
3995.607	3589
3997.199	3595
3998.79	3590
4000.382	3575
4001.973	3639
4003.561	3599
4005.151	3604
4006.741	3592
4008.331	3574
4009.918	3624
4011.507	3473
4013.095	3577
4014.681	3509
4016.269	3543
4017.856	3598
4019.443	3620
4021.028	3546
4022.614	3545
4024.199	3597
4025.785	3570
4027.37	3566
4028.953	3521
4030.536	3526
4032.12	3511
4033.704	3569
4035.287	3523
4036.869	3465
4038.45	3423
4040.032	3459
4041.613	3488
4043.195	3513
4044.776	3436
4046.356	3491
4047.935	3450
4049.515	3463
4051.095	3486
4052.674	3487
4054.251	3470
4055.829	3477
4057.406	3515
4058.985	3495
4060.562	3462
4062.139	3405
4063.715	3469
4065.29	3435
4066.865	3481
4068.442	3424
4070.016	3431
4071.59	3520
4073.164	3322
4074.738	3415
4076.312	3430
4077.885	3397
4079.458	3411
4081.03	3406
4082.602	3381
4084.173	3344
4085.745	3470
4087.315	3416
4088.886	3394
4090.456	3411
4092.026	3383
4093.596	3316
4095.165	3387
4096.734	3364
4098.301	3409
4099.869	3435
4101.437	3379
4103.006	3355
4104.572	3300
4106.139	3406
4107.704	3333
4109.27	3330
4110.837	3307
4112.401	3343
4113.966	3378
4115.53	3290
4117.094	3362
4118.659	3356
4120.223	3340
4121.785	3276
4123.347	3259
4124.909	3293
4126.471	3332
4128.034	3309
4129.595	3256
4131.155	3326
4132.716	3330
4134.275	3284
4135.836	3330
4137.395	3179
4138.955	3271
4140.513	3302
4142.071	3257
4143.628	3232
4145.188	3292
4146.745	3172
4148.302	3266
4149.858	3196
4151.414	3201
4152.971	3265
4154.526	3281
4156.081	3242
4157.635	3223
4159.189	3222
4160.745	3256
4162.298	3218
4163.852	3221
4165.405	3159
4166.957	3248
4168.51	3214
4170.063	3200
4171.614	3148
4173.166	3240
4174.717	3205
4176.267	3142
4177.817	3276
4179.368	3140
4180.917	3203
4182.466	3196
4184.016	3115
4185.564	3153
4187.112	3131
4188.66	3139
4190.207	3157
4191.754	3070
4193.301	3127
4194.848	3200
4196.394	3155
4197.94	3097
4199.484	3126
4201.03	3084
4202.575	3180
4204.12	3123
4205.663	3108
4207.207	3107
4208.75	3113
4210.292	3105
4211.836	3080
4213.378	3047
4214.92	3090
4216.46	3057
4218.002	3098
4219.544	3044
4221.083	3069
4222.625	3154
4224.164	3012
4225.703	3067
4227.244	3088
4228.782	3082
4230.32	3068
4231.857	3054
4233.395	3019
4234.933	3067
4236.471	3100
4238.007	3111
4239.542	3052
4241.078	3048
4242.614	3017
4244.15	3013
4245.685	3057
4247.219	3071
4248.753	3071
4250.287	3006
4251.82	2986
4253.354	3036
4254.887	3007
4256.419	2935
4257.951	2960
4259.483	2951
4261.016	3032
4262.547	2953
4264.078	2948
4265.608	2991
4267.137	2962
4268.668	2936
4270.197	2900
4271.727	3017
4273.254	2908
4274.783	3032
4276.311	3008
4277.84	2938
4279.366	3025
4280.894	2992
4282.42	2948
4283.946	2998
4285.473	2894
4286.998	2995
4288.523	2973
4290.047	2936
4291.572	2966
4293.096	2974
4294.622	2953
4296.144	2896
4297.668	2866
4299.19	2993
4300.713	2911
4302.236	2995
4303.758	2918
4305.279	2909
4306.799	2879
4308.321	2890
4309.842	2863
4311.361	2842
4312.882	2906
4314.401	2888
