400.0961	2602
402.6185	2681
405.1424	2707
407.6635	2653
410.1838	2683
412.7035	2754
415.2225	2743
417.7388	2742
420.2585	2758
422.7754	2800
425.2917	2829
427.8072	2817
430.3221	2895
432.8363	2872
435.3498	2789
437.8626	2921
440.3727	2883
442.8841	2873
445.3969	2885
447.907	2853
450.4142	2901
452.9229	2876
455.4289	2829
457.9362	2898
460.4449	2888
462.9488	2834
465.454	2768
467.9566	2808
470.4604	2833
472.9637	2758
475.4662	2795
477.966	2825
480.4671	2826
482.9656	2885
485.4633	2859
487.9645	2787
490.4608	2855
492.9566	2900
495.4536	2886
497.948	2845
500.4437	2857
502.9387	2905
505.431	2751
507.9226	2813
510.4136	2896
512.9079	2885
515.3975	2887
517.8864	2859
520.3746	2954
522.8622	2902
525.3491	2903
527.8394	2874
530.3249	2862
532.8098	2950
535.2939	2902
537.7774	2905
540.2623	2885
542.7444	2924
545.2259	2938
547.7067	2917
550.1868	2917
552.6683	2909
555.147	2965
557.6231	2958
560.1005	2936
562.5773	3005
565.0534	2965
567.5308	3008
570.0056	2961
572.4776	3001
574.951	3037
577.4237	3055
579.8978	3017
582.3671	3062
584.8378	3097
587.3079	3087
589.7773	3156
592.244	3076
594.714	3043
597.1793	3074
599.6461	3105
602.1121	3043
604.5754	2982
607.0421	3105
609.5042	3055
611.9675	3001
614.4282	3061
616.8902	3061
619.3515	2986
621.8122	2958
624.2702	3014
626.7296	3021
629.1863	2952
631.6423	2959
634.1017	2988
636.5563	2938
639.0104	3009
641.4658	2985
643.9185	3022
646.3725	3002
648.8239	3017
651.2766	2972
653.7266	2958
656.176	3067
658.6247	3037
661.0748	3074
663.5242	2994
665.9709	3011
668.417	3120
670.8624	3120
673.3092	3143
675.7533	3025
678.1968	3107
680.6395	3035
683.0817	3064
685.5251	3115
687.9659	3073
690.4061	3079
692.8456	3111
695.2844	3045
697.7226	3124
700.1621	3089
702.599	3136
705.0332	3091
707.4688	3151
709.9036	3142
712.3399	3102
714.7735	3239
717.2044	3191
719.6367	3150
722.0683	3130
724.4993	3157
726.9296	3140
729.3593	3188
731.7883	3236
734.2147	3162
736.6423	3200
739.0714	3217
741.4958	3204
743.9216	3302
746.3447	3240
748.7691	3236
751.1929	3247
753.616	3304
756.0366	3255
758.4584	3330
760.8776	3263
763.2982	3307
765.718	3371
768.1373	3350
770.5539	3317
772.9698	3387
775.3871	3305
777.8038	3325
780.2178	3311
782.6332	3246
785.0459	3335
787.458	3243
789.8714	3347
792.2842	3367
794.6943	3391
797.1038	3258
799.5127	3334
801.9209	3286
804.3324	3312
806.7393	3321
809.1456	3273
811.5513	3276
813.9562	3313
816.3625	3373
818.7663	3397
821.1693	3414
823.5718	3370
825.9735	3364
828.3746	3375
830.7771	3308
833.177	3386
835.5762	3314
837.9747	3336
840.3727	3366
842.772	3371
845.1666	3398
847.5626	3382
849.958	3434
852.3527	3410
854.7488	3438
857.1403	3394
859.5331	3386
861.9253	3429
864.3168	3407
866.7057	3420
869.098	3485
871.4876	3407
873.8746	3424
876.263	3366
878.6487	3344
881.0378	3406
883.4243	3491
885.8081	3424
888.1933	3416
890.5759	3405
892.9598	3447
895.343	3416
897.7256	3422
900.1057	3385
902.4871	3438
904.8659	3361
907.246	3436
909.6254	3418
912.0023	3421
914.3786	3499
916.7562	3507
919.1331	3662
921.5074	3626
923.8831	3643
926.2562	3601
928.6287	3723
931.0005	3637
933.3757	3631
935.7462	3662
938.1162	3638
940.4855	3696
942.8542	3798
945.2242	3870
947.5916	3839
949.9584	3978
952.3266	4085
954.6921	4290
957.0571	4463
959.4233	4564
961.787	4771
964.15	4649
966.5125	4604
968.8742	4291
971.2354	4072
973.5959	3981
975.9559	3709
978.3151	3683
980.6738	3692
983.0338	3640
985.3912	3694
987.7461	3564
990.1022	3546
992.4578	3615
994.8127	3581
997.1689	3566
999.5207	3585
1001.874	3597
1004.226	3583
1006.576	3541
1008.929	3700
1011.28	3561
1013.628	3640
1015.977	3568
1018.324	3503
1020.674	3592
1023.019	3597
1025.366	3712
1027.713	3613
1030.056	3565
1032.399	3638
1034.746	3666
1037.087	3582
1039.431	3677
1041.771	3645
1044.113	3661
1046.454	3671
1048.793	3712
1051.133	3719
1053.471	3657
1055.807	3734
1058.146	3672
1060.483	3687
1062.818	3753
1065.153	3732
1067.489	3724
1069.822	3778
1072.156	3761
1074.488	3735
1076.82	3721
1079.15	3781
1081.48	3687
1083.814	3684
1086.143	3733
1088.471	3672
1090.799	3679
1093.126	3691
1095.452	3755
1097.78	3670
1100.105	3561
1102.43	3646
1104.754	3673
1107.077	3628
1109.4	3669
1111.722	3617
1114.044	3775
1116.365	3622
1118.685	3609
1121.005	3630
1123.324	3708
1125.643	3629
1127.961	3763
1130.278	3707
1132.595	3718
1134.911	3562
1137.226	3612
1139.541	3642
1141.854	3765
1144.167	3672
1146.482	3670
1148.793	3659
1151.105	3647
1153.414	3655
1155.725	3668
1158.033	3696
1160.344	3685
1162.651	3777
1164.959	3664
1167.265	3668
1169.572	3660
1171.878	3631
1174.184	3610
1176.488	3731
1178.79	3603
1181.094	3750
1183.396	3698
1185.699	3653
1188.001	3672
1190.301	3715
1192.6	3707
1194.9	3712
1197.2	3680
1199.497	3675
1201.794	3695
1204.09	3751
1206.387	3753
1208.684	3667
1210.978	3693
1213.272	3742
1215.565	3761
1217.858	3672
1220.15	3690
1222.443	3571
1224.734	3709
1227.024	3765
1229.313	3854
1231.602	3775
1233.892	3748
1236.18	3840
1238.467	3783
1240.754	3783
1243.04	3808
1245.325	3858
1247.612	3729
1249.896	3811
1252.178	3843
1254.461	3884
1256.743	3842
1259.027	3854
1261.308	3828
1263.587	3869
1265.867	3813
1268.146	3871
1270.425	3851
1272.703	3808
1274.981	3797
1277.256	3851
1279.532	3806
1281.808	3855
1284.083	3841
1286.358	3672
1288.63	3757
1290.904	3808
1293.175	3811
1295.449	3744
1297.719	3821
1299.99	3720
1302.259	3853
1304.529	3783
1306.798	3753
1309.065	3858
1311.333	3816
1313.599	3785
1315.866	3795
1318.131	3823
1320.396	3792
1322.66	3733
1324.925	3794
1327.187	3832
1329.448	3889
1331.711	3872
1333.974	3821
1336.234	3781
1338.493	3768
1340.752	3740
1343.01	3753
1345.269	3892
1347.526	3890
1349.784	3813
1352.04	3807
1354.295	3785
1356.552	3753
1358.806	3806
1361.059	3749
1363.312	3871
1365.564	3834
1367.818	3745
1370.069	3830
1372.318	3882
1374.568	3839
1376.817	3773
1379.066	3861
1381.316	3810
1383.564	3832
1385.809	3846
1388.056	3868
1390.301	3817
1392.549	3862
1394.793	3923
1397.036	3933
1399.279	3971
1401.522	3902
1403.763	3988
1406.007	3914
1408.248	3881
1410.487	3946
1412.727	3920
1414.965	3897
1417.205	4055
1419.442	3899
1421.68	4026
1423.915	3944
1426.152	3949
1428.388	3950
1430.623	3956
1432.857	3973
1435.091	3918
1437.323	3980
1439.556	4013
1441.789	4039
1444.019	4061
1446.25	4013
1448.48	4048
1450.708	4077
1452.938	4086
1455.167	4014
1457.394	4177
1459.62	4032
1461.846	3953
1464.073	4044
1466.299	3993
1468.523	3963
1470.746	3961
1472.969	3877
1475.191	3938
1477.415	3861
1479.636	3889
1481.858	3957
1484.078	3796
1486.298	3847
1488.518	3764
1490.736	3883
1492.954	3823
1495.169	3795
1497.386	3791
1499.602	3837
1501.819	3829
1504.034	3810
1506.248	3749
1508.462	3773
1510.675	3807
1512.888	3806
1515.1	3769
1517.311	3817
1519.522	3808
1521.732	3761
1523.942	3857
1526.151	3791
1528.36	3858
1530.566	3776
1532.773	3772
1534.98	3784
1537.187	3884
1539.392	3797
1541.596	3801
1543.801	3888
1546.005	3847
1548.208	3811
1550.411	3883
1552.612	3877
1554.814	3794
1557.013	3824
1559.212	3825
1561.414	3822
1563.612	3852
1565.811	3874
1568.007	3923
1570.203	4007
1572.403	3983
1574.598	3815
1576.792	3854
1578.988	3975
1581.181	3877
1583.376	3860
1585.568	3946
1587.761	3887
1589.952	3913
1592.143	3934
1594.333	3895
1596.524	3940
1598.715	3933
1600.903	3928
1603.091	3935
1605.278	3933
1607.466	3967
1609.652	3937
1611.838	3903
1614.023	4021
1616.207	3979
1618.391	3951
1620.576	3962
1622.759	3920
1624.941	3965
1627.123	3927
1629.304	3987
1631.484	3916
1633.664	3987
1635.844	4099
1638.022	4100
1640.201	3961
1642.38	3998
1644.556	4035
1646.732	4098
1648.908	4008
1651.084	4030
1653.257	4049
1655.433	3992
1657.607	4073
1659.779	4130
1661.951	4064
1664.122	4077
1666.295	3984
1668.467	4106
1670.635	4106
1672.805	4071
1674.973	4097
1677.142	4064
1679.31	4155
1681.478	4030
1683.644	4097
1685.81	4024
1687.975	4019
1690.142	4059
1692.305	4038
1694.468	3985
1696.632	4001
1698.794	4000
1700.957	3968
1703.119	3959
1705.279	4011
1707.439	3935
1709.598	3854
1711.758	3936
1713.917	3878
1716.075	3970
1718.231	3942
1720.388	3868
1722.543	3852
1724.702	3937
1726.856	4007
1729.01	4000
1731.164	3945
1733.317	3861
1735.471	3925
1737.623	3945
1739.774	3994
1741.925	3942
1744.075	3958
1746.225	3940
1748.376	3890
1750.524	3866
1752.672	3968
1754.82	3902
1756.965	3981
1759.113	3948
1761.259	3979
1763.405	3971
1765.549	3980
1767.694	3902
1769.836	3984
1771.981	3952
1774.123	4012
1776.264	3938
1778.405	3959
1780.546	3930
1782.687	4053
1784.827	3993
1786.966	3979
1789.103	3968
1791.242	3988
1793.381	3985
1795.517	3945
1797.653	4030
1799.788	3916
1801.923	3964
1804.057	4119
1806.193	3924
1808.326	4044
1810.457	3956
1812.59	3901
1814.721	3913
1816.855	3996
1818.984	4040
1821.113	3926
1823.244	3937
1825.372	3950
1827.499	4007
1829.63	3942
1831.756	4020
1833.882	3962
1836.007	4032
1838.132	3992
1840.26	3927
1842.384	3955
1844.507	3946
1846.63	3977
1848.752	3884
1850.875	3993
1852.996	3939
1855.118	3898
1857.238	4002
1859.358	3995
1861.477	3904
1863.597	3944
1865.715	3957
1867.832	3942
1869.948	3932
1872.064	3912
1874.181	4072
1876.297	4029
1878.411	3971
1880.526	3948
1882.639	3932
1884.752	3958
1886.865	3930
1888.977	3958
1891.089	3905
1893.2	3931
1895.308	4000
1897.42	3966
1899.53	3980
1901.639	3957
1903.745	3970
1905.853	3957
1907.962	4003
1910.067	4028
1912.174	4026
1914.278	3993
1916.383	3973
1918.486	3952
1920.592	4019
1922.694	3953
1924.797	3979
1926.898	4003
1929	3954
1931.102	3955
1933.203	3960
1935.301	4055
1937.401	4060
1939.499	4051
1941.598	4081
1943.697	4077
1945.793	4020
1947.888	3943
1949.985	3966
1952.08	3966
1954.176	4011
1956.269	4002
1958.364	3998
1960.457	3977
1962.549	4013
1964.642	3990
1966.733	4082
1968.823	4043
1970.913	4024
1973.005	3907
1975.093	3903
1977.184	3991
1979.271	3978
1981.359	3958
1983.446	4010
1985.532	3997
1987.619	3954
1989.705	3925
1991.789	3951
1993.874	4042
1995.956	3996
1998.041	3960
2000.123	3986
2002.206	4010
2004.287	3943
2006.368	4058
2008.449	3922
2010.529	3961
2012.609	3999
2014.688	3996
2016.766	3957
2018.843	3920
2020.922	3895
2022.999	3958
2025.074	3998
2027.15	3965
2029.225	3964
2031.299	4013
2033.375	3986
2035.447	3971
2037.52	3923
2039.592	3925
2041.664	3949
2043.736	3885
2045.807	3963
2047.876	4077
2049.947	4001
2052.015	4039
2054.086	3974
2056.153	3921
2058.221	3949
2060.288	4010
2062.353	3946
2064.42	3903
2066.486	3982
2068.55	4109
2070.614	3941
2072.678	3995
2074.741	3997
2076.805	3995
2078.866	3953
2080.929	3965
2082.99	4020
2085.049	3988
2087.109	4060
2089.17	4003
2091.228	3992
2093.286	4045
2095.344	4001
2097.4	3961
2099.46	3978
2101.516	3962
2103.572	4059
2105.626	3969
2107.679	3986
2109.735	3997
2111.788	4017
2113.841	4026
2115.894	4097
2117.945	4066
2119.997	3891
2122.049	3918
2124.1	4005
2126.148	3910
2128.197	4007
2130.246	3989
2132.296	3904
2134.342	3928
2136.39	3923
2138.437	3977
2140.483	3962
2142.527	3981
2144.574	3957
2146.619	3940
2148.661	4017
2150.705	4015
2152.747	3969
2154.792	3960
2156.832	3938
2158.874	3974
2160.915	3982
2162.954	3941
2164.995	3872
2167.034	3976
2169.072	3828
2171.111	3937
2173.148	3888
2175.186	3948
2177.223	3971
2179.258	3989
2181.294	3996
2183.328	3921
2185.362	3965
2187.398	3972
2189.431	3940
2191.463	3962
2193.495	3867
2195.528	3882
2197.56	3942
2199.59	3866
2201.62	3938
2203.649	3893
2205.678	3892
2207.708	3879
2209.737	3921
2211.764	3839
2213.791	3784
2215.817	3872
2217.843	3820
2219.87	3908
2221.895	3858
2223.919	3971
2225.942	3904
2227.966	3919
2229.988	3828
2232.012	3888
2234.032	3843
2236.054	3824
2238.074	3960
2240.095	3902
2242.116	3879
2244.135	3972
2246.153	3885
2248.171	3962
2250.188	3861
2252.208	3930
2254.223	3966
2256.239	3942
2258.255	3920
2260.269	3768
2262.283	3932
2264.3	3899
2266.312	3864
2268.325	3860
2270.336	3875
2272.349	3873
2274.362	4003
2276.372	3871
2278.383	3935
2280.392	3917
2282.402	3984
2284.409	3924
2286.418	3922
2288.427	3825
2290.433	3912
2292.441	3950
2294.446	3878
2296.453	3912
2298.459	3875
2300.463	3859
2302.466	3920
2304.471	3830
2306.475	3846
2308.477	3925
2310.478	3880
2312.481	3869
2314.481	3902
2316.481	3858
2318.482	3821
2320.482	3915
2322.48	3869
2324.48	3945
2326.478	3894
2328.476	3858
2330.473	3940
2332.469	3798
2334.465	3877
2336.46	3833
2338.454	3882
2340.45	3789
2342.444	3838
2344.437	3830
2346.43	3890
2348.421	3768
2350.414	3916
2352.405	3819
2354.396	3810
2356.386	3818
2358.376	3865
2360.366	3802
2362.355	3861
2364.343	3805
2366.331	3785
2368.317	3829
2370.304	3882
2372.292	3806
2374.278	3823
2376.262	3853
2378.247	3850
2380.23	3928
2382.216	3810
2384.199	3891
2386.181	3757
2388.163	3706
2390.144	3809
2392.127	3915
2394.107	3724
2396.087	3799
2398.066	3841
2400.046	3784
2402.023	3823
2404.004	3848
2405.981	3747
2407.957	3805
2409.934	3818
2411.91	3826
2413.886	3690
2415.862	3766
2417.836	3688
2419.809	3780
2421.784	3748
2423.756	3810
2425.73	3785
2427.701	3851
2429.672	3734
2431.644	3733
2433.615	3820
2435.586	3761
2437.555	3806
2439.523	3785
2441.491	3833
2443.459	3814
2445.428	3781
2447.395	3773
2449.361	3730
2451.327	3783
2453.292	3744
2455.257	3742
2457.223	3784
2459.187	3789
2461.15	3744
2463.113	3834
2465.076	3743
2467.039	3761
2468.999	3720
2470.96	3707
2472.921	3730
2474.881	3781
2476.841	3737
2478.8	3767
2480.759	3781
2482.717	3720
2484.675	3767
2486.63	3716
2488.589	3735
2490.545	3781
2492.5	3684
2494.455	3756
2496.408	3704
2498.364	3692
2500.318	3679
2502.27	3715
2504.223	3671
2506.174	3701
2508.126	3716
2510.078	3642
2512.03	3776
2513.979	3708
2515.927	3720
2517.877	3782
2519.826	3670
2521.775	3723
2523.722	3785
2525.668	3653
2527.616	3704
2529.561	3660
2531.508	3686
2533.452	3680
2535.398	3687
2537.342	3725
2539.284	3701
2541.229	3648
2543.173	3682
2545.114	3713
2547.055	3677
2548.996	3715
2550.938	3665
2552.878	3692
2554.817	3728
2556.756	3679
2558.695	3721
2560.633	3765
2562.572	3714
2564.509	3702
2566.445	3693
2568.382	3755
2570.317	3716
2572.254	3784
2574.189	3626
2576.123	3702
2578.057	3659
2579.99	3731
2581.923	3662
2583.855	3692
2585.788	3644
2587.719	3691
2589.65	3757
2591.579	3683
2593.511	3758
2595.44	3711
2597.37	3649
2599.297	3665
2601.225	3693
2603.153	3658
2605.08	3675
2607.007	3700
2608.932	3683
2610.858	3720
2612.782	3742
2614.709	3809
2616.632	3785
2618.556	3720
2620.478	3691
2622.401	3764
2624.324	3723
2626.247	3705
2628.167	3680
2630.088	3723
2632.008	3704
2633.928	3711
2635.848	3699
2637.766	3730
2639.684	3674
2641.603	3692
2643.519	3715
2645.437	3782
2647.353	3810
2649.27	3696
2651.184	3695
2653.099	3784
2655.014	3633
2656.928	3660
2658.842	3746
2660.755	3779
2662.667	3716
2664.579	3681
2666.491	3785
2668.402	3683
2670.312	3738
2672.222	3732
2674.132	3718
2676.042	3748
2677.951	3672
2679.859	3673
2681.766	3609
2683.674	3694
2685.582	3757
2687.488	3691
2689.392	3624
2691.298	3614
2693.202	3776
2695.107	3703
2697.012	3711
2698.914	3617
2700.817	3716
2702.72	3662
2704.622	3664
2706.524	3593
2708.425	3699
2710.326	3643
2712.225	3677
2714.125	3662
2716.024	3669
2717.923	3699
2719.822	3647
2721.719	3642
2723.616	3623
2725.512	3665
2727.41	3637
2729.305	3594
2731.201	3656
2733.095	3676
2734.99	3562
2736.884	3623
2738.778	3687
2740.67	3690
2742.562	3634
2744.455	3644
2746.346	3631
2748.238	3714
2750.129	3590
2752.018	3631
2753.907	3593
2755.797	3628
2757.687	3689
2759.575	3620
2761.462	3677
2763.349	3679
2765.237	3633
2767.124	3710
2769.009	3656
2770.894	3566
2772.779	3641
2774.663	3675
2776.547	3648
2778.431	3709
2780.314	3607
2782.197	3667
2784.078	3555
2785.96	3570
2787.842	3633
2789.723	3620
2791.603	3714
2793.483	3634
2795.362	3668
2797.241	3662
2799.121	3609
2800.997	3614
2802.874	3597
2804.751	3539
2806.628	3570
2808.506	3633
2810.38	3568
2812.255	3621
2814.13	3543
2816.003	3634
2817.878	3649
2819.752	3589
2821.623	3683
2823.496	3618
2825.368	3555
2827.238	3571
2829.111	3767
2830.98	3579
2832.851	3573
2834.719	3579
2836.589	3608
2838.458	3638
2840.327	3714
2842.193	3720
2844.061	3683
2845.927	3661
2847.794	3604
2849.66	3626
2851.525	3596
2853.39	3656
2855.254	3789
2857.117	3671
2858.983	3729
2860.845	3664
2862.707	3711
2864.569	3745
2866.431	3750
2868.293	3792
2870.154	3743
2872.013	3874
2873.873	3870
2875.733	3903
2877.592	3796
2879.451	3910
2881.309	3905
2883.166	3957
2885.022	3999
2886.879	4008
2888.736	4012
2890.591	4091
2892.446	4019
2894.301	4044
2896.155	4035
2898.009	4101
2899.863	4132
2901.716	3926
2903.568	3980
2905.419	3964
2907.27	4052
2909.123	4000
2910.973	3962
2912.824	4093
2914.673	4076
2916.521	4062
2918.372	4164
2920.22	4168
2922.067	4138
2923.914	4222
2925.761	4243
2927.607	4240
2929.455	4300
2931.301	4266
2933.144	4367
2934.99	4464
2936.833	4393
2938.678	4256
2940.522	4405
2942.364	4590
2944.207	4538
2946.048	4560
2947.891	4670
2949.731	4599
2951.571	4588
2953.412	4494
2955.25	4517
2957.09	4542
2958.93	4451
2960.767	4411
2962.606	4508
2964.443	4373
2966.279	4318
2968.116	4333
2969.953	4281
2971.788	4220
2973.623	4200
2975.457	4144
2977.292	4081
2979.127	4123
2980.959	4044
2982.792	4109
2984.624	4026
2986.455	4041
2988.288	4054
2990.119	3998
2991.949	3907
2993.779	3861
2995.608	3908
2997.439	3807
2999.268	3869
3001.096	3805
3002.923	3913
3004.751	3786
3006.578	3713
3008.406	3621
3010.232	3657
3012.057	3632
3013.883	3645
3015.706	3653
3017.532	3506
3019.356	3687
3021.179	3619
3023.002	3602
3024.823	3529
3026.646	3531
3028.469	3447
3030.289	3553
3032.11	3484
3033.93	3488
3035.749	3522
3037.57	3497
3039.39	3497
3041.207	3439
3043.026	3457
3044.842	3476
3046.661	3494
3048.477	3391
3050.294	3421
3052.109	3378
3053.925	3450
3055.739	3405
3057.555	3453
3059.368	3480
3061.181	3439
3062.995	3474
3064.807	3426
3066.62	3450
3068.433	3458
3070.243	3421
3072.054	3436
3073.865	3459
3075.675	3416
3077.485	3439
3079.293	3426
3081.102	3445
3082.911	3421
3084.719	3413
3086.527	3366
3088.333	3352
3090.139	3357
3091.945	3407
3093.75	3364
3095.557	3389
3097.361	3332
3099.165	3376
3100.969	3440
3102.772	3290
3104.575	3319
3106.379	3413
3108.181	3287
3109.982	3343
3111.783	3345
3113.584	3329
3115.386	3367
3117.186	3327
3118.985	3286
3120.783	3318
3122.582	3340
3124.381	3319
3126.179	3339
3127.975	3331
3129.772	3252
3131.569	3314
3133.365	3238
3135.161	3275
3136.956	3340
3138.751	3310
3140.544	3299
3142.338	3260
3144.132	3359
3145.925	3253
3147.717	3351
3149.509	3306
3151.301	3330
3153.091	3222
3154.884	3244
3156.673	3293
3158.462	3203
3160.252	3325
3162.041	3248
3163.831	3307
3165.618	3281
3167.405	3381
3169.193	3201
3170.979	3148
3172.767	3223
3174.553	3285
3176.338	3290
3178.123	3240
3179.907	3257
3181.692	3229
3183.477	3363
3185.259	3210
3187.042	3265
3188.824	3263
3190.607	3301
3192.389	3293
3194.17	3272
3195.951	3290
3197.73	3251
3199.51	3280
3201.289	3285
3203.07	3169
3204.848	3270
3206.626	3299
3208.403	3132
3210.18	3251
3211.959	3295
3213.735	3251
3215.511	3207
3217.285	3210
3219.06	3300
3220.836	3282
3222.611	3193
3224.384	3274
3226.158	3202
3227.929	3223
3229.702	3298
3231.476	3277
3233.248	3165
3235.018	3185
3236.789	3153
3238.56	3300
3240.33	3201
3242.1	3283
3243.869	3216
3245.637	3236
3247.405	3244
3249.172	3297
3250.941	3176
3252.707	3272
3254.474	3239
3256.24	3249
3258.006	3209
3259.772	3258
3261.537	3175
3263.301	3202
3265.065	3273
3266.828	3247
3268.592	3136
3270.355	3222
3272.117	3217
3273.878	3208
3275.64	3298
3277.401	3225
3279.162	3223
3280.922	3294
3282.682	3216
3284.441	3279
3286.199	3237
3287.959	3214
3289.716	3213
3291.475	3302
3293.232	3258
3294.988	3285
3296.744	3256
3298.501	3184
3300.256	3182
3302.011	3282
3303.766	3272
3305.52	3233
3307.275	3263
3309.028	3247
3310.781	3285
3312.533	3288
3314.285	3210
3316.038	3218
3317.789	3246
3319.54	3223
3321.289	3277
3323.039	3246
3324.789	3193
3326.539	3212
3328.288	3188
3330.035	3269
3331.783	3229
3333.531	3265
3335.28	3245
3337.025	3197
3338.771	3277
3340.518	3199
3342.262	3222
3344.009	3210
3345.753	3273
3347.497	3118
3349.24	3203
3350.983	3208
3352.726	3146
3354.469	3190
3356.212	3228
3357.952	3203
3359.694	3148
3361.434	3135
3363.176	3197
3364.916	3178
3366.654	3167
3368.394	3110
3370.132	3242
3371.871	3157
3373.61	3114
3375.346	3169
3377.083	3114
3378.82	3112
3380.556	3201
3382.292	3156
3384.027	3098
3385.763	3154
3387.497	3107
3389.231	3077
3390.965	3114
3392.698	3163
3394.431	3075
3396.164	3124
3397.896	3115
3399.627	3131
3401.36	3059
3403.09	3060
3404.82	3086
3406.55	3154
3408.279	3087
3410.01	3176
3411.738	3071
3413.467	3109
3415.194	3079
3416.92	3082
3418.647	3084
3420.375	3043
3422.102	3069
3423.827	3091
3425.553	3102
3427.277	3106
3429.003	3083
3430.727	3049
3432.451	3032
3434.173	3066
3435.896	3120
3437.62	2984
3439.343	3065
3441.063	3068
3442.785	3069
3444.505	2949
3446.226	2972
3447.948	3070
3449.666	2998
3451.386	3063
3453.104	2955
3454.823	3013
3456.541	3105
3458.259	3008
3459.976	2998
3461.693	2983
3463.408	3056
3465.125	2972
3466.841	2965
3468.556	2983
3470.271	2972
3471.985	3009
3473.698	3022
3475.414	2986
3477.126	2919
3478.838	2967
3480.55	2975
3482.263	3000
3483.975	2968
3485.686	2995
3487.396	2925
3489.106	2960
3490.817	2916
3492.526	2934
3494.236	2924
3495.944	2893
3497.652	2919
3499.359	2862
3501.066	2846
3502.775	2966
3504.481	2872
3506.187	2900
3507.893	2867
3509.598	2816
3511.304	2893
3513.009	2828
3514.713	2864
3516.417	2879
3518.12	2900
3519.821	2802
3521.525	2897
3523.228	2841
3524.929	2825
3526.631	2886
3528.33	2819
3530.032	2862
3531.733	2880
3533.433	2829
3535.131	2838
3536.83	2826
3538.529	2806
3540.227	2785
3541.925	2814
3543.623	2849
3545.319	2884
3547.016	2764
3548.712	2801
3550.408	2794
3552.103	2770
3553.798	2785
3555.491	2837
3557.188	2735
3558.88	2812
3560.574	2790
3562.266	2837
3563.959	2755
3565.651	2733
3567.343	2750
3569.035	2756
3570.725	2725
3572.415	2774
3574.106	2780
3575.797	2732
3577.485	2733
3579.174	2834
3580.863	2750
3582.551	2810
3584.238	2725
3585.926	2728
3587.613	2724
3589.3	2698
3590.986	2793
3592.671	2722
3594.357	2721
3596.042	2688
3597.726	2708
3599.41	2727
3601.094	2716
3602.778	2711
3604.461	2761
3606.143	2793
3607.825	2708
3609.507	2712
3611.188	2697
3612.87	2671
3614.551	2739
3616.229	2648
3617.909	2739
3619.589	2670
3621.269	2641
3622.948	2659
3624.625	2616
3626.302	2638
3627.98	2723
3629.657	2617
3631.334	2634
3633.01	2638
3634.686	2604
3636.361	2586
3638.036	2590
3639.712	2612
3641.385	2614
3643.06	2655
3644.732	2526
3646.405	2596
3648.08	2610
3649.751	2637
3651.424	2587
3653.094	2627
3654.766	2656
3656.436	2596
3658.106	2636
3659.777	2578
3661.446	2676
3663.115	2556
3664.783	2517
3666.452	2620
3668.121	2588
3669.788	2519
3671.454	2583
3673.121	2558
3674.789	2534
3676.455	2525
3678.12	2623
3679.784	2563
3681.45	2554
3683.114	2485
3684.779	2577
3686.442	2472
3688.105	2521
3689.768	2464
3691.43	2553
3693.093	2533
3694.754	2571
3696.415	2482
3698.076	2515
3699.736	2498
3701.396	2500
3703.057	2549
3704.716	2474
3706.375	2579
3708.034	2532
3709.692	2502
3711.351	2526
3713.008	2537
3714.665	2486
3716.321	2569
3717.977	2552
3719.634	2501
3721.29	2536
3722.945	2510
3724.598	2520
3726.253	2488
3727.907	2497
3729.561	2479
3731.214	2517
3732.867	2453
3734.518	2486
3736.171	2452
3737.824	2518
3739.474	2556
3741.125	2467
3742.775	2543
3744.425	2431
3746.074	2470
3747.725	2448
3749.373	2456
3751.022	2488
3752.669	2522
3754.318	2491
3755.966	2448
3757.612	2406
3759.259	2432
3760.905	2472
3762.55	2477
3764.197	2431
3765.842	2434
3767.486	2430
3769.131	2422
3770.774	2412
3772.417	2468
3774.061	2492
3775.705	2480
3777.347	2486
3778.988	2410
3780.629	2449
3782.271	2446
3783.912	2367
3785.552	2413
3787.192	2454
3788.831	2419
3790.472	2418
3792.112	2402
3793.75	2411
3795.388	2423
3797.024	2387
3798.661	2420
3800.3	2449
3801.936	2409
3803.572	2468
3805.208	2421
3806.844	2423
3808.48	2326
3810.115	2395
3811.748	2402
3813.382	2461
3815.016	2383
3816.649	2391
3818.283	2403
3819.914	2386
3821.547	2376
3823.178	2373
3824.809	2348
3826.441	2310
3828.072	2379
3829.701	2404
3831.331	2354
3832.96	2379
3834.591	2355
3836.219	2426
3837.847	2411
3839.475	2349
3841.102	2367
3842.729	2302
3844.357	2317
3845.984	2352
3847.609	2348
3849.234	2327
3850.86	2318
3852.485	2304
3854.11	2320
3855.734	2330
3857.357	2371
3858.981	2284
3860.603	2348
3862.227	2373
3863.848	2303
3865.471	2271
3867.092	2329
3868.713	2339
3870.334	2274
3871.954	2355
3873.575	2283
3875.194	2298
3876.813	2249
3878.433	2356
3880.051	2256
3881.669	2302
3883.286	2315
3884.904	2317
3886.52	2274
3888.138	2309
3889.754	2264
3891.37	2308
3892.985	2236
3894.6	2269
3896.216	2331
3897.831	2317
3899.444	2307
3901.058	2267
3902.67	2263
3904.283	2260
3905.897	2283
3907.509	2297
3909.121	2268
3910.731	2287
3912.342	2266
3913.954	2288
3915.563	2336
3917.174	2261
3918.783	2294
3920.391	2296
3922.002	2323
3923.611	2274
3925.218	2314
3926.826	2258
3928.432	2250
3930.039	2308
3931.647	2229
3933.253	2238
3934.859	2256
3936.464	2219
3938.068	2304
3939.675	2352
3941.278	2276
3942.883	2273
3944.486	2235
3946.089	2283
3947.692	2270
3949.295	2222
3950.898	2257
3952.499	2209
3954.1	2263
3955.7	2246
3957.303	2187
3958.903	2203
3960.502	2179
3962.101	2209
3963.7	2228
3965.301	2216
3966.899	2215
3968.497	2213
3970.094	2185
3971.691	2208
3973.288	2203
3974.885	2198
3976.481	2169
3978.077	2140
3979.672	2158
3981.267	2166
3982.863	2153
3984.457	2172
3986.051	2173
3987.645	2215
3989.238	2184
3990.831	2186
3992.425	2140
3994.017	2165
3995.607	2201
3997.199	2168
3998.79	2197
4000.382	2194
4001.973	2176
4003.561	2161
4005.151	2155
4006.741	2149
4008.331	2183
4009.918	2176
4011.507	2159
4013.095	2151
4014.681	2176
4016.269	2126
4017.856	2168
4019.443	2110
4021.028	2138
4022.614	2120
4024.199	2147
4025.785	2134
4027.37	2119
4028.953	2121
4030.536	2092
4032.12	2084
4033.704	2133
4035.287	2123
4036.869	2125
4038.45	2078
4040.032	2050
4041.613	2106
4043.195	2120
4044.776	2077
4046.356	2096
4047.935	2140
4049.515	2189
4051.095	2046
4052.674	2108
4054.251	2080
4055.829	2108
4057.406	2142
4058.985	2068
4060.562	2128
4062.139	2050
4063.715	2117
4065.29	2090
4066.865	2124
4068.442	2104
4070.016	2064
4071.59	2079
4073.164	2074
4074.738	2116
4076.312	2056
4077.885	2081
4079.458	2048
4081.03	2099
4082.602	2065
4084.173	2102
4085.745	2085
4087.315	2042
4088.886	2037
4090.456	2049
4092.026	2066
4093.596	2063
4095.165	2061
4096.734	2027
4098.301	2011
4099.869	2058
4101.437	2044
4103.006	2039
4104.572	2012
4106.139	2052
4107.704	2016
4109.27	2013
4110.837	2024
4112.401	2045
4113.966	2072
4115.53	2067
4117.094	1985
4118.659	2033
4120.223	2082
4121.785	2024
4123.347	2045
4124.909	2017
4126.471	1954
4128.034	2031
4129.595	1978
4131.155	2040
4132.716	1982
4134.275	2008
4135.836	1996
4137.395	1976
4138.955	1989
4140.513	1994
4142.071	1982
4143.628	1979
4145.188	2044
4146.745	2011
4148.302	2014
4149.858	1959
4151.414	2007
4152.971	2001
4154.526	1972
4156.081	1931
4157.635	2001
4159.189	1959
4160.745	1916
4162.298	2000
4163.852	1932
4165.405	1919
4166.957	1933
4168.51	1947
4170.063	1958
4171.614	1945
4173.166	1899
4174.717	1908
4176.267	1971
4177.817	1935
4179.368	1940
4180.917	1978
4182.466	1948
4184.016	1963
4185.564	1915
4187.112	1929
4188.66	1923
4190.207	1951
4191.754	1959
4193.301	2015
4194.848	1948
4196.394	1938
4197.94	1942
4199.484	1901
4201.03	1902
4202.575	1899
4204.12	1945
4205.663	1924
4207.207	1919
4208.75	1942
4210.292	1915
4211.836	1901
4213.378	1934
4214.92	1896
4216.46	1909
4218.002	1882
4219.544	1879
4221.083	1867
4222.625	1873
4224.164	1940
4225.703	1889
4227.244	1909
4228.782	1893
4230.32	1871
4231.857	1854
4233.395	1923
4234.933	1856
4236.471	1848
4238.007	1843
4239.542	1898
4241.078	1874
4242.614	1852
4244.15	1893
4245.685	1900
4247.219	1846
4248.753	1892
4250.287	1886
4251.82	1902
4253.354	1905
4254.887	1946
4256.419	1837
4257.951	1926
4259.483	1936
4261.016	1819
4262.547	1879
4264.078	1864
4265.608	1868
4267.137	1867
4268.668	1879
4270.197	1907
4271.727	1827
4273.254	1825
4274.783	1862
4276.311	1869
4277.84	1841
4279.366	1883
4280.894	1892
4282.42	1822
4283.946	1893
4285.473	1874
4286.998	1873
4288.523	1861
4290.047	1851
4291.572	1815
4293.096	1813
4294.622	1867
4296.144	1839
4297.668	1849
4299.19	1770
4300.713	1812
4302.236	1819
4303.758	1835
4305.279	1822
4306.799	1794
4308.321	1868
4309.842	1790
4311.361	1825
4312.882	1844
4314.401	1771
