400.0961	2611
402.6185	2575
405.1424	2555
407.6635	2594
410.1838	2556
412.7035	2645
415.2225	2611
417.7388	2656
420.2585	2608
422.7754	2825
425.2917	2837
427.8072	2852
430.3221	2798
432.8363	2839
435.3498	2852
437.8626	2887
440.3727	2831
442.8841	2891
445.3969	2759
447.907	2892
450.4142	2871
452.9229	2775
455.4289	2825
457.9362	2834
460.4449	2689
462.9488	2788
465.454	2789
467.9566	2723
470.4604	2767
472.9637	2782
475.4662	2693
477.966	2684
480.4671	2710
482.9656	2675
485.4633	2741
487.9645	2742
490.4608	2712
492.9566	2789
495.4536	2715
497.948	2689
500.4437	2801
502.9387	2840
505.431	2772
507.9226	2776
510.4136	2762
512.9079	2775
515.3975	2776
517.8864	2779
520.3746	2830
522.8622	2861
525.3491	2740
527.8394	2822
530.3249	2794
532.8098	2771
535.2939	2829
537.7774	2801
540.2623	2787
542.7444	2794
545.2259	2772
547.7067	2831
550.1868	2782
552.6683	2826
555.147	2746
557.6231	2890
560.1005	2873
562.5773	2884
565.0534	2947
567.5308	2898
570.0056	2962
572.4776	2954
574.951	2930
577.4237	3021
579.8978	2940
582.3671	2989
584.8378	3025
587.3079	2982
589.7773	3048
592.244	3002
594.714	2918
597.1793	2926
599.6461	2947
602.1121	2914
604.5754	2975
607.0421	2895
609.5042	2937
611.9675	2945
614.4282	2968
616.8902	2825
619.3515	2928
621.8122	2903
624.2702	2927
626.7296	2856
629.1863	2843
631.6423	2803
634.1017	2804
636.5563	2798
639.0104	2862
641.4658	2808
643.9185	2905
646.3725	2871
648.8239	2909
651.2766	2883
653.7266	2809
656.176	2806
658.6247	2925
661.0748	2887
663.5242	2895
665.9709	2897
668.417	2879
670.8624	2857
673.3092	2925
675.7533	2915
678.1968	2953
680.6395	2901
683.0817	2892
685.5251	2977
687.9659	2992
690.4061	2987
692.8456	2984
695.2844	2888
697.7226	2887
700.1621	3002
702.599	3017
705.0332	2922
707.4688	2921
709.9036	3037
712.3399	2983
714.7735	3031
717.2044	2944
719.6367	3006
722.0683	3014
724.4993	3014
726.9296	3062
729.3593	3049
731.7883	3046
734.2147	3000
736.6423	3040
739.0714	3119
741.4958	3114
743.9216	3072
746.3447	3072
748.7691	3118
751.1929	3082
753.616	3069
756.0366	3074
758.4584	3119
760.8776	3204
763.2982	3156
765.718	3183
768.1373	3109
770.5539	3166
772.9698	3187
775.3871	3112
777.8038	3159
780.2178	3140
782.6332	3135
785.0459	3095
787.458	3101
789.8714	3118
792.2842	3168
794.6943	3168
797.1038	3159
799.5127	3140
801.9209	3146
804.3324	3149
806.7393	3205
809.1456	3139
811.5513	3200
813.9562	3208
816.3625	3193
818.7663	3221
821.1693	3235
823.5718	3183
825.9735	3185
828.3746	3174
830.7771	3223
833.177	3216
835.5762	3254
837.9747	3180
840.3727	3234
842.772	3177
845.1666	3225
847.5626	3239
849.958	3294
852.3527	3306
854.7488	3262
857.1403	3256
859.5331	3357
861.9253	3363
864.3168	3415
866.7057	3239
869.098	3407
871.4876	3289
873.8746	3294
876.263	3272
878.6487	3329
881.0378	3290
883.4243	3293
885.8081	3297
888.1933	3256
890.5759	3212
892.9598	3294
895.343	3287
897.7256	3249
900.1057	3258
902.4871	3252
904.8659	3331
907.246	3295
909.6254	3354
912.0023	3386
914.3786	3371
916.7562	3367
919.1331	3429
921.5074	3553
923.8831	3518
926.2562	3510
928.6287	3542
931.0005	3529
933.3757	3632
935.7462	3564
938.1162	3630
940.4855	3734
942.8542	3742
945.2242	3858
947.5916	3958
949.9584	4150
952.3266	4386
954.6921	4718
957.0571	5047
959.4233	5243
961.787	5416
964.15	5283
966.5125	4961
968.8742	4685
971.2354	4425
973.5959	4115
975.9559	3799
978.3151	3711
980.6738	3602
983.0338	3570
985.3912	3496
987.7461	3452
990.1022	3400
992.4578	3396
994.8127	3396
997.1689	3483
999.5207	3332
1001.874	3612
1004.226	3534
1006.576	3550
1008.929	3464
1011.28	3496
1013.628	3549
1015.977	3429
1018.324	3522
1020.674	3487
1023.019	3424
1025.366	3530
1027.713	3481
1030.056	3485
1032.399	3502
1034.746	3670
1037.087	3495
1039.431	3564
1041.771	3606
1044.113	3564
1046.454	3541
1048.793	3588
1051.133	3559
1053.471	3671
1055.807	3608
1058.146	3644
1060.483	3597
1062.818	3712
1065.153	3721
1067.489	3645
1069.822	3825
1072.156	3736
1074.488	3742
1076.82	3716
1079.15	3682
1081.48	3632
1083.814	3609
1086.143	3647
1088.471	3573
1090.799	3493
1093.126	3539
1095.452	3572
1097.78	3473
1100.105	3525
1102.43	3650
1104.754	3568
1107.077	3486
1109.4	3481
1111.722	3506
1114.044	3455
1116.365	3437
1118.685	3442
1121.005	3562
1123.324	3541
1125.643	3527
1127.961	3470
1130.278	3444
1132.595	3550
1134.911	3462
1137.226	3468
1139.541	3421
1141.854	3523
1144.167	3432
1146.482	3477
1148.793	3476
1151.105	3499
1153.414	3491
1155.725	3510
1158.033	3492
1160.344	3437
1162.651	3552
1164.959	3543
1167.265	3466
1169.572	3513
1171.878	3491
1174.184	3485
1176.488	3541
1178.79	3500
1181.094	3549
1183.396	3536
1185.699	3545
1188.001	3523
1190.301	3497
1192.6	3539
1194.9	3526
1197.2	3416
1199.497	3566
1201.794	3545
1204.09	3490
1206.387	3550
1208.684	3470
1210.978	3412
1213.272	3463
1215.565	3502
1217.858	3546
1220.15	3556
1222.443	3564
1224.734	3540
1227.024	3557
1229.313	3649
1231.602	3536
1233.892	3537
1236.18	3700
1238.467	3617
1240.754	3650
1243.04	3712
1245.325	3694
1247.612	3662
1249.896	3684
1252.178	3711
1254.461	3696
1256.743	3695
1259.027	3712
1261.308	3760
1263.587	3787
1265.867	3661
1268.146	3771
1270.425	3693
1272.703	3779
1274.981	3714
1277.256	3674
1279.532	3815
1281.808	3653
1284.083	3713
1286.358	3741
1288.63	3621
1290.904	3628
1293.175	3679
1295.449	3630
1297.719	3644
1299.99	3685
1302.259	3532
1304.529	3618
1306.798	3607
1309.065	3532
1311.333	3667
1313.599	3645
1315.866	3598
1318.131	3656
1320.396	3604
1322.66	3643
1324.925	3671
1327.187	3601
1329.448	3750
1331.711	3610
1333.974	3640
1336.234	3603
1338.493	3657
1340.752	3584
1343.01	3626
1345.269	3631
1347.526	3623
1349.784	3722
1352.04	3566
1354.295	3602
1356.552	3642
1358.806	3583
1361.059	3609
1363.312	3580
1365.564	3636
1367.818	3642
1370.069	3663
1372.318	3610
1374.568	3662
1376.817	3646
1379.066	3583
1381.316	3562
1383.564	3681
1385.809	3709
1388.056	3646
1390.301	3751
1392.549	3737
1394.793	3820
1397.036	3746
1399.279	3639
1401.522	3811
1403.763	3756
1406.007	3788
1408.248	3722
1410.487	3778
1412.727	3743
1414.965	3603
1417.205	3783
1419.442	3745
1421.68	3742
1423.915	3773
1426.152	3742
1428.388	3749
1430.623	3658
1432.857	3751
1435.091	3785
1437.323	3783
1439.556	3818
1441.789	3838
1444.019	3808
1446.25	3919
1448.48	3852
1450.708	3858
1452.938	3822
1455.167	3914
1457.394	3920
1459.62	3821
1461.846	3928
1464.073	3894
1466.299	3835
1468.523	3808
1470.746	3740
1472.969	3790
1475.191	3802
1477.415	3716
1479.636	3739
1481.858	3673
1484.078	3665
1486.298	3652
1488.518	3629
1490.736	3523
1492.954	3612
1495.169	3669
1497.386	3621
1499.602	3672
1501.819	3549
1504.034	3540
1506.248	3557
1508.462	3644
1510.675	3528
1512.888	3620
1515.1	3584
1517.311	3662
1519.522	3595
1521.732	3559
1523.942	3521
1526.151	3592
1528.36	3586
1530.566	3526
1532.773	3563
1534.98	3560
1537.187	3697
1539.392	3526
1541.596	3604
1543.801	3625
1546.005	3633
1548.208	3581
1550.411	3655
1552.612	3627
1554.814	3677
1557.013	3752
1559.212	3621
1561.414	3733
1563.612	3762
1565.811	3648
1568.007	3739
1570.203	3728
1572.403	3676
1574.598	3701
1576.792	3734
1578.988	3710
1581.181	3742
1583.376	3730
1585.568	3691
1587.761	3760
1589.952	3724
1592.143	3726
1594.333	3683
1596.524	3726
1598.715	3745
1600.903	3728
1603.091	3707
1605.278	3802
1607.466	3793
1609.652	3751
1611.838	3788
1614.023	3745
1616.207	3768
1618.391	3803
1620.576	3758
1622.759	3722
1624.941	3756
1627.123	3765
1629.304	3820
1631.484	3929
1633.664	3823
1635.844	3844
1638.022	3895
1640.201	3925
1642.38	3968
1644.556	3898
1646.732	3892
1648.908	3889
1651.084	3834
1653.257	3854
1655.433	3927
1657.607	3827
1659.779	3953
1661.951	3989
1664.122	3955
1666.295	3971
1668.467	3925
1670.635	3953
1672.805	3909
1674.973	4001
1677.142	3864
1679.31	3884
1681.478	3881
1683.644	3867
1685.81	3841
1687.975	3962
1690.142	3835
1692.305	3873
1694.468	3870
1696.632	3849
1698.794	3814
1700.957	3801
1703.119	3760
1705.279	3749
1707.439	3724
1709.598	3810
1711.758	3732
1713.917	3687
1716.075	3767
1718.231	3776
1720.388	3769
1722.543	3814
1724.702	3742
1726.856	3655
1729.01	3718
1731.164	3740
1733.317	3680
1735.471	3715
1737.623	3749
1739.774	3707
1741.925	3803
1744.075	3737
1746.225	3773
1748.376	3712
1750.524	3695
1752.672	3639
1754.82	3756
1756.965	3716
1759.113	3700
1761.259	3787
1763.405	3717
1765.549	3721
1767.694	3769
1769.836	3689
1771.981	3633
1774.123	3765
1776.264	3752
1778.405	3744
1780.546	3770
1782.687	3694
1784.827	3861
1786.966	3798
1789.103	3689
1791.242	3894
1793.381	3728
1795.517	3707
1797.653	3717
1799.788	3741
1801.923	3687
1804.057	3770
1806.193	3704
1808.326	3740
1810.457	3774
1812.59	3719
1814.721	3804
1816.855	3682
1818.984	3845
1821.113	3760
1823.244	3722
1825.372	3775
1827.499	3742
1829.63	3748
1831.756	3695
1833.882	3740
1836.007	3637
1838.132	3725
1840.26	3694
1842.384	3709
1844.507	3798
1846.63	3725
1848.752	3720
1850.875	3706
1852.996	3732
1855.118	3771
1857.238	3753
1859.358	3746
1861.477	3707
1863.597	3689
1865.715	3725
1867.832	3755
1869.948	3794
1872.064	3738
1874.181	3700
1876.297	3656
1878.411	3731
1880.526	3772
1882.639	3720
1884.752	3744
1886.865	3743
1888.977	3707
1891.089	3746
1893.2	3826
1895.308	3783
1897.42	3772
1899.53	3714
1901.639	3785
1903.745	3757
1905.853	3817
1907.962	3852
1910.067	3710
1912.174	3755
1914.278	3839
1916.383	3886
1918.486	3769
1920.592	3854
1922.694	3802
1924.797	3782
1926.898	3766
1929	3871
1931.102	3736
1933.203	3878
1935.301	3757
1937.401	3864
1939.499	3826
1941.598	3792
1943.697	3865
1945.793	3771
1947.888	3762
1949.985	3800
1952.08	3846
1954.176	3904
1956.269	3804
1958.364	3900
1960.457	3824
1962.549	3776
1964.642	3743
1966.733	3800
1968.823	3832
1970.913	3722
1973.005	3786
1975.093	3806
1977.184	3750
1979.271	3776
1981.359	3706
1983.446	3771
1985.532	3839
1987.619	3813
1989.705	3766
1991.789	3756
1993.874	3724
1995.956	3838
1998.041	3808
2000.123	3776
2002.206	3801
2004.287	3792
2006.368	3698
2008.449	3759
2010.529	3751
2012.609	3722
2014.688	3790
2016.766	3692
2018.843	3753
2020.922	3857
2022.999	3818
2025.074	3793
2027.15	3784
2029.225	3817
2031.299	3721
2033.375	3745
2035.447	3827
2037.52	3725
2039.592	3793
2041.664	3790
2043.736	3816
2045.807	3817
2047.876	3750
2049.947	3754
2052.015	3781
2054.086	3761
2056.153	3783
2058.221	3768
2060.288	3784
2062.353	3771
2064.42	3797
2066.486	3712
2068.55	3818
2070.614	3826
2072.678	3859
2074.741	3772
2076.805	3758
2078.866	3850
2080.929	3722
2082.99	3879
2085.049	3751
2087.109	3890
2089.17	3843
2091.228	3832
2093.286	3761
2095.344	3800
2097.4	3806
2099.46	3777
2101.516	3851
2103.572	3853
2105.626	3821
2107.679	3720
2109.735	3698
2111.788	3811
2113.841	3831
2115.894	3847
2117.945	3760
2119.997	3800
2122.049	3760
2124.1	3813
2126.148	3806
2128.197	3760
2130.246	3765
2132.296	3779
2134.342	3762
2136.39	3730
2138.437	3776
2140.483	3751
2142.527	3824
2144.574	3810
2146.619	3786
2148.661	3760
2150.705	3749
2152.747	3780
2154.792	3788
2156.832	3804
2158.874	3808
2160.915	3776
2162.954	3785
2164.995	3799
2167.034	3696
2169.072	3681
2171.111	3821
2173.148	3729
2175.186	3769
2177.223	3711
2179.258	3758
2181.294	3785
2183.328	3745
2185.362	3766
2187.398	3713
2189.431	3721
2191.463	3711
2193.495	3814
2195.528	3752
2197.56	3765
2199.59	3774
2201.62	3667
2203.649	3743
2205.678	3774
2207.708	3677
2209.737	3778
2211.764	3655
2213.791	3707
2215.817	3652
2217.843	3828
2219.87	3702
2221.895	3723
2223.919	3702
2225.942	3727
2227.966	3694
2229.988	3701
2232.012	3664
2234.032	3798
2236.054	3695
2238.074	3723
2240.095	3670
2242.116	3760
2244.135	3695
2246.153	3704
2248.171	3756
2250.188	3693
2252.208	3677
2254.223	3718
2256.239	3740
2258.255	3651
2260.269	3695
2262.283	3722
2264.3	3695
2266.312	3655
2268.325	3743
2270.336	3632
2272.349	3764
2274.362	3690
2276.372	3723
2278.383	3756
2280.392	3733
2282.402	3700
2284.409	3706
2286.418	3622
2288.427	3649
2290.433	3664
2292.441	3699
2294.446	3647
2296.453	3691
2298.459	3687
2300.463	3668
2302.466	3721
2304.471	3735
2306.475	3778
2308.477	3679
2310.478	3651
2312.481	3654
2314.481	3698
2316.481	3753
2318.482	3602
2320.482	3629
2322.48	3746
2324.48	3664
2326.478	3625
2328.476	3747
2330.473	3694
2332.469	3733
2334.465	3667
2336.46	3797
2338.454	3687
2340.45	3641
2342.444	3744
2344.437	3669
2346.43	3640
2348.421	3727
2350.414	3633
2352.405	3650
2354.396	3684
2356.386	3605
2358.376	3601
2360.366	3639
2362.355	3751
2364.343	3715
2366.331	3658
2368.317	3664
2370.304	3548
2372.292	3627
2374.278	3617
2376.262	3646
2378.247	3625
2380.23	3657
2382.216	3549
2384.199	3565
2386.181	3666
2388.163	3671
2390.144	3605
2392.127	3596
2394.107	3575
2396.087	3610
2398.066	3562
2400.046	3607
2402.023	3623
2404.004	3648
2405.981	3617
2407.957	3671
2409.934	3620
2411.91	3603
2413.886	3648
2415.862	3630
2417.836	3536
2419.809	3560
2421.784	3606
2423.756	3652
2425.73	3623
2427.701	3637
2429.672	3623
2431.644	3577
2433.615	3654
2435.586	3625
2437.555	3634
2439.523	3644
2441.491	3568
2443.459	3552
2445.428	3587
2447.395	3596
2449.361	3621
2451.327	3665
2453.292	3625
2455.257	3632
2457.223	3591
2459.187	3598
2461.15	3660
2463.113	3534
2465.076	3557
2467.039	3651
2468.999	3637
2470.96	3610
2472.921	3584
2474.881	3582
2476.841	3647
2478.8	3561
2480.759	3573
2482.717	3554
2484.675	3585
2486.63	3585
2488.589	3614
2490.545	3525
2492.5	3580
2494.455	3553
2496.408	3569
2498.364	3494
2500.318	3618
2502.27	3560
2504.223	3542
2506.174	3607
2508.126	3504
2510.078	3477
2512.03	3477
2513.979	3615
2515.927	3484
2517.877	3683
2519.826	3508
2521.775	3480
2523.722	3621
2525.668	3610
2527.616	3530
2529.561	3568
2531.508	3484
2533.452	3598
2535.398	3493
2537.342	3623
2539.284	3551
2541.229	3562
2543.173	3642
2545.114	3548
2547.055	3571
2548.996	3485
2550.938	3554
2552.878	3575
2554.817	3527
2556.756	3588
2558.695	3536
2560.633	3564
2562.572	3542
2564.509	3580
2566.445	3563
2568.382	3563
2570.317	3626
2572.254	3478
2574.189	3512
2576.123	3523
2578.057	3461
2579.99	3600
2581.923	3530
2583.855	3590
2585.788	3576
2587.719	3579
2589.65	3520
2591.579	3491
2593.511	3574
2595.44	3601
2597.37	3580
2599.297	3627
2601.225	3607
2603.153	3591
2605.08	3559
2607.007	3543
2608.932	3624
2610.858	3559
2612.782	3552
2614.709	3614
2616.632	3609
2618.556	3524
2620.478	3570
2622.401	3508
2624.324	3568
2626.247	3595
2628.167	3506
2630.088	3554
2632.008	3600
2633.928	3562
2635.848	3505
2637.766	3577
2639.684	3589
2641.603	3638
2643.519	3602
2645.437	3608
2647.353	3579
2649.27	3611
2651.184	3600
2653.099	3569
2655.014	3589
2656.928	3583
2658.842	3616
2660.755	3585
2662.667	3539
2664.579	3450
2666.491	3558
2668.402	3465
2670.312	3590
2672.222	3577
2674.132	3549
2676.042	3534
2677.951	3613
2679.859	3554
2681.766	3459
2683.674	3579
2685.582	3551
2687.488	3467
2689.392	3599
2691.298	3526
2693.202	3574
2695.107	3573
2697.012	3554
2698.914	3485
2700.817	3630
2702.72	3528
2704.622	3580
2706.524	3496
2708.425	3519
2710.326	3509
2712.225	3615
2714.125	3474
2716.024	3542
2717.923	3469
2719.822	3586
2721.719	3474
2723.616	3511
2725.512	3558
2727.41	3560
2729.305	3501
2731.201	3530
2733.095	3637
2734.99	3531
2736.884	3567
2738.778	3504
2740.67	3514
2742.562	3520
2744.455	3516
2746.346	3544
2748.238	3556
2750.129	3497
2752.018	3562
2753.907	3505
2755.797	3375
2757.687	3495
2759.575	3410
2761.462	3477
2763.349	3493
2765.237	3446
2767.124	3480
2769.009	3519
2770.894	3464
2772.779	3568
2774.663	3547
2776.547	3509
2778.431	3534
2780.314	3464
2782.197	3519
2784.078	3444
2785.96	3440
2787.842	3453
2789.723	3498
2791.603	3486
2793.483	3461
2795.362	3456
2797.241	3506
2799.121	3533
2800.997	3516
2802.874	3483
2804.751	3447
2806.628	3464
2808.506	3489
2810.38	3487
2812.255	3509
2814.13	3420
2816.003	3421
2817.878	3453
2819.752	3469
2821.623	3507
2823.496	3486
2825.368	3467
2827.238	3466
2829.111	3469
2830.98	3433
2832.851	3467
2834.719	3511
2836.589	3484
2838.458	3486
2840.327	3430
2842.193	3550
2844.061	3521
2845.927	3505
2847.794	3497
2849.66	3538
2851.525	3509
2853.39	3602
2855.254	3613
2857.117	3520
2858.983	3617
2860.845	3696
2862.707	3653
2864.569	3655
2866.431	3716
2868.293	3722
2870.154	3712
2872.013	3810
2873.873	3764
2875.733	3764
2877.592	3917
2879.451	3955
2881.309	4010
2883.166	4018
2885.022	4014
2886.879	4001
2888.736	3943
2890.591	4135
2892.446	4059
2894.301	4066
2896.155	3985
2898.009	4052
2899.863	3936
2901.716	3989
2903.568	3970
2905.419	3976
2907.27	4067
2909.123	4138
2910.973	4079
2912.824	4154
2914.673	4112
2916.521	4172
2918.372	4248
2920.22	4241
2922.067	4328
2923.914	4320
2925.761	4398
2927.607	4516
2929.455	4534
2931.301	4554
2933.144	4726
2934.99	4748
2936.833	4721
2938.678	4667
2940.522	4748
2942.364	4839
2944.207	4882
2946.048	4936
2947.891	4957
2949.731	4966
2951.571	4900
2953.412	4907
2955.25	4828
2957.09	4830
2958.93	4662
2960.767	4685
2962.606	4554
2964.443	4555
2966.279	4516
2968.116	4439
2969.953	4415
2971.788	4366
2973.623	4390
2975.457	4346
2977.292	4297
2979.127	4273
2980.959	4220
2982.792	4240
2984.624	4190
2986.455	4150
2988.288	4191
2990.119	4172
2991.949	4089
2993.779	4067
2995.608	4078
2997.439	3948
2999.268	3986
3001.096	4018
3002.923	3828
3004.751	3804
3006.578	3759
3008.406	3759
3010.232	3739
3012.057	3659
3013.883	3670
3015.706	3721
3017.532	3592
3019.356	3484
3021.179	3548
3023.002	3469
3024.823	3545
3026.646	3506
3028.469	3477
3030.289	3450
3032.11	3414
3033.93	3407
3035.749	3464
3037.57	3429
3039.39	3446
3041.207	3491
3043.026	3435
3044.842	3376
3046.661	3403
3048.477	3428
3050.294	3475
3052.109	3427
3053.925	3456
3055.739	3331
3057.555	3347
3059.368	3424
3061.181	3447
3062.995	3475
3064.807	3437
3066.62	3406
3068.433	3453
3070.243	3370
3072.054	3389
3073.865	3312
3075.675	3400
3077.485	3397
3079.293	3364
3081.102	3469
3082.911	3330
3084.719	3296
3086.527	3402
3088.333	3365
3090.139	3381
3091.945	3269
3093.75	3338
3095.557	3317
3097.361	3330
3099.165	3297
3100.969	3316
3102.772	3316
3104.575	3303
3106.379	3318
3108.181	3240
3109.982	3335
3111.783	3302
3113.584	3299
3115.386	3307
3117.186	3325
3118.985	3297
3120.783	3255
3122.582	3286
3124.381	3324
3126.179	3230
3127.975	3254
3129.772	3245
3131.569	3271
3133.365	3241
3135.161	3311
3136.956	3329
3138.751	3238
3140.544	3282
3142.338	3205
3144.132	3276
3145.925	3170
3147.717	3268
3149.509	3190
3151.301	3237
3153.091	3239
3154.884	3245
3156.673	3244
3158.462	3235
3160.252	3144
3162.041	3247
3163.831	3255
3165.618	3260
3167.405	3283
3169.193	3268
3170.979	3219
3172.767	3269
3174.553	3232
3176.338	3257
3178.123	3266
3179.907	3272
3181.692	3269
3183.477	3226
3185.259	3307
3187.042	3263
3188.824	3199
3190.607	3222
3192.389	3239
3194.17	3245
3195.951	3210
3197.73	3239
3199.51	3222
3201.289	3272
3203.07	3273
3204.848	3264
3206.626	3242
3208.403	3190
3210.18	3149
3211.959	3243
3213.735	3295
3215.511	3364
3217.285	3301
3219.06	3219
3220.836	3161
3222.611	3246
3224.384	3245
3226.158	3283
3227.929	3287
3229.702	3267
3231.476	3225
3233.248	3229
3235.018	3222
3236.789	3282
3238.56	3166
3240.33	3265
3242.1	3212
3243.869	3275
3245.637	3216
3247.405	3272
3249.172	3293
3250.941	3227
3252.707	3262
3254.474	3244
3256.24	3256
3258.006	3237
3259.772	3271
3261.537	3286
3263.301	3364
3265.065	3253
3266.828	3217
3268.592	3191
3270.355	3356
3272.117	3298
3273.878	3309
3275.64	3309
3277.401	3247
3279.162	3309
3280.922	3206
3282.682	3306
3284.441	3249
3286.199	3265
3287.959	3327
3289.716	3279
3291.475	3280
3293.232	3349
3294.988	3332
3296.744	3271
3298.501	3286
3300.256	3238
3302.011	3361
3303.766	3283
3305.52	3335
3307.275	3310
3309.028	3278
3310.781	3322
3312.533	3295
3314.285	3332
3316.038	3350
3317.789	3355
3319.54	3354
3321.289	3310
3323.039	3359
3324.789	3348
3326.539	3294
3328.288	3283
3330.035	3354
3331.783	3256
3333.531	3266
3335.28	3341
3337.025	3344
3338.771	3270
3340.518	3268
3342.262	3305
3344.009	3282
3345.753	3251
3347.497	3266
3349.24	3225
3350.983	3318
3352.726	3280
3354.469	3220
3356.212	3302
3357.952	3192
3359.694	3244
3361.434	3190
3363.176	3256
3364.916	3329
3366.654	3167
3368.394	3216
3370.132	3206
3371.871	3173
3373.61	3236
3375.346	3139
3377.083	3195
3378.82	3233
3380.556	3224
3382.292	3237
3384.027	3233
3385.763	3254
3387.497	3194
3389.231	3233
3390.965	3188
3392.698	3252
3394.431	3263
3396.164	3165
3397.896	3161
3399.627	3206
3401.36	3175
3403.09	3136
3404.82	3209
3406.55	3117
3408.279	3125
3410.01	3092
3411.738	3157
3413.467	3108
3415.194	3147
3416.92	3178
3418.647	3188
3420.375	3038
3422.102	3061
3423.827	3101
3425.553	3140
3427.277	3099
3429.003	3112
3430.727	3106
3432.451	3104
3434.173	3183
3435.896	3133
3437.62	3030
3439.343	3076
3441.063	3148
3442.785	3163
3444.505	3096
3446.226	3080
3447.948	3054
3449.666	2996
3451.386	3149
3453.104	3110
3454.823	3018
3456.541	3086
3458.259	3034
3459.976	3013
3461.693	3009
3463.408	3088
3465.125	3003
3466.841	3062
3468.556	3015
3470.271	3028
3471.985	3032
3473.698	3009
3475.414	3055
3477.126	3029
3478.838	2989
3480.55	2937
3482.263	3018
3483.975	3028
3485.686	2990
3487.396	2969
3489.106	3050
3490.817	3028
3492.526	3005
3494.236	2928
3495.944	2932
3497.652	2834
3499.359	2942
3501.066	2883
3502.775	2962
3504.481	2892
3506.187	2919
3507.893	2949
3509.598	2889
3511.304	2933
3513.009	2928
3514.713	2887
3516.417	2922
3518.12	2874
3519.821	2890
3521.525	2863
3523.228	2874
3524.929	2873
3526.631	2862
3528.33	2989
3530.032	2821
3531.733	2873
3533.433	2908
3535.131	2813
3536.83	2844
3538.529	2901
3540.227	2824
3541.925	2835
3543.623	2843
3545.319	2844
3547.016	2888
3548.712	2828
3550.408	2776
3552.103	2822
3553.798	2787
3555.491	2801
3557.188	2851
3558.88	2830
3560.574	2799
3562.266	2734
3563.959	2770
3565.651	2856
3567.343	2746
3569.035	2765
3570.725	2801
3572.415	2731
3574.106	2772
3575.797	2722
3577.485	2845
3579.174	2726
3580.863	2826
3582.551	2768
3584.238	2769
3585.926	2747
3587.613	2744
3589.3	2738
3590.986	2735
3592.671	2742
3594.357	2742
3596.042	2739
3597.726	2696
3599.41	2692
3601.094	2645
3602.778	2736
3604.461	2677
3606.143	2715
3607.825	2693
3609.507	2574
3611.188	2682
3612.87	2652
3614.551	2688
3616.229	2659
3617.909	2690
3619.589	2605
3621.269	2653
3622.948	2625
3624.625	2667
3626.302	2664
3627.98	2639
3629.657	2590
3631.334	2618
3633.01	2592
3634.686	2571
3636.361	2601
3638.036	2584
3639.712	2603
3641.385	2532
3643.06	2603
3644.732	2574
3646.405	2622
3648.08	2558
3649.751	2568
3651.424	2501
3653.094	2550
3654.766	2597
3656.436	2579
3658.106	2510
3659.777	2590
3661.446	2548
3663.115	2545
3664.783	2540
3666.452	2501
3668.121	2556
3669.788	2532
3671.454	2512
3673.121	2478
3674.789	2436
3676.455	2493
3678.12	2466
3679.784	2462
3681.45	2507
3683.114	2473
3684.779	2527
3686.442	2475
3688.105	2450
3689.768	2476
3691.43	2499
3693.093	2526
3694.754	2530
3696.415	2504
3698.076	2489
3699.736	2483
3701.396	2412
3703.057	2488
3704.716	2484
3706.375	2508
3708.034	2460
3709.692	2461
3711.351	2500
3713.008	2463
3714.665	2455
3716.321	2494
3717.977	2456
3719.634	2456
3721.29	2504
3722.945	2488
3724.598	2452
3726.253	2483
3727.907	2494
3729.561	2409
3731.214	2442
3732.867	2430
3734.518	2399
3736.171	2407
3737.824	2434
3739.474	2458
3741.125	2451
3742.775	2410
3744.425	2433
3746.074	2471
3747.725	2414
3749.373	2440
3751.022	2414
3752.669	2391
3754.318	2427
3755.966	2416
3757.612	2430
3759.259	2357
3760.905	2322
3762.55	2428
3764.197	2463
3765.842	2416
3767.486	2372
3769.131	2405
3770.774	2395
3772.417	2363
3774.061	2412
3775.705	2384
3777.347	2392
3778.988	2393
3780.629	2389
3782.271	2393
3783.912	2355
3785.552	2392
3787.192	2348
3788.831	2361
3790.472	2329
3792.112	2375
3793.75	2322
3795.388	2321
3797.024	2350
3798.661	2309
3800.3	2384
3801.936	2306
3803.572	2332
3805.208	2332
3806.844	2326
3808.48	2373
3810.115	2313
3811.748	2359
3813.382	2360
3815.016	2359
3816.649	2313
3818.283	2333
3819.914	2325
3821.547	2340
3823.178	2345
3824.809	2308
3826.441	2299
3828.072	2265
3829.701	2326
3831.331	2291
3832.96	2367
3834.591	2339
3836.219	2333
3837.847	2284
3839.475	2362
3841.102	2358
3842.729	2276
3844.357	2329
3845.984	2313
3847.609	2311
3849.234	2296
3850.86	2277
3852.485	2275
3854.11	2305
3855.734	2289
3857.357	2330
3858.981	2229
3860.603	2325
3862.227	2289
3863.848	2276
3865.471	2293
3867.092	2225
3868.713	2310
3870.334	2238
3871.954	2259
3873.575	2235
3875.194	2310
3876.813	2231
3878.433	2281
3880.051	2300
3881.669	2200
3883.286	2244
3884.904	2285
3886.52	2276
3888.138	2227
3889.754	2253
3891.37	2247
3892.985	2227
3894.6	2235
3896.216	2247
3897.831	2212
3899.444	2241
3901.058	2256
3902.67	2255
3904.283	2221
3905.897	2286
3907.509	2213
3909.121	2203
3910.731	2217
3912.342	2285
3913.954	2272
3915.563	2267
3917.174	2273
3918.783	2258
3920.391	2241
3922.002	2308
3923.611	2242
3925.218	2172
3926.826	2191
3928.432	2216
3930.039	2248
3931.647	2243
3933.253	2204
3934.859	2212
3936.464	2238
3938.068	2213
3939.675	2272
3941.278	2184
3942.883	2246
3944.486	2204
3946.089	2235
3947.692	2180
3949.295	2200
3950.898	2270
3952.499	2248
3954.1	2266
3955.7	2160
3957.303	2147
3958.903	2168
3960.502	2245
3962.101	2222
3963.7	2168
3965.301	2184
3966.899	2139
3968.497	2150
3970.094	2210
3971.691	2161
3973.288	2172
3974.885	2144
3976.481	2163
3978.077	2182
3979.672	2146
3981.267	2239
3982.863	2196
3984.457	2134
3986.051	2181
3987.645	2182
3989.238	2114
3990.831	2178
3992.425	2198
3994.017	2209
3995.607	2142
3997.199	2134
3998.79	2132
4000.382	2118
4001.973	2151
4003.561	2181
4005.151	2084
4006.741	2154
4008.331	2127
4009.918	2125
4011.507	2135
4013.095	2126
4014.681	2180
4016.269	2113
4017.856	2166
4019.443	2060
4021.028	2087
4022.614	2113
4024.199	2102
4025.785	2081
4027.37	2087
4028.953	2098
4030.536	2086
4032.12	2073
4033.704	2055
4035.287	2068
4036.869	2048
4038.45	2136
4040.032	2056
4041.613	2073
4043.195	2086
4044.776	2076
4046.356	2041
4047.935	2082
4049.515	2079
4051.095	2048
4052.674	2072
4054.251	2038
4055.829	2046
4057.406	2024
4058.985	2071
4060.562	2073
4062.139	2073
4063.715	2034
4065.29	2073
4066.865	2020
4068.442	1997
4070.016	2039
4071.59	2060
4073.164	2035
4074.738	2043
4076.312	2081
4077.885	2047
4079.458	2045
4081.03	1983
4082.602	1994
4084.173	2051
4085.745	2002
4087.315	2074
4088.886	2018
4090.456	2074
4092.026	1988
4093.596	2014
4095.165	2007
4096.734	2003
4098.301	2096
4099.869	2045
4101.437	2059
4103.006	2059
4104.572	2063
4106.139	2017
4107.704	2056
4109.27	2018
4110.837	1961
4112.401	2054
4113.966	1991
4115.53	2021
4117.094	1959
4118.659	1988
4120.223	2003
4121.785	1946
4123.347	1986
4124.909	2046
4126.471	1957
4128.034	1943
4129.595	2002
4131.155	2017
4132.716	2025
4134.275	1997
4135.836	2031
4137.395	2001
4138.955	1945
4140.513	1965
4142.071	1908
4143.628	1977
4145.188	1930
4146.745	1935
4148.302	1890
4149.858	1920
4151.414	1946
4152.971	1976
4154.526	1938
4156.081	1919
4157.635	1934
4159.189	1948
4160.745	1922
4162.298	1970
4163.852	1922
4165.405	1933
4166.957	1968
4168.51	1951
4170.063	1883
4171.614	1930
4173.166	2006
4174.717	1916
4176.267	1882
4177.817	1915
4179.368	1956
4180.917	1919
4182.466	1959
4184.016	1922
4185.564	1846
4187.112	1943
4188.66	1941
4190.207	1869
4191.754	1932
4193.301	1901
4194.848	1858
4196.394	1869
4197.94	1868
4199.484	1912
4201.03	1953
4202.575	1920
4204.12	1949
4205.663	1873
4207.207	1863
4208.75	1876
4210.292	1867
4211.836	1861
4213.378	1875
4214.92	1880
4216.46	1897
4218.002	1883
4219.544	1907
4221.083	1927
4222.625	1831
4224.164	1856
4225.703	1850
4227.244	1862
4228.782	1855
4230.32	1903
4231.857	1848
4233.395	1866
4234.933	1827
4236.471	1863
4238.007	1897
4239.542	1851
4241.078	1833
4242.614	1865
4244.15	1823
4245.685	1844
4247.219	1881
4248.753	1813
4250.287	1871
4251.82	1873
4253.354	1837
4254.887	1854
4256.419	1833
4257.951	1851
4259.483	1877
4261.016	1884
4262.547	1843
4264.078	1850
4265.608	1801
4267.137	1834
4268.668	1851
4270.197	1817
4271.727	1874
4273.254	1828
4274.783	1763
4276.311	1839
4277.84	1822
4279.366	1816
4280.894	1827
4282.42	1899
4283.946	1822
4285.473	1882
4286.998	1843
4288.523	1796
4290.047	1845
4291.572	1814
4293.096	1834
4294.622	1797
4296.144	1815
4297.668	1784
4299.19	1802
4300.713	1794
4302.236	1805
4303.758	1776
4305.279	1821
4306.799	1794
4308.321	1827
4309.842	1797
4311.361	1773
4312.882	1776
4314.401	1801
