400.0961	2430
402.6185	2469
405.1424	2443
407.6635	2474
410.1838	2459
412.7035	2464
415.2225	2437
417.7388	2465
420.2585	2540
422.7754	2522
425.2917	2620
427.8072	2531
430.3221	2562
432.8363	2631
435.3498	2609
437.8626	2497
440.3727	2584
442.8841	2626
445.3969	2616
447.907	2598
450.4142	2672
452.9229	2621
455.4289	2588
457.9362	2555
460.4449	2548
462.9488	2520
465.454	2546
467.9566	2548
470.4604	2539
472.9637	2541
475.4662	2594
477.966	2499
480.4671	2561
482.9656	2564
485.4633	2594
487.9645	2617
490.4608	2589
492.9566	2582
495.4536	2586
497.948	2565
500.4437	2653
502.9387	2638
505.431	2650
507.9226	2573
510.4136	2629
512.9079	2576
515.3975	2626
517.8864	2640
520.3746	2609
522.8622	2660
525.3491	2661
527.8394	2686
530.3249	2630
532.8098	2561
535.2939	2638
537.7774	2637
540.2623	2632
542.7444	2641
545.2259	2622
547.7067	2611
550.1868	2686
552.6683	2704
555.147	2698
557.6231	2752
560.1005	2722
562.5773	2687
565.0534	2709
567.5308	2774
570.0056	2685
572.4776	2747
574.951	2752
577.4237	2736
579.8978	2783
582.3671	2770
584.8378	2778
587.3079	2723
589.7773	2766
592.244	2835
594.714	2782
597.1793	2827
599.6461	2732
602.1121	2758
604.5754	2754
607.0421	2691
609.5042	2684
611.9675	2783
614.4282	2759
616.8902	2687
619.3515	2755
621.8122	2713
624.2702	2737
626.7296	2710
629.1863	2664
631.6423	2718
634.1017	2689
636.5563	2745
639.0104	2741
641.4658	2667
643.9185	2648
646.3725	2768
648.8239	2761
651.2766	2798
653.7266	2702
656.176	2774
658.6247	2704
661.0748	2757
663.5242	2742
665.9709	2794
668.417	2773
670.8624	2782
673.3092	2768
675.7533	2774
678.1968	2743
680.6395	2832
683.0817	2790
685.5251	2838
687.9659	2716
690.4061	2888
692.8456	2841
695.2844	2820
697.7226	2790
700.1621	2847
702.599	2826
705.0332	2860
707.4688	2816
709.9036	2831
712.3399	2926
714.7735	2821
717.2044	2915
719.6367	2867
722.0683	2844
724.4993	2846
726.9296	2860
729.3593	2883
731.7883	2916
734.2147	2876
736.6423	2900
739.0714	2979
741.4958	2931
743.9216	2938
746.3447	2864
748.7691	2901
751.1929	2948
753.616	2951
756.0366	3015
758.4584	2969
760.8776	2928
763.2982	3030
765.718	2924
768.1373	2940
770.5539	2988
772.9698	2979
775.3871	3024
777.8038	2985
780.2178	2969
782.6332	2960
785.0459	2951
787.458	2971
789.8714	2931
792.2842	2929
794.6943	3022
797.1038	2918
799.5127	2979
801.9209	2992
804.3324	3041
806.7393	2989
809.1456	3059
811.5513	3016
813.9562	3042
816.3625	3050
818.7663	3026
821.1693	3013
823.5718	3003
825.9735	3044
828.3746	2986
830.7771	3040
833.177	2983
835.5762	3008
837.9747	3109
840.3727	3019
842.772	3045
845.1666	3128
847.5626	3095
849.958	3161
852.3527	3132
854.7488	3111
857.1403	3064
859.5331	3058
861.9253	3129
864.3168	3102
866.7057	3127
869.098	3110
871.4876	3052
873.8746	3061
876.263	3146
878.6487	3091
881.0378	3075
883.4243	3132
885.8081	3135
888.1933	3110
890.5759	3051
892.9598	3040
895.343	3111
897.7256	3088
900.1057	3048
902.4871	3148
904.8659	3117
907.246	3195
909.6254	3148
912.0023	3170
914.3786	3162
916.7562	3198
919.1331	3233
921.5074	3223
923.8831	3277
926.2562	3347
928.6287	3287
931.0005	3249
933.3757	3384
935.7462	3329
938.1162	3269
940.4855	3333
942.8542	3367
945.2242	3472
947.5916	3531
949.9584	3558
952.3266	3628
954.6921	3727
957.0571	3939
959.4233	4184
961.787	4179
964.15	4170
966.5125	4033
968.8742	3878
971.2354	3660
973.5959	3591
975.9559	3436
978.3151	3365
980.6738	3322
983.0338	3237
985.3912	3224
987.7461	3213
990.1022	3276
992.4578	3204
994.8127	3240
997.1689	3240
999.5207	3283
1001.874	3260
1004.226	3212
1006.576	3226
1008.929	3322
1011.28	3228
1013.628	3223
1015.977	3285
1018.324	3224
1020.674	3255
1023.019	3279
1025.366	3239
1027.713	3309
1030.056	3313
1032.399	3255
1034.746	3266
1037.087	3207
1039.431	3352
1041.771	3377
1044.113	3305
1046.454	3370
1048.793	3328
1051.133	3318
1053.471	3306
1055.807	3282
1058.146	3268
1060.483	3274
1062.818	3322
1065.153	3419
1067.489	3355
1069.822	3377
1072.156	3423
1074.488	3363
1076.82	3373
1079.15	3320
1081.48	3447
1083.814	3406
1086.143	3314
1088.471	3376
1090.799	3372
1093.126	3326
1095.452	3376
1097.78	3337
1100.105	3297
1102.43	3413
1104.754	3309
1107.077	3277
1109.4	3341
1111.722	3291
1114.044	3249
1116.365	3282
1118.685	3327
1121.005	3292
1123.324	3323
1125.643	3370
1127.961	3380
1130.278	3343
1132.595	3303
1134.911	3333
1137.226	3248
1139.541	3335
1141.854	3238
1144.167	3205
1146.482	3241
1148.793	3308
1151.105	3238
1153.414	3407
1155.725	3289
1158.033	3331
1160.344	3320
1162.651	3331
1164.959	3315
1167.265	3321
1169.572	3335
1171.878	3367
1174.184	3369
1176.488	3320
1178.79	3366
1181.094	3390
1183.396	3362
1185.699	3395
1188.001	3314
1190.301	3416
1192.6	3299
1194.9	3340
1197.2	3312
1199.497	3357
1201.794	3304
1204.09	3235
1206.387	3304
1208.684	3330
1210.978	3411
1213.272	3371
1215.565	3385
1217.858	3338
1220.15	3337
1222.443	3302
1224.734	3320
1227.024	3362
1229.313	3394
1231.602	3475
1233.892	3421
1236.18	3476
1238.467	3416
1240.754	3434
1243.04	3502
1245.325	3433
1247.612	3530
1249.896	3527
1252.178	3497
1254.461	3490
1256.743	3422
1259.027	3540
1261.308	3561
1263.587	3500
1265.867	3481
1268.146	3483
1270.425	3539
1272.703	3611
1274.981	3507
1277.256	3529
1279.532	3473
1281.808	3440
1284.083	3453
1286.358	3422
1288.63	3399
1290.904	3407
1293.175	3418
1295.449	3429
1297.719	3501
1299.99	3405
1302.259	3442
1304.529	3478
1306.798	3516
1309.065	3431
1311.333	3456
1313.599	3432
1315.866	3431
1318.131	3485
1320.396	3481
1322.66	3465
1324.925	3448
1327.187	3419
1329.448	3494
1331.711	3437
1333.974	3408
1336.234	3457
1338.493	3454
1340.752	3414
1343.01	3447
1345.269	3461
1347.526	3409
1349.784	3450
1352.04	3503
1354.295	3398
1356.552	3541
1358.806	3508
1361.059	3395
1363.312	3423
1365.564	3420
1367.818	3459
1370.069	3472
1372.318	3429
1374.568	3477
1376.817	3453
1379.066	3662
1381.316	3476
1383.564	3488
1385.809	3517
1388.056	3493
1390.301	3483
1392.549	3504
1394.793	3567
1397.036	3475
1399.279	3548
1401.522	3571
1403.763	3521
1406.007	3531
1408.248	3523
1410.487	3584
1412.727	3599
1414.965	3632
1417.205	3589
1419.442	3528
1421.68	3576
1423.915	3568
1426.152	3571
1428.388	3606
1430.623	3516
1432.857	3609
1435.091	3596
1437.323	3533
1439.556	3730
1441.789	3571
1444.019	3569
1446.25	3645
1448.48	3624
1450.708	3699
1452.938	3655
1455.167	3678
1457.394	3732
1459.62	3707
1461.846	3635
1464.073	3635
1466.299	3665
1468.523	3609
1470.746	3595
1472.969	3564
1475.191	3520
1477.415	3656
1479.636	3466
1481.858	3541
1484.078	3503
1486.298	3431
1488.518	3504
1490.736	3528
1492.954	3372
1495.169	3550
1497.386	3515
1499.602	3490
1501.819	3463
1504.034	3482
1506.248	3508
1508.462	3434
1510.675	3464
1512.888	3511
1515.1	3439
1517.311	3477
1519.522	3471
1521.732	3517
1523.942	3443
1526.151	3427
1528.36	3429
1530.566	3432
1532.773	3426
1534.98	3491
1537.187	3433
1539.392	3460
1541.596	3511
1543.801	3523
1546.005	3543
1548.208	3527
1550.411	3541
1552.612	3496
1554.814	3570
1557.013	3437
1559.212	3601
1561.414	3462
1563.612	3547
1565.811	3564
1568.007	3512
1570.203	3572
1572.403	3495
1574.598	3517
1576.792	3602
1578.988	3591
1581.181	3564
1583.376	3612
1585.568	3631
1587.761	3545
1589.952	3566
1592.143	3651
1594.333	3635
1596.524	3594
1598.715	3569
1600.903	3643
1603.091	3592
1605.278	3580
1607.466	3546
1609.652	3585
1611.838	3645
1614.023	3619
1616.207	3615
1618.391	3593
1620.576	3649
1622.759	3606
1624.941	3557
1627.123	3631
1629.304	3628
1631.484	3599
1633.664	3691
1635.844	3721
1638.022	3631
1640.201	3705
1642.38	3560
1644.556	3713
1646.732	3723
1648.908	3677
1651.084	3647
1653.257	3662
1655.433	3684
1657.607	3616
1659.779	3731
1661.951	3690
1664.122	3752
1666.295	3717
1668.467	3730
1670.635	3724
1672.805	3727
1674.973	3703
1677.142	3705
1679.31	3699
1681.478	3655
1683.644	3618
1685.81	3611
1687.975	3679
1690.142	3775
1692.305	3606
1694.468	3609
1696.632	3700
1698.794	3630
1700.957	3583
1703.119	3583
1705.279	3650
1707.439	3608
1709.598	3567
1711.758	3617
1713.917	3559
1716.075	3681
1718.231	3621
1720.388	3600
1722.543	3579
1724.702	3567
1726.856	3557
1729.01	3530
1731.164	3599
1733.317	3554
1735.471	3584
1737.623	3638
1739.774	3578
1741.925	3582
1744.075	3561
1746.225	3540
1748.376	3602
1750.524	3643
1752.672	3639
1754.82	3611
1756.965	3627
1759.113	3609
1761.259	3537
1763.405	3595
1765.549	3630
1767.694	3519
1769.836	3584
1771.981	3707
1774.123	3621
1776.264	3571
1778.405	3655
1780.546	3664
1782.687	3581
1784.827	3681
1786.966	3589
1789.103	3641
1791.242	3682
1793.381	3618
1795.517	3652
1797.653	3647
1799.788	3647
1801.923	3565
1804.057	3611
1806.193	3598
1808.326	3658
1810.457	3566
1812.59	3580
1814.721	3638
1816.855	3582
1818.984	3603
1821.113	3644
1823.244	3646
1825.372	3614
1827.499	3539
1829.63	3587
1831.756	3656
1833.882	3656
1836.007	3642
1838.132	3643
1840.26	3562
1842.384	3616
1844.507	3560
1846.63	3700
1848.752	3665
1850.875	3571
1852.996	3574
1855.118	3625
1857.238	3650
1859.358	3666
1861.477	3535
1863.597	3638
1865.715	3516
1867.832	3610
1869.948	3629
1872.064	3518
1874.181	3642
1876.297	3621
1878.411	3660
1880.526	3624
1882.639	3608
1884.752	3612
1886.865	3617
1888.977	3701
1891.089	3579
1893.2	3602
1895.308	3584
1897.42	3618
1899.53	3657
1901.639	3730
1903.745	3644
1905.853	3655
1907.962	3679
1910.067	3615
1912.174	3635
1914.278	3666
1916.383	3696
1918.486	3667
1920.592	3666
1922.694	3660
1924.797	3600
1926.898	3628
1929	3620
1931.102	3590
1933.203	3638
1935.301	3616
1937.401	3637
1939.499	3564
1941.598	3747
1943.697	3612
1945.793	3620
1947.888	3732
1949.985	3682
1952.08	3729
1954.176	3681
1956.269	3711
1958.364	3647
1960.457	3636
1962.549	3658
1964.642	3631
1966.733	3629
1968.823	3673
1970.913	3647
1973.005	3702
1975.093	3652
1977.184	3707
1979.271	3659
1981.359	3616
1983.446	3672
1985.532	3648
1987.619	3653
1989.705	3617
1991.789	3588
1993.874	3638
1995.956	3605
1998.041	3661
2000.123	3613
2002.206	3739
2004.287	3626
2006.368	3579
2008.449	3612
2010.529	3669
2012.609	3661
2014.688	3597
2016.766	3629
2018.843	3674
2020.922	3637
2022.999	3661
2025.074	3672
2027.15	3583
2029.225	3660
2031.299	3611
2033.375	3610
2035.447	3624
2037.52	3625
2039.592	3581
2041.664	3686
2043.736	3684
2045.807	3638
2047.876	3679
2049.947	3664
2052.015	3626
2054.086	3666
2056.153	3700
2058.221	3633
2060.288	3666
2062.353	3694
2064.42	3606
2066.486	3698
2068.55	3684
2070.614	3670
2072.678	3637
2074.741	3652
2076.805	3699
2078.866	3642
2080.929	3647
2082.99	3574
2085.049	3612
2087.109	3623
2089.17	3597
2091.228	3695
2093.286	3703
2095.344	3680
2097.4	3686
2099.46	3634
2101.516	3625
2103.572	3642
2105.626	3660
2107.679	3655
2109.735	3627
2111.788	3608
2113.841	3633
2115.894	3678
2117.945	3672
2119.997	3715
2122.049	3613
2124.1	3572
2126.148	3606
2128.197	3548
2130.246	3650
2132.296	3645
2134.342	3712
2136.39	3684
2138.437	3589
2140.483	3541
2142.527	3734
2144.574	3621
2146.619	3664
2148.661	3618
2150.705	3632
2152.747	3647
2154.792	3558
2156.832	3624
2158.874	3683
2160.915	3586
2162.954	3782
2164.995	3656
2167.034	3520
2169.072	3589
2171.111	3657
2173.148	3592
2175.186	3613
2177.223	3541
2179.258	3622
2181.294	3684
2183.328	3582
2185.362	3528
2187.398	3528
2189.431	3622
2191.463	3552
2193.495	3534
2195.528	3599
2197.56	3568
2199.59	3591
2201.62	3592
2203.649	3611
2205.678	3619
2207.708	3512
2209.737	3557
2211.764	3582
2213.791	3578
2215.817	3521
2217.843	3586
2219.87	3516
2221.895	3581
2223.919	3511
2225.942	3570
2227.966	3616
2229.988	3551
2232.012	3528
2234.032	3626
2236.054	3599
2238.074	3553
2240.095	3514
2242.116	3570
2244.135	3562
2246.153	3600
2248.171	3604
2250.188	3540
2252.208	3526
2254.223	3576
2256.239	3538
2258.255	3505
2260.269	3547
2262.283	3662
2264.3	3573
2266.312	3567
2268.325	3501
2270.336	3583
2272.349	3545
2274.362	3568
2276.372	3574
2278.383	3525
2280.392	3602
2282.402	3582
2284.409	3629
2286.418	3527
2288.427	3601
2290.433	3528
2292.441	3539
2294.446	3570
2296.453	3611
2298.459	3566
2300.463	3587
2302.466	3583
2304.471	3617
2306.475	3513
2308.477	3521
2310.478	3590
2312.481	3548
2314.481	3507
2316.481	3516
2318.482	3507
2320.482	3560
2322.48	3431
2324.48	3533
2326.478	3506
2328.476	3599
2330.473	3584
2332.469	3558
2334.465	3481
2336.46	3445
2338.454	3521
2340.45	3528
2342.444	3571
2344.437	3602
2346.43	3480
2348.421	3514
2350.414	3545
2352.405	3436
2354.396	3452
2356.386	3511
2358.376	3548
2360.366	3482
2362.355	3424
2364.343	3539
2366.331	3468
2368.317	3552
2370.304	3452
2372.292	3497
2374.278	3471
2376.262	3530
2378.247	3479
2380.23	3519
2382.216	3468
2384.199	3504
2386.181	3436
2388.163	3485
2390.144	3485
2392.127	3429
2394.107	3549
2396.087	3509
2398.066	3384
2400.046	3446
2402.023	3452
2404.004	3485
2405.981	3486
2407.957	3473
2409.934	3394
2411.91	3570
2413.886	3524
2415.862	3454
2417.836	3503
2419.809	3495
2421.784	3476
2423.756	3414
2425.73	3425
2427.701	3415
2429.672	3471
2431.644	3436
2433.615	3467
2435.586	3457
2437.555	3433
2439.523	3491
2441.491	3450
2443.459	3460
2445.428	3459
2447.395	3503
2449.361	3430
2451.327	3442
2453.292	3429
2455.257	3540
2457.223	3495
2459.187	3497
2461.15	3512
2463.113	3422
2465.076	3425
2467.039	3463
2468.999	3406
2470.96	3455
2472.921	3501
2474.881	3432
2476.841	3400
2478.8	3370
2480.759	3467
2482.717	3426
2484.675	3290
2486.63	3424
2488.589	3410
2490.545	3444
2492.5	3434
2494.455	3356
2496.408	3422
2498.364	3376
2500.318	3430
2502.27	3351
2504.223	3441
2506.174	3372
2508.126	3378
2510.078	3436
2512.03	3413
2513.979	3459
2515.927	3403
2517.877	3412
2519.826	3327
2521.775	3406
2523.722	3424
2525.668	3379
2527.616	3385
2529.561	3434
2531.508	3406
2533.452	3452
2535.398	3493
2537.342	3344
2539.284	3480
2541.229	3420
2543.173	3392
2545.114	3383
2547.055	3460
2548.996	3332
2550.938	3443
2552.878	3374
2554.817	3366
2556.756	3405
2558.695	3420
2560.633	3398
2562.572	3366
2564.509	3340
2566.445	3337
2568.382	3355
2570.317	3454
2572.254	3444
2574.189	3402
2576.123	3364
2578.057	3364
2579.99	3353
2581.923	3469
2583.855	3420
2585.788	3363
2587.719	3341
2589.65	3441
2591.579	3314
2593.511	3354
2595.44	3348
2597.37	3392
2599.297	3429
2601.225	3366
2603.153	3415
2605.08	3477
2607.007	3415
2608.932	3405
2610.858	3373
2612.782	3361
2614.709	3406
2616.632	3388
2618.556	3367
2620.478	3324
2622.401	3426
2624.324	3412
2626.247	3338
2628.167	3451
2630.088	3383
2632.008	3442
2633.928	3424
2635.848	3417
2637.766	3414
2639.684	3376
2641.603	3448
2643.519	3424
2645.437	3450
2647.353	3358
2649.27	3393
2651.184	3355
2653.099	3474
2655.014	3432
2656.928	3387
2658.842	3429
2660.755	3457
2662.667	3338
2664.579	3394
2666.491	3420
2668.402	3424
2670.312	3418
2672.222	3424
2674.132	3358
2676.042	3396
2677.951	3413
2679.859	3453
2681.766	3371
2683.674	3332
2685.582	3390
2687.488	3430
2689.392	3393
2691.298	3411
2693.202	3371
2695.107	3397
2697.012	3435
2698.914	3357
2700.817	3401
2702.72	3383
2704.622	3399
2706.524	3396
2708.425	3401
2710.326	3423
2712.225	3373
2714.125	3358
2716.024	3316
2717.923	3377
2719.822	3364
2721.719	3304
2723.616	3318
2725.512	3418
2727.41	3299
2729.305	3361
2731.201	3283
2733.095	3350
2734.99	3378
2736.884	3325
2738.778	3380
2740.67	3379
2742.562	3365
2744.455	3398
2746.346	3364
2748.238	3377
2750.129	3317
2752.018	3360
2753.907	3394
2755.797	3374
2757.687	3399
2759.575	3330
2761.462	3363
2763.349	3309
2765.237	3302
2767.124	3351
2769.009	3317
2770.894	3282
2772.779	3306
2774.663	3367
2776.547	3321
2778.431	3313
2780.314	3326
2782.197	3321
2784.078	3389
2785.96	3323
2787.842	3446
2789.723	3287
2791.603	3253
2793.483	3283
2795.362	3296
2797.241	3356
2799.121	3267
2800.997	3371
2802.874	3264
2804.751	3327
2806.628	3292
2808.506	3354
2810.38	3307
2812.255	3272
2814.13	3276
2816.003	3347
2817.878	3396
2819.752	3340
2821.623	3345
2823.496	3251
2825.368	3349
2827.238	3309
2829.111	3336
2830.98	3272
2832.851	3372
2834.719	3302
2836.589	3335
2838.458	3299
2840.327	3333
2842.193	3331
2844.061	3310
2845.927	3317
2847.794	3272
2849.66	3414
2851.525	3285
2853.39	3425
2855.254	3323
2857.117	3363
2858.983	3334
2860.845	3330
2862.707	3375
2864.569	3403
2866.431	3378
2868.293	3393
2870.154	3430
2872.013	3501
2873.873	3519
2875.733	3552
2877.592	3558
2879.451	3564
2881.309	3540
2883.166	3589
2885.022	3616
2886.879	3671
2888.736	3587
2890.591	3650
2892.446	3627
2894.301	3543
2896.155	3601
2898.009	3629
2899.863	3669
2901.716	3612
2903.568	3708
2905.419	3569
2907.27	3582
2909.123	3652
2910.973	3596
2912.824	3733
2914.673	3622
2916.521	3736
2918.372	3716
2920.22	3748
2922.067	3814
2923.914	3795
2925.761	3779
2927.607	3878
2929.455	3949
2931.301	3924
2933.144	3892
2934.99	4004
2936.833	3962
2938.678	4013
2940.522	4057
2942.364	4102
2944.207	4098
2946.048	4174
2947.891	4137
2949.731	4199
2951.571	4161
2953.412	4116
2955.25	4118
2957.09	4028
2958.93	3994
2960.767	4055
2962.606	3930
2964.443	3931
2966.279	3911
2968.116	3846
2969.953	3807
2971.788	3849
2973.623	3774
2975.457	3734
2977.292	3702
2979.127	3737
2980.959	3733
2982.792	3710
2984.624	3690
2986.455	3731
2988.288	3736
2990.119	3690
2991.949	3607
2993.779	3646
2995.608	3562
2997.439	3519
2999.268	3614
3001.096	3482
3002.923	3493
3004.751	3415
3006.578	3398
3008.406	3397
3010.232	3417
3012.057	3374
3013.883	3370
3015.706	3331
3017.532	3347
3019.356	3305
3021.179	3327
3023.002	3286
3024.823	3200
3026.646	3280
3028.469	3229
3030.289	3194
3032.11	3276
3033.93	3228
3035.749	3289
3037.57	3212
3039.39	3254
3041.207	3153
3043.026	3216
3044.842	3237
3046.661	3186
3048.477	3233
3050.294	3209
3052.109	3174
3053.925	3136
3055.739	3018
3057.555	3216
3059.368	3186
3061.181	3202
3062.995	3148
3064.807	3225
3066.62	3108
3068.433	3200
3070.243	3204
3072.054	3189
3073.865	3115
3075.675	3195
3077.485	3184
3079.293	3141
3081.102	3115
3082.911	3116
3084.719	3139
3086.527	3101
3088.333	3162
3090.139	3117
3091.945	3123
3093.75	3096
3095.557	3073
3097.361	3109
3099.165	3143
3100.969	3161
3102.772	3045
3104.575	3158
3106.379	3112
3108.181	3080
3109.982	3044
3111.783	3071
3113.584	3101
3115.386	3047
3117.186	3103
3118.985	3154
3120.783	3044
3122.582	3063
3124.381	3089
3126.179	3078
3127.975	3056
3129.772	3026
3131.569	3119
3133.365	3094
3135.161	3067
3136.956	2973
3138.751	3004
3140.544	2949
3142.338	3015
3144.132	3007
3145.925	2999
3147.717	2988
3149.509	3027
3151.301	3025
3153.091	3016
3154.884	3007
3156.673	3008
3158.462	3028
3160.252	3032
3162.041	3045
3163.831	3035
3165.618	3016
3167.405	3031
3169.193	2942
3170.979	2992
3172.767	2960
3174.553	3011
3176.338	2971
3178.123	2936
3179.907	2958
3181.692	3000
3183.477	2977
3185.259	2936
3187.042	3008
3188.824	2925
3190.607	3042
3192.389	3028
3194.17	3015
3195.951	2994
3197.73	3024
3199.51	2980
3201.289	2966
3203.07	3003
3204.848	2971
3206.626	2962
3208.403	3013
3210.18	2989
3211.959	2955
3213.735	3011
3215.511	2913
3217.285	2947
3219.06	2970
3220.836	3013
3222.611	2932
3224.384	2942
3226.158	3077
3227.929	3045
3229.702	2965
3231.476	3045
3233.248	2912
3235.018	2978
3236.789	2958
3238.56	2987
3240.33	2989
3242.1	2984
3243.869	2991
3245.637	2940
3247.405	2964
3249.172	3013
3250.941	2977
3252.707	2956
3254.474	3009
3256.24	2950
3258.006	3016
3259.772	2935
3261.537	2935
3263.301	2982
3265.065	3021
3266.828	2974
3268.592	3023
3270.355	3012
3272.117	3011
3273.878	2978
3275.64	2963
3277.401	2962
3279.162	2986
3280.922	2956
3282.682	2944
3284.441	2961
3286.199	3008
3287.959	3069
3289.716	2980
3291.475	2966
3293.232	3025
3294.988	3017
3296.744	2988
3298.501	2998
3300.256	2989
3302.011	2963
3303.766	2973
3305.52	3017
3307.275	2957
3309.028	2988
3310.781	2918
3312.533	2947
3314.285	3047
3316.038	2985
3317.789	3072
3319.54	3011
3321.289	2976
3323.039	2977
3324.789	2976
3326.539	3024
3328.288	2887
3330.035	2970
3331.783	2949
3333.531	2980
3335.28	3009
3337.025	2977
3338.771	2927
3340.518	3008
3342.262	2971
3344.009	3013
3345.753	3043
3347.497	2946
3349.24	3048
3350.983	2923
3352.726	2906
3354.469	2864
3356.212	2978
3357.952	2951
3359.694	2943
3361.434	2954
3363.176	2861
3364.916	2900
3366.654	2936
3368.394	2907
3370.132	3011
3371.871	2946
3373.61	2925
3375.346	2887
3377.083	2875
3378.82	2863
3380.556	2923
3382.292	2908
3384.027	2887
3385.763	2895
3387.497	2821
3389.231	2877
3390.965	2929
3392.698	2867
3394.431	2883
3396.164	2848
3397.896	2845
3399.627	2814
3401.36	2917
3403.09	2901
3404.82	2848
3406.55	2813
3408.279	2841
3410.01	2867
3411.738	2915
3413.467	2882
3415.194	2870
3416.92	2853
3418.647	2829
3420.375	2823
3422.102	2841
3423.827	2881
3425.553	2758
3427.277	2891
3429.003	2878
3430.727	2913
3432.451	2870
3434.173	2808
3435.896	2768
3437.62	2831
3439.343	2766
3441.063	2765
3442.785	2807
3444.505	2729
3446.226	2906
3447.948	2810
3449.666	2742
3451.386	2770
3453.104	2823
3454.823	2783
3456.541	2796
3458.259	2737
3459.976	2779
3461.693	2826
3463.408	2797
3465.125	2777
3466.841	2792
3468.556	2789
3470.271	2765
3471.985	2788
3473.698	2805
3475.414	2773
3477.126	2652
3478.838	2691
3480.55	2716
3482.263	2748
3483.975	2787
3485.686	2770
3487.396	2716
3489.106	2787
3490.817	2673
3492.526	2750
3494.236	2778
3495.944	2724
3497.652	2696
3499.359	2697
3501.066	2678
3502.775	2755
3504.481	2747
3506.187	2714
3507.893	2677
3509.598	2657
3511.304	2732
3513.009	2717
3514.713	2639
3516.417	2707
3518.12	2707
3519.821	2714
3521.525	2694
3523.228	2703
3524.929	2712
3526.631	2646
3528.33	2615
3530.032	2672
3531.733	2657
3533.433	2672
3535.131	2638
3536.83	2616
3538.529	2629
3540.227	2628
3541.925	2556
3543.623	2677
3545.319	2618
3547.016	2599
3548.712	2618
3550.408	2583
3552.103	2603
3553.798	2622
3555.491	2603
3557.188	2561
3558.88	2679
3560.574	2574
3562.266	2585
3563.959	2563
3565.651	2629
3567.343	2584
3569.035	2590
3570.725	2599
3572.415	2588
3574.106	2536
3575.797	2575
3577.485	2571
3579.174	2597
3580.863	2605
3582.551	2627
3584.238	2560
3585.926	2572
3587.613	2582
3589.3	2549
3590.986	2564
3592.671	2493
3594.357	2593
3596.042	2462
3597.726	2443
3599.41	2564
3601.094	2549
3602.778	2471
3604.461	2538
3606.143	2509
3607.825	2486
3609.507	2459
3611.188	2546
3612.87	2524
3614.551	2485
3616.229	2518
3617.909	2512
3619.589	2529
3621.269	2558
3622.948	2493
3624.625	2433
3626.302	2455
3627.98	2470
3629.657	2458
3631.334	2510
3633.01	2450
3634.686	2486
3636.361	2417
3638.036	2466
3639.712	2446
3641.385	2442
3643.06	2463
3644.732	2350
3646.405	2422
3648.08	2508
3649.751	2486
3651.424	2454
3653.094	2465
3654.766	2417
3656.436	2419
3658.106	2413
3659.777	2442
3661.446	2497
3663.115	2340
3664.783	2414
3666.452	2307
3668.121	2422
3669.788	2356
3671.454	2389
3673.121	2425
3674.789	2369
3676.455	2375
3678.12	2432
3679.784	2411
3681.45	2371
3683.114	2403
3684.779	2440
3686.442	2360
3688.105	2429
3689.768	2377
3691.43	2380
3693.093	2387
3694.754	2390
3696.415	2423
3698.076	2408
3699.736	2312
3701.396	2369
3703.057	2428
3704.716	2403
3706.375	2411
3708.034	2353
3709.692	2398
3711.351	2361
3713.008	2384
3714.665	2394
3716.321	2323
3717.977	2366
3719.634	2355
3721.29	2412
3722.945	2417
3724.598	2343
3726.253	2330
3727.907	2363
3729.561	2307
3731.214	2360
3732.867	2336
3734.518	2368
3736.171	2365
3737.824	2312
3739.474	2359
3741.125	2333
3742.775	2329
3744.425	2358
3746.074	2325
3747.725	2346
3749.373	2319
3751.022	2289
3752.669	2262
3754.318	2329
3755.966	2330
3757.612	2320
3759.259	2350
3760.905	2281
3762.55	2313
3764.197	2307
3765.842	2281
3767.486	2273
3769.131	2248
3770.774	2381
3772.417	2306
3774.061	2312
3775.705	2286
3777.347	2297
3778.988	2255
3780.629	2383
3782.271	2241
3783.912	2281
3785.552	2261
3787.192	2316
3788.831	2283
3790.472	2285
3792.112	2275
3793.75	2246
3795.388	2273
3797.024	2301
3798.661	2260
3800.3	2288
3801.936	2236
3803.572	2235
3805.208	2263
3806.844	2274
3808.48	2251
3810.115	2246
3811.748	2236
3813.382	2192
3815.016	2250
3816.649	2180
3818.283	2216
3819.914	2264
3821.547	2228
3823.178	2253
3824.809	2270
3826.441	2163
3828.072	2255
3829.701	2232
3831.331	2211
3832.96	2207
3834.591	2258
3836.219	2208
3837.847	2241
3839.475	2176
3841.102	2165
3842.729	2199
3844.357	2240
3845.984	2251
3847.609	2213
3849.234	2197
3850.86	2230
3852.485	2216
3854.11	2167
3855.734	2212
3857.357	2147
3858.981	2071
3860.603	2186
3862.227	2221
3863.848	2186
3865.471	2186
3867.092	2214
3868.713	2165
3870.334	2212
3871.954	2164
3873.575	2198
3875.194	2175
3876.813	2180
3878.433	2139
3880.051	2182
3881.669	2206
3883.286	2178
3884.904	2145
3886.52	2194
3888.138	2176
3889.754	2160
3891.37	2169
3892.985	2121
3894.6	2134
3896.216	2126
3897.831	2091
3899.444	2177
3901.058	2147
3902.67	2103
3904.283	2142
3905.897	2213
3907.509	2174
3909.121	2128
3910.731	2177
3912.342	2176
3913.954	2154
3915.563	2133
3917.174	2158
3918.783	2178
3920.391	2158
3922.002	2153
3923.611	2147
3925.218	2145
3926.826	2139
3928.432	2161
3930.039	2104
3931.647	2102
3933.253	2168
3934.859	2156
3936.464	2112
3938.068	2150
3939.675	2153
3941.278	2159
3942.883	2118
3944.486	2135
3946.089	2152
3947.692	2104
3949.295	2135
3950.898	2129
3952.499	2092
3954.1	2155
3955.7	2127
3957.303	2065
3958.903	2088
3960.502	2102
3962.101	2194
3963.7	2117
3965.301	2104
3966.899	2128
3968.497	2132
3970.094	2093
3971.691	2104
3973.288	2065
3974.885	2097
3976.481	2101
3978.077	2138
3979.672	2069
3981.267	2140
3982.863	2110
3984.457	2075
3986.051	2062
3987.645	2080
3989.238	2160
3990.831	2135
3992.425	2025
3994.017	2054
3995.607	2044
3997.199	2044
3998.79	2133
4000.382	2021
4001.973	2064
4003.561	2049
4005.151	1978
4006.741	1999
4008.331	2091
4009.918	2037
4011.507	2012
4013.095	2045
4014.681	2029
4016.269	2053
4017.856	1999
4019.443	2028
4021.028	2054
4022.614	2028
4024.199	1980
4025.785	2041
4027.37	2016
4028.953	2048
4030.536	2003
4032.12	2021
4033.704	1965
4035.287	2013
4036.869	1977
4038.45	2020
4040.032	2056
4041.613	2014
4043.195	2028
4044.776	1985
4046.356	2017
4047.935	2033
4049.515	1964
4051.095	1981
4052.674	1978
4054.251	1978
4055.829	1963
4057.406	2055
4058.985	1935
4060.562	2020
4062.139	1968
4063.715	1985
4065.29	2002
4066.865	2040
4068.442	1986
4070.016	1949
4071.59	1983
4073.164	1918
4074.738	1973
4076.312	1978
4077.885	2006
4079.458	1949
4081.03	1995
4082.602	1993
4084.173	1964
4085.745	2024
4087.315	1929
4088.886	1911
4090.456	1960
4092.026	1906
4093.596	1933
4095.165	2001
4096.734	1970
4098.301	1932
4099.869	1926
4101.437	1938
4103.006	1882
4104.572	1974
4106.139	1947
4107.704	1926
4109.27	2000
4110.837	1943
4112.401	1986
4113.966	1924
4115.53	1966
4117.094	1931
4118.659	1888
4120.223	1982
4121.785	1958
4123.347	2010
4124.909	1913
4126.471	1916
4128.034	1925
4129.595	1926
4131.155	1916
4132.716	1909
4134.275	1834
4135.836	1940
4137.395	1925
4138.955	1821
4140.513	1860
4142.071	1872
4143.628	1925
4145.188	1902
4146.745	1906
4148.302	1917
4149.858	1888
4151.414	1927
4152.971	1883
4154.526	1907
4156.081	1904
4157.635	1889
4159.189	1920
4160.745	1843
4162.298	1854
4163.852	1903
4165.405	1871
4166.957	1843
4168.51	1867
4170.063	1845
4171.614	1851
4173.166	1815
4174.717	1819
4176.267	1851
4177.817	1885
4179.368	1821
4180.917	1883
4182.466	1858
4184.016	1854
4185.564	1842
4187.112	1840
4188.66	1862
4190.207	1849
4191.754	1862
4193.301	1911
4194.848	1900
4196.394	1885
4197.94	1842
4199.484	1832
4201.03	1807
4202.575	1875
4204.12	1801
4205.663	1782
4207.207	1805
4208.75	1875
4210.292	1827
4211.836	1806
4213.378	1821
4214.92	1801
4216.46	1834
4218.002	1913
4219.544	1865
4221.083	1830
4222.625	1812
4224.164	1839
4225.703	1802
4227.244	1771
4228.782	1813
4230.32	1854
4231.857	1820
4233.395	1752
4234.933	1879
4236.471	1820
4238.007	1836
4239.542	1871
4241.078	1790
4242.614	1795
4244.15	1790
4245.685	1781
4247.219	1815
4248.753	1771
4250.287	1840
4251.82	1867
4253.354	1796
4254.887	1809
4256.419	1782
4257.951	1779
4259.483	1828
4261.016	1756
4262.547	1756
4264.078	1787
4265.608	1743
4267.137	1824
4268.668	1812
4270.197	1752
4271.727	1801
4273.254	1794
4274.783	1736
4276.311	1785
4277.84	1794
4279.366	1751
4280.894	1855
4282.42	1794
4283.946	1781
4285.473	1806
4286.998	1782
4288.523	1767
4290.047	1782
4291.572	1729
4293.096	1747
4294.622	1772
4296.144	1773
4297.668	1750
4299.19	1763
4300.713	1753
4302.236	1773
4303.758	1739
4305.279	1780
4306.799	1754
4308.321	1751
4309.842	1739
4311.361	1795
4312.882	1769
4314.401	1774
