400.0961	3936
402.6185	4083
405.1424	4056
407.6635	4044
410.1838	4136
412.7035	4044
415.2225	4068
417.7388	4181
420.2585	4155
422.7754	4192
425.2917	4266
427.8072	4305
430.3221	4325
432.8363	4398
435.3498	4346
437.8626	4237
440.3727	4324
442.8841	4341
445.3969	4322
447.907	4226
450.4142	4291
452.9229	4263
455.4289	4235
457.9362	4400
460.4449	4283
462.9488	4311
465.454	4276
467.9566	4228
470.4604	4276
472.9637	4305
475.4662	4309
477.966	4330
480.4671	4360
482.9656	4242
485.4633	4281
487.9645	4390
490.4608	4281
492.9566	4423
495.4536	4372
497.948	4363
500.4437	4360
502.9387	4288
505.431	4337
507.9226	4286
510.4136	4359
512.9079	4479
515.3975	4484
517.8864	4502
520.3746	4382
522.8622	4438
525.3491	4450
527.8394	4438
530.3249	4416
532.8098	4371
535.2939	4374
537.7774	4464
540.2623	4447
542.7444	4509
545.2259	4469
547.7067	4386
550.1868	4405
552.6683	4387
555.147	4488
557.6231	4470
560.1005	4520
562.5773	4489
565.0534	4532
567.5308	4525
570.0056	4533
572.4776	4520
574.951	4635
577.4237	4633
579.8978	4650
582.3671	4616
584.8378	4571
587.3079	4639
589.7773	4583
592.244	4670
594.714	4692
597.1793	4646
599.6461	4586
602.1121	4585
604.5754	4596
607.0421	4676
609.5042	4516
611.9675	4580
614.4282	4581
616.8902	4513
619.3515	4552
621.8122	4593
624.2702	4549
626.7296	4617
629.1863	4536
631.6423	4464
634.1017	4545
636.5563	4622
639.0104	4614
641.4658	4560
643.9185	4618
646.3725	4684
648.8239	4695
651.2766	4547
653.7266	4556
656.176	4557
658.6247	4541
661.0748	4674
663.5242	4651
665.9709	4693
668.417	4658
670.8624	4734
673.3092	4649
675.7533	4656
678.1968	4581
680.6395	4682
683.0817	4740
685.5251	4720
687.9659	4659
690.4061	4812
692.8456	4682
695.2844	4749
697.7226	4744
700.1621	4786
702.599	4678
705.0332	4755
707.4688	4785
709.9036	4667
712.3399	4708
714.7735	4751
717.2044	4835
719.6367	4934
722.0683	4768
724.4993	4827
726.9296	4848
729.3593	4843
731.7883	4893
734.2147	4876
736.6423	4821
739.0714	4942
741.4958	4848
743.9216	4903
746.3447	4992
748.7691	4877
751.1929	4917
753.616	4958
756.0366	5159
758.4584	5040
760.8776	5070
763.2982	5064
765.718	5103
768.1373	5009
770.5539	5049
772.9698	4980
775.3871	5091
777.8038	5020
780.2178	4939
782.6332	5135
785.0459	5103
787.458	5121
789.8714	5018
792.2842	5006
794.6943	5046
797.1038	5082
799.5127	5138
801.9209	5087
804.3324	5064
806.7393	5107
809.1456	5074
811.5513	5170
813.9562	5093
816.3625	5145
818.7663	5150
821.1693	5151
823.5718	5169
825.9735	5061
828.3746	5193
830.7771	5108
833.177	5166
835.5762	5142
837.9747	5190
840.3727	5169
842.772	5201
845.1666	5171
847.5626	5334
849.958	5305
852.3527	5321
854.7488	5286
857.1403	5267
859.5331	5322
861.9253	5352
864.3168	5327
866.7057	5308
869.098	5320
871.4876	5278
873.8746	5172
876.263	5187
878.6487	5284
881.0378	5186
883.4243	5265
885.8081	5262
888.1933	5315
890.5759	5298
892.9598	5218
895.343	5279
897.7256	5223
900.1057	5295
902.4871	5353
904.8659	5252
907.246	5318
909.6254	5384
912.0023	5350
914.3786	5449
916.7562	5453
919.1331	5453
921.5074	5559
923.8831	5613
926.2562	5579
928.6287	5499
931.0005	5545
933.3757	5480
935.7462	5653
938.1162	5667
940.4855	5715
942.8542	5736
945.2242	5781
947.5916	5737
949.9584	6036
952.3266	6123
954.6921	6287
957.0571	6463
959.4233	6721
961.787	6661
964.15	6724
966.5125	6526
968.8742	6259
971.2354	5986
973.5959	5964
975.9559	5718
978.3151	5655
980.6738	5643
983.0338	5398
985.3912	5579
987.7461	5395
990.1022	5413
992.4578	5490
994.8127	5453
997.1689	5397
999.5207	5464
1001.874	5561
1004.226	5430
1006.576	5419
1008.929	5525
1011.28	5440
1013.628	5406
1015.977	5486
1018.324	5479
1020.674	5530
1023.019	5422
1025.366	5490
1027.713	5497
1030.056	5560
1032.399	5518
1034.746	5519
1037.087	5479
1039.431	5523
1041.771	5482
1044.113	5511
1046.454	5556
1048.793	5613
1051.133	5603
1053.471	5529
1055.807	5576
1058.146	5538
1060.483	5692
1062.818	5752
1065.153	5639
1067.489	5624
1069.822	5715
1072.156	5705
1074.488	5697
1076.82	5656
1079.15	5649
1081.48	5656
1083.814	5628
1086.143	5558
1088.471	5538
1090.799	5543
1093.126	5538
1095.452	5568
1097.78	5618
1100.105	5532
1102.43	5520
1104.754	5529
1107.077	5676
1109.4	5637
1111.722	5574
1114.044	5492
1116.365	5631
1118.685	5588
1121.005	5621
1123.324	5565
1125.643	5610
1127.961	5633
1130.278	5584
1132.595	5584
1134.911	5532
1137.226	5530
1139.541	5521
1141.854	5571
1144.167	5603
1146.482	5653
1148.793	5606
1151.105	5475
1153.414	5565
1155.725	5554
1158.033	5508
1160.344	5561
1162.651	5609
1164.959	5586
1167.265	5562
1169.572	5631
1171.878	5577
1174.184	5611
1176.488	5672
1178.79	5591
1181.094	5682
1183.396	5697
1185.699	5614
1188.001	5575
1190.301	5581
1192.6	5607
1194.9	5602
1197.2	5735
1199.497	5723
1201.794	5723
1204.09	5641
1206.387	5642
1208.684	5634
1210.978	5578
1213.272	5742
1215.565	5642
1217.858	5538
1220.15	5714
1222.443	5679
1224.734	5603
1227.024	5699
1229.313	5702
1231.602	5661
1233.892	5813
1236.18	5809
1238.467	5836
1240.754	5862
1243.04	5917
1245.325	5836
1247.612	5931
1249.896	5874
1252.178	5979
1254.461	5959
1256.743	5882
1259.027	5908
1261.308	5776
1263.587	5895
1265.867	5819
1268.146	5828
1270.425	5935
1272.703	5776
1274.981	5952
1277.256	5937
1279.532	5950
1281.808	5864
1284.083	5781
1286.358	5963
1288.63	5899
1290.904	5747
1293.175	5809
1295.449	5960
1297.719	5863
1299.99	5671
1302.259	5809
1304.529	5772
1306.798	5809
1309.065	5858
1311.333	5784
1313.599	5816
1315.866	5793
1318.131	5643
1320.396	5733
1322.66	5763
1324.925	5822
1327.187	5737
1329.448	5953
1331.711	5838
1333.974	5880
1336.234	5809
1338.493	5667
1340.752	5773
1343.01	5733
1345.269	5765
1347.526	5758
1349.784	5828
1352.04	5713
1354.295	5843
1356.552	5799
1358.806	5850
1361.059	5878
1363.312	5857
1365.564	5718
1367.818	5833
1370.069	5871
1372.318	5717
1374.568	5830
1376.817	5906
1379.066	5896
1381.316	5771
1383.564	5854
1385.809	5951
1388.056	5819
1390.301	5951
1392.549	5972
1394.793	6077
1397.036	6058
1399.279	6098
1401.522	6087
1403.763	6006
1406.007	6013
1408.248	6094
1410.487	5904
1412.727	5989
1414.965	5966
1417.205	5977
1419.442	6082
1421.68	5987
1423.915	6037
1426.152	5995
1428.388	6074
1430.623	5940
1432.857	6164
1435.091	6046
1437.323	6087
1439.556	6214
1441.789	6192
1444.019	6104
1446.25	6045
1448.48	6104
1450.708	6217
1452.938	6238
1455.167	6233
1457.394	6284
1459.62	6154
1461.846	6227
1464.073	6206
1466.299	6186
1468.523	6111
1470.746	6086
1472.969	5992
1475.191	5942
1477.415	5973
1479.636	5998
1481.858	5912
1484.078	5911
1486.298	5894
1488.518	5806
1490.736	5912
1492.954	5846
1495.169	5764
1497.386	5895
1499.602	5796
1501.819	5752
1504.034	5797
1506.248	5794
1508.462	5808
1510.675	5808
1512.888	5722
1515.1	5848
1517.311	5860
1519.522	5875
1521.732	5780
1523.942	5919
1526.151	5792
1528.36	5789
1530.566	5793
1532.773	5850
1534.98	5897
1537.187	5879
1539.392	5842
1541.596	5878
1543.801	5854
1546.005	5779
1548.208	5958
1550.411	5853
1552.612	5845
1554.814	5813
1557.013	5842
1559.212	5933
1561.414	5778
1563.612	5970
1565.811	5949
1568.007	6020
1570.203	5947
1572.403	6033
1574.598	5936
1576.792	5984
1578.988	6040
1581.181	6019
1583.376	6008
1585.568	5984
1587.761	5995
1589.952	6000
1592.143	6062
1594.333	5979
1596.524	5984
1598.715	5986
1600.903	6013
1603.091	6010
1605.278	5964
1607.466	6095
1609.652	6122
1611.838	5987
1614.023	6072
1616.207	5976
1618.391	5942
1620.576	6087
1622.759	6077
1624.941	6036
1627.123	6026
1629.304	6135
1631.484	6023
1633.664	6074
1635.844	6055
1638.022	6208
1640.201	6071
1642.38	6065
1644.556	6139
1646.732	6277
1648.908	6133
1651.084	6174
1653.257	6126
1655.433	6141
1657.607	6194
1659.779	6219
1661.951	6090
1664.122	6247
1666.295	6294
1668.467	6236
1670.635	6161
1672.805	6175
1674.973	6195
1677.142	6342
1679.31	6117
1681.478	6065
1683.644	6113
1685.81	6067
1687.975	6161
1690.142	6177
1692.305	6215
1694.468	6106
1696.632	6043
1698.794	6113
1700.957	5976
1703.119	6046
1705.279	6062
1707.439	6068
1709.598	6073
1711.758	6019
1713.917	6037
1716.075	5939
1718.231	6038
1720.388	6007
1722.543	6039
1724.702	6028
1726.856	6010
1729.01	5988
1731.164	6017
1733.317	5988
1735.471	5964
1737.623	6019
1739.774	5997
1741.925	6185
1744.075	6000
1746.225	6009
1748.376	5888
1750.524	6016
1752.672	5931
1754.82	5963
1756.965	5946
1759.113	6021
1761.259	6078
1763.405	5972
1765.549	5965
1767.694	6050
1769.836	6023
1771.981	5942
1774.123	5990
1776.264	6084
1778.405	6104
1780.546	5998
1782.687	6250
1784.827	6029
1786.966	6108
1789.103	6046
1791.242	6053
1793.381	6148
1795.517	6028
1797.653	6109
1799.788	6055
1801.923	6083
1804.057	6130
1806.193	5980
1808.326	6013
1810.457	6072
1812.59	6116
1814.721	6061
1816.855	5960
1818.984	5993
1821.113	6020
1823.244	6028
1825.372	6113
1827.499	6032
1829.63	5978
1831.756	6019
1833.882	6035
1836.007	6079
1838.132	6051
1840.26	6034
1842.384	5944
1844.507	5964
1846.63	6069
1848.752	6035
1850.875	5947
1852.996	5907
1855.118	6007
1857.238	5933
1859.358	5950
1861.477	6031
1863.597	5998
1865.715	6070
1867.832	5912
1869.948	5960
1872.064	5958
1874.181	5909
1876.297	6004
1878.411	5899
1880.526	6048
1882.639	6018
1884.752	6043
1886.865	5903
1888.977	6078
1891.089	6016
1893.2	6008
1895.308	5921
1897.42	6086
1899.53	6119
1901.639	6148
1903.745	5901
1905.853	5994
1907.962	5962
1910.067	6134
1912.174	6039
1914.278	6000
1916.383	6042
1918.486	6055
1920.592	6075
1922.694	6143
1924.797	6133
1926.898	6067
1929	6179
1931.102	6098
1933.203	5987
1935.301	6086
1937.401	6125
1939.499	6037
1941.598	6077
1943.697	6089
1945.793	6070
1947.888	6159
1949.985	6052
1952.08	6127
1954.176	6073
1956.269	6045
1958.364	6113
1960.457	6030
1962.549	6168
1964.642	5986
1966.733	6072
1968.823	6060
1970.913	6040
1973.005	6063
1975.093	6011
1977.184	6061
1979.271	6067
1981.359	6034
1983.446	6022
1985.532	5927
1987.619	5982
1989.705	5971
1991.789	6040
1993.874	6044
1995.956	6019
1998.041	6084
2000.123	6079
2002.206	6021
2004.287	5963
2006.368	6181
2008.449	6067
2010.529	6021
2012.609	6047
2014.688	6051
2016.766	6009
2018.843	6038
2020.922	6024
2022.999	6012
2025.074	5944
2027.15	5964
2029.225	5998
2031.299	5961
2033.375	6030
2035.447	6001
2037.52	6044
2039.592	6030
2041.664	6005
2043.736	5969
2045.807	6054
2047.876	5992
2049.947	6111
2052.015	5953
2054.086	6095
2056.153	6069
2058.221	6130
2060.288	6013
2062.353	6026
2064.42	6045
2066.486	6061
2068.55	5926
2070.614	6015
2072.678	6080
2074.741	6050
2076.805	6077
2078.866	6079
2080.929	6068
2082.99	5968
2085.049	5924
2087.109	6054
2089.17	6061
2091.228	5997
2093.286	6064
2095.344	5982
2097.4	6058
2099.46	5970
2101.516	5952
2103.572	6040
2105.626	5998
2107.679	6129
2109.735	5981
2111.788	6008
2113.841	5963
2115.894	5950
2117.945	5948
2119.997	6049
2122.049	6000
2124.1	6012
2126.148	5962
2128.197	5983
2130.246	6135
2132.296	5878
2134.342	6089
2136.39	6038
2138.437	6091
2140.483	5938
2142.527	6037
2144.574	6023
2146.619	5884
2148.661	6085
2150.705	6065
2152.747	6051
2154.792	6014
2156.832	5932
2158.874	5956
2160.915	6024
2162.954	5955
2164.995	5909
2167.034	5968
2169.072	5900
2171.111	5938
2173.148	6050
2175.186	5987
2177.223	5889
2179.258	5947
2181.294	5900
2183.328	6009
2185.362	5927
2187.398	5906
2189.431	5925
2191.463	5946
2193.495	6007
2195.528	5965
2197.56	5901
2199.59	5917
2201.62	5917
2203.649	5922
2205.678	5876
2207.708	5739
2209.737	6035
2211.764	5895
2213.791	5910
2215.817	5956
2217.843	5828
2219.87	5864
2221.895	5846
2223.919	5841
2225.942	5890
2227.966	5989
2229.988	5798
2232.012	5729
2234.032	5864
2236.054	5909
2238.074	5802
2240.095	5867
2242.116	5807
2244.135	5812
2246.153	5922
2248.171	5918
2250.188	5886
2252.208	5845
2254.223	5889
2256.239	5836
2258.255	5934
2260.269	5883
2262.283	5944
2264.3	5825
2266.312	5897
2268.325	5935
2270.336	5922
2272.349	5841
2274.362	5800
2276.372	5899
2278.383	5924
2280.392	5886
2282.402	5904
2284.409	5833
2286.418	5887
2288.427	5998
2290.433	5846
2292.441	5915
2294.446	5863
2296.453	5813
2298.459	5874
2300.463	5951
2302.466	5920
2304.471	5782
2306.475	5855
2308.477	5743
2310.478	5864
2312.481	5857
2314.481	5813
2316.481	5809
2318.482	5783
2320.482	5770
2322.48	5783
2324.48	5811
2326.478	5722
2328.476	5779
2330.473	5830
2332.469	5787
2334.465	5869
2336.46	5783
2338.454	5732
2340.45	5820
2342.444	5745
2344.437	5809
2346.43	5722
2348.421	5777
2350.414	5661
2352.405	5774
2354.396	5801
2356.386	5766
2358.376	5728
2360.366	5739
2362.355	5831
2364.343	5746
2366.331	5676
2368.317	5747
2370.304	5684
2372.292	5752
2374.278	5643
2376.262	5718
2378.247	5722
2380.23	5638
2382.216	5723
2384.199	5576
2386.181	5678
2388.163	5748
2390.144	5606
2392.127	5717
2394.107	5567
2396.087	5749
2398.066	5713
2400.046	5754
2402.023	5706
2404.004	5631
2405.981	5625
2407.957	5691
2409.934	5627
2411.91	5718
2413.886	5693
2415.862	5719
2417.836	5595
2419.809	5678
2421.784	5604
2423.756	5599
2425.73	5521
2427.701	5662
2429.672	5668
2431.644	5671
2433.615	5543
2435.586	5656
2437.555	5656
2439.523	5588
2441.491	5580
2443.459	5661
2445.428	5704
2447.395	5799
2449.361	5584
2451.327	5686
2453.292	5662
2455.257	5680
2457.223	5705
2459.187	5561
2461.15	5518
2463.113	5623
2465.076	5802
2467.039	5587
2468.999	5607
2470.96	5530
2472.921	5602
2474.881	5572
2476.841	5665
2478.8	5509
2480.759	5563
2482.717	5578
2484.675	5578
2486.63	5570
2488.589	5591
2490.545	5596
2492.5	5449
2494.455	5535
2496.408	5616
2498.364	5538
2500.318	5518
2502.27	5510
2504.223	5500
2506.174	5567
2508.126	5565
2510.078	5540
2512.03	5504
2513.979	5547
2515.927	5430
2517.877	5511
2519.826	5559
2521.775	5526
2523.722	5414
2525.668	5536
2527.616	5533
2529.561	5475
2531.508	5537
2533.452	5526
2535.398	5472
2537.342	5447
2539.284	5514
2541.229	5489
2543.173	5519
2545.114	5444
2547.055	5523
2548.996	5505
2550.938	5472
2552.878	5468
2554.817	5548
2556.756	5425
2558.695	5456
2560.633	5527
2562.572	5531
2564.509	5591
2566.445	5632
2568.382	5378
2570.317	5548
2572.254	5485
2574.189	5516
2576.123	5453
2578.057	5528
2579.99	5549
2581.923	5518
2583.855	5585
2585.788	5541
2587.719	5551
2589.65	5590
2591.579	5477
2593.511	5457
2595.44	5504
2597.37	5532
2599.297	5545
2601.225	5485
2603.153	5425
2605.08	5605
2607.007	5483
2608.932	5491
2610.858	5500
2612.782	5613
2614.709	5543
2616.632	5473
2618.556	5485
2620.478	5490
2622.401	5464
2624.324	5470
2626.247	5442
2628.167	5551
2630.088	5510
2632.008	5567
2633.928	5599
2635.848	5506
2637.766	5522
2639.684	5432
2641.603	5633
2643.519	5581
2645.437	5567
2647.353	5498
2649.27	5473
2651.184	5672
2653.099	5518
2655.014	5511
2656.928	5570
2658.842	5403
2660.755	5487
2662.667	5502
2664.579	5462
2666.491	5514
2668.402	5552
2670.312	5480
2672.222	5538
2674.132	5451
2676.042	5500
2677.951	5585
2679.859	5499
2681.766	5338
2683.674	5411
2685.582	5434
2687.488	5508
2689.392	5523
2691.298	5453
2693.202	5411
2695.107	5474
2697.012	5449
2698.914	5352
2700.817	5413
2702.72	5437
2704.622	5416
2706.524	5487
2708.425	5399
2710.326	5397
2712.225	5316
2714.125	5339
2716.024	5425
2717.923	5393
2719.822	5440
2721.719	5406
2723.616	5348
2725.512	5388
2727.41	5315
2729.305	5441
2731.201	5399
2733.095	5514
2734.99	5410
2736.884	5406
2738.778	5442
2740.67	5384
2742.562	5450
2744.455	5380
2746.346	5453
2748.238	5420
2750.129	5356
2752.018	5363
2753.907	5363
2755.797	5393
2757.687	5409
2759.575	5366
2761.462	5313
2763.349	5315
2765.237	5357
2767.124	5367
2769.009	5359
2770.894	5414
2772.779	5405
2774.663	5246
2776.547	5409
2778.431	5435
2780.314	5392
2782.197	5399
2784.078	5319
2785.96	5356
2787.842	5340
2789.723	5302
2791.603	5379
2793.483	5249
2795.362	5328
2797.241	5347
2799.121	5346
2800.997	5382
2802.874	5270
2804.751	5310
2806.628	5366
2808.506	5385
2810.38	5345
2812.255	5394
2814.13	5320
2816.003	5406
2817.878	5335
2819.752	5301
2821.623	5243
2823.496	5223
2825.368	5361
2827.238	5297
2829.111	5365
2830.98	5312
2832.851	5323
2834.719	5283
2836.589	5318
2838.458	5390
2840.327	5368
2842.193	5446
2844.061	5340
2845.927	5419
2847.794	5349
2849.66	5420
2851.525	5389
2853.39	5335
2855.254	5492
2857.117	5429
2858.983	5466
2860.845	5382
2862.707	5529
2864.569	5517
2866.431	5619
2868.293	5484
2870.154	5573
2872.013	5654
2873.873	5736
2875.733	5679
2877.592	5846
2879.451	5818
2881.309	5912
2883.166	5778
2885.022	5905
2886.879	5943
2888.736	5968
2890.591	6006
2892.446	6034
2894.301	5965
2896.155	6010
2898.009	5935
2899.863	6007
2901.716	6020
2903.568	5945
2905.419	5849
2907.27	5903
2909.123	5951
2910.973	5917
2912.824	5934
2914.673	6003
2916.521	5912
2918.372	6084
2920.22	6014
2922.067	6166
2923.914	6180
2925.761	6304
2927.607	6152
2929.455	6277
2931.301	6369
2933.144	6453
2934.99	6539
2936.833	6521
2938.678	6616
2940.522	6658
2942.364	6710
2944.207	6639
2946.048	6836
2947.891	6920
2949.731	6844
2951.571	6783
2953.412	6872
2955.25	6780
2957.09	6691
2958.93	6713
2960.767	6628
2962.606	6529
2964.443	6493
2966.279	6459
2968.116	6347
2969.953	6391
2971.788	6146
2973.623	6097
2975.457	6099
2977.292	6063
2979.127	6052
2980.959	6038
2982.792	6039
2984.624	5903
2986.455	5859
2988.288	5864
2990.119	5792
2991.949	5887
2993.779	5791
2995.608	5681
2997.439	5725
2999.268	5724
3001.096	5602
3002.923	5493
3004.751	5490
3006.578	5429
3008.406	5409
3010.232	5349
3012.057	5386
3013.883	5276
3015.706	5336
3017.532	5247
3019.356	5208
3021.179	5292
3023.002	5238
3024.823	5179
3026.646	5150
3028.469	5096
3030.289	5125
3032.11	5140
3033.93	5157
3035.749	5005
3037.57	5157
3039.39	5129
3041.207	5030
3043.026	5142
3044.842	5051
3046.661	5042
3048.477	5101
3050.294	4965
3052.109	5020
3053.925	4915
3055.739	4998
3057.555	5014
3059.368	5062
3061.181	5083
3062.995	4975
3064.807	4981
3066.62	5086
3068.433	5173
3070.243	5040
3072.054	5030
3073.865	5071
3075.675	5025
3077.485	4989
3079.293	5016
3081.102	4909
3082.911	4965
3084.719	4955
3086.527	5013
3088.333	4996
3090.139	4921
3091.945	4892
3093.75	4915
3095.557	4960
3097.361	4956
3099.165	4997
3100.969	4875
3102.772	4806
3104.575	4925
3106.379	4882
3108.181	4857
3109.982	4865
3111.783	4866
3113.584	4814
3115.386	4908
3117.186	4814
3118.985	4852
3120.783	4843
3122.582	4772
3124.381	4818
3126.179	4895
3127.975	4797
3129.772	4637
3131.569	4797
3133.365	4801
3135.161	4733
3136.956	4849
3138.751	4809
3140.544	4830
3142.338	4841
3144.132	4748
3145.925	4749
3147.717	4742
3149.509	4802
3151.301	4715
3153.091	4689
3154.884	4809
3156.673	4773
3158.462	4780
3160.252	4742
3162.041	4727
3163.831	4733
3165.618	4766
3167.405	4719
3169.193	4742
3170.979	4788
3172.767	4712
3174.553	4829
3176.338	4671
3178.123	4782
3179.907	4637
3181.692	4696
3183.477	4861
3185.259	4642
3187.042	4765
3188.824	4698
3190.607	4669
3192.389	4723
3194.17	4708
3195.951	4796
3197.73	4630
3199.51	4733
3201.289	4647
3203.07	4696
3204.848	4616
3206.626	4598
3208.403	4687
3210.18	4708
3211.959	4740
3213.735	4766
3215.511	4656
3217.285	4715
3219.06	4766
3220.836	4782
3222.611	4756
3224.384	4706
3226.158	4763
3227.929	4712
3229.702	4659
3231.476	4609
3233.248	4687
3235.018	4727
3236.789	4722
3238.56	4735
3240.33	4548
3242.1	4624
3243.869	4692
3245.637	4685
3247.405	4656
3249.172	4752
3250.941	4597
3252.707	4707
3254.474	4700
3256.24	4608
3258.006	4645
3259.772	4629
3261.537	4702
3263.301	4650
3265.065	4721
3266.828	4665
3268.592	4581
3270.355	4690
3272.117	4638
3273.878	4702
3275.64	4700
3277.401	4757
3279.162	4740
3280.922	4707
3282.682	4638
3284.441	4645
3286.199	4645
3287.959	4624
3289.716	4654
3291.475	4633
3293.232	4598
3294.988	4669
3296.744	4620
3298.501	4647
3300.256	4610
3302.011	4642
3303.766	4619
3305.52	4651
3307.275	4781
3309.028	4674
3310.781	4592
3312.533	4695
3314.285	4582
3316.038	4662
3317.789	4647
3319.54	4700
3321.289	4640
3323.039	4700
3324.789	4624
3326.539	4588
3328.288	4683
3330.035	4698
3331.783	4644
3333.531	4744
3335.28	4656
3337.025	4672
3338.771	4623
3340.518	4563
3342.262	4632
3344.009	4676
3345.753	4609
3347.497	4667
3349.24	4601
3350.983	4579
3352.726	4536
3354.469	4579
3356.212	4561
3357.952	4570
3359.694	4551
3361.434	4597
3363.176	4534
3364.916	4530
3366.654	4529
3368.394	4596
3370.132	4503
3371.871	4487
3373.61	4543
3375.346	4513
3377.083	4588
3378.82	4514
3380.556	4494
3382.292	4473
3384.027	4438
3385.763	4442
3387.497	4497
3389.231	4495
3390.965	4515
3392.698	4404
3394.431	4411
3396.164	4503
3397.896	4435
3399.627	4437
3401.36	4521
3403.09	4508
3404.82	4475
3406.55	4483
3408.279	4418
3410.01	4404
3411.738	4515
3413.467	4335
3415.194	4435
3416.92	4399
3418.647	4447
3420.375	4452
3422.102	4382
3423.827	4353
3425.553	4366
3427.277	4457
3429.003	4430
3430.727	4372
3432.451	4362
3434.173	4528
3435.896	4388
3437.62	4429
3439.343	4386
3441.063	4385
3442.785	4366
3444.505	4240
3446.226	4276
3447.948	4395
3449.666	4245
3451.386	4356
3453.104	4403
3454.823	4422
3456.541	4226
3458.259	4229
3459.976	4323
3461.693	4235
3463.408	4316
3465.125	4305
3466.841	4202
3468.556	4226
3470.271	4243
3471.985	4193
3473.698	4088
3475.414	4251
3477.126	4237
3478.838	4239
3480.55	4189
3482.263	4216
3483.975	4248
3485.686	4201
3487.396	4222
3489.106	4252
3490.817	4245
3492.526	4190
3494.236	4198
3495.944	4098
3497.652	4196
3499.359	4192
3501.066	4153
3502.775	4085
3504.481	4121
3506.187	4133
3507.893	4098
3509.598	4099
3511.304	4199
3513.009	4143
3514.713	4144
3516.417	4146
3518.12	4118
3519.821	3936
3521.525	4088
3523.228	4106
3524.929	4181
3526.631	4079
3528.33	4083
3530.032	4069
3531.733	4063
3533.433	4138
3535.131	4049
3536.83	4068
3538.529	4037
3540.227	4119
3541.925	3995
3543.623	3967
3545.319	4039
3547.016	4034
3548.712	4026
3550.408	4040
3552.103	4006
3553.798	4002
3555.491	4044
3557.188	4009
3558.88	4043
3560.574	3988
3562.266	4028
3563.959	3982
3565.651	3940
3567.343	3985
3569.035	3968
3570.725	3998
3572.415	3886
3574.106	3970
3575.797	4006
3577.485	3903
3579.174	3956
3580.863	3941
3582.551	3944
3584.238	3931
3585.926	3931
3587.613	4021
3589.3	3870
3590.986	3929
3592.671	3915
3594.357	3807
3596.042	3768
3597.726	3832
3599.41	3890
3601.094	3892
3602.778	3759
3604.461	3829
3606.143	3898
3607.825	3786
3609.507	3777
3611.188	3875
3612.87	3786
3614.551	3785
3616.229	3821
3617.909	3809
3619.589	3803
3621.269	3774
3622.948	3765
3624.625	3731
3626.302	3820
3627.98	3782
3629.657	3754
3631.334	3711
3633.01	3779
3634.686	3701
3636.361	3747
3638.036	3687
3639.712	3724
3641.385	3713
3643.06	3726
3644.732	3672
3646.405	3693
3648.08	3712
3649.751	3665
3651.424	3703
3653.094	3694
3654.766	3746
3656.436	3718
3658.106	3694
3659.777	3674
3661.446	3732
3663.115	3616
3664.783	3659
3666.452	3680
3668.121	3659
3669.788	3630
3671.454	3585
3673.121	3671
3674.789	3581
3676.455	3606
3678.12	3582
3679.784	3651
3681.45	3667
3683.114	3582
3684.779	3614
3686.442	3553
3688.105	3589
3689.768	3666
3691.43	3577
3693.093	3638
3694.754	3629
3696.415	3529
3698.076	3597
3699.736	3545
3701.396	3613
3703.057	3580
3704.716	3631
3706.375	3636
3708.034	3651
3709.692	3564
3711.351	3613
3713.008	3597
3714.665	3545
3716.321	3548
3717.977	3524
3719.634	3612
3721.29	3535
3722.945	3491
3724.598	3607
3726.253	3520
3727.907	3589
3729.561	3552
3731.214	3531
3732.867	3546
3734.518	3546
3736.171	3469
3737.824	3522
3739.474	3647
3741.125	3477
3742.775	3518
3744.425	3604
3746.074	3545
3747.725	3499
3749.373	3523
3751.022	3457
3752.669	3493
3754.318	3476
3755.966	3487
3757.612	3451
3759.259	3459
3760.905	3506
3762.55	3444
3764.197	3515
3765.842	3426
3767.486	3539
3769.131	3450
3770.774	3444
3772.417	3449
3774.061	3396
3775.705	3516
3777.347	3341
3778.988	3434
3780.629	3450
3782.271	3406
3783.912	3351
3785.552	3439
3787.192	3356
3788.831	3461
3790.472	3438
3792.112	3441
3793.75	3452
3795.388	3404
3797.024	3388
3798.661	3392
3800.3	3448
3801.936	3402
3803.572	3360
3805.208	3358
3806.844	3338
3808.48	3371
3810.115	3389
3811.748	3392
3813.382	3297
3815.016	3402
3816.649	3351
3818.283	3330
3819.914	3378
3821.547	3353
3823.178	3246
3824.809	3236
3826.441	3297
3828.072	3354
3829.701	3342
3831.331	3361
3832.96	3355
3834.591	3337
3836.219	3372
3837.847	3316
3839.475	3316
3841.102	3291
3842.729	3322
3844.357	3342
3845.984	3357
3847.609	3351
3849.234	3258
3850.86	3373
3852.485	3367
3854.11	3254
3855.734	3265
3857.357	3264
3858.981	3311
3860.603	3262
3862.227	3287
3863.848	3296
3865.471	3246
3867.092	3233
3868.713	3266
3870.334	3174
3871.954	3281
3873.575	3230
3875.194	3225
3876.813	3234
3878.433	3212
3880.051	3243
3881.669	3208
3883.286	3230
3884.904	3288
3886.52	3248
3888.138	3208
3889.754	3248
3891.37	3186
3892.985	3199
3894.6	3232
3896.216	3167
3897.831	3222
3899.444	3208
3901.058	3217
3902.67	3221
3904.283	3177
3905.897	3185
3907.509	3215
3909.121	3235
3910.731	3243
3912.342	3214
3913.954	3255
3915.563	3229
3917.174	3197
3918.783	3200
3920.391	3158
3922.002	3153
3923.611	3192
3925.218	3145
3926.826	3077
3928.432	3179
3930.039	3230
3931.647	3195
3933.253	3164
3934.859	3175
3936.464	3228
3938.068	3167
3939.675	3204
3941.278	3152
3942.883	3221
3944.486	3122
3946.089	3138
3947.692	3061
3949.295	3097
3950.898	3146
3952.499	3149
3954.1	3157
3955.7	3118
3957.303	3161
3958.903	3087
3960.502	3095
3962.101	3085
3963.7	3155
3965.301	3130
3966.899	3081
3968.497	3041
3970.094	3067
3971.691	3086
3973.288	3018
3974.885	3091
3976.481	3058
3978.077	3191
3979.672	3061
3981.267	3087
3982.863	3036
3984.457	3067
3986.051	3049
3987.645	3043
3989.238	3124
3990.831	3060
3992.425	3000
3994.017	3090
3995.607	3007
3997.199	3018
3998.79	2997
4000.382	3033
4001.973	2969
4003.561	3056
4005.151	3030
4006.741	3030
4008.331	2989
4009.918	2986
4011.507	2971
4013.095	3018
4014.681	2982
4016.269	2993
4017.856	2946
4019.443	3018
4021.028	2968
4022.614	2931
4024.199	2958
4025.785	2956
4027.37	2954
4028.953	2949
4030.536	2963
4032.12	2999
4033.704	3015
4035.287	2889
4036.869	2993
4038.45	2897
4040.032	2927
4041.613	2910
4043.195	2951
4044.776	2927
4046.356	2869
4047.935	2902
4049.515	2969
4051.095	2888
4052.674	2872
4054.251	2932
4055.829	2935
4057.406	2880
4058.985	2947
4060.562	2913
4062.139	2966
4063.715	2854
4065.29	2956
4066.865	2856
4068.442	2906
4070.016	2809
4071.59	2863
4073.164	2889
4074.738	2879
4076.312	2897
4077.885	2935
4079.458	2878
4081.03	2811
4082.602	2891
4084.173	2894
4085.745	2811
4087.315	2841
4088.886	2773
4090.456	2873
4092.026	2820
4093.596	2806
4095.165	2850
4096.734	2812
4098.301	2838
4099.869	2818
4101.437	2875
4103.006	2888
4104.572	2822
4106.139	2876
4107.704	2792
4109.27	2840
4110.837	2847
4112.401	2845
4113.966	2827
4115.53	2821
4117.094	2793
4118.659	2819
4120.223	2751
4121.785	2737
4123.347	2844
4124.909	2812
4126.471	2772
4128.034	2700
4129.595	2807
4131.155	2738
4132.716	2744
4134.275	2745
4135.836	2829
4137.395	2772
4138.955	2761
4140.513	2749
4142.071	2713
4143.628	2704
4145.188	2756
4146.745	2738
4148.302	2693
4149.858	2807
4151.414	2680
4152.971	2703
4154.526	2749
4156.081	2679
4157.635	2711
4159.189	2680
4160.745	2690
4162.298	2735
4163.852	2708
4165.405	2730
4166.957	2654
4168.51	2665
4170.063	2690
4171.614	2719
4173.166	2737
4174.717	2711
4176.267	2747
4177.817	2692
4179.368	2683
4180.917	2650
4182.466	2664
4184.016	2636
4185.564	2669
4187.112	2749
4188.66	2688
4190.207	2628
4191.754	2642
4193.301	2689
4194.848	2619
4196.394	2624
4197.94	2623
4199.484	2603
4201.03	2641
4202.575	2643
4204.12	2649
4205.663	2645
4207.207	2593
4208.75	2635
4210.292	2591
4211.836	2644
4213.378	2623
4214.92	2584
4216.46	2597
4218.002	2535
4219.544	2623
4221.083	2676
4222.625	2543
4224.164	2574
4225.703	2571
4227.244	2680
4228.782	2539
4230.32	2544
4231.857	2699
4233.395	2641
4234.933	2616
4236.471	2651
4238.007	2586
4239.542	2581
4241.078	2561
4242.614	2538
4244.15	2520
4245.685	2549
4247.219	2578
4248.753	2510
4250.287	2507
4251.82	2634
4253.354	2503
4254.887	2544
4256.419	2549
4257.951	2589
4259.483	2593
4261.016	2575
4262.547	2550
4264.078	2553
4265.608	2461
4267.137	2609
4268.668	2564
4270.197	2483
4271.727	2585
4273.254	2594
4274.783	2530
4276.311	2522
4277.84	2496
4279.366	2576
4280.894	2591
4282.42	2506
4283.946	2525
4285.473	2537
4286.998	2506
4288.523	2484
4290.047	2583
4291.572	2528
4293.096	2455
4294.622	2497
4296.144	2474
4297.668	2426
4299.19	2459
4300.713	2507
4302.236	2479
4303.758	2517
4305.279	2506
4306.799	2454
4308.321	2484
4309.842	2507
4311.361	2378
4312.882	2515
4314.401	2476
