400.0961	2469
402.6185	2510
405.1424	2476
407.6635	2439
410.1838	2488
412.7035	2519
415.2225	2552
417.7388	2584
420.2585	2578
422.7754	2619
425.2917	2641
427.8072	2621
430.3221	2598
432.8363	2660
435.3498	2682
437.8626	2649
440.3727	2772
442.8841	2690
445.3969	2680
447.907	2666
450.4142	2668
452.9229	2671
455.4289	2604
457.9362	2649
460.4449	2529
462.9488	2647
465.454	2630
467.9566	2620
470.4604	2581
472.9637	2652
475.4662	2549
477.966	2633
480.4671	2535
482.9656	2562
485.4633	2561
487.9645	2589
490.4608	2585
492.9566	2620
495.4536	2538
497.948	2598
500.4437	2603
502.9387	2656
505.431	2603
507.9226	2657
510.4136	2613
512.9079	2663
515.3975	2604
517.8864	2635
520.3746	2638
522.8622	2630
525.3491	2655
527.8394	2615
530.3249	2636
532.8098	2654
535.2939	2686
537.7774	2629
540.2623	2652
542.7444	2707
545.2259	2662
547.7067	2701
550.1868	2675
552.6683	2645
555.147	2655
557.6231	2662
560.1005	2655
562.5773	2711
565.0534	2713
567.5308	2784
570.0056	2792
572.4776	2789
574.951	2761
577.4237	2790
579.8978	2805
582.3671	2814
584.8378	2887
587.3079	2871
589.7773	2896
592.244	2884
594.714	2800
597.1793	2828
599.6461	2806
602.1121	2730
604.5754	2741
607.0421	2709
609.5042	2788
611.9675	2765
614.4282	2771
616.8902	2739
619.3515	2716
621.8122	2681
624.2702	2738
626.7296	2789
629.1863	2685
631.6423	2729
634.1017	2726
636.5563	2725
639.0104	2730
641.4658	2674
643.9185	2697
646.3725	2654
648.8239	2747
651.2766	2718
653.7266	2744
656.176	2710
658.6247	2751
661.0748	2775
663.5242	2824
665.9709	2806
668.417	2836
670.8624	2754
673.3092	2755
675.7533	2771
678.1968	2815
680.6395	2799
683.0817	2785
685.5251	2750
687.9659	2728
690.4061	2814
692.8456	2792
695.2844	2764
697.7226	2870
700.1621	2855
702.599	2745
705.0332	2772
707.4688	2820
709.9036	2857
712.3399	2866
714.7735	2907
717.2044	2830
719.6367	2867
722.0683	2854
724.4993	2938
726.9296	2846
729.3593	2900
731.7883	2838
734.2147	2921
736.6423	2862
739.0714	2876
741.4958	2882
743.9216	2914
746.3447	2873
748.7691	2908
751.1929	2913
753.616	2928
756.0366	2922
758.4584	3007
760.8776	2921
763.2982	2964
765.718	2962
768.1373	3018
770.5539	2937
772.9698	2944
775.3871	2923
777.8038	3022
780.2178	2926
782.6332	2935
785.0459	3003
787.458	2878
789.8714	2925
792.2842	2955
794.6943	2988
797.1038	2972
799.5127	2909
801.9209	2943
804.3324	2971
806.7393	2930
809.1456	2996
811.5513	3006
813.9562	2999
816.3625	3037
818.7663	2956
821.1693	2953
823.5718	3033
825.9735	3052
828.3746	2979
830.7771	2985
833.177	3060
835.5762	3008
837.9747	3001
840.3727	3068
842.772	3099
845.1666	3070
847.5626	3110
849.958	3057
852.3527	3178
854.7488	3145
857.1403	3198
859.5331	3164
861.9253	3086
864.3168	3109
866.7057	3138
869.098	3080
871.4876	3131
873.8746	3172
876.263	3162
878.6487	3167
881.0378	3114
883.4243	3174
885.8081	3159
888.1933	3124
890.5759	3073
892.9598	3104
895.343	3214
897.7256	3163
900.1057	3133
902.4871	3102
904.8659	3155
907.246	3186
909.6254	3148
912.0023	3197
914.3786	3183
916.7562	3218
919.1331	3312
921.5074	3277
923.8831	3314
926.2562	3365
928.6287	3311
931.0005	3292
933.3757	3398
935.7462	3324
938.1162	3364
940.4855	3453
942.8542	3495
945.2242	3566
947.5916	3752
949.9584	3858
952.3266	4003
954.6921	4226
957.0571	4542
959.4233	4766
961.787	4952
964.15	4663
966.5125	4584
968.8742	4257
971.2354	4056
973.5959	3831
975.9559	3571
978.3151	3492
980.6738	3437
983.0338	3355
985.3912	3315
987.7461	3277
990.1022	3311
992.4578	3261
994.8127	3217
997.1689	3333
999.5207	3199
1001.874	3367
1004.226	3260
1006.576	3285
1008.929	3280
1011.28	3268
1013.628	3341
1015.977	3313
1018.324	3268
1020.674	3244
1023.019	3273
1025.366	3286
1027.713	3296
1030.056	3345
1032.399	3335
1034.746	3433
1037.087	3358
1039.431	3329
1041.771	3307
1044.113	3383
1046.454	3393
1048.793	3335
1051.133	3415
1053.471	3294
1055.807	3316
1058.146	3369
1060.483	3378
1062.818	3414
1065.153	3365
1067.489	3488
1069.822	3417
1072.156	3498
1074.488	3542
1076.82	3555
1079.15	3407
1081.48	3459
1083.814	3411
1086.143	3458
1088.471	3334
1090.799	3433
1093.126	3351
1095.452	3292
1097.78	3252
1100.105	3358
1102.43	3353
1104.754	3365
1107.077	3333
1109.4	3319
1111.722	3377
1114.044	3338
1116.365	3308
1118.685	3235
1121.005	3371
1123.324	3294
1125.643	3311
1127.961	3330
1130.278	3316
1132.595	3340
1134.911	3326
1137.226	3238
1139.541	3207
1141.854	3356
1144.167	3305
1146.482	3327
1148.793	3283
1151.105	3287
1153.414	3294
1155.725	3258
1158.033	3340
1160.344	3267
1162.651	3307
1164.959	3334
1167.265	3321
1169.572	3318
1171.878	3326
1174.184	3292
1176.488	3393
1178.79	3333
1181.094	3349
1183.396	3292
1185.699	3324
1188.001	3268
1190.301	3309
1192.6	3333
1194.9	3324
1197.2	3270
1199.497	3327
1201.794	3266
1204.09	3358
1206.387	3397
1208.684	3281
1210.978	3346
1213.272	3329
1215.565	3314
1217.858	3262
1220.15	3359
1222.443	3358
1224.734	3477
1227.024	3280
1229.313	3365
1231.602	3419
1233.892	3388
1236.18	3478
1238.467	3412
1240.754	3455
1243.04	3445
1245.325	3504
1247.612	3421
1249.896	3598
1252.178	3487
1254.461	3511
1256.743	3542
1259.027	3454
1261.308	3408
1263.587	3537
1265.867	3530
1268.146	3506
1270.425	3446
1272.703	3556
1274.981	3548
1277.256	3513
1279.532	3536
1281.808	3505
1284.083	3439
1286.358	3445
1288.63	3423
1290.904	3385
1293.175	3446
1295.449	3508
1297.719	3427
1299.99	3432
1302.259	3372
1304.529	3384
1306.798	3409
1309.065	3429
1311.333	3445
1313.599	3384
1315.866	3399
1318.131	3458
1320.396	3451
1322.66	3446
1324.925	3502
1327.187	3472
1329.448	3482
1331.711	3512
1333.974	3466
1336.234	3460
1338.493	3514
1340.752	3529
1343.01	3439
1345.269	3379
1347.526	3442
1349.784	3406
1352.04	3451
1354.295	3392
1356.552	3354
1358.806	3347
1361.059	3462
1363.312	3473
1365.564	3393
1367.818	3389
1370.069	3498
1372.318	3479
1374.568	3418
1376.817	3470
1379.066	3494
1381.316	3478
1383.564	3482
1385.809	3454
1388.056	3476
1390.301	3500
1392.549	3521
1394.793	3572
1397.036	3628
1399.279	3595
1401.522	3619
1403.763	3578
1406.007	3615
1408.248	3564
1410.487	3547
1412.727	3468
1414.965	3649
1417.205	3611
1419.442	3654
1421.68	3545
1423.915	3670
1426.152	3575
1428.388	3576
1430.623	3577
1432.857	3638
1435.091	3593
1437.323	3630
1439.556	3595
1441.789	3643
1444.019	3659
1446.25	3634
1448.48	3681
1450.708	3759
1452.938	3661
1455.167	3660
1457.394	3664
1459.62	3716
1461.846	3731
1464.073	3665
1466.299	3620
1468.523	3610
1470.746	3585
1472.969	3521
1475.191	3557
1477.415	3532
1479.636	3533
1481.858	3427
1484.078	3533
1486.298	3507
1488.518	3397
1490.736	3439
1492.954	3482
1495.169	3465
1497.386	3417
1499.602	3340
1501.819	3419
1504.034	3458
1506.248	3403
1508.462	3411
1510.675	3464
1512.888	3361
1515.1	3482
1517.311	3470
1519.522	3394
1521.732	3347
1523.942	3321
1526.151	3390
1528.36	3422
1530.566	3418
1532.773	3451
1534.98	3405
1537.187	3409
1539.392	3444
1541.596	3426
1543.801	3484
1546.005	3454
1548.208	3459
1550.411	3475
1552.612	3495
1554.814	3434
1557.013	3526
1559.212	3524
1561.414	3470
1563.612	3434
1565.811	3505
1568.007	3540
1570.203	3497
1572.403	3518
1574.598	3532
1576.792	3452
1578.988	3503
1581.181	3464
1583.376	3516
1585.568	3627
1587.761	3455
1589.952	3490
1592.143	3563
1594.333	3516
1596.524	3523
1598.715	3569
1600.903	3627
1603.091	3603
1605.278	3561
1607.466	3567
1609.652	3512
1611.838	3590
1614.023	3586
1616.207	3629
1618.391	3598
1620.576	3550
1622.759	3717
1624.941	3585
1627.123	3526
1629.304	3602
1631.484	3603
1633.664	3529
1635.844	3664
1638.022	3597
1640.201	3605
1642.38	3651
1644.556	3677
1646.732	3682
1648.908	3644
1651.084	3581
1653.257	3650
1655.433	3714
1657.607	3607
1659.779	3635
1661.951	3701
1664.122	3693
1666.295	3661
1668.467	3675
1670.635	3657
1672.805	3674
1674.973	3764
1677.142	3682
1679.31	3743
1681.478	3698
1683.644	3664
1685.81	3605
1687.975	3655
1690.142	3636
1692.305	3690
1694.468	3702
1696.632	3551
1698.794	3593
1700.957	3601
1703.119	3574
1705.279	3541
1707.439	3483
1709.598	3597
1711.758	3568
1713.917	3516
1716.075	3515
1718.231	3531
1720.388	3589
1722.543	3534
1724.702	3581
1726.856	3507
1729.01	3541
1731.164	3532
1733.317	3546
1735.471	3546
1737.623	3503
1739.774	3507
1741.925	3661
1744.075	3434
1746.225	3553
1748.376	3525
1750.524	3549
1752.672	3518
1754.82	3576
1756.965	3515
1759.113	3509
1761.259	3632
1763.405	3536
1765.549	3520
1767.694	3564
1769.836	3610
1771.981	3574
1774.123	3584
1776.264	3528
1778.405	3514
1780.546	3519
1782.687	3568
1784.827	3570
1786.966	3610
1789.103	3586
1791.242	3602
1793.381	3558
1795.517	3627
1797.653	3534
1799.788	3502
1801.923	3574
1804.057	3516
1806.193	3513
1808.326	3571
1810.457	3567
1812.59	3487
1814.721	3669
1816.855	3565
1818.984	3561
1821.113	3538
1823.244	3590
1825.372	3569
1827.499	3637
1829.63	3626
1831.756	3515
1833.882	3522
1836.007	3529
1838.132	3635
1840.26	3510
1842.384	3590
1844.507	3550
1846.63	3659
1848.752	3538
1850.875	3516
1852.996	3544
1855.118	3546
1857.238	3590
1859.358	3625
1861.477	3540
1863.597	3579
1865.715	3601
1867.832	3562
1869.948	3594
1872.064	3573
1874.181	3520
1876.297	3523
1878.411	3587
1880.526	3586
1882.639	3641
1884.752	3597
1886.865	3508
1888.977	3469
1891.089	3567
1893.2	3582
1895.308	3594
1897.42	3541
1899.53	3532
1901.639	3574
1903.745	3559
1905.853	3585
1907.962	3595
1910.067	3600
1912.174	3657
1914.278	3650
1916.383	3622
1918.486	3673
1920.592	3582
1922.694	3613
1924.797	3600
1926.898	3533
1929	3619
1931.102	3630
1933.203	3628
1935.301	3662
1937.401	3491
1939.499	3626
1941.598	3583
1943.697	3603
1945.793	3613
1947.888	3591
1949.985	3615
1952.08	3696
1954.176	3565
1956.269	3623
1958.364	3617
1960.457	3624
1962.549	3590
1964.642	3646
1966.733	3589
1968.823	3625
1970.913	3539
1973.005	3525
1975.093	3649
1977.184	3600
1979.271	3641
1981.359	3647
1983.446	3572
1985.532	3546
1987.619	3594
1989.705	3547
1991.789	3589
1993.874	3596
1995.956	3685
1998.041	3568
2000.123	3631
2002.206	3626
2004.287	3579
2006.368	3555
2008.449	3568
2010.529	3553
2012.609	3602
2014.688	3561
2016.766	3598
2018.843	3553
2020.922	3555
2022.999	3559
2025.074	3573
2027.15	3606
2029.225	3637
2031.299	3589
2033.375	3625
2035.447	3567
2037.52	3591
2039.592	3614
2041.664	3425
2043.736	3566
2045.807	3576
2047.876	3610
2049.947	3551
2052.015	3605
2054.086	3653
2056.153	3577
2058.221	3659
2060.288	3577
2062.353	3585
2064.42	3670
2066.486	3564
2068.55	3550
2070.614	3601
2072.678	3614
2074.741	3635
2076.805	3530
2078.866	3608
2080.929	3536
2082.99	3582
2085.049	3579
2087.109	3647
2089.17	3605
2091.228	3550
2093.286	3585
2095.344	3615
2097.4	3628
2099.46	3600
2101.516	3644
2103.572	3651
2105.626	3655
2107.679	3612
2109.735	3593
2111.788	3615
2113.841	3614
2115.894	3646
2117.945	3602
2119.997	3604
2122.049	3575
2124.1	3543
2126.148	3618
2128.197	3649
2130.246	3588
2132.296	3571
2134.342	3622
2136.39	3507
2138.437	3644
2140.483	3694
2142.527	3597
2144.574	3595
2146.619	3580
2148.661	3631
2150.705	3571
2152.747	3539
2154.792	3624
2156.832	3447
2158.874	3556
2160.915	3583
2162.954	3571
2164.995	3615
2167.034	3596
2169.072	3482
2171.111	3559
2173.148	3590
2175.186	3618
2177.223	3581
2179.258	3678
2181.294	3575
2183.328	3525
2185.362	3611
2187.398	3587
2189.431	3594
2191.463	3573
2193.495	3520
2195.528	3586
2197.56	3464
2199.59	3502
2201.62	3476
2203.649	3556
2205.678	3595
2207.708	3512
2209.737	3575
2211.764	3483
2213.791	3512
2215.817	3514
2217.843	3481
2219.87	3578
2221.895	3582
2223.919	3556
2225.942	3633
2227.966	3554
2229.988	3533
2232.012	3500
2234.032	3479
2236.054	3535
2238.074	3514
2240.095	3535
2242.116	3427
2244.135	3548
2246.153	3557
2248.171	3532
2250.188	3514
2252.208	3480
2254.223	3547
2256.239	3589
2258.255	3501
2260.269	3495
2262.283	3462
2264.3	3487
2266.312	3445
2268.325	3581
2270.336	3602
2272.349	3605
2274.362	3488
2276.372	3579
2278.383	3512
2280.392	3599
2282.402	3545
2284.409	3525
2286.418	3515
2288.427	3487
2290.433	3533
2292.441	3569
2294.446	3487
2296.453	3594
2298.459	3607
2300.463	3576
2302.466	3601
2304.471	3504
2306.475	3518
2308.477	3481
2310.478	3551
2312.481	3436
2314.481	3545
2316.481	3436
2318.482	3458
2320.482	3546
2322.48	3489
2324.48	3560
2326.478	3544
2328.476	3560
2330.473	3479
2332.469	3485
2334.465	3493
2336.46	3427
2338.454	3459
2340.45	3513
2342.444	3493
2344.437	3552
2346.43	3463
2348.421	3418
2350.414	3534
2352.405	3522
2354.396	3452
2356.386	3440
2358.376	3525
2360.366	3453
2362.355	3433
2364.343	3476
2366.331	3477
2368.317	3495
2370.304	3507
2372.292	3512
2374.278	3527
2376.262	3448
2378.247	3401
2380.23	3394
2382.216	3430
2384.199	3443
2386.181	3482
2388.163	3449
2390.144	3380
2392.127	3448
2394.107	3435
2396.087	3489
2398.066	3386
2400.046	3446
2402.023	3462
2404.004	3442
2405.981	3489
2407.957	3549
2409.934	3333
2411.91	3468
2413.886	3482
2415.862	3419
2417.836	3411
2419.809	3456
2421.784	3505
2423.756	3371
2425.73	3421
2427.701	3405
2429.672	3433
2431.644	3403
2433.615	3354
2435.586	3383
2437.555	3451
2439.523	3364
2441.491	3506
2443.459	3479
2445.428	3420
2447.395	3378
2449.361	3411
2451.327	3414
2453.292	3433
2455.257	3417
2457.223	3362
2459.187	3342
2461.15	3458
2463.113	3417
2465.076	3345
2467.039	3449
2468.999	3384
2470.96	3391
2472.921	3375
2474.881	3463
2476.841	3406
2478.8	3328
2480.759	3478
2482.717	3337
2484.675	3463
2486.63	3397
2488.589	3460
2490.545	3346
2492.5	3417
2494.455	3380
2496.408	3402
2498.364	3294
2500.318	3373
2502.27	3267
2504.223	3345
2506.174	3348
2508.126	3392
2510.078	3330
2512.03	3338
2513.979	3374
2515.927	3400
2517.877	3396
2519.826	3413
2521.775	3299
2523.722	3367
2525.668	3416
2527.616	3412
2529.561	3395
2531.508	3437
2533.452	3363
2535.398	3352
2537.342	3355
2539.284	3377
2541.229	3415
2543.173	3379
2545.114	3395
2547.055	3390
2548.996	3365
2550.938	3346
2552.878	3442
2554.817	3383
2556.756	3325
2558.695	3336
2560.633	3367
2562.572	3369
2564.509	3418
2566.445	3390
2568.382	3353
2570.317	3380
2572.254	3336
2574.189	3349
2576.123	3395
2578.057	3257
2579.99	3382
2581.923	3403
2583.855	3394
2585.788	3328
2587.719	3303
2589.65	3374
2591.579	3383
2593.511	3422
2595.44	3383
2597.37	3307
2599.297	3379
2601.225	3359
2603.153	3377
2605.08	3433
2607.007	3402
2608.932	3287
2610.858	3285
2612.782	3455
2614.709	3477
2616.632	3352
2618.556	3355
2620.478	3402
2622.401	3357
2624.324	3315
2626.247	3414
2628.167	3388
2630.088	3433
2632.008	3334
2633.928	3441
2635.848	3355
2637.766	3476
2639.684	3416
2641.603	3363
2643.519	3445
2645.437	3417
2647.353	3370
2649.27	3403
2651.184	3373
2653.099	3504
2655.014	3420
2656.928	3328
2658.842	3408
2660.755	3416
2662.667	3424
2664.579	3280
2666.491	3436
2668.402	3440
2670.312	3368
2672.222	3465
2674.132	3324
2676.042	3414
2677.951	3345
2679.859	3437
2681.766	3353
2683.674	3432
2685.582	3407
2687.488	3389
2689.392	3421
2691.298	3339
2693.202	3353
2695.107	3255
2697.012	3321
2698.914	3368
2700.817	3421
2702.72	3294
2704.622	3304
2706.524	3360
2708.425	3313
2710.326	3342
2712.225	3370
2714.125	3360
2716.024	3380
2717.923	3357
2719.822	3398
2721.719	3301
2723.616	3316
2725.512	3389
2727.41	3357
2729.305	3344
2731.201	3376
2733.095	3376
2734.99	3335
2736.884	3364
2738.778	3408
2740.67	3319
2742.562	3337
2744.455	3360
2746.346	3415
2748.238	3335
2750.129	3363
2752.018	3379
2753.907	3319
2755.797	3356
2757.687	3339
2759.575	3320
2761.462	3317
2763.349	3361
2765.237	3374
2767.124	3418
2769.009	3359
2770.894	3390
2772.779	3253
2774.663	3312
2776.547	3364
2778.431	3323
2780.314	3293
2782.197	3335
2784.078	3332
2785.96	3285
2787.842	3341
2789.723	3310
2791.603	3352
2793.483	3368
2795.362	3358
2797.241	3347
2799.121	3330
2800.997	3321
2802.874	3303
2804.751	3320
2806.628	3324
2808.506	3317
2810.38	3270
2812.255	3393
2814.13	3333
2816.003	3313
2817.878	3376
2819.752	3377
2821.623	3322
2823.496	3340
2825.368	3398
2827.238	3257
2829.111	3341
2830.98	3322
2832.851	3279
2834.719	3295
2836.589	3383
2838.458	3375
2840.327	3286
2842.193	3335
2844.061	3397
2845.927	3351
2847.794	3333
2849.66	3392
2851.525	3386
2853.39	3352
2855.254	3435
2857.117	3438
2858.983	3445
2860.845	3345
2862.707	3401
2864.569	3468
2866.431	3403
2868.293	3536
2870.154	3629
2872.013	3633
2873.873	3579
2875.733	3715
2877.592	3675
2879.451	3701
2881.309	3818
2883.166	3768
2885.022	3771
2886.879	3788
2888.736	3783
2890.591	3812
2892.446	3868
2894.301	3820
2896.155	3788
2898.009	3823
2899.863	3828
2901.716	3734
2903.568	3865
2905.419	3745
2907.27	3707
2909.123	3756
2910.973	3850
2912.824	3904
2914.673	3885
2916.521	3910
2918.372	4081
2920.22	3967
2922.067	4005
2923.914	4001
2925.761	4055
2927.607	4210
2929.455	4185
2931.301	4237
2933.144	4251
2934.99	4279
2936.833	4286
2938.678	4346
2940.522	4329
2942.364	4512
2944.207	4531
2946.048	4549
2947.891	4591
2949.731	4543
2951.571	4490
2953.412	4531
2955.25	4448
2957.09	4395
2958.93	4292
2960.767	4352
2962.606	4300
2964.443	4281
2966.279	4251
2968.116	4150
2969.953	4192
2971.788	4024
2973.623	4047
2975.457	3975
2977.292	3990
2979.127	3884
2980.959	3885
2982.792	3909
2984.624	3931
2986.455	3799
2988.288	3789
2990.119	3778
2991.949	3773
2993.779	3851
2995.608	3713
2997.439	3802
2999.268	3669
3001.096	3639
3002.923	3631
3004.751	3634
3006.578	3496
3008.406	3531
3010.232	3510
3012.057	3494
3013.883	3434
3015.706	3514
3017.532	3399
3019.356	3368
3021.179	3370
3023.002	3299
3024.823	3288
3026.646	3292
3028.469	3244
3030.289	3261
3032.11	3233
3033.93	3245
3035.749	3258
3037.57	3231
3039.39	3201
3041.207	3294
3043.026	3286
3044.842	3366
3046.661	3264
3048.477	3218
3050.294	3252
3052.109	3289
3053.925	3250
3055.739	3266
3057.555	3324
3059.368	3126
3061.181	3197
3062.995	3247
3064.807	3255
3066.62	3180
3068.433	3204
3070.243	3261
3072.054	3249
3073.865	3238
3075.675	3237
3077.485	3189
3079.293	3207
3081.102	3226
3082.911	3286
3084.719	3135
3086.527	3200
3088.333	3167
3090.139	3177
3091.945	3134
3093.75	3149
3095.557	3210
3097.361	3126
3099.165	3190
3100.969	3194
3102.772	3180
3104.575	3163
3106.379	3159
3108.181	3142
3109.982	3131
3111.783	3108
3113.584	3076
3115.386	3122
3117.186	3019
3118.985	3107
3120.783	3080
3122.582	3232
3124.381	3063
3126.179	3107
3127.975	3081
3129.772	3114
3131.569	2932
3133.365	3132
3135.161	3090
3136.956	3072
3138.751	3027
3140.544	3083
3142.338	3062
3144.132	3096
3145.925	3058
3147.717	3026
3149.509	3100
3151.301	3050
3153.091	3033
3154.884	3050
3156.673	3046
3158.462	3075
3160.252	3126
3162.041	3015
3163.831	3094
3165.618	3081
3167.405	3107
3169.193	3041
3170.979	3000
3172.767	3077
3174.553	3145
3176.338	3093
3178.123	3034
3179.907	3045
3181.692	3139
3183.477	3066
3185.259	3090
3187.042	3086
3188.824	3124
3190.607	3056
3192.389	3049
3194.17	3155
3195.951	3056
3197.73	3055
3199.51	3059
3201.289	3026
3203.07	3059
3204.848	3137
3206.626	3034
3208.403	3060
3210.18	3059
3211.959	3010
3213.735	3040
3215.511	3101
3217.285	3032
3219.06	3090
3220.836	3072
3222.611	3083
3224.384	3223
3226.158	3028
3227.929	3024
3229.702	3084
3231.476	3057
3233.248	3046
3235.018	3092
3236.789	3107
3238.56	3070
3240.33	3072
3242.1	3118
3243.869	3089
3245.637	3100
3247.405	3074
3249.172	3149
3250.941	3093
3252.707	3121
3254.474	3140
3256.24	3088
3258.006	3048
3259.772	3089
3261.537	3057
3263.301	3125
3265.065	3111
3266.828	2990
3268.592	3087
3270.355	3115
3272.117	3103
3273.878	3076
3275.64	3052
3277.401	3031
3279.162	3026
3280.922	3091
3282.682	3033
3284.441	3155
3286.199	3077
3287.959	3093
3289.716	3043
3291.475	3135
3293.232	3074
3294.988	3092
3296.744	3136
3298.501	3129
3300.256	3071
3302.011	3147
3303.766	2986
3305.52	3135
3307.275	3069
3309.028	2990
3310.781	3089
3312.533	3114
3314.285	3058
3316.038	3130
3317.789	3072
3319.54	3127
3321.289	3063
3323.039	3067
3324.789	3092
3326.539	3143
3328.288	3026
3330.035	3088
3331.783	3163
3333.531	3059
3335.28	3077
3337.025	3100
3338.771	3110
3340.518	3049
3342.262	3027
3344.009	3057
3345.753	3058
3347.497	2994
3349.24	3126
3350.983	3079
3352.726	3052
3354.469	2980
3356.212	2985
3357.952	3012
3359.694	3075
3361.434	3065
3363.176	3032
3364.916	3009
3366.654	3031
3368.394	2992
3370.132	3008
3371.871	3056
3373.61	3004
3375.346	3085
3377.083	3046
3378.82	3020
3380.556	3103
3382.292	2989
3384.027	2913
3385.763	2936
3387.497	2926
3389.231	2959
3390.965	2988
3392.698	3012
3394.431	2963
3396.164	3070
3397.896	2939
3399.627	2981
3401.36	2972
3403.09	2989
3404.82	2948
3406.55	3044
3408.279	2899
3410.01	3007
3411.738	3003
3413.467	2954
3415.194	2932
3416.92	2972
3418.647	3055
3420.375	3008
3422.102	2940
3423.827	2888
3425.553	2911
3427.277	2986
3429.003	2898
3430.727	2928
3432.451	2913
3434.173	2903
3435.896	2893
3437.62	2861
3439.343	2859
3441.063	2998
3442.785	2866
3444.505	2935
3446.226	2855
3447.948	2835
3449.666	2941
3451.386	2932
3453.104	2858
3454.823	2928
3456.541	2879
3458.259	2851
3459.976	2905
3461.693	2889
3463.408	2849
3465.125	2838
3466.841	2866
3468.556	2801
3470.271	2873
3471.985	2863
3473.698	2849
3475.414	2836
3477.126	2858
3478.838	2790
3480.55	2874
3482.263	2819
3483.975	2747
3485.686	2756
3487.396	2756
3489.106	2852
3490.817	2755
3492.526	2767
3494.236	2769
3495.944	2800
3497.652	2751
3499.359	2794
3501.066	2801
3502.775	2794
3504.481	2772
3506.187	2687
3507.893	2795
3509.598	2715
3511.304	2743
3513.009	2658
3514.713	2785
3516.417	2731
3518.12	2778
3519.821	2701
3521.525	2738
3523.228	2714
3524.929	2699
3526.631	2690
3528.33	2687
3530.032	2710
3531.733	2743
3533.433	2694
3535.131	2660
3536.83	2702
3538.529	2713
3540.227	2761
3541.925	2679
3543.623	2759
3545.319	2661
3547.016	2713
3548.712	2731
3550.408	2681
3552.103	2657
3553.798	2669
3555.491	2649
3557.188	2659
3558.88	2679
3560.574	2654
3562.266	2584
3563.959	2723
3565.651	2611
3567.343	2617
3569.035	2665
3570.725	2611
3572.415	2622
3574.106	2658
3575.797	2604
3577.485	2621
3579.174	2585
3580.863	2591
3582.551	2593
3584.238	2603
3585.926	2665
3587.613	2574
3589.3	2521
3590.986	2567
3592.671	2570
3594.357	2591
3596.042	2642
3597.726	2561
3599.41	2561
3601.094	2575
3602.778	2522
3604.461	2497
3606.143	2620
3607.825	2561
3609.507	2464
3611.188	2572
3612.87	2468
3614.551	2569
3616.229	2523
3617.909	2527
3619.589	2533
3621.269	2538
3622.948	2487
3624.625	2468
3626.302	2521
3627.98	2510
3629.657	2490
3631.334	2494
3633.01	2463
3634.686	2366
3636.361	2494
3638.036	2520
3639.712	2474
3641.385	2426
3643.06	2494
3644.732	2429
3646.405	2471
3648.08	2436
3649.751	2449
3651.424	2440
3653.094	2378
3654.766	2508
3656.436	2438
3658.106	2435
3659.777	2445
3661.446	2450
3663.115	2448
3664.783	2418
3666.452	2455
3668.121	2348
3669.788	2479
3671.454	2440
3673.121	2415
3674.789	2404
3676.455	2411
3678.12	2453
3679.784	2418
3681.45	2400
3683.114	2393
3684.779	2396
3686.442	2398
3688.105	2427
3689.768	2375
3691.43	2379
3693.093	2411
3694.754	2407
3696.415	2436
3698.076	2382
3699.736	2347
3701.396	2355
3703.057	2373
3704.716	2322
3706.375	2384
3708.034	2334
3709.692	2383
3711.351	2371
3713.008	2370
3714.665	2361
3716.321	2308
3717.977	2446
3719.634	2440
3721.29	2375
3722.945	2342
3724.598	2381
3726.253	2344
3727.907	2339
3729.561	2314
3731.214	2364
3732.867	2382
3734.518	2314
3736.171	2350
3737.824	2384
3739.474	2337
3741.125	2367
3742.775	2357
3744.425	2283
3746.074	2381
3747.725	2293
3749.373	2310
3751.022	2307
3752.669	2358
3754.318	2359
3755.966	2260
3757.612	2333
3759.259	2242
3760.905	2287
3762.55	2333
3764.197	2329
3765.842	2343
3767.486	2318
3769.131	2258
3770.774	2299
3772.417	2308
3774.061	2286
3775.705	2280
3777.347	2291
3778.988	2344
3780.629	2279
3782.271	2273
3783.912	2246
3785.552	2223
3787.192	2338
3788.831	2305
3790.472	2263
3792.112	2303
3793.75	2271
3795.388	2250
3797.024	2263
3798.661	2217
3800.3	2258
3801.936	2252
3803.572	2224
3805.208	2286
3806.844	2229
3808.48	2225
3810.115	2209
3811.748	2215
3813.382	2258
3815.016	2225
3816.649	2217
3818.283	2193
3819.914	2233
3821.547	2211
3823.178	2200
3824.809	2191
3826.441	2174
3828.072	2189
3829.701	2257
3831.331	2202
3832.96	2212
3834.591	2243
3836.219	2240
3837.847	2179
3839.475	2234
3841.102	2175
3842.729	2206
3844.357	2214
3845.984	2150
3847.609	2165
3849.234	2253
3850.86	2179
3852.485	2183
3854.11	2191
3855.734	2170
3857.357	2176
3858.981	2162
3860.603	2199
3862.227	2154
3863.848	2251
3865.471	2216
3867.092	2198
3868.713	2200
3870.334	2167
3871.954	2150
3873.575	2195
3875.194	2111
3876.813	2207
3878.433	2157
3880.051	2163
3881.669	2205
3883.286	2167
3884.904	2134
3886.52	2114
3888.138	2200
3889.754	2163
3891.37	2192
3892.985	2130
3894.6	2131
3896.216	2172
3897.831	2143
3899.444	2150
3901.058	2161
3902.67	2133
3904.283	2159
3905.897	2135
3907.509	2164
3909.121	2201
3910.731	2166
3912.342	2077
3913.954	2108
3915.563	2174
3917.174	2158
3918.783	2106
3920.391	2177
3922.002	2113
3923.611	2194
3925.218	2128
3926.826	2137
3928.432	2145
3930.039	2128
3931.647	2137
3933.253	2082
3934.859	2087
3936.464	2161
3938.068	2126
3939.675	2117
3941.278	2049
3942.883	2183
3944.486	2117
3946.089	2140
3947.692	2112
3949.295	2070
3950.898	2167
3952.499	2099
3954.1	2201
3955.7	2100
3957.303	2059
3958.903	2096
3960.502	2102
3962.101	2113
3963.7	2098
3965.301	2065
3966.899	2103
3968.497	2092
3970.094	2042
3971.691	2070
3973.288	2046
3974.885	2085
3976.481	2142
3978.077	2129
3979.672	2088
3981.267	2056
3982.863	2063
3984.457	2059
3986.051	2051
3987.645	2091
3989.238	2087
3990.831	2058
3992.425	2080
3994.017	2062
3995.607	2054
3997.199	2039
3998.79	2083
4000.382	2054
4001.973	1983
4003.561	2018
4005.151	1997
4006.741	2096
4008.331	2046
4009.918	2029
4011.507	2033
4013.095	2061
4014.681	2009
4016.269	2037
4017.856	2026
4019.443	2013
4021.028	2019
4022.614	2050
4024.199	2042
4025.785	2045
4027.37	2041
4028.953	1976
4030.536	1982
4032.12	2010
4033.704	1975
4035.287	2022
4036.869	1992
4038.45	1994
4040.032	2029
4041.613	2033
4043.195	1977
4044.776	2015
4046.356	2029
4047.935	2018
4049.515	1908
4051.095	1991
4052.674	1971
4054.251	1964
4055.829	2001
4057.406	1970
4058.985	1967
4060.562	1987
4062.139	1902
4063.715	1957
4065.29	1973
4066.865	1995
4068.442	1946
4070.016	1983
4071.59	1932
4073.164	1987
4074.738	1919
4076.312	2000
4077.885	1962
4079.458	1958
4081.03	1966
4082.602	1972
4084.173	1979
4085.745	1979
4087.315	1918
4088.886	1975
4090.456	1944
4092.026	1984
4093.596	1911
4095.165	1988
4096.734	1931
4098.301	1916
4099.869	1930
4101.437	1901
4103.006	1963
4104.572	1942
4106.139	1910
4107.704	1926
4109.27	1917
4110.837	1899
4112.401	1953
4113.966	1939
4115.53	1974
4117.094	1878
4118.659	1884
4120.223	1888
4121.785	1911
4123.347	1955
4124.909	1886
4126.471	1898
4128.034	1911
4129.595	1908
4131.155	1971
4132.716	1891
4134.275	1906
4135.836	1905
4137.395	1931
4138.955	1957
4140.513	1906
4142.071	1852
4143.628	1847
4145.188	1851
4146.745	1834
4148.302	1819
4149.858	1861
4151.414	1945
4152.971	1921
4154.526	1907
4156.081	1866
4157.635	1833
4159.189	1914
4160.745	1858
4162.298	1854
4163.852	1854
4165.405	1873
4166.957	1893
4168.51	1847
4170.063	1841
4171.614	1863
4173.166	1802
4174.717	1852
4176.267	1843
4177.817	1850
4179.368	1870
4180.917	1861
4182.466	1799
4184.016	1863
4185.564	1841
4187.112	1828
4188.66	1780
4190.207	1838
4191.754	1785
4193.301	1841
4194.848	1841
4196.394	1825
4197.94	1837
4199.484	1823
4201.03	1783
4202.575	1811
4204.12	1841
4205.663	1820
4207.207	1792
4208.75	1787
4210.292	1785
4211.836	1821
4213.378	1807
4214.92	1809
4216.46	1783
4218.002	1822
4219.544	1804
4221.083	1824
4222.625	1805
4224.164	1780
4225.703	1821
4227.244	1833
4228.782	1790
4230.32	1760
4231.857	1815
4233.395	1796
4234.933	1790
4236.471	1832
4238.007	1806
4239.542	1807
4241.078	1784
4242.614	1805
4244.15	1800
4245.685	1758
4247.219	1774
4248.753	1795
4250.287	1840
4251.82	1793
4253.354	1810
4254.887	1779
4256.419	1773
4257.951	1795
4259.483	1811
4261.016	1786
4262.547	1756
4264.078	1733
4265.608	1832
4267.137	1822
4268.668	1770
4270.197	1783
4271.727	1748
4273.254	1798
4274.783	1743
4276.311	1736
4277.84	1756
4279.366	1740
4280.894	1782
4282.42	1743
4283.946	1771
4285.473	1771
4286.998	1738
4288.523	1748
4290.047	1794
4291.572	1789
4293.096	1771
4294.622	1775
4296.144	1758
4297.668	1758
4299.19	1733
4300.713	1739
4302.236	1770
4303.758	1770
4305.279	1735
4306.799	1733
4308.321	1727
4309.842	1727
4311.361	1714
4312.882	1687
4314.401	1734
