400.0961	2644
402.6185	2666
405.1424	2686
407.6635	2675
410.1838	2655
412.7035	2698
415.2225	2760
417.7388	2752
420.2585	2692
422.7754	2792
425.2917	2879
427.8072	2877
430.3221	2889
432.8363	2954
435.3498	2889
437.8626	2931
440.3727	2871
442.8841	2852
445.3969	2916
447.907	2895
450.4142	2863
452.9229	2836
455.4289	2877
457.9362	2819
460.4449	2803
462.9488	2833
465.454	2851
467.9566	2823
470.4604	2845
472.9637	2802
475.4662	2842
477.966	2870
480.4671	2830
482.9656	2824
485.4633	2868
487.9645	2920
490.4608	2868
492.9566	2853
495.4536	2898
497.948	2934
500.4437	2934
502.9387	2870
505.431	2977
507.9226	2870
510.4136	2953
512.9079	2879
515.3975	2916
517.8864	2933
520.3746	2922
522.8622	2868
525.3491	2913
527.8394	2896
530.3249	2950
532.8098	2978
535.2939	2964
537.7774	2911
540.2623	2952
542.7444	2977
545.2259	2968
547.7067	2915
550.1868	3023
552.6683	2986
555.147	3000
557.6231	3058
560.1005	2944
562.5773	2995
565.0534	2918
567.5308	3035
570.0056	3023
572.4776	3058
574.951	3038
577.4237	3073
579.8978	3116
582.3671	3061
584.8378	3106
587.3079	2976
589.7773	3116
592.244	3103
594.714	3073
597.1793	3093
599.6461	3030
602.1121	2924
604.5754	3135
607.0421	3034
609.5042	3053
611.9675	3024
614.4282	3005
616.8902	3029
619.3515	3022
621.8122	3052
624.2702	3020
626.7296	3063
629.1863	3043
631.6423	3025
634.1017	3033
636.5563	2995
639.0104	2952
641.4658	3051
643.9185	2991
646.3725	3035
648.8239	2942
651.2766	3058
653.7266	3072
656.176	3094
658.6247	3143
661.0748	3014
663.5242	3050
665.9709	3088
668.417	3036
670.8624	3096
673.3092	3061
675.7533	3119
678.1968	3119
680.6395	3108
683.0817	3107
685.5251	3127
687.9659	3157
690.4061	3098
692.8456	3201
695.2844	3103
697.7226	3088
700.1621	3137
702.599	3104
705.0332	3149
707.4688	3136
709.9036	3191
712.3399	3171
714.7735	3213
717.2044	3173
719.6367	3281
722.0683	3153
724.4993	3159
726.9296	3268
729.3593	3193
731.7883	3194
734.2147	3243
736.6423	3197
739.0714	3325
741.4958	3224
743.9216	3193
746.3447	3215
748.7691	3305
751.1929	3307
753.616	3298
756.0366	3322
758.4584	3261
760.8776	3297
763.2982	3313
765.718	3332
768.1373	3372
770.5539	3261
772.9698	3350
775.3871	3298
777.8038	3285
780.2178	3391
782.6332	3411
785.0459	3335
787.458	3316
789.8714	3216
792.2842	3340
794.6943	3294
797.1038	3300
799.5127	3240
801.9209	3296
804.3324	3354
806.7393	3312
809.1456	3284
811.5513	3389
813.9562	3336
816.3625	3430
818.7663	3357
821.1693	3422
823.5718	3358
825.9735	3441
828.3746	3376
830.7771	3408
833.177	3395
835.5762	3371
837.9747	3382
840.3727	3372
842.772	3405
845.1666	3365
847.5626	3482
849.958	3412
852.3527	3496
854.7488	3486
857.1403	3452
859.5331	3506
861.9253	3528
864.3168	3494
866.7057	3402
869.098	3442
871.4876	3470
873.8746	3389
876.263	3378
878.6487	3380
881.0378	3404
883.4243	3431
885.8081	3432
888.1933	3457
890.5759	3519
892.9598	3503
895.343	3445
897.7256	3517
900.1057	3497
902.4871	3507
904.8659	3482
907.246	3422
909.6254	3549
912.0023	3480
914.3786	3499
916.7562	3509
919.1331	3621
921.5074	3627
923.8831	3655
926.2562	3657
928.6287	3621
931.0005	3651
933.3757	3631
935.7462	3722
938.1162	3739
940.4855	3733
942.8542	3716
945.2242	3845
947.5916	3876
949.9584	4008
952.3266	4099
954.6921	4304
957.0571	4482
959.4233	4664
961.787	4755
964.15	4701
966.5125	4579
968.8742	4267
971.2354	4044
973.5959	3944
975.9559	3810
978.3151	3655
980.6738	3581
983.0338	3708
985.3912	3613
987.7461	3648
990.1022	3658
992.4578	3561
994.8127	3566
997.1689	3726
999.5207	3608
1001.874	3671
1004.226	3628
1006.576	3718
1008.929	3714
1011.28	3579
1013.628	3636
1015.977	3632
1018.324	3577
1020.674	3660
1023.019	3663
1025.366	3609
1027.713	3651
1030.056	3603
1032.399	3685
1034.746	3697
1037.087	3688
1039.431	3741
1041.771	3644
1044.113	3683
1046.454	3670
1048.793	3767
1051.133	3646
1053.471	3642
1055.807	3791
1058.146	3692
1060.483	3668
1062.818	3771
1065.153	3749
1067.489	3799
1069.822	3826
1072.156	3750
1074.488	3851
1076.82	3791
1079.15	3688
1081.48	3821
1083.814	3734
1086.143	3669
1088.471	3748
1090.799	3663
1093.126	3752
1095.452	3746
1097.78	3725
1100.105	3644
1102.43	3740
1104.754	3626
1107.077	3643
1109.4	3716
1111.722	3645
1114.044	3710
1116.365	3660
1118.685	3736
1121.005	3621
1123.324	3695
1125.643	3674
1127.961	3659
1130.278	3722
1132.595	3697
1134.911	3663
1137.226	3675
1139.541	3678
1141.854	3708
1144.167	3641
1146.482	3616
1148.793	3619
1151.105	3694
1153.414	3684
1155.725	3727
1158.033	3708
1160.344	3643
1162.651	3652
1164.959	3696
1167.265	3744
1169.572	3691
1171.878	3686
1174.184	3750
1176.488	3720
1178.79	3668
1181.094	3804
1183.396	3720
1185.699	3692
1188.001	3776
1190.301	3746
1192.6	3641
1194.9	3699
1197.2	3720
1199.497	3679
1201.794	3713
1204.09	3761
1206.387	3740
1208.684	3719
1210.978	3668
1213.272	3732
1215.565	3728
1217.858	3827
1220.15	3688
1222.443	3749
1224.734	3754
1227.024	3837
1229.313	3752
1231.602	3865
1233.892	3896
1236.18	3737
1238.467	3800
1240.754	3768
1243.04	3905
1245.325	3865
1247.612	3903
1249.896	4017
1252.178	3926
1254.461	3857
1256.743	3880
1259.027	3995
1261.308	3835
1263.587	4009
1265.867	3874
1268.146	3970
1270.425	3913
1272.703	3964
1274.981	3911
1277.256	3910
1279.532	3980
1281.808	3913
1284.083	3853
1286.358	3942
1288.63	3821
1290.904	3836
1293.175	3857
1295.449	3773
1297.719	3919
1299.99	3917
1302.259	3797
1304.529	3817
1306.798	3890
1309.065	3824
1311.333	3885
1313.599	3810
1315.866	3810
1318.131	3831
1320.396	3855
1322.66	3823
1324.925	3847
1327.187	3820
1329.448	3733
1331.711	3784
1333.974	3855
1336.234	3830
1338.493	3837
1340.752	3908
1343.01	3847
1345.269	3825
1347.526	3863
1349.784	3890
1352.04	3885
1354.295	3896
1356.552	3815
1358.806	3866
1361.059	3772
1363.312	3827
1365.564	3876
1367.818	3846
1370.069	3812
1372.318	3871
1374.568	3785
1376.817	3913
1379.066	3816
1381.316	4000
1383.564	3940
1385.809	3903
1388.056	3837
1390.301	3913
1392.549	3938
1394.793	4022
1397.036	3957
1399.279	4048
1401.522	3958
1403.763	3981
1406.007	4011
1408.248	3964
1410.487	3977
1412.727	3894
1414.965	3958
1417.205	3955
1419.442	4006
1421.68	4070
1423.915	3979
1426.152	4048
1428.388	3932
1430.623	4106
1432.857	4014
1435.091	4013
1437.323	3997
1439.556	4069
1441.789	4103
1444.019	4010
1446.25	4083
1448.48	4138
1450.708	4140
1452.938	4134
1455.167	4154
1457.394	4209
1459.62	4087
1461.846	4085
1464.073	4070
1466.299	4158
1468.523	4042
1470.746	4004
1472.969	4081
1475.191	3898
1477.415	4008
1479.636	3918
1481.858	4006
1484.078	3999
1486.298	3905
1488.518	3983
1490.736	3963
1492.954	3893
1495.169	3849
1497.386	3859
1499.602	3897
1501.819	3964
1504.034	3873
1506.248	3879
1508.462	3870
1510.675	3945
1512.888	3830
1515.1	3764
1517.311	3816
1519.522	3857
1521.732	3860
1523.942	3899
1526.151	3880
1528.36	3918
1530.566	3941
1532.773	3853
1534.98	3942
1537.187	3935
1539.392	3969
1541.596	3898
1543.801	3873
1546.005	3960
1548.208	3941
1550.411	3926
1552.612	3917
1554.814	3966
1557.013	3880
1559.212	3911
1561.414	3997
1563.612	3965
1565.811	3933
1568.007	3998
1570.203	4023
1572.403	3983
1574.598	3993
1576.792	4030
1578.988	3999
1581.181	4005
1583.376	3988
1585.568	4002
1587.761	4027
1589.952	4026
1592.143	4014
1594.333	4008
1596.524	4030
1598.715	4057
1600.903	4037
1603.091	4011
1605.278	3989
1607.466	4023
1609.652	4010
1611.838	3991
1614.023	4075
1616.207	3981
1618.391	4010
1620.576	4068
1622.759	3991
1624.941	4086
1627.123	4066
1629.304	4107
1631.484	4033
1633.664	4102
1635.844	4230
1638.022	4082
1640.201	4175
1642.38	4134
1644.556	3994
1646.732	4133
1648.908	4066
1651.084	4127
1653.257	4107
1655.433	4092
1657.607	4153
1659.779	4204
1661.951	4120
1664.122	4157
1666.295	4206
1668.467	4196
1670.635	4220
1672.805	4162
1674.973	4193
1677.142	4225
1679.31	4211
1681.478	4126
1683.644	4078
1685.81	4187
1687.975	4100
1690.142	4130
1692.305	4121
1694.468	4099
1696.632	4143
1698.794	4079
1700.957	4061
1703.119	4063
1705.279	4124
1707.439	3960
1709.598	4023
1711.758	4056
1713.917	4032
1716.075	4043
1718.231	4001
1720.388	4086
1722.543	4042
1724.702	4003
1726.856	3962
1729.01	4036
1731.164	3935
1733.317	4082
1735.471	3979
1737.623	4045
1739.774	4076
1741.925	4085
1744.075	4061
1746.225	4057
1748.376	4030
1750.524	4010
1752.672	3936
1754.82	4049
1756.965	4018
1759.113	4036
1761.259	4046
1763.405	4097
1765.549	4024
1767.694	3984
1769.836	4072
1771.981	4073
1774.123	4083
1776.264	4008
1778.405	4061
1780.546	4143
1782.687	3946
1784.827	4091
1786.966	3963
1789.103	4148
1791.242	4118
1793.381	4034
1795.517	4117
1797.653	4060
1799.788	4135
1801.923	4096
1804.057	4170
1806.193	4097
1808.326	4101
1810.457	4062
1812.59	4108
1814.721	4132
1816.855	4099
1818.984	4073
1821.113	4057
1823.244	4071
1825.372	4023
1827.499	3978
1829.63	4185
1831.756	4106
1833.882	3998
1836.007	4068
1838.132	4057
1840.26	4019
1842.384	4041
1844.507	4017
1846.63	4107
1848.752	4014
1850.875	4068
1852.996	4069
1855.118	3946
1857.238	4081
1859.358	4029
1861.477	4056
1863.597	3993
1865.715	4066
1867.832	4002
1869.948	3967
1872.064	3997
1874.181	4098
1876.297	3960
1878.411	4103
1880.526	3940
1882.639	4063
1884.752	4093
1886.865	4141
1888.977	4047
1891.089	4111
1893.2	4013
1895.308	4062
1897.42	4036
1899.53	4092
1901.639	3997
1903.745	4027
1905.853	4129
1907.962	4087
1910.067	4127
1912.174	4014
1914.278	4053
1916.383	4100
1918.486	4019
1920.592	4123
1922.694	4138
1924.797	4140
1926.898	4125
1929	4136
1931.102	4063
1933.203	4012
1935.301	4073
1937.401	4139
1939.499	4164
1941.598	4176
1943.697	4148
1945.793	4200
1947.888	4134
1949.985	4198
1952.08	4130
1954.176	4003
1956.269	4058
1958.364	4064
1960.457	4093
1962.549	4006
1964.642	4121
1966.733	4047
1968.823	4012
1970.913	4096
1973.005	4132
1975.093	4040
1977.184	4110
1979.271	4119
1981.359	4132
1983.446	4080
1985.532	4112
1987.619	4026
1989.705	4006
1991.789	4023
1993.874	3992
1995.956	4022
1998.041	4048
2000.123	4053
2002.206	4065
2004.287	4048
2006.368	3995
2008.449	4112
2010.529	4044
2012.609	4071
2014.688	4034
2016.766	4049
2018.843	4041
2020.922	3990
2022.999	4190
2025.074	4098
2027.15	3999
2029.225	4115
2031.299	4049
2033.375	4069
2035.447	4042
2037.52	4096
2039.592	4061
2041.664	3961
2043.736	4136
2045.807	4008
2047.876	4031
2049.947	4095
2052.015	4032
2054.086	4020
2056.153	4055
2058.221	4133
2060.288	3956
2062.353	4017
2064.42	4102
2066.486	4070
2068.55	4022
2070.614	4002
2072.678	4037
2074.741	4093
2076.805	4126
2078.866	4149
2080.929	4057
2082.99	4041
2085.049	4007
2087.109	4133
2089.17	4143
2091.228	3959
2093.286	4063
2095.344	4122
2097.4	4079
2099.46	4092
2101.516	4105
2103.572	3999
2105.626	4020
2107.679	4143
2109.735	4171
2111.788	4012
2113.841	4012
2115.894	4071
2117.945	4072
2119.997	4084
2122.049	4010
2124.1	4096
2126.148	4050
2128.197	4048
2130.246	4017
2132.296	3991
2134.342	3998
2136.39	4095
2138.437	4027
2140.483	4023
2142.527	4195
2144.574	4060
2146.619	4023
2148.661	4076
2150.705	3977
2152.747	4099
2154.792	4030
2156.832	4076
2158.874	4027
2160.915	4090
2162.954	4103
2164.995	4123
2167.034	4019
2169.072	4003
2171.111	4029
2173.148	3982
2175.186	4071
2177.223	4097
2179.258	4032
2181.294	3998
2183.328	3994
2185.362	3923
2187.398	3975
2189.431	4073
2191.463	4027
2193.495	3875
2195.528	3939
2197.56	3952
2199.59	3931
2201.62	3969
2203.649	3994
2205.678	3961
2207.708	4001
2209.737	3971
2211.764	4006
2213.791	3972
2215.817	3985
2217.843	3998
2219.87	3915
2221.895	3970
2223.919	3952
2225.942	3982
2227.966	3995
2229.988	3947
2232.012	4025
2234.032	4027
2236.054	4072
2238.074	3873
2240.095	3962
2242.116	3960
2244.135	3970
2246.153	3976
2248.171	3979
2250.188	3982
2252.208	4022
2254.223	3853
2256.239	4048
2258.255	3899
2260.269	3902
2262.283	3925
2264.3	3941
2266.312	3989
2268.325	4021
2270.336	3899
2272.349	4042
2274.362	3992
2276.372	4001
2278.383	3912
2280.392	3950
2282.402	3959
2284.409	3998
2286.418	4009
2288.427	3932
2290.433	4031
2292.441	3993
2294.446	3883
2296.453	3976
2298.459	3982
2300.463	3987
2302.466	3991
2304.471	4042
2306.475	3909
2308.477	4004
2310.478	3953
2312.481	3986
2314.481	3950
2316.481	3972
2318.482	3930
2320.482	3926
2322.48	3956
2324.48	3941
2326.478	3974
2328.476	3965
2330.473	3951
2332.469	3947
2334.465	3952
2336.46	3907
2338.454	3929
2340.45	3887
2342.444	3984
2344.437	3973
2346.43	3924
2348.421	3905
2350.414	3876
2352.405	3910
2354.396	3935
2356.386	3889
2358.376	3943
2360.366	3990
2362.355	3853
2364.343	3890
2366.331	3956
2368.317	3829
2370.304	3878
2372.292	3999
2374.278	3901
2376.262	3890
2378.247	3912
2380.23	3933
2382.216	3877
2384.199	3965
2386.181	3860
2388.163	3827
2390.144	3933
2392.127	3968
2394.107	3895
2396.087	3837
2398.066	3856
2400.046	3898
2402.023	3841
2404.004	3804
2405.981	3954
2407.957	3862
2409.934	3846
2411.91	3821
2413.886	3859
2415.862	3941
2417.836	3922
2419.809	3848
2421.784	3798
2423.756	3726
2425.73	3908
2427.701	3824
2429.672	3854
2431.644	3875
2433.615	3824
2435.586	3848
2437.555	3786
2439.523	3805
2441.491	3904
2443.459	3882
2445.428	3813
2447.395	3717
2449.361	3870
2451.327	3897
2453.292	3954
2455.257	3821
2457.223	3806
2459.187	3827
2461.15	3787
2463.113	3870
2465.076	3888
2467.039	3824
2468.999	3882
2470.96	3719
2472.921	3844
2474.881	3866
2476.841	3733
2478.8	3836
2480.759	3876
2482.717	3779
2484.675	3928
2486.63	3778
2488.589	3812
2490.545	3829
2492.5	3814
2494.455	3868
2496.408	3754
2498.364	3717
2500.318	3781
2502.27	3807
2504.223	3833
2506.174	3834
2508.126	3755
2510.078	3758
2512.03	3860
2513.979	3706
2515.927	3739
2517.877	3838
2519.826	3818
2521.775	3869
2523.722	3769
2525.668	3762
2527.616	3775
2529.561	3746
2531.508	3795
2533.452	3792
2535.398	3792
2537.342	3809
2539.284	3680
2541.229	3786
2543.173	3850
2545.114	3770
2547.055	3705
2548.996	3817
2550.938	3845
2552.878	3822
2554.817	3755
2556.756	3790
2558.695	3724
2560.633	3849
2562.572	3775
2564.509	3813
2566.445	3796
2568.382	3731
2570.317	3818
2572.254	3828
2574.189	3776
2576.123	3743
2578.057	3819
2579.99	3796
2581.923	3811
2583.855	3825
2585.788	3815
2587.719	3850
2589.65	3797
2591.579	3747
2593.511	3771
2595.44	3809
2597.37	3873
2599.297	3829
2601.225	3704
2603.153	3834
2605.08	3782
2607.007	3787
2608.932	3743
2610.858	3792
2612.782	3803
2614.709	3839
2616.632	3774
2618.556	3788
2620.478	3826
2622.401	3794
2624.324	3820
2626.247	3769
2628.167	3791
2630.088	3779
2632.008	3848
2633.928	3804
2635.848	3748
2637.766	3859
2639.684	3868
2641.603	3762
2643.519	3773
2645.437	3725
2647.353	3782
2649.27	3888
2651.184	3919
2653.099	3866
2655.014	3748
2656.928	3818
2658.842	3763
2660.755	3827
2662.667	3750
2664.579	3705
2666.491	3817
2668.402	3791
2670.312	3863
2672.222	3759
2674.132	3818
2676.042	3813
2677.951	3782
2679.859	3803
2681.766	3728
2683.674	3801
2685.582	3825
2687.488	3865
2689.392	3765
2691.298	3734
2693.202	3796
2695.107	3784
2697.012	3673
2698.914	3813
2700.817	3722
2702.72	3781
2704.622	3847
2706.524	3717
2708.425	3731
2710.326	3708
2712.225	3762
2714.125	3735
2716.024	3798
2717.923	3731
2719.822	3747
2721.719	3777
2723.616	3738
2725.512	3718
2727.41	3761
2729.305	3727
2731.201	3779
2733.095	3667
2734.99	3787
2736.884	3744
2738.778	3706
2740.67	3731
2742.562	3666
2744.455	3687
2746.346	3692
2748.238	3722
2750.129	3710
2752.018	3732
2753.907	3741
2755.797	3682
2757.687	3720
2759.575	3752
2761.462	3738
2763.349	3769
2765.237	3681
2767.124	3697
2769.009	3727
2770.894	3696
2772.779	3681
2774.663	3699
2776.547	3690
2778.431	3758
2780.314	3775
2782.197	3689
2784.078	3726
2785.96	3682
2787.842	3680
2789.723	3763
2791.603	3733
2793.483	3655
2795.362	3705
2797.241	3749
2799.121	3649
2800.997	3808
2802.874	3665
2804.751	3735
2806.628	3688
2808.506	3799
2810.38	3718
2812.255	3739
2814.13	3607
2816.003	3766
2817.878	3660
2819.752	3620
2821.623	3712
2823.496	3701
2825.368	3734
2827.238	3677
2829.111	3730
2830.98	3671
2832.851	3671
2834.719	3668
2836.589	3670
2838.458	3827
2840.327	3803
2842.193	3749
2844.061	3690
2845.927	3710
2847.794	3717
2849.66	3790
2851.525	3750
2853.39	3754
2855.254	3789
2857.117	3850
2858.983	3746
2860.845	3826
2862.707	3813
2864.569	3908
2866.431	3930
2868.293	3856
2870.154	3888
2872.013	3844
2873.873	3870
2875.733	3959
2877.592	3939
2879.451	3999
2881.309	4088
2883.166	4075
2885.022	4136
2886.879	4081
2888.736	4058
2890.591	4122
2892.446	4060
2894.301	4029
2896.155	3982
2898.009	4070
2899.863	4017
2901.716	4051
2903.568	4052
2905.419	4125
2907.27	4096
2909.123	4061
2910.973	4057
2912.824	4203
2914.673	4188
2916.521	4074
2918.372	4164
2920.22	4173
2922.067	4230
2923.914	4239
2925.761	4335
2927.607	4326
2929.455	4451
2931.301	4420
2933.144	4485
2934.99	4530
2936.833	4483
2938.678	4498
2940.522	4536
2942.364	4493
2944.207	4665
2946.048	4589
2947.891	4666
2949.731	4717
2951.571	4573
2953.412	4634
2955.25	4601
2957.09	4566
2958.93	4507
2960.767	4456
2962.606	4452
2964.443	4356
2966.279	4315
2968.116	4324
2969.953	4248
2971.788	4293
2973.623	4187
2975.457	4237
2977.292	4166
2979.127	4194
2980.959	4173
2982.792	4114
2984.624	4087
2986.455	4157
2988.288	4174
2990.119	4033
2991.949	4055
2993.779	3968
2995.608	4017
2997.439	3899
2999.268	3905
3001.096	3959
3002.923	3892
3004.751	3917
3006.578	3859
3008.406	3815
3010.232	3679
3012.057	3793
3013.883	3734
3015.706	3683
3017.532	3724
3019.356	3670
3021.179	3663
3023.002	3729
3024.823	3640
3026.646	3577
3028.469	3645
3030.289	3592
3032.11	3613
3033.93	3599
3035.749	3575
3037.57	3589
3039.39	3562
3041.207	3563
3043.026	3584
3044.842	3488
3046.661	3537
3048.477	3520
3050.294	3546
3052.109	3599
3053.925	3524
3055.739	3610
3057.555	3584
3059.368	3541
3061.181	3571
3062.995	3546
3064.807	3586
3066.62	3514
3068.433	3529
3070.243	3547
3072.054	3508
3073.865	3536
3075.675	3504
3077.485	3505
3079.293	3453
3081.102	3491
3082.911	3427
3084.719	3534
3086.527	3501
3088.333	3582
3090.139	3502
3091.945	3480
3093.75	3432
3095.557	3480
3097.361	3507
3099.165	3421
3100.969	3410
3102.772	3479
3104.575	3415
3106.379	3429
3108.181	3458
3109.982	3463
3111.783	3362
3113.584	3565
3115.386	3391
3117.186	3479
3118.985	3459
3120.783	3433
3122.582	3457
3124.381	3461
3126.179	3469
3127.975	3342
3129.772	3397
3131.569	3396
3133.365	3335
3135.161	3325
3136.956	3371
3138.751	3430
3140.544	3372
3142.338	3346
3144.132	3349
3145.925	3417
3147.717	3413
3149.509	3351
3151.301	3329
3153.091	3301
3154.884	3346
3156.673	3388
3158.462	3361
3160.252	3364
3162.041	3275
3163.831	3292
3165.618	3308
3167.405	3355
3169.193	3342
3170.979	3357
3172.767	3373
3174.553	3340
3176.338	3330
3178.123	3390
3179.907	3265
3181.692	3368
3183.477	3340
3185.259	3302
3187.042	3236
3188.824	3331
3190.607	3271
3192.389	3385
3194.17	3330
3195.951	3341
3197.73	3325
3199.51	3322
3201.289	3318
3203.07	3255
3204.848	3335
3206.626	3333
3208.403	3387
3210.18	3280
3211.959	3275
3213.735	3375
3215.511	3379
3217.285	3327
3219.06	3310
3220.836	3409
3222.611	3257
3224.384	3308
3226.158	3299
3227.929	3373
3229.702	3380
3231.476	3312
3233.248	3286
3235.018	3360
3236.789	3310
3238.56	3303
3240.33	3297
3242.1	3311
3243.869	3393
3245.637	3298
3247.405	3359
3249.172	3387
3250.941	3316
3252.707	3361
3254.474	3325
3256.24	3301
3258.006	3354
3259.772	3346
3261.537	3287
3263.301	3364
3265.065	3382
3266.828	3340
3268.592	3293
3270.355	3282
3272.117	3316
3273.878	3329
3275.64	3381
3277.401	3280
3279.162	3362
3280.922	3324
3282.682	3322
3284.441	3289
3286.199	3300
3287.959	3340
3289.716	3257
3291.475	3417
3293.232	3306
3294.988	3314
3296.744	3302
3298.501	3410
3300.256	3326
3302.011	3315
3303.766	3318
3305.52	3368
3307.275	3339
3309.028	3345
3310.781	3316
3312.533	3365
3314.285	3298
3316.038	3378
3317.789	3352
3319.54	3430
3321.289	3346
3323.039	3402
3324.789	3290
3326.539	3301
3328.288	3305
3330.035	3333
3331.783	3313
3333.531	3320
3335.28	3324
3337.025	3287
3338.771	3292
3340.518	3263
3342.262	3238
3344.009	3298
3345.753	3247
3347.497	3312
3349.24	3288
3350.983	3329
3352.726	3304
3354.469	3270
3356.212	3234
3357.952	3268
3359.694	3232
3361.434	3210
3363.176	3246
3364.916	3236
3366.654	3252
3368.394	3231
3370.132	3216
3371.871	3277
3373.61	3193
3375.346	3208
3377.083	3224
3378.82	3132
3380.556	3236
3382.292	3176
3384.027	3216
3385.763	3200
3387.497	3150
3389.231	3245
3390.965	3236
3392.698	3092
3394.431	3134
3396.164	3236
3397.896	3180
3399.627	3175
3401.36	3152
3403.09	3187
3404.82	3273
3406.55	3202
3408.279	3127
3410.01	3274
3411.738	3146
3413.467	3080
3415.194	3171
3416.92	3154
3418.647	3190
3420.375	3144
3422.102	3179
3423.827	3140
3425.553	3144
3427.277	3162
3429.003	3083
3430.727	3121
3432.451	3220
3434.173	3096
3435.896	3155
3437.62	3135
3439.343	3133
3441.063	3155
3442.785	3086
3444.505	3045
3446.226	3105
3447.948	3106
3449.666	3102
3451.386	3178
3453.104	3116
3454.823	3053
3456.541	3115
3458.259	3034
3459.976	3097
3461.693	3052
3463.408	3052
3465.125	3073
3466.841	3051
3468.556	3036
3470.271	3121
3471.985	3079
3473.698	3046
3475.414	3087
3477.126	3019
3478.838	3049
3480.55	3037
3482.263	3023
3483.975	3015
3485.686	3056
3487.396	3011
3489.106	2984
3490.817	3006
3492.526	3062
3494.236	2951
3495.944	3063
3497.652	2993
3499.359	3051
3501.066	2999
3502.775	2974
3504.481	3009
3506.187	2965
3507.893	2972
3509.598	2958
3511.304	2964
3513.009	2996
3514.713	2922
3516.417	2910
3518.12	2920
3519.821	2930
3521.525	2924
3523.228	2957
3524.929	2958
3526.631	2939
3528.33	2860
3530.032	2909
3531.733	2882
3533.433	2985
3535.131	2964
3536.83	2886
3538.529	2911
3540.227	2915
3541.925	2987
3543.623	2974
3545.319	2873
3547.016	2869
3548.712	2938
3550.408	2888
3552.103	2967
3553.798	2872
3555.491	2884
3557.188	2898
3558.88	2892
3560.574	2912
3562.266	2930
3563.959	2919
3565.651	2888
3567.343	2842
3569.035	2861
3570.725	2874
3572.415	2877
3574.106	2907
3575.797	2825
3577.485	2861
3579.174	2797
3580.863	2877
3582.551	2853
3584.238	2722
3585.926	2833
3587.613	2815
3589.3	2808
3590.986	2847
3592.671	2870
3594.357	2826
3596.042	2839
3597.726	2799
3599.41	2827
3601.094	2800
3602.778	2798
3604.461	2761
3606.143	2737
3607.825	2753
3609.507	2710
3611.188	2762
3612.87	2772
3614.551	2755
3616.229	2759
3617.909	2684
3619.589	2803
3621.269	2708
3622.948	2737
3624.625	2783
3626.302	2796
3627.98	2714
3629.657	2732
3631.334	2727
3633.01	2742
3634.686	2712
3636.361	2737
3638.036	2675
3639.712	2673
3641.385	2716
3643.06	2643
3644.732	2701
3646.405	2726
3648.08	2684
3649.751	2698
3651.424	2717
3653.094	2605
3654.766	2698
3656.436	2714
3658.106	2656
3659.777	2694
3661.446	2646
3663.115	2653
3664.783	2639
3666.452	2701
3668.121	2657
3669.788	2674
3671.454	2645
3673.121	2651
3674.789	2632
3676.455	2647
3678.12	2561
3679.784	2654
3681.45	2628
3683.114	2665
3684.779	2672
3686.442	2576
3688.105	2641
3689.768	2627
3691.43	2701
3693.093	2599
3694.754	2622
3696.415	2580
3698.076	2689
3699.736	2544
3701.396	2560
3703.057	2636
3704.716	2572
3706.375	2581
3708.034	2532
3709.692	2576
3711.351	2595
3713.008	2564
3714.665	2604
3716.321	2603
3717.977	2579
3719.634	2584
3721.29	2605
3722.945	2610
3724.598	2530
3726.253	2573
3727.907	2550
3729.561	2573
3731.214	2642
3732.867	2574
3734.518	2536
3736.171	2583
3737.824	2602
3739.474	2523
3741.125	2522
3742.775	2566
3744.425	2625
3746.074	2604
3747.725	2490
3749.373	2557
3751.022	2535
3752.669	2516
3754.318	2580
3755.966	2455
3757.612	2492
3759.259	2574
3760.905	2540
3762.55	2509
3764.197	2548
3765.842	2549
3767.486	2554
3769.131	2494
3770.774	2572
3772.417	2575
3774.061	2598
3775.705	2583
3777.347	2510
3778.988	2551
3780.629	2481
3782.271	2471
3783.912	2431
3785.552	2555
3787.192	2498
3788.831	2498
3790.472	2545
3792.112	2490
3793.75	2506
3795.388	2449
3797.024	2501
3798.661	2478
3800.3	2503
3801.936	2501
3803.572	2508
3805.208	2481
3806.844	2428
3808.48	2489
3810.115	2424
3811.748	2481
3813.382	2456
3815.016	2466
3816.649	2468
3818.283	2514
3819.914	2424
3821.547	2416
3823.178	2439
3824.809	2499
3826.441	2382
3828.072	2465
3829.701	2456
3831.331	2520
3832.96	2425
3834.591	2476
3836.219	2422
3837.847	2387
3839.475	2425
3841.102	2370
3842.729	2457
3844.357	2472
3845.984	2445
3847.609	2441
3849.234	2401
3850.86	2347
3852.485	2444
3854.11	2346
3855.734	2380
3857.357	2342
3858.981	2502
3860.603	2407
3862.227	2415
3863.848	2411
3865.471	2365
3867.092	2369
3868.713	2436
3870.334	2368
3871.954	2412
3873.575	2357
3875.194	2337
3876.813	2395
3878.433	2388
3880.051	2366
3881.669	2402
3883.286	2384
3884.904	2372
3886.52	2359
3888.138	2364
3889.754	2346
3891.37	2385
3892.985	2363
3894.6	2375
3896.216	2382
3897.831	2353
3899.444	2359
3901.058	2367
3902.67	2324
3904.283	2309
3905.897	2381
3907.509	2402
3909.121	2339
3910.731	2352
3912.342	2323
3913.954	2384
3915.563	2395
3917.174	2356
3918.783	2308
3920.391	2422
3922.002	2334
3923.611	2312
3925.218	2312
3926.826	2370
3928.432	2368
3930.039	2376
3931.647	2319
3933.253	2337
3934.859	2368
3936.464	2336
3938.068	2255
3939.675	2432
3941.278	2241
3942.883	2283
3944.486	2379
3946.089	2375
3947.692	2292
3949.295	2270
3950.898	2330
3952.499	2324
3954.1	2365
3955.7	2235
3957.303	2315
3958.903	2267
3960.502	2271
3962.101	2337
3963.7	2286
3965.301	2318
3966.899	2300
3968.497	2297
3970.094	2291
3971.691	2330
3973.288	2299
3974.885	2237
3976.481	2286
3978.077	2287
3979.672	2338
3981.267	2267
3982.863	2376
3984.457	2289
3986.051	2267
3987.645	2247
3989.238	2275
3990.831	2275
3992.425	2276
3994.017	2299
3995.607	2220
3997.199	2259
3998.79	2221
4000.382	2196
4001.973	2281
4003.561	2219
4005.151	2226
4006.741	2263
4008.331	2173
4009.918	2241
4011.507	2206
4013.095	2275
4014.681	2228
4016.269	2231
4017.856	2243
4019.443	2238
4021.028	2251
4022.614	2179
4024.199	2214
4025.785	2190
4027.37	2251
4028.953	2110
4030.536	2223
4032.12	2147
4033.704	2233
4035.287	2195
4036.869	2226
4038.45	2120
4040.032	2144
4041.613	2190
4043.195	2234
4044.776	2201
4046.356	2180
4047.935	2193
4049.515	2205
4051.095	2195
4052.674	2132
4054.251	2201
4055.829	2154
4057.406	2164
4058.985	2184
4060.562	2172
4062.139	2200
4063.715	2151
4065.29	2101
4066.865	2137
4068.442	2145
4070.016	2137
4071.59	2168
4073.164	2150
4074.738	2182
4076.312	2105
4077.885	2119
4079.458	2149
4081.03	2104
4082.602	2179
4084.173	2106
4085.745	2108
4087.315	2130
4088.886	2140
4090.456	2100
4092.026	2179
4093.596	2102
4095.165	2211
4096.734	2096
4098.301	2126
4099.869	2087
4101.437	2108
4103.006	2080
4104.572	2096
4106.139	2096
4107.704	2089
4109.27	2103
4110.837	2107
4112.401	2067
4113.966	2083
4115.53	2093
4117.094	2130
4118.659	2122
4120.223	2081
4121.785	2082
4123.347	2070
4124.909	2046
4126.471	2076
4128.034	2041
4129.595	2034
4131.155	2019
4132.716	2050
4134.275	2068
4135.836	2067
4137.395	2083
4138.955	2085
4140.513	2114
4142.071	2067
4143.628	2078
4145.188	2035
4146.745	2008
4148.302	2046
4149.858	2063
4151.414	2064
4152.971	2089
4154.526	2040
4156.081	2068
4157.635	2059
4159.189	2077
4160.745	2052
4162.298	2030
4163.852	2059
4165.405	2050
4166.957	2063
4168.51	1998
4170.063	2032
4171.614	2082
4173.166	2021
4174.717	2002
4176.267	2015
4177.817	1984
4179.368	2027
4180.917	1989
4182.466	2043
4184.016	2016
4185.564	1995
4187.112	2000
4188.66	1993
4190.207	1996
4191.754	2060
4193.301	2005
4194.848	2007
4196.394	1958
4197.94	1956
4199.484	2051
4201.03	1972
4202.575	1980
4204.12	1950
4205.663	1976
4207.207	1984
4208.75	1973
4210.292	1994
4211.836	2012
4213.378	1893
4214.92	1918
4216.46	1929
4218.002	1976
4219.544	2006
4221.083	1989
4222.625	2004
4224.164	1961
4225.703	1926
4227.244	1958
4228.782	1914
4230.32	1969
4231.857	1992
4233.395	1962
4234.933	2002
4236.471	1986
4238.007	1962
4239.542	1912
4241.078	1942
4242.614	1957
4244.15	1935
4245.685	1915
4247.219	1959
4248.753	1929
4250.287	2007
4251.82	1905
4253.354	1906
4254.887	1905
4256.419	1939
4257.951	1966
4259.483	1933
4261.016	1898
4262.547	1901
4264.078	1934
4265.608	1923
4267.137	1864
4268.668	1938
4270.197	1915
4271.727	1957
4273.254	1904
4274.783	1965
4276.311	1906
4277.84	1922
4279.366	1941
4280.894	1956
4282.42	1886
4283.946	1949
4285.473	1914
4286.998	1842
4288.523	1900
4290.047	1928
4291.572	1867
4293.096	1879
4294.622	1896
4296.144	1915
4297.668	1866
4299.19	1893
4300.713	1885
4302.236	1848
4303.758	1878
4305.279	1837
4306.799	1878
4308.321	1839
4309.842	1898
4311.361	1859
4312.882	1889
4314.401	1891
