400.0961	3111
402.6185	3056
405.1424	3053
407.6635	3120
410.1838	3164
412.7035	3105
415.2225	3117
417.7388	3192
420.2585	3109
422.7754	3174
425.2917	3271
427.8072	3266
430.3221	3249
432.8363	3270
435.3498	3261
437.8626	3242
440.3727	3239
442.8841	3375
445.3969	3268
447.907	3288
450.4142	3282
452.9229	3336
455.4289	3251
457.9362	3285
460.4449	3302
462.9488	3322
465.454	3238
467.9566	3243
470.4604	3288
472.9637	3238
475.4662	3290
477.966	3343
480.4671	3311
482.9656	3333
485.4633	3344
487.9645	3397
490.4608	3434
492.9566	3360
495.4536	3346
497.948	3352
500.4437	3391
502.9387	3322
505.431	3361
507.9226	3362
510.4136	3370
512.9079	3424
515.3975	3441
517.8864	3492
520.3746	3327
522.8622	3429
525.3491	3419
527.8394	3424
530.3249	3365
532.8098	3399
535.2939	3407
537.7774	3398
540.2623	3439
542.7444	3458
545.2259	3402
547.7067	3528
550.1868	3460
552.6683	3518
555.147	3417
557.6231	3448
560.1005	3436
562.5773	3471
565.0534	3487
567.5308	3447
570.0056	3451
572.4776	3507
574.951	3568
577.4237	3493
579.8978	3534
582.3671	3619
584.8378	3520
587.3079	3509
589.7773	3594
592.244	3519
594.714	3481
597.1793	3592
599.6461	3534
602.1121	3516
604.5754	3529
607.0421	3611
609.5042	3556
611.9675	3464
614.4282	3479
616.8902	3493
619.3515	3544
621.8122	3589
624.2702	3517
626.7296	3569
629.1863	3417
631.6423	3583
634.1017	3560
636.5563	3550
639.0104	3577
641.4658	3497
643.9185	3510
646.3725	3561
648.8239	3593
651.2766	3577
653.7266	3577
656.176	3540
658.6247	3545
661.0748	3585
663.5242	3656
665.9709	3635
668.417	3611
670.8624	3556
673.3092	3672
675.7533	3608
678.1968	3687
680.6395	3580
683.0817	3664
685.5251	3693
687.9659	3706
690.4061	3616
692.8456	3615
695.2844	3694
697.7226	3680
700.1621	3621
702.599	3650
705.0332	3709
707.4688	3632
709.9036	3665
712.3399	3726
714.7735	3614
717.2044	3660
719.6367	3801
722.0683	3726
724.4993	3705
726.9296	3768
729.3593	3769
731.7883	3754
734.2147	3851
736.6423	3734
739.0714	3720
741.4958	3772
743.9216	3766
746.3447	3835
748.7691	3791
751.1929	3809
753.616	3849
756.0366	3842
758.4584	3847
760.8776	3832
763.2982	3843
765.718	3879
768.1373	3850
770.5539	3883
772.9698	3904
775.3871	3903
777.8038	3953
780.2178	3852
782.6332	3874
785.0459	3961
787.458	3925
789.8714	3963
792.2842	3914
794.6943	3929
797.1038	3923
799.5127	3986
801.9209	3929
804.3324	3913
806.7393	3888
809.1456	3852
811.5513	3969
813.9562	3955
816.3625	3963
818.7663	3971
821.1693	3931
823.5718	3971
825.9735	3915
828.3746	3919
830.7771	4079
833.177	4032
835.5762	4001
837.9747	3980
840.3727	3977
842.772	3997
845.1666	3965
847.5626	3988
849.958	4039
852.3527	4135
854.7488	4065
857.1403	4097
859.5331	4030
861.9253	3926
864.3168	3992
866.7057	3969
869.098	3941
871.4876	4029
873.8746	3902
876.263	4117
878.6487	4076
881.0378	3992
883.4243	4000
885.8081	4006
888.1933	4056
890.5759	3965
892.9598	4063
895.343	4001
897.7256	4056
900.1057	3979
902.4871	4024
904.8659	3973
907.246	3920
909.6254	4029
912.0023	4065
914.3786	4114
916.7562	4193
919.1331	4145
921.5074	4218
923.8831	4225
926.2562	4208
928.6287	4175
931.0005	4234
933.3757	4108
935.7462	4166
938.1162	4266
940.4855	4266
942.8542	4313
945.2242	4357
947.5916	4375
949.9584	4374
952.3266	4465
954.6921	4540
957.0571	4717
959.4233	4851
961.787	4763
964.15	4854
966.5125	4703
968.8742	4573
971.2354	4525
973.5959	4413
975.9559	4264
978.3151	4238
980.6738	4277
983.0338	4232
985.3912	4200
987.7461	4216
990.1022	4169
992.4578	4188
994.8127	4176
997.1689	4097
999.5207	4240
1001.874	4168
1004.226	4189
1006.576	4213
1008.929	4197
1011.28	4178
1013.628	4200
1015.977	4234
1018.324	4122
1020.674	4146
1023.019	4243
1025.366	4215
1027.713	4161
1030.056	4187
1032.399	4215
1034.746	4231
1037.087	4266
1039.431	4262
1041.771	4265
1044.113	4281
1046.454	4279
1048.793	4183
1051.133	4331
1053.471	4214
1055.807	4347
1058.146	4239
1060.483	4241
1062.818	4265
1065.153	4362
1067.489	4351
1069.822	4335
1072.156	4366
1074.488	4326
1076.82	4281
1079.15	4345
1081.48	4339
1083.814	4304
1086.143	4320
1088.471	4289
1090.799	4287
1093.126	4216
1095.452	4293
1097.78	4261
1100.105	4294
1102.43	4210
1104.754	4282
1107.077	4303
1109.4	4310
1111.722	4317
1114.044	4278
1116.365	4282
1118.685	4285
1121.005	4246
1123.324	4251
1125.643	4407
1127.961	4367
1130.278	4402
1132.595	4351
1134.911	4272
1137.226	4331
1139.541	4319
1141.854	4212
1144.167	4337
1146.482	4309
1148.793	4301
1151.105	4356
1153.414	4354
1155.725	4317
1158.033	4312
1160.344	4401
1162.651	4377
1164.959	4274
1167.265	4328
1169.572	4333
1171.878	4309
1174.184	4318
1176.488	4317
1178.79	4307
1181.094	4335
1183.396	4374
1185.699	4332
1188.001	4303
1190.301	4269
1192.6	4358
1194.9	4401
1197.2	4438
1199.497	4330
1201.794	4287
1204.09	4348
1206.387	4356
1208.684	4351
1210.978	4388
1213.272	4318
1215.565	4344
1217.858	4348
1220.15	4395
1222.443	4338
1224.734	4414
1227.024	4335
1229.313	4450
1231.602	4361
1233.892	4503
1236.18	4413
1238.467	4452
1240.754	4516
1243.04	4599
1245.325	4498
1247.612	4473
1249.896	4441
1252.178	4558
1254.461	4508
1256.743	4510
1259.027	4636
1261.308	4533
1263.587	4503
1265.867	4495
1268.146	4545
1270.425	4522
1272.703	4481
1274.981	4505
1277.256	4452
1279.532	4523
1281.808	4444
1284.083	4561
1286.358	4509
1288.63	4504
1290.904	4387
1293.175	4543
1295.449	4480
1297.719	4445
1299.99	4349
1302.259	4445
1304.529	4323
1306.798	4503
1309.065	4413
1311.333	4445
1313.599	4470
1315.866	4478
1318.131	4547
1320.396	4349
1322.66	4435
1324.925	4515
1327.187	4508
1329.448	4474
1331.711	4425
1333.974	4527
1336.234	4380
1338.493	4472
1340.752	4522
1343.01	4412
1345.269	4475
1347.526	4488
1349.784	4473
1352.04	4530
1354.295	4419
1356.552	4482
1358.806	4566
1361.059	4438
1363.312	4455
1365.564	4506
1367.818	4392
1370.069	4555
1372.318	4386
1374.568	4520
1376.817	4544
1379.066	4446
1381.316	4483
1383.564	4474
1385.809	4494
1388.056	4524
1390.301	4570
1392.549	4462
1394.793	4621
1397.036	4528
1399.279	4655
1401.522	4645
1403.763	4496
1406.007	4499
1408.248	4563
1410.487	4551
1412.727	4584
1414.965	4594
1417.205	4488
1419.442	4680
1421.68	4624
1423.915	4490
1426.152	4600
1428.388	4558
1430.623	4596
1432.857	4594
1435.091	4607
1437.323	4680
1439.556	4621
1441.789	4651
1444.019	4683
1446.25	4793
1448.48	4677
1450.708	4779
1452.938	4854
1455.167	4761
1457.394	4701
1459.62	4617
1461.846	4718
1464.073	4633
1466.299	4688
1468.523	4601
1470.746	4555
1472.969	4635
1475.191	4579
1477.415	4649
1479.636	4553
1481.858	4574
1484.078	4554
1486.298	4537
1488.518	4539
1490.736	4527
1492.954	4482
1495.169	4454
1497.386	4534
1499.602	4481
1501.819	4627
1504.034	4492
1506.248	4499
1508.462	4527
1510.675	4462
1512.888	4517
1515.1	4558
1517.311	4465
1519.522	4478
1521.732	4451
1523.942	4458
1526.151	4449
1528.36	4560
1530.566	4528
1532.773	4492
1534.98	4485
1537.187	4464
1539.392	4507
1541.596	4582
1543.801	4493
1546.005	4557
1548.208	4531
1550.411	4600
1552.612	4652
1554.814	4614
1557.013	4492
1559.212	4660
1561.414	4622
1563.612	4543
1565.811	4629
1568.007	4473
1570.203	4608
1572.403	4567
1574.598	4613
1576.792	4562
1578.988	4643
1581.181	4552
1583.376	4639
1585.568	4665
1587.761	4663
1589.952	4578
1592.143	4719
1594.333	4675
1596.524	4711
1598.715	4635
1600.903	4762
1603.091	4637
1605.278	4745
1607.466	4620
1609.652	4636
1611.838	4665
1614.023	4705
1616.207	4708
1618.391	4743
1620.576	4638
1622.759	4686
1624.941	4739
1627.123	4677
1629.304	4645
1631.484	4694
1633.664	4676
1635.844	4667
1638.022	4632
1640.201	4684
1642.38	4663
1644.556	4734
1646.732	4724
1648.908	4753
1651.084	4732
1653.257	4768
1655.433	4830
1657.607	4656
1659.779	4746
1661.951	4860
1664.122	4719
1666.295	4735
1668.467	4807
1670.635	4796
1672.805	4829
1674.973	4806
1677.142	4832
1679.31	4831
1681.478	4744
1683.644	4723
1685.81	4688
1687.975	4770
1690.142	4761
1692.305	4719
1694.468	4742
1696.632	4642
1698.794	4705
1700.957	4715
1703.119	4738
1705.279	4763
1707.439	4705
1709.598	4668
1711.758	4638
1713.917	4721
1716.075	4618
1718.231	4663
1720.388	4650
1722.543	4722
1724.702	4694
1726.856	4658
1729.01	4622
1731.164	4665
1733.317	4694
1735.471	4626
1737.623	4703
1739.774	4746
1741.925	4764
1744.075	4670
1746.225	4672
1748.376	4719
1750.524	4621
1752.672	4677
1754.82	4649
1756.965	4773
1759.113	4661
1761.259	4798
1763.405	4669
1765.549	4684
1767.694	4692
1769.836	4768
1771.981	4719
1774.123	4601
1776.264	4658
1778.405	4717
1780.546	4776
1782.687	4790
1784.827	4796
1786.966	4715
1789.103	4732
1791.242	4718
1793.381	4758
1795.517	4709
1797.653	4722
1799.788	4667
1801.923	4623
1804.057	4795
1806.193	4660
1808.326	4702
1810.457	4693
1812.59	4742
1814.721	4765
1816.855	4662
1818.984	4767
1821.113	4686
1823.244	4699
1825.372	4746
1827.499	4672
1829.63	4765
1831.756	4721
1833.882	4724
1836.007	4742
1838.132	4707
1840.26	4683
1842.384	4683
1844.507	4634
1846.63	4776
1848.752	4782
1850.875	4690
1852.996	4751
1855.118	4713
1857.238	4596
1859.358	4665
1861.477	4733
1863.597	4697
1865.715	4629
1867.832	4674
1869.948	4756
1872.064	4656
1874.181	4731
1876.297	4718
1878.411	4728
1880.526	4647
1882.639	4780
1884.752	4724
1886.865	4713
1888.977	4666
1891.089	4664
1893.2	4718
1895.308	4664
1897.42	4633
1899.53	4774
1901.639	4785
1903.745	4785
1905.853	4741
1907.962	4761
1910.067	4692
1912.174	4797
1914.278	4757
1916.383	4745
1918.486	4679
1920.592	4794
1922.694	4841
1924.797	4766
1926.898	4763
1929	4750
1931.102	4808
1933.203	4758
1935.301	4771
1937.401	4760
1939.499	4833
1941.598	4765
1943.697	4823
1945.793	4764
1947.888	4730
1949.985	4750
1952.08	4720
1954.176	4777
1956.269	4761
1958.364	4769
1960.457	4757
1962.549	4810
1964.642	4741
1966.733	4770
1968.823	4734
1970.913	4759
1973.005	4816
1975.093	4795
1977.184	4681
1979.271	4616
1981.359	4763
1983.446	4724
1985.532	4706
1987.619	4665
1989.705	4731
1991.789	4789
1993.874	4743
1995.956	4718
1998.041	4849
2000.123	4646
2002.206	4738
2004.287	4732
2006.368	4683
2008.449	4661
2010.529	4778
2012.609	4681
2014.688	4740
2016.766	4646
2018.843	4777
2020.922	4675
2022.999	4718
2025.074	4679
2027.15	4692
2029.225	4709
2031.299	4833
2033.375	4647
2035.447	4774
2037.52	4668
2039.592	4747
2041.664	4723
2043.736	4699
2045.807	4663
2047.876	4747
2049.947	4618
2052.015	4732
2054.086	4608
2056.153	4757
2058.221	4649
2060.288	4798
2062.353	4737
2064.42	4682
2066.486	4725
2068.55	4710
2070.614	4670
2072.678	4782
2074.741	4698
2076.805	4793
2078.866	4709
2080.929	4704
2082.99	4654
2085.049	4781
2087.109	4754
2089.17	4730
2091.228	4752
2093.286	4837
2095.344	4783
2097.4	4789
2099.46	4616
2101.516	4766
2103.572	4805
2105.626	4743
2107.679	4785
2109.735	4713
2111.788	4773
2113.841	4649
2115.894	4676
2117.945	4772
2119.997	4689
2122.049	4720
2124.1	4766
2126.148	4719
2128.197	4655
2130.246	4761
2132.296	4649
2134.342	4618
2136.39	4754
2138.437	4688
2140.483	4731
2142.527	4706
2144.574	4803
2146.619	4624
2148.661	4655
2150.705	4756
2152.747	4666
2154.792	4737
2156.832	4713
2158.874	4699
2160.915	4746
2162.954	4723
2164.995	4706
2167.034	4632
2169.072	4691
2171.111	4647
2173.148	4690
2175.186	4630
2177.223	4662
2179.258	4671
2181.294	4650
2183.328	4683
2185.362	4667
2187.398	4614
2189.431	4592
2191.463	4502
2193.495	4729
2195.528	4640
2197.56	4573
2199.59	4672
2201.62	4625
2203.649	4514
2205.678	4603
2207.708	4636
2209.737	4602
2211.764	4710
2213.791	4575
2215.817	4614
2217.843	4611
2219.87	4567
2221.895	4662
2223.919	4570
2225.942	4617
2227.966	4634
2229.988	4532
2232.012	4640
2234.032	4695
2236.054	4625
2238.074	4521
2240.095	4577
2242.116	4644
2244.135	4600
2246.153	4596
2248.171	4580
2250.188	4546
2252.208	4557
2254.223	4562
2256.239	4583
2258.255	4590
2260.269	4576
2262.283	4612
2264.3	4579
2266.312	4619
2268.325	4604
2270.336	4630
2272.349	4615
2274.362	4635
2276.372	4563
2278.383	4615
2280.392	4611
2282.402	4582
2284.409	4572
2286.418	4606
2288.427	4626
2290.433	4586
2292.441	4576
2294.446	4647
2296.453	4570
2298.459	4685
2300.463	4610
2302.466	4563
2304.471	4561
2306.475	4673
2308.477	4554
2310.478	4554
2312.481	4597
2314.481	4552
2316.481	4645
2318.482	4556
2320.482	4578
2322.48	4492
2324.48	4551
2326.478	4581
2328.476	4557
2330.473	4653
2332.469	4557
2334.465	4632
2336.46	4565
2338.454	4567
2340.45	4515
2342.444	4466
2344.437	4548
2346.43	4556
2348.421	4486
2350.414	4503
2352.405	4571
2354.396	4507
2356.386	4581
2358.376	4467
2360.366	4460
2362.355	4555
2364.343	4534
2366.331	4503
2368.317	4523
2370.304	4489
2372.292	4458
2374.278	4441
2376.262	4592
2378.247	4538
2380.23	4553
2382.216	4600
2384.199	4433
2386.181	4510
2388.163	4483
2390.144	4419
2392.127	4482
2394.107	4433
2396.087	4445
2398.066	4466
2400.046	4489
2402.023	4354
2404.004	4462
2405.981	4444
2407.957	4539
2409.934	4518
2411.91	4498
2413.886	4484
2415.862	4376
2417.836	4436
2419.809	4423
2421.784	4494
2423.756	4404
2425.73	4368
2427.701	4454
2429.672	4563
2431.644	4394
2433.615	4433
2435.586	4496
2437.555	4416
2439.523	4521
2441.491	4452
2443.459	4508
2445.428	4403
2447.395	4390
2449.361	4436
2451.327	4433
2453.292	4433
2455.257	4480
2457.223	4373
2459.187	4403
2461.15	4495
2463.113	4441
2465.076	4488
2467.039	4342
2468.999	4470
2470.96	4350
2472.921	4439
2474.881	4492
2476.841	4467
2478.8	4408
2480.759	4431
2482.717	4407
2484.675	4434
2486.63	4376
2488.589	4439
2490.545	4402
2492.5	4351
2494.455	4419
2496.408	4416
2498.364	4416
2500.318	4427
2502.27	4357
2504.223	4333
2506.174	4351
2508.126	4340
2510.078	4392
2512.03	4319
2513.979	4372
2515.927	4374
2517.877	4424
2519.826	4308
2521.775	4439
2523.722	4408
2525.668	4478
2527.616	4370
2529.561	4323
2531.508	4377
2533.452	4446
2535.398	4361
2537.342	4345
2539.284	4357
2541.229	4355
2543.173	4348
2545.114	4351
2547.055	4312
2548.996	4348
2550.938	4293
2552.878	4352
2554.817	4344
2556.756	4371
2558.695	4374
2560.633	4348
2562.572	4391
2564.509	4380
2566.445	4346
2568.382	4403
2570.317	4325
2572.254	4261
2574.189	4429
2576.123	4331
2578.057	4294
2579.99	4291
2581.923	4425
2583.855	4277
2585.788	4328
2587.719	4347
2589.65	4404
2591.579	4279
2593.511	4428
2595.44	4355
2597.37	4312
2599.297	4362
2601.225	4352
2603.153	4349
2605.08	4357
2607.007	4362
2608.932	4380
2610.858	4407
2612.782	4294
2614.709	4365
2616.632	4381
2618.556	4380
2620.478	4332
2622.401	4269
2624.324	4375
2626.247	4410
2628.167	4355
2630.088	4299
2632.008	4333
2633.928	4312
2635.848	4427
2637.766	4366
2639.684	4394
2641.603	4427
2643.519	4290
2645.437	4325
2647.353	4386
2649.27	4397
2651.184	4421
2653.099	4381
2655.014	4362
2656.928	4342
2658.842	4385
2660.755	4356
2662.667	4303
2664.579	4346
2666.491	4262
2668.402	4279
2670.312	4371
2672.222	4359
2674.132	4411
2676.042	4313
2677.951	4351
2679.859	4327
2681.766	4306
2683.674	4292
2685.582	4331
2687.488	4358
2689.392	4369
2691.298	4362
2693.202	4352
2695.107	4359
2697.012	4298
2698.914	4292
2700.817	4278
2702.72	4304
2704.622	4236
2706.524	4268
2708.425	4294
2710.326	4408
2712.225	4338
2714.125	4268
2716.024	4377
2717.923	4281
2719.822	4279
2721.719	4267
2723.616	4341
2725.512	4271
2727.41	4259
2729.305	4233
2731.201	4228
2733.095	4243
2734.99	4225
2736.884	4273
2738.778	4239
2740.67	4173
2742.562	4297
2744.455	4325
2746.346	4228
2748.238	4224
2750.129	4255
2752.018	4310
2753.907	4220
2755.797	4236
2757.687	4192
2759.575	4315
2761.462	4259
2763.349	4223
2765.237	4247
2767.124	4396
2769.009	4198
2770.894	4273
2772.779	4287
2774.663	4230
2776.547	4227
2778.431	4267
2780.314	4212
2782.197	4347
2784.078	4282
2785.96	4237
2787.842	4206
2789.723	4155
2791.603	4278
2793.483	4167
2795.362	4197
2797.241	4188
2799.121	4179
2800.997	4170
2802.874	4263
2804.751	4165
2806.628	4215
2808.506	4184
2810.38	4232
2812.255	4210
2814.13	4181
2816.003	4189
2817.878	4233
2819.752	4204
2821.623	4271
2823.496	4127
2825.368	4356
2827.238	4210
2829.111	4153
2830.98	4268
2832.851	4254
2834.719	4228
2836.589	4226
2838.458	4241
2840.327	4301
2842.193	4169
2844.061	4175
2845.927	4263
2847.794	4163
2849.66	4272
2851.525	4259
2853.39	4188
2855.254	4273
2857.117	4259
2858.983	4166
2860.845	4352
2862.707	4246
2864.569	4336
2866.431	4295
2868.293	4331
2870.154	4235
2872.013	4394
2873.873	4381
2875.733	4370
2877.592	4371
2879.451	4439
2881.309	4401
2883.166	4535
2885.022	4521
2886.879	4476
2888.736	4523
2890.591	4451
2892.446	4482
2894.301	4456
2896.155	4473
2898.009	4435
2899.863	4496
2901.716	4457
2903.568	4497
2905.419	4502
2907.27	4501
2909.123	4471
2910.973	4615
2912.824	4525
2914.673	4512
2916.521	4543
2918.372	4604
2920.22	4530
2922.067	4670
2923.914	4625
2925.761	4639
2927.607	4771
2929.455	4703
2931.301	4738
2933.144	4760
2934.99	4753
2936.833	4843
2938.678	4813
2940.522	4792
2942.364	5047
2944.207	4859
2946.048	4910
2947.891	4995
2949.731	4944
2951.571	4988
2953.412	4980
2955.25	4902
2957.09	4856
2958.93	4850
2960.767	4845
2962.606	4756
2964.443	4740
2966.279	4766
2968.116	4694
2969.953	4621
2971.788	4681
2973.623	4718
2975.457	4611
2977.292	4616
2979.127	4461
2980.959	4573
2982.792	4440
2984.624	4496
2986.455	4511
2988.288	4433
2990.119	4504
2991.949	4410
2993.779	4342
2995.608	4418
2997.439	4375
2999.268	4369
3001.096	4336
3002.923	4338
3004.751	4263
3006.578	4341
3008.406	4315
3010.232	4232
3012.057	4171
3013.883	4212
3015.706	4117
3017.532	4141
3019.356	4127
3021.179	4140
3023.002	4049
3024.823	4101
3026.646	3888
3028.469	3969
3030.289	4002
3032.11	3997
3033.93	4062
3035.749	4106
3037.57	3972
3039.39	3982
3041.207	4028
3043.026	3940
3044.842	4064
3046.661	3983
3048.477	3983
3050.294	3947
3052.109	3951
3053.925	3942
3055.739	3998
3057.555	3997
3059.368	3957
3061.181	3970
3062.995	3941
3064.807	3962
3066.62	3991
3068.433	4045
3070.243	3917
3072.054	3999
3073.865	3952
3075.675	3949
3077.485	3891
3079.293	3974
3081.102	3865
3082.911	3932
3084.719	3914
3086.527	3888
3088.333	3914
3090.139	3885
3091.945	3888
3093.75	3916
3095.557	3927
3097.361	3855
3099.165	3941
3100.969	3913
3102.772	3887
3104.575	3812
3106.379	3864
3108.181	3816
3109.982	3866
3111.783	3820
3113.584	3829
3115.386	3855
3117.186	3893
3118.985	3745
3120.783	3817
3122.582	3823
3124.381	3783
3126.179	3872
3127.975	3860
3129.772	3845
3131.569	3854
3133.365	3761
3135.161	3828
3136.956	3791
3138.751	3699
3140.544	3677
3142.338	3831
3144.132	3810
3145.925	3743
3147.717	3794
3149.509	3712
3151.301	3736
3153.091	3750
3154.884	3684
3156.673	3707
3158.462	3743
3160.252	3798
3162.041	3777
3163.831	3766
3165.618	3770
3167.405	3751
3169.193	3780
3170.979	3705
3172.767	3757
3174.553	3803
3176.338	3690
3178.123	3754
3179.907	3722
3181.692	3697
3183.477	3655
3185.259	3760
3187.042	3816
3188.824	3660
3190.607	3719
3192.389	3707
3194.17	3724
3195.951	3760
3197.73	3577
3199.51	3669
3201.289	3654
3203.07	3779
3204.848	3745
3206.626	3689
3208.403	3748
3210.18	3768
3211.959	3691
3213.735	3693
3215.511	3733
3217.285	3714
3219.06	3757
3220.836	3740
3222.611	3747
3224.384	3682
3226.158	3780
3227.929	3694
3229.702	3693
3231.476	3603
3233.248	3681
3235.018	3636
3236.789	3712
3238.56	3644
3240.33	3722
3242.1	3661
3243.869	3664
3245.637	3709
3247.405	3724
3249.172	3747
3250.941	3735
3252.707	3717
3254.474	3741
3256.24	3684
3258.006	3671
3259.772	3785
3261.537	3675
3263.301	3664
3265.065	3656
3266.828	3670
3268.592	3615
3270.355	3706
3272.117	3706
3273.878	3666
3275.64	3618
3277.401	3630
3279.162	3690
3280.922	3635
3282.682	3623
3284.441	3688
3286.199	3603
3287.959	3773
3289.716	3677
3291.475	3736
3293.232	3669
3294.988	3710
3296.744	3699
3298.501	3691
3300.256	3676
3302.011	3603
3303.766	3740
3305.52	3763
3307.275	3720
3309.028	3651
3310.781	3623
3312.533	3764
3314.285	3661
3316.038	3695
3317.789	3658
3319.54	3635
3321.289	3654
3323.039	3638
3324.789	3685
3326.539	3679
3328.288	3636
3330.035	3769
3331.783	3596
3333.531	3605
3335.28	3637
3337.025	3611
3338.771	3502
3340.518	3608
3342.262	3716
3344.009	3633
3345.753	3601
3347.497	3610
3349.24	3624
3350.983	3637
3352.726	3632
3354.469	3563
3356.212	3611
3357.952	3618
3359.694	3683
3361.434	3634
3363.176	3520
3364.916	3635
3366.654	3642
3368.394	3564
3370.132	3756
3371.871	3567
3373.61	3571
3375.346	3593
3377.083	3589
3378.82	3513
3380.556	3600
3382.292	3566
3384.027	3584
3385.763	3571
3387.497	3539
3389.231	3616
3390.965	3477
3392.698	3624
3394.431	3506
3396.164	3542
3397.896	3512
3399.627	3625
3401.36	3399
3403.09	3529
3404.82	3571
3406.55	3535
3408.279	3480
3410.01	3597
3411.738	3462
3413.467	3552
3415.194	3407
3416.92	3508
3418.647	3560
3420.375	3425
3422.102	3479
3423.827	3470
3425.553	3436
3427.277	3494
3429.003	3522
3430.727	3464
3432.451	3438
3434.173	3491
3435.896	3525
3437.62	3539
3439.343	3494
3441.063	3497
3442.785	3444
3444.505	3351
3446.226	3460
3447.948	3454
3449.666	3476
3451.386	3434
3453.104	3365
3454.823	3394
3456.541	3369
3458.259	3454
3459.976	3371
3461.693	3389
3463.408	3305
3465.125	3408
3466.841	3431
3468.556	3428
3470.271	3433
3471.985	3455
3473.698	3404
3475.414	3415
3477.126	3359
3478.838	3425
3480.55	3367
3482.263	3389
3483.975	3354
3485.686	3351
3487.396	3367
3489.106	3409
3490.817	3321
3492.526	3326
3494.236	3343
3495.944	3369
3497.652	3304
3499.359	3247
3501.066	3326
3502.775	3283
3504.481	3297
3506.187	3346
3507.893	3298
3509.598	3264
3511.304	3330
3513.009	3326
3514.713	3328
3516.417	3329
3518.12	3399
3519.821	3339
3521.525	3262
3523.228	3318
3524.929	3367
3526.631	3239
3528.33	3349
3530.032	3254
3531.733	3279
3533.433	3262
3535.131	3246
3536.83	3231
3538.529	3260
3540.227	3285
3541.925	3236
3543.623	3161
3545.319	3268
3547.016	3190
3548.712	3255
3550.408	3266
3552.103	3200
3553.798	3190
3555.491	3197
3557.188	3186
3558.88	3255
3560.574	3265
3562.266	3170
3563.959	3282
3565.651	3206
3567.343	3176
3569.035	3239
3570.725	3228
3572.415	3198
3574.106	3274
3575.797	3250
3577.485	3106
3579.174	3270
3580.863	3123
3582.551	3152
3584.238	3188
3585.926	3118
3587.613	3209
3589.3	3116
3590.986	3130
3592.671	3103
3594.357	3087
3596.042	3041
3597.726	3079
3599.41	3143
3601.094	3118
3602.778	3143
3604.461	3072
3606.143	3060
3607.825	3117
3609.507	3144
3611.188	3069
3612.87	3085
3614.551	3055
3616.229	3140
3617.909	3109
3619.589	3084
3621.269	3099
3622.948	3113
3624.625	3139
3626.302	3067
3627.98	3127
3629.657	3122
3631.334	3041
3633.01	3075
3634.686	3054
3636.361	3034
3638.036	3085
3639.712	2997
3641.385	3058
3643.06	2949
3644.732	2974
3646.405	2966
3648.08	3043
3649.751	2942
3651.424	3036
3653.094	3100
3654.766	2970
3656.436	2992
3658.106	2942
3659.777	3031
3661.446	2998
3663.115	3011
3664.783	2998
3666.452	2947
3668.121	2986
3669.788	2934
3671.454	3017
3673.121	2942
3674.789	2988
3676.455	2902
3678.12	2981
3679.784	3045
3681.45	2904
3683.114	3016
3684.779	3006
3686.442	2940
3688.105	3012
3689.768	2986
3691.43	2936
3693.093	2938
3694.754	3027
3696.415	2954
3698.076	2929
3699.736	2968
3701.396	2964
3703.057	2996
3704.716	2989
3706.375	2917
3708.034	2919
3709.692	2940
3711.351	2963
3713.008	2936
3714.665	2998
3716.321	2902
3717.977	2969
3719.634	2885
3721.29	2883
3722.945	2919
3724.598	2923
3726.253	2950
3727.907	2831
3729.561	2893
3731.214	2901
3732.867	2926
3734.518	2823
3736.171	2948
3737.824	2884
3739.474	2863
3741.125	2876
3742.775	2865
3744.425	2973
3746.074	2849
3747.725	2952
3749.373	2911
3751.022	2888
3752.669	2826
3754.318	2920
3755.966	2867
3757.612	2861
3759.259	2861
3760.905	2880
3762.55	2871
3764.197	2883
3765.842	2784
3767.486	2898
3769.131	2922
3770.774	2877
3772.417	2794
3774.061	2822
3775.705	2742
3777.347	2824
3778.988	2821
3780.629	2899
3782.271	2842
3783.912	2821
3785.552	2840
3787.192	2790
3788.831	2876
3790.472	2852
3792.112	2806
3793.75	2865
3795.388	2864
3797.024	2782
3798.661	2777
3800.3	2814
3801.936	2860
3803.572	2763
3805.208	2745
3806.844	2785
3808.48	2803
3810.115	2767
3811.748	2704
3813.382	2798
3815.016	2729
3816.649	2767
3818.283	2774
3819.914	2783
3821.547	2811
3823.178	2755
3824.809	2735
3826.441	2793
3828.072	2749
3829.701	2753
3831.331	2732
3832.96	2685
3834.591	2694
3836.219	2717
3837.847	2733
3839.475	2767
3841.102	2702
3842.729	2697
3844.357	2676
3845.984	2771
3847.609	2732
3849.234	2727
3850.86	2696
3852.485	2689
3854.11	2741
3855.734	2757
3857.357	2668
3858.981	2799
3860.603	2676
3862.227	2716
3863.848	2716
3865.471	2675
3867.092	2718
3868.713	2643
3870.334	2698
3871.954	2719
3873.575	2722
3875.194	2707
3876.813	2776
3878.433	2682
3880.051	2691
3881.669	2698
3883.286	2675
3884.904	2690
3886.52	2659
3888.138	2703
3889.754	2758
3891.37	2638
3892.985	2706
3894.6	2676
3896.216	2653
3897.831	2645
3899.444	2653
3901.058	2691
3902.67	2675
3904.283	2653
3905.897	2688
3907.509	2697
3909.121	2667
3910.731	2741
3912.342	2592
3913.954	2721
3915.563	2730
3917.174	2633
3918.783	2615
3920.391	2652
3922.002	2641
3923.611	2657
3925.218	2570
3926.826	2651
3928.432	2551
3930.039	2645
3931.647	2643
3933.253	2732
3934.859	2625
3936.464	2619
3938.068	2608
3939.675	2600
3941.278	2605
3942.883	2535
3944.486	2608
3946.089	2602
3947.692	2648
3949.295	2597
3950.898	2647
3952.499	2611
3954.1	2634
3955.7	2592
3957.303	2601
3958.903	2564
3960.502	2623
3962.101	2579
3963.7	2536
3965.301	2506
3966.899	2573
3968.497	2555
3970.094	2640
3971.691	2569
3973.288	2530
3974.885	2612
3976.481	2567
3978.077	2554
3979.672	2596
3981.267	2543
3982.863	2502
3984.457	2619
3986.051	2482
3987.645	2607
3989.238	2528
3990.831	2542
3992.425	2576
3994.017	2589
3995.607	2500
3997.199	2534
3998.79	2510
4000.382	2587
4001.973	2500
4003.561	2555
4005.151	2503
4006.741	2483
4008.331	2484
4009.918	2555
4011.507	2486
4013.095	2531
4014.681	2458
4016.269	2463
4017.856	2520
4019.443	2512
4021.028	2417
4022.614	2437
4024.199	2489
4025.785	2400
4027.37	2481
4028.953	2456
4030.536	2507
4032.12	2479
4033.704	2474
4035.287	2509
4036.869	2460
4038.45	2456
4040.032	2439
4041.613	2452
4043.195	2514
4044.776	2464
4046.356	2465
4047.935	2478
4049.515	2434
4051.095	2436
4052.674	2417
4054.251	2437
4055.829	2417
4057.406	2410
4058.985	2397
4060.562	2492
4062.139	2460
4063.715	2442
4065.29	2427
4066.865	2482
4068.442	2440
4070.016	2407
4071.59	2424
4073.164	2421
4074.738	2390
4076.312	2434
4077.885	2438
4079.458	2460
4081.03	2440
4082.602	2449
4084.173	2426
4085.745	2401
4087.315	2418
4088.886	2485
4090.456	2323
4092.026	2358
4093.596	2323
4095.165	2422
4096.734	2353
4098.301	2376
4099.869	2383
4101.437	2364
4103.006	2405
4104.572	2298
4106.139	2367
4107.704	2352
4109.27	2319
4110.837	2408
4112.401	2412
4113.966	2336
4115.53	2330
4117.094	2366
4118.659	2358
4120.223	2396
4121.785	2315
4123.347	2362
4124.909	2375
4126.471	2403
4128.034	2353
4129.595	2308
4131.155	2366
4132.716	2371
4134.275	2352
4135.836	2329
4137.395	2318
4138.955	2346
4140.513	2355
4142.071	2284
4143.628	2322
4145.188	2346
4146.745	2273
4148.302	2246
4149.858	2297
4151.414	2255
4152.971	2270
4154.526	2352
4156.081	2302
4157.635	2297
4159.189	2299
4160.745	2225
4162.298	2322
4163.852	2271
4165.405	2240
4166.957	2265
4168.51	2267
4170.063	2257
4171.614	2246
4173.166	2264
4174.717	2184
4176.267	2221
4177.817	2258
4179.368	2277
4180.917	2243
4182.466	2272
4184.016	2291
4185.564	2171
4187.112	2238
4188.66	2277
4190.207	2236
4191.754	2205
4193.301	2247
4194.848	2237
4196.394	2231
4197.94	2187
4199.484	2232
4201.03	2250
4202.575	2226
4204.12	2221
4205.663	2197
4207.207	2253
4208.75	2219
4210.292	2199
4211.836	2275
4213.378	2213
4214.92	2220
4216.46	2187
4218.002	2179
4219.544	2177
4221.083	2234
4222.625	2239
4224.164	2169
4225.703	2203
4227.244	2177
4228.782	2209
4230.32	2196
4231.857	2193
4233.395	2165
4234.933	2222
4236.471	2167
4238.007	2217
4239.542	2131
4241.078	2229
4242.614	2192
4244.15	2185
4245.685	2203
4247.219	2117
4248.753	2172
4250.287	2112
4251.82	2143
4253.354	2083
4254.887	2233
4256.419	2122
4257.951	2190
4259.483	2180
4261.016	2127
4262.547	2174
4264.078	2172
4265.608	2164
4267.137	2145
4268.668	2157
4270.197	2187
4271.727	2183
4273.254	2134
4274.783	2174
4276.311	2174
4277.84	2182
4279.366	2175
4280.894	2162
4282.42	2203
4283.946	2139
4285.473	2146
4286.998	2090
4288.523	2095
4290.047	2107
4291.572	2090
4293.096	2127
4294.622	2139
4296.144	2140
4297.668	2120
4299.19	2118
4300.713	2083
4302.236	2097
4303.758	2085
4305.279	2146
4306.799	2126
4308.321	2121
4309.842	2116
4311.361	2067
4312.882	2067
4314.401	2094
