400.0961	3004
402.6185	2930
405.1424	3056
407.6635	3034
410.1838	3063
412.7035	3004
415.2225	3067
417.7388	3078
420.2585	3171
422.7754	3156
425.2917	3129
427.8072	3257
430.3221	3238
432.8363	3346
435.3498	3190
437.8626	3277
440.3727	3257
442.8841	3294
445.3969	3235
447.907	3295
450.4142	3273
452.9229	3219
455.4289	3241
457.9362	3233
460.4449	3226
462.9488	3192
465.454	3204
467.9566	3208
470.4604	3322
472.9637	3187
475.4662	3187
477.966	3176
480.4671	3197
482.9656	3156
485.4633	3196
487.9645	3201
490.4608	3245
492.9566	3274
495.4536	3223
497.948	3195
500.4437	3173
502.9387	3218
505.431	3221
507.9226	3205
510.4136	3282
512.9079	3236
515.3975	3283
517.8864	3253
520.3746	3277
522.8622	3263
525.3491	3323
527.8394	3226
530.3249	3276
532.8098	3336
535.2939	3263
537.7774	3297
540.2623	3229
542.7444	3256
545.2259	3302
547.7067	3342
550.1868	3278
552.6683	3331
555.147	3234
557.6231	3362
560.1005	3396
562.5773	3317
565.0534	3315
567.5308	3336
570.0056	3439
572.4776	3449
574.951	3407
577.4237	3426
579.8978	3488
582.3671	3493
584.8378	3480
587.3079	3511
589.7773	3520
592.244	3536
594.714	3480
597.1793	3489
599.6461	3515
602.1121	3456
604.5754	3468
607.0421	3421
609.5042	3383
611.9675	3527
614.4282	3335
616.8902	3377
619.3515	3401
621.8122	3357
624.2702	3398
626.7296	3378
629.1863	3343
631.6423	3407
634.1017	3329
636.5563	3421
639.0104	3268
641.4658	3335
643.9185	3420
646.3725	3285
648.8239	3350
651.2766	3412
653.7266	3449
656.176	3418
658.6247	3412
661.0748	3447
663.5242	3396
665.9709	3406
668.417	3431
670.8624	3378
673.3092	3447
675.7533	3481
678.1968	3508
680.6395	3451
683.0817	3431
685.5251	3529
687.9659	3445
690.4061	3496
692.8456	3467
695.2844	3473
697.7226	3462
700.1621	3456
702.599	3464
705.0332	3536
707.4688	3475
709.9036	3570
712.3399	3573
714.7735	3589
717.2044	3537
719.6367	3522
722.0683	3516
724.4993	3598
726.9296	3511
729.3593	3618
731.7883	3588
734.2147	3569
736.6423	3604
739.0714	3613
741.4958	3571
743.9216	3716
746.3447	3669
748.7691	3609
751.1929	3661
753.616	3711
756.0366	3590
758.4584	3743
760.8776	3735
763.2982	3698
765.718	3690
768.1373	3712
770.5539	3652
772.9698	3740
775.3871	3725
777.8038	3752
780.2178	3761
782.6332	3724
785.0459	3778
787.458	3641
789.8714	3724
792.2842	3755
794.6943	3722
797.1038	3711
799.5127	3664
801.9209	3757
804.3324	3761
806.7393	3815
809.1456	3750
811.5513	3835
813.9562	3879
816.3625	3824
818.7663	3809
821.1693	3833
823.5718	3750
825.9735	3793
828.3746	3740
830.7771	3815
833.177	3752
835.5762	3822
837.9747	3735
840.3727	3851
842.772	3847
845.1666	3851
847.5626	3880
849.958	3874
852.3527	4001
854.7488	3937
857.1403	3962
859.5331	4009
861.9253	3947
864.3168	3920
866.7057	3951
869.098	3863
871.4876	3901
873.8746	3946
876.263	3956
878.6487	3906
881.0378	3875
883.4243	3899
885.8081	3849
888.1933	3835
890.5759	3894
892.9598	3887
895.343	3881
897.7256	3880
900.1057	3872
902.4871	3975
904.8659	3834
907.246	3902
909.6254	3993
912.0023	3967
914.3786	4042
916.7562	4130
919.1331	4097
921.5074	4108
923.8831	4143
926.2562	4163
928.6287	4134
931.0005	4158
933.3757	4162
935.7462	4246
938.1162	4262
940.4855	4358
942.8542	4326
945.2242	4376
947.5916	4545
949.9584	4703
952.3266	4986
954.6921	5175
957.0571	5453
959.4233	5811
961.787	5811
964.15	5780
966.5125	5560
968.8742	5216
971.2354	4851
973.5959	4569
975.9559	4378
978.3151	4135
980.6738	4256
983.0338	4171
985.3912	4057
987.7461	4122
990.1022	4051
992.4578	4005
994.8127	4041
997.1689	4019
999.5207	4101
1001.874	4212
1004.226	4163
1006.576	4096
1008.929	4086
1011.28	4146
1013.628	4098
1015.977	4065
1018.324	4115
1020.674	4021
1023.019	4079
1025.366	4025
1027.713	4161
1030.056	4135
1032.399	4166
1034.746	4063
1037.087	4203
1039.431	4197
1041.771	4186
1044.113	4157
1046.454	4261
1048.793	4262
1051.133	4146
1053.471	4094
1055.807	4155
1058.146	4181
1060.483	4250
1062.818	4213
1065.153	4296
1067.489	4348
1069.822	4312
1072.156	4347
1074.488	4404
1076.82	4398
1079.15	4274
1081.48	4364
1083.814	4302
1086.143	4234
1088.471	4171
1090.799	4189
1093.126	4168
1095.452	4159
1097.78	4138
1100.105	4146
1102.43	4141
1104.754	4154
1107.077	4143
1109.4	4150
1111.722	4025
1114.044	4181
1116.365	4097
1118.685	4037
1121.005	4039
1123.324	4078
1125.643	4182
1127.961	4135
1130.278	4145
1132.595	4171
1134.911	4135
1137.226	4135
1139.541	4035
1141.854	4119
1144.167	4140
1146.482	4132
1148.793	4059
1151.105	4140
1153.414	4122
1155.725	4137
1158.033	4147
1160.344	4124
1162.651	4168
1164.959	4143
1167.265	4086
1169.572	4157
1171.878	4146
1174.184	4172
1176.488	4069
1178.79	4145
1181.094	4139
1183.396	4208
1185.699	4086
1188.001	4126
1190.301	4122
1192.6	4092
1194.9	4109
1197.2	4117
1199.497	4143
1201.794	4190
1204.09	4127
1206.387	4129
1208.684	4085
1210.978	4134
1213.272	4167
1215.565	4174
1217.858	4142
1220.15	4248
1222.443	4110
1224.734	4271
1227.024	4163
1229.313	4199
1231.602	4157
1233.892	4314
1236.18	4289
1238.467	4345
1240.754	4352
1243.04	4290
1245.325	4419
1247.612	4366
1249.896	4350
1252.178	4420
1254.461	4403
1256.743	4344
1259.027	4366
1261.308	4357
1263.587	4428
1265.867	4306
1268.146	4403
1270.425	4434
1272.703	4379
1274.981	4410
1277.256	4390
1279.532	4360
1281.808	4306
1284.083	4330
1286.358	4287
1288.63	4301
1290.904	4273
1293.175	4296
1295.449	4247
1297.719	4313
1299.99	4278
1302.259	4307
1304.529	4247
1306.798	4295
1309.065	4303
1311.333	4285
1313.599	4286
1315.866	4242
1318.131	4301
1320.396	4281
1322.66	4274
1324.925	4301
1327.187	4226
1329.448	4297
1331.711	4353
1333.974	4200
1336.234	4321
1338.493	4394
1340.752	4302
1343.01	4427
1345.269	4276
1347.526	4199
1349.784	4264
1352.04	4201
1354.295	4254
1356.552	4285
1358.806	4226
1361.059	4247
1363.312	4292
1365.564	4308
1367.818	4315
1370.069	4343
1372.318	4228
1374.568	4199
1376.817	4324
1379.066	4276
1381.316	4349
1383.564	4281
1385.809	4330
1388.056	4333
1390.301	4357
1392.549	4386
1394.793	4391
1397.036	4439
1399.279	4435
1401.522	4390
1403.763	4439
1406.007	4497
1408.248	4424
1410.487	4479
1412.727	4545
1414.965	4421
1417.205	4386
1419.442	4494
1421.68	4438
1423.915	4571
1426.152	4469
1428.388	4461
1430.623	4430
1432.857	4596
1435.091	4524
1437.323	4414
1439.556	4525
1441.789	4510
1444.019	4545
1446.25	4498
1448.48	4613
1450.708	4628
1452.938	4610
1455.167	4637
1457.394	4678
1459.62	4654
1461.846	4622
1464.073	4513
1466.299	4575
1468.523	4498
1470.746	4491
1472.969	4523
1475.191	4407
1477.415	4377
1479.636	4422
1481.858	4427
1484.078	4324
1486.298	4306
1488.518	4273
1490.736	4224
1492.954	4317
1495.169	4259
1497.386	4231
1499.602	4218
1501.819	4336
1504.034	4325
1506.248	4231
1508.462	4209
1510.675	4291
1512.888	4324
1515.1	4248
1517.311	4249
1519.522	4193
1521.732	4243
1523.942	4294
1526.151	4181
1528.36	4292
1530.566	4277
1532.773	4304
1534.98	4236
1537.187	4266
1539.392	4212
1541.596	4251
1543.801	4271
1546.005	4177
1548.208	4305
1550.411	4329
1552.612	4333
1554.814	4360
1557.013	4195
1559.212	4303
1561.414	4345
1563.612	4340
1565.811	4438
1568.007	4413
1570.203	4487
1572.403	4392
1574.598	4348
1576.792	4329
1578.988	4415
1581.181	4403
1583.376	4334
1585.568	4326
1587.761	4403
1589.952	4439
1592.143	4354
1594.333	4400
1596.524	4426
1598.715	4366
1600.903	4394
1603.091	4411
1605.278	4441
1607.466	4487
1609.652	4372
1611.838	4524
1614.023	4487
1616.207	4527
1618.391	4402
1620.576	4431
1622.759	4473
1624.941	4502
1627.123	4362
1629.304	4512
1631.484	4535
1633.664	4478
1635.844	4516
1638.022	4541
1640.201	4581
1642.38	4593
1644.556	4547
1646.732	4560
1648.908	4526
1651.084	4617
1653.257	4547
1655.433	4498
1657.607	4491
1659.779	4609
1661.951	4565
1664.122	4619
1666.295	4575
1668.467	4633
1670.635	4594
1672.805	4599
1674.973	4683
1677.142	4649
1679.31	4685
1681.478	4532
1683.644	4595
1685.81	4522
1687.975	4604
1690.142	4663
1692.305	4585
1694.468	4490
1696.632	4513
1698.794	4529
1700.957	4552
1703.119	4436
1705.279	4426
1707.439	4455
1709.598	4365
1711.758	4464
1713.917	4455
1716.075	4496
1718.231	4395
1720.388	4464
1722.543	4404
1724.702	4297
1726.856	4441
1729.01	4453
1731.164	4460
1733.317	4396
1735.471	4432
1737.623	4391
1739.774	4441
1741.925	4525
1744.075	4409
1746.225	4440
1748.376	4401
1750.524	4501
1752.672	4438
1754.82	4435
1756.965	4405
1759.113	4433
1761.259	4513
1763.405	4465
1765.549	4373
1767.694	4454
1769.836	4432
1771.981	4402
1774.123	4445
1776.264	4535
1778.405	4366
1780.546	4435
1782.687	4423
1784.827	4424
1786.966	4418
1789.103	4524
1791.242	4418
1793.381	4503
1795.517	4412
1797.653	4459
1799.788	4438
1801.923	4478
1804.057	4481
1806.193	4367
1808.326	4429
1810.457	4507
1812.59	4472
1814.721	4468
1816.855	4435
1818.984	4494
1821.113	4386
1823.244	4443
1825.372	4522
1827.499	4332
1829.63	4474
1831.756	4410
1833.882	4409
1836.007	4437
1838.132	4396
1840.26	4419
1842.384	4500
1844.507	4408
1846.63	4491
1848.752	4448
1850.875	4349
1852.996	4466
1855.118	4514
1857.238	4399
1859.358	4356
1861.477	4525
1863.597	4450
1865.715	4355
1867.832	4458
1869.948	4435
1872.064	4380
1874.181	4382
1876.297	4363
1878.411	4468
1880.526	4414
1882.639	4451
1884.752	4486
1886.865	4375
1888.977	4510
1891.089	4456
1893.2	4524
1895.308	4489
1897.42	4359
1899.53	4485
1901.639	4510
1903.745	4394
1905.853	4445
1907.962	4414
1910.067	4483
1912.174	4495
1914.278	4511
1916.383	4423
1918.486	4456
1920.592	4436
1922.694	4544
1924.797	4501
1926.898	4530
1929	4464
1931.102	4466
1933.203	4487
1935.301	4480
1937.401	4476
1939.499	4457
1941.598	4532
1943.697	4484
1945.793	4427
1947.888	4509
1949.985	4506
1952.08	4540
1954.176	4496
1956.269	4540
1958.364	4492
1960.457	4507
1962.549	4452
1964.642	4569
1966.733	4487
1968.823	4472
1970.913	4548
1973.005	4487
1975.093	4516
1977.184	4513
1979.271	4456
1981.359	4475
1983.446	4447
1985.532	4478
1987.619	4501
1989.705	4377
1991.789	4423
1993.874	4508
1995.956	4509
1998.041	4516
2000.123	4530
2002.206	4463
2004.287	4378
2006.368	4471
2008.449	4362
2010.529	4468
2012.609	4371
2014.688	4420
2016.766	4530
2018.843	4397
2020.922	4479
2022.999	4501
2025.074	4439
2027.15	4444
2029.225	4438
2031.299	4521
2033.375	4461
2035.447	4433
2037.52	4436
2039.592	4443
2041.664	4492
2043.736	4428
2045.807	4420
2047.876	4490
2049.947	4463
2052.015	4536
2054.086	4568
2056.153	4474
2058.221	4498
2060.288	4437
2062.353	4427
2064.42	4431
2066.486	4448
2068.55	4437
2070.614	4400
2072.678	4569
2074.741	4578
2076.805	4474
2078.866	4515
2080.929	4399
2082.99	4476
2085.049	4476
2087.109	4426
2089.17	4477
2091.228	4553
2093.286	4546
2095.344	4508
2097.4	4552
2099.46	4545
2101.516	4454
2103.572	4434
2105.626	4517
2107.679	4458
2109.735	4433
2111.788	4424
2113.841	4570
2115.894	4543
2117.945	4561
2119.997	4462
2122.049	4477
2124.1	4494
2126.148	4452
2128.197	4507
2130.246	4405
2132.296	4459
2134.342	4464
2136.39	4513
2138.437	4477
2140.483	4478
2142.527	4472
2144.574	4494
2146.619	4455
2148.661	4390
2150.705	4477
2152.747	4490
2154.792	4358
2156.832	4405
2158.874	4494
2160.915	4494
2162.954	4429
2164.995	4455
2167.034	4493
2169.072	4420
2171.111	4456
2173.148	4347
2175.186	4441
2177.223	4402
2179.258	4363
2181.294	4414
2183.328	4459
2185.362	4455
2187.398	4414
2189.431	4464
2191.463	4370
2193.495	4435
2195.528	4372
2197.56	4440
2199.59	4386
2201.62	4400
2203.649	4377
2205.678	4383
2207.708	4358
2209.737	4389
2211.764	4481
2213.791	4479
2215.817	4418
2217.843	4284
2219.87	4402
2221.895	4388
2223.919	4404
2225.942	4375
2227.966	4287
2229.988	4469
2232.012	4391
2234.032	4398
2236.054	4357
2238.074	4342
2240.095	4367
2242.116	4342
2244.135	4408
2246.153	4345
2248.171	4324
2250.188	4376
2252.208	4379
2254.223	4352
2256.239	4321
2258.255	4371
2260.269	4435
2262.283	4443
2264.3	4428
2266.312	4304
2268.325	4365
2270.336	4322
2272.349	4395
2274.362	4388
2276.372	4345
2278.383	4363
2280.392	4419
2282.402	4345
2284.409	4381
2286.418	4377
2288.427	4378
2290.433	4366
2292.441	4433
2294.446	4325
2296.453	4450
2298.459	4493
2300.463	4346
2302.466	4438
2304.471	4335
2306.475	4382
2308.477	4379
2310.478	4350
2312.481	4424
2314.481	4313
2316.481	4385
2318.482	4317
2320.482	4272
2322.48	4369
2324.48	4356
2326.478	4387
2328.476	4277
2330.473	4277
2332.469	4299
2334.465	4370
2336.46	4373
2338.454	4343
2340.45	4330
2342.444	4311
2344.437	4365
2346.43	4274
2348.421	4354
2350.414	4332
2352.405	4316
2354.396	4306
2356.386	4218
2358.376	4218
2360.366	4304
2362.355	4320
2364.343	4258
2366.331	4268
2368.317	4266
2370.304	4270
2372.292	4356
2374.278	4342
2376.262	4318
2378.247	4276
2380.23	4251
2382.216	4212
2384.199	4352
2386.181	4275
2388.163	4226
2390.144	4274
2392.127	4297
2394.107	4242
2396.087	4268
2398.066	4279
2400.046	4245
2402.023	4261
2404.004	4161
2405.981	4248
2407.957	4236
2409.934	4223
2411.91	4216
2413.886	4178
2415.862	4250
2417.836	4251
2419.809	4163
2421.784	4278
2423.756	4312
2425.73	4279
2427.701	4314
2429.672	4230
2431.644	4240
2433.615	4266
2435.586	4214
2437.555	4254
2439.523	4151
2441.491	4200
2443.459	4249
2445.428	4203
2447.395	4276
2449.361	4238
2451.327	4218
2453.292	4212
2455.257	4160
2457.223	4175
2459.187	4262
2461.15	4272
2463.113	4165
2465.076	4174
2467.039	4196
2468.999	4231
2470.96	4190
2472.921	4327
2474.881	4231
2476.841	4170
2478.8	4224
2480.759	4236
2482.717	4176
2484.675	4200
2486.63	4266
2488.589	4152
2490.545	4177
2492.5	4180
2494.455	4196
2496.408	4186
2498.364	4212
2500.318	4128
2502.27	4181
2504.223	4188
2506.174	4195
2508.126	4211
2510.078	4145
2512.03	4126
2513.979	4230
2515.927	4160
2517.877	4198
2519.826	4108
2521.775	4134
2523.722	4173
2525.668	4117
2527.616	4188
2529.561	4153
2531.508	4214
2533.452	4190
2535.398	4164
2537.342	4211
2539.284	4147
2541.229	4213
2543.173	4101
2545.114	4181
2547.055	4169
2548.996	4217
2550.938	4179
2552.878	4097
2554.817	4098
2556.756	4193
2558.695	4234
2560.633	4198
2562.572	4127
2564.509	4155
2566.445	4154
2568.382	4190
2570.317	4195
2572.254	4092
2574.189	4201
2576.123	4098
2578.057	4221
2579.99	4254
2581.923	4082
2583.855	4163
2585.788	4141
2587.719	4160
2589.65	4237
2591.579	4165
2593.511	4140
2595.44	4273
2597.37	4176
2599.297	4145
2601.225	4200
2603.153	4227
2605.08	4184
2607.007	4212
2608.932	4220
2610.858	4135
2612.782	4092
2614.709	4111
2616.632	4152
2618.556	4168
2620.478	4215
2622.401	4224
2624.324	4066
2626.247	4194
2628.167	4162
2630.088	4264
2632.008	4152
2633.928	4223
2635.848	4239
2637.766	4190
2639.684	4222
2641.603	4147
2643.519	4149
2645.437	4133
2647.353	4166
2649.27	4198
2651.184	4178
2653.099	4211
2655.014	4172
2656.928	4152
2658.842	4220
2660.755	4166
2662.667	4181
2664.579	4165
2666.491	4191
2668.402	4121
2670.312	4218
2672.222	4144
2674.132	4116
2676.042	4137
2677.951	4093
2679.859	4106
2681.766	4091
2683.674	4188
2685.582	4101
2687.488	4124
2689.392	4173
2691.298	4116
2693.202	4165
2695.107	4158
2697.012	4043
2698.914	4099
2700.817	4124
2702.72	4152
2704.622	4164
2706.524	4090
2708.425	4045
2710.326	4255
2712.225	4082
2714.125	4163
2716.024	4107
2717.923	4072
2719.822	4117
2721.719	4067
2723.616	4046
2725.512	4193
2727.41	4053
2729.305	4102
2731.201	4109
2733.095	4105
2734.99	4091
2736.884	4170
2738.778	4162
2740.67	4141
2742.562	4145
2744.455	4194
2746.346	4218
2748.238	4053
2750.129	4132
2752.018	4160
2753.907	4114
2755.797	4135
2757.687	4097
2759.575	4132
2761.462	4192
2763.349	4081
2765.237	4100
2767.124	4212
2769.009	4072
2770.894	4114
2772.779	4077
2774.663	4132
2776.547	4154
2778.431	4199
2780.314	4109
2782.197	4122
2784.078	4135
2785.96	4036
2787.842	4075
2789.723	4129
2791.603	4132
2793.483	4127
2795.362	4085
2797.241	4214
2799.121	4095
2800.997	4055
2802.874	4189
2804.751	4044
2806.628	4117
2808.506	4036
2810.38	4073
2812.255	4151
2814.13	3982
2816.003	4069
2817.878	4212
2819.752	3996
2821.623	4106
2823.496	4104
2825.368	4050
2827.238	4231
2829.111	4198
2830.98	4167
2832.851	4075
2834.719	4110
2836.589	4182
2838.458	4045
2840.327	4097
2842.193	4131
2844.061	4131
2845.927	4184
2847.794	4108
2849.66	4174
2851.525	4019
2853.39	4091
2855.254	4210
2857.117	4245
2858.983	4253
2860.845	4239
2862.707	4245
2864.569	4356
2866.431	4260
2868.293	4297
2870.154	4308
2872.013	4464
2873.873	4397
2875.733	4465
2877.592	4606
2879.451	4605
2881.309	4646
2883.166	4729
2885.022	4656
2886.879	4736
2888.736	4718
2890.591	4677
2892.446	4733
2894.301	4708
2896.155	4746
2898.009	4702
2899.863	4704
2901.716	4747
2903.568	4753
2905.419	4637
2907.27	4808
2909.123	4740
2910.973	4596
2912.824	4820
2914.673	4861
2916.521	4876
2918.372	4848
2920.22	4954
2922.067	4920
2923.914	5121
2925.761	5025
2927.607	5165
2929.455	5144
2931.301	5279
2933.144	5239
2934.99	5296
2936.833	5351
2938.678	5490
2940.522	5523
2942.364	5586
2944.207	5635
2946.048	5573
2947.891	5801
2949.731	5755
2951.571	5602
2953.412	5632
2955.25	5611
2957.09	5428
2958.93	5409
2960.767	5417
2962.606	5323
2964.443	5272
2966.279	5204
2968.116	5180
2969.953	5027
2971.788	5023
2973.623	5035
2975.457	4888
2977.292	5020
2979.127	4770
2980.959	4880
2982.792	4882
2984.624	4814
2986.455	4703
2988.288	4886
2990.119	4763
2991.949	4655
2993.779	4704
2995.608	4718
2997.439	4613
2999.268	4546
3001.096	4500
3002.923	4455
3004.751	4404
3006.578	4271
3008.406	4369
3010.232	4326
3012.057	4309
3013.883	4289
3015.706	4230
3017.532	4162
3019.356	4169
3021.179	4124
3023.002	4086
3024.823	4088
3026.646	4085
3028.469	4034
3030.289	4097
3032.11	4029
3033.93	4025
3035.749	4085
3037.57	3956
3039.39	3969
3041.207	4000
3043.026	3949
3044.842	4062
3046.661	3964
3048.477	3938
3050.294	3979
3052.109	3994
3053.925	3923
3055.739	3989
3057.555	3931
3059.368	3887
3061.181	3998
3062.995	3976
3064.807	4018
3066.62	4050
3068.433	3970
3070.243	3985
3072.054	3839
3073.865	3898
3075.675	3973
3077.485	4019
3079.293	3880
3081.102	3839
3082.911	3898
3084.719	3872
3086.527	3931
3088.333	3943
3090.139	3903
3091.945	3793
3093.75	3894
3095.557	3780
3097.361	3908
3099.165	3877
3100.969	3735
3102.772	3807
3104.575	3889
3106.379	3872
3108.181	3864
3109.982	3890
3111.783	3858
3113.584	3805
3115.386	3785
3117.186	3814
3118.985	3820
3120.783	3755
3122.582	3779
3124.381	3751
3126.179	3789
3127.975	3754
3129.772	3721
3131.569	3795
3133.365	3672
3135.161	3793
3136.956	3745
3138.751	3757
3140.544	3764
3142.338	3825
3144.132	3746
3145.925	3768
3147.717	3770
3149.509	3808
3151.301	3703
3153.091	3797
3154.884	3641
3156.673	3749
3158.462	3721
3160.252	3783
3162.041	3740
3163.831	3772
3165.618	3744
3167.405	3781
3169.193	3767
3170.979	3750
3172.767	3729
3174.553	3761
3176.338	3696
3178.123	3783
3179.907	3751
3181.692	3763
3183.477	3749
3185.259	3770
3187.042	3697
3188.824	3737
3190.607	3639
3192.389	3774
3194.17	3738
3195.951	3715
3197.73	3722
3199.51	3713
3201.289	3696
3203.07	3723
3204.848	3828
3206.626	3693
3208.403	3702
3210.18	3780
3211.959	3734
3213.735	3708
3215.511	3632
3217.285	3656
3219.06	3760
3220.836	3806
3222.611	3696
3224.384	3754
3226.158	3736
3227.929	3795
3229.702	3762
3231.476	3715
3233.248	3712
3235.018	3696
3236.789	3753
3238.56	3808
3240.33	3697
3242.1	3809
3243.869	3750
3245.637	3753
3247.405	3763
3249.172	3803
3250.941	3679
3252.707	3710
3254.474	3741
3256.24	3700
3258.006	3745
3259.772	3771
3261.537	3703
3263.301	3756
3265.065	3667
3266.828	3728
3268.592	3696
3270.355	3745
3272.117	3718
3273.878	3702
3275.64	3710
3277.401	3752
3279.162	3694
3280.922	3735
3282.682	3739
3284.441	3778
3286.199	3757
3287.959	3751
3289.716	3740
3291.475	3764
3293.232	3829
3294.988	3745
3296.744	3806
3298.501	3742
3300.256	3777
3302.011	3685
3303.766	3825
3305.52	3713
3307.275	3818
3309.028	3728
3310.781	3807
3312.533	3750
3314.285	3825
3316.038	3765
3317.789	3820
3319.54	3803
3321.289	3741
3323.039	3746
3324.789	3814
3326.539	3801
3328.288	3783
3330.035	3845
3331.783	3773
3333.531	3775
3335.28	3791
3337.025	3741
3338.771	3815
3340.518	3749
3342.262	3766
3344.009	3716
3345.753	3790
3347.497	3732
3349.24	3698
3350.983	3737
3352.726	3747
3354.469	3735
3356.212	3709
3357.952	3661
3359.694	3711
3361.434	3716
3363.176	3738
3364.916	3647
3366.654	3668
3368.394	3688
3370.132	3700
3371.871	3701
3373.61	3646
3375.346	3623
3377.083	3628
3378.82	3660
3380.556	3691
3382.292	3588
3384.027	3667
3385.763	3637
3387.497	3637
3389.231	3538
3390.965	3535
3392.698	3577
3394.431	3606
3396.164	3672
3397.896	3717
3399.627	3642
3401.36	3659
3403.09	3605
3404.82	3562
3406.55	3643
3408.279	3643
3410.01	3562
3411.738	3608
3413.467	3587
3415.194	3590
3416.92	3467
3418.647	3618
3420.375	3588
3422.102	3573
3423.827	3513
3425.553	3594
3427.277	3566
3429.003	3552
3430.727	3536
3432.451	3616
3434.173	3518
3435.896	3469
3437.62	3538
3439.343	3474
3441.063	3518
3442.785	3515
3444.505	3450
3446.226	3551
3447.948	3469
3449.666	3444
3451.386	3487
3453.104	3504
3454.823	3506
3456.541	3475
3458.259	3439
3459.976	3485
3461.693	3437
3463.408	3459
3465.125	3494
3466.841	3423
3468.556	3479
3470.271	3419
3471.985	3429
3473.698	3398
3475.414	3391
3477.126	3382
3478.838	3354
3480.55	3425
3482.263	3418
3483.975	3402
3485.686	3343
3487.396	3356
3489.106	3430
3490.817	3461
3492.526	3317
3494.236	3369
3495.944	3366
3497.652	3261
3499.359	3436
3501.066	3381
3502.775	3346
3504.481	3276
3506.187	3301
3507.893	3492
3509.598	3276
3511.304	3325
3513.009	3290
3514.713	3326
3516.417	3313
3518.12	3339
3519.821	3356
3521.525	3303
3523.228	3324
3524.929	3218
3526.631	3289
3528.33	3226
3530.032	3280
3531.733	3306
3533.433	3273
3535.131	3174
3536.83	3355
3538.529	3239
3540.227	3181
3541.925	3301
3543.623	3196
3545.319	3147
3547.016	3282
3548.712	3204
3550.408	3160
3552.103	3199
3553.798	3264
3555.491	3334
3557.188	3185
3558.88	3207
3560.574	3160
3562.266	3182
3563.959	3199
3565.651	3209
3567.343	3132
3569.035	3096
3570.725	3193
3572.415	3194
3574.106	3217
3575.797	3174
3577.485	3202
3579.174	3133
3580.863	3198
3582.551	3182
3584.238	3081
3585.926	3152
3587.613	3192
3589.3	3097
3590.986	3185
3592.671	3094
3594.357	3089
3596.042	3138
3597.726	3058
3599.41	3094
3601.094	3065
3602.778	3133
3604.461	3125
3606.143	3046
3607.825	3088
3609.507	3014
3611.188	3027
3612.87	3019
3614.551	3078
3616.229	3059
3617.909	3006
3619.589	3031
3621.269	3053
3622.948	3039
3624.625	3030
3626.302	3008
3627.98	3049
3629.657	2946
3631.334	2966
3633.01	3034
3634.686	3051
3636.361	2944
3638.036	3036
3639.712	2970
3641.385	3029
3643.06	2905
3644.732	2867
3646.405	2916
3648.08	2924
3649.751	3011
3651.424	2903
3653.094	2951
3654.766	2895
3656.436	2918
3658.106	2933
3659.777	2911
3661.446	2903
3663.115	2850
3664.783	2900
3666.452	2943
3668.121	2831
3669.788	2862
3671.454	2863
3673.121	2805
3674.789	2951
3676.455	2884
3678.12	2969
3679.784	2947
3681.45	2909
3683.114	2831
3684.779	2834
3686.442	2929
3688.105	2950
3689.768	2857
3691.43	2865
3693.093	2855
3694.754	2833
3696.415	2916
3698.076	2850
3699.736	2873
3701.396	2784
3703.057	2848
3704.716	2855
3706.375	2831
3708.034	2879
3709.692	2873
3711.351	2815
3713.008	2803
3714.665	2833
3716.321	2813
3717.977	2825
3719.634	2802
3721.29	2810
3722.945	2816
3724.598	2826
3726.253	2894
3727.907	2832
3729.561	2878
3731.214	2795
3732.867	2840
3734.518	2783
3736.171	2866
3737.824	2880
3739.474	2812
3741.125	2824
3742.775	2840
3744.425	2717
3746.074	2821
3747.725	2729
3749.373	2827
3751.022	2817
3752.669	2719
3754.318	2784
3755.966	2742
3757.612	2833
3759.259	2745
3760.905	2809
3762.55	2774
3764.197	2778
3765.842	2769
3767.486	2777
3769.131	2765
3770.774	2751
3772.417	2769
3774.061	2704
3775.705	2679
3777.347	2757
3778.988	2748
3780.629	2713
3782.271	2677
3783.912	2683
3785.552	2761
3787.192	2805
3788.831	2737
3790.472	2680
3792.112	2766
3793.75	2749
3795.388	2637
3797.024	2721
3798.661	2746
3800.3	2691
3801.936	2718
3803.572	2728
3805.208	2687
3806.844	2695
3808.48	2671
3810.115	2702
3811.748	2663
3813.382	2655
3815.016	2718
3816.649	2680
3818.283	2628
3819.914	2671
3821.547	2648
3823.178	2633
3824.809	2715
3826.441	2672
3828.072	2710
3829.701	2683
3831.331	2656
3832.96	2644
3834.591	2655
3836.219	2732
3837.847	2617
3839.475	2629
3841.102	2647
3842.729	2657
3844.357	2636
3845.984	2668
3847.609	2667
3849.234	2602
3850.86	2663
3852.485	2650
3854.11	2602
3855.734	2684
3857.357	2595
3858.981	2617
3860.603	2620
3862.227	2600
3863.848	2581
3865.471	2617
3867.092	2575
3868.713	2618
3870.334	2617
3871.954	2604
3873.575	2557
3875.194	2530
3876.813	2626
3878.433	2636
3880.051	2591
3881.669	2570
3883.286	2588
3884.904	2564
3886.52	2642
3888.138	2594
3889.754	2538
3891.37	2564
3892.985	2553
3894.6	2554
3896.216	2614
3897.831	2577
3899.444	2566
3901.058	2549
3902.67	2538
3904.283	2544
3905.897	2531
3907.509	2541
3909.121	2595
3910.731	2562
3912.342	2566
3913.954	2606
3915.563	2530
3917.174	2517
3918.783	2529
3920.391	2583
3922.002	2546
3923.611	2609
3925.218	2511
3926.826	2514
3928.432	2537
3930.039	2540
3931.647	2530
3933.253	2496
3934.859	2519
3936.464	2539
3938.068	2499
3939.675	2498
3941.278	2497
3942.883	2562
3944.486	2589
3946.089	2526
3947.692	2525
3949.295	2469
3950.898	2530
3952.499	2540
3954.1	2516
3955.7	2512
3957.303	2537
3958.903	2525
3960.502	2476
3962.101	2507
3963.7	2551
3965.301	2537
3966.899	2528
3968.497	2498
3970.094	2460
3971.691	2470
3973.288	2551
3974.885	2511
3976.481	2546
3978.077	2483
3979.672	2493
3981.267	2424
3982.863	2462
3984.457	2471
3986.051	2449
3987.645	2435
3989.238	2453
3990.831	2453
3992.425	2469
3994.017	2422
3995.607	2406
3997.199	2437
3998.79	2439
4000.382	2436
4001.973	2420
4003.561	2442
4005.151	2384
4006.741	2385
4008.331	2461
4009.918	2402
4011.507	2392
4013.095	2485
4014.681	2424
4016.269	2446
4017.856	2407
4019.443	2442
4021.028	2436
4022.614	2357
4024.199	2405
4025.785	2392
4027.37	2398
4028.953	2372
4030.536	2418
4032.12	2391
4033.704	2350
4035.287	2362
4036.869	2327
4038.45	2421
4040.032	2345
4041.613	2374
4043.195	2355
4044.776	2388
4046.356	2364
4047.935	2366
4049.515	2321
4051.095	2318
4052.674	2345
4054.251	2390
4055.829	2365
4057.406	2301
4058.985	2318
4060.562	2335
4062.139	2364
4063.715	2361
4065.29	2360
4066.865	2322
4068.442	2357
4070.016	2312
4071.59	2304
4073.164	2329
4074.738	2271
4076.312	2331
4077.885	2329
4079.458	2309
4081.03	2336
4082.602	2334
4084.173	2291
4085.745	2304
4087.315	2317
4088.886	2320
4090.456	2311
4092.026	2341
4093.596	2274
4095.165	2287
4096.734	2296
4098.301	2318
4099.869	2302
4101.437	2297
4103.006	2301
4104.572	2309
4106.139	2304
4107.704	2274
4109.27	2264
4110.837	2241
4112.401	2254
4113.966	2263
4115.53	2242
4117.094	2286
4118.659	2227
4120.223	2237
4121.785	2292
4123.347	2306
4124.909	2330
4126.471	2192
4128.034	2257
4129.595	2196
4131.155	2231
4132.716	2242
4134.275	2265
4135.836	2286
4137.395	2239
4138.955	2266
4140.513	2213
4142.071	2279
4143.628	2284
4145.188	2270
4146.745	2241
4148.302	2218
4149.858	2215
4151.414	2231
4152.971	2212
4154.526	2250
4156.081	2175
4157.635	2254
4159.189	2157
4160.745	2165
4162.298	2209
4163.852	2190
4165.405	2183
4166.957	2236
4168.51	2199
4170.063	2155
4171.614	2163
4173.166	2198
4174.717	2206
4176.267	2153
4177.817	2203
4179.368	2196
4180.917	2153
4182.466	2147
4184.016	2205
4185.564	2165
4187.112	2113
4188.66	2196
4190.207	2127
4191.754	2234
4193.301	2099
4194.848	2141
4196.394	2142
4197.94	2149
4199.484	2131
4201.03	2136
4202.575	2183
4204.12	2135
4205.663	2157
4207.207	2084
4208.75	2173
4210.292	2158
4211.836	2118
4213.378	2162
4214.92	2128
4216.46	2086
4218.002	2146
4219.544	2132
4221.083	2097
4222.625	2182
4224.164	2127
4225.703	2133
4227.244	2116
4228.782	2136
4230.32	2094
4231.857	2118
4233.395	2138
4234.933	2139
4236.471	2180
4238.007	2132
4239.542	2141
4241.078	2118
4242.614	2099
4244.15	2092
4245.685	2060
4247.219	2072
4248.753	2089
4250.287	2126
4251.82	2076
4253.354	2090
4254.887	2056
4256.419	2132
4257.951	2066
4259.483	2109
4261.016	2091
4262.547	2055
4264.078	2017
4265.608	2033
4267.137	2097
4268.668	2076
4270.197	2071
4271.727	2024
4273.254	2075
4274.783	2057
4276.311	2072
4277.84	2090
4279.366	2095
4280.894	2049
4282.42	2027
4283.946	2103
4285.473	2102
4286.998	2065
4288.523	2107
4290.047	2052
4291.572	2069
4293.096	2047
4294.622	2020
4296.144	2051
4297.668	2035
4299.19	2013
4300.713	2015
4302.236	2051
4303.758	2040
4305.279	2036
4306.799	2009
4308.321	1989
4309.842	1991
4311.361	1993
4312.882	1984
4314.401	2023
