400.0961	2282
402.6185	2278
405.1424	2300
407.6635	2294
410.1838	2308
412.7035	2302
415.2225	2304
417.7388	2280
420.2585	2344
422.7754	2327
425.2917	2395
427.8072	2390
430.3221	2419
432.8363	2429
435.3498	2361
437.8626	2468
440.3727	2412
442.8841	2456
445.3969	2458
447.907	2377
450.4142	2421
452.9229	2479
455.4289	2402
457.9362	2398
460.4449	2406
462.9488	2391
465.454	2428
467.9566	2407
470.4604	2371
472.9637	2334
475.4662	2328
477.966	2391
480.4671	2454
482.9656	2419
485.4633	2337
487.9645	2384
490.4608	2406
492.9566	2386
495.4536	2436
497.948	2449
500.4437	2462
502.9387	2395
505.431	2460
507.9226	2434
510.4136	2456
512.9079	2453
515.3975	2462
517.8864	2509
520.3746	2425
522.8622	2461
525.3491	2371
527.8394	2480
530.3249	2450
532.8098	2474
535.2939	2451
537.7774	2394
540.2623	2448
542.7444	2430
545.2259	2484
547.7067	2434
550.1868	2480
552.6683	2531
555.147	2443
557.6231	2539
560.1005	2513
562.5773	2518
565.0534	2525
567.5308	2511
570.0056	2495
572.4776	2458
574.951	2522
577.4237	2473
579.8978	2532
582.3671	2548
584.8378	2621
587.3079	2594
589.7773	2662
592.244	2588
594.714	2556
597.1793	2571
599.6461	2546
602.1121	2530
604.5754	2561
607.0421	2521
609.5042	2535
611.9675	2539
614.4282	2507
616.8902	2520
619.3515	2555
621.8122	2495
624.2702	2508
626.7296	2560
629.1863	2464
631.6423	2478
634.1017	2453
636.5563	2478
639.0104	2568
641.4658	2531
643.9185	2462
646.3725	2483
648.8239	2524
651.2766	2557
653.7266	2543
656.176	2561
658.6247	2523
661.0748	2529
663.5242	2564
665.9709	2638
668.417	2623
670.8624	2527
673.3092	2609
675.7533	2589
678.1968	2660
680.6395	2513
683.0817	2557
685.5251	2654
687.9659	2660
690.4061	2618
692.8456	2612
695.2844	2549
697.7226	2629
700.1621	2603
702.599	2597
705.0332	2604
707.4688	2654
709.9036	2618
712.3399	2644
714.7735	2554
717.2044	2663
719.6367	2618
722.0683	2625
724.4993	2695
726.9296	2649
729.3593	2670
731.7883	2716
734.2147	2731
736.6423	2718
739.0714	2730
741.4958	2701
743.9216	2722
746.3447	2690
748.7691	2709
751.1929	2727
753.616	2690
756.0366	2775
758.4584	2730
760.8776	2725
763.2982	2765
765.718	2786
768.1373	2761
770.5539	2743
772.9698	2814
775.3871	2755
777.8038	2821
780.2178	2844
782.6332	2790
785.0459	2730
787.458	2783
789.8714	2727
792.2842	2747
794.6943	2866
797.1038	2747
799.5127	2777
801.9209	2838
804.3324	2766
806.7393	2811
809.1456	2762
811.5513	2835
813.9562	2826
816.3625	2828
818.7663	2798
821.1693	2784
823.5718	2832
825.9735	2820
828.3746	2826
830.7771	2793
833.177	2840
835.5762	2878
837.9747	2839
840.3727	2854
842.772	2761
845.1666	2830
847.5626	2871
849.958	2904
852.3527	2889
854.7488	2952
857.1403	2924
859.5331	2875
861.9253	2858
864.3168	2890
866.7057	2861
869.098	2852
871.4876	2847
873.8746	2861
876.263	2855
878.6487	2843
881.0378	2871
883.4243	2866
885.8081	2846
888.1933	2963
890.5759	2901
892.9598	2897
895.343	2839
897.7256	2912
900.1057	2823
902.4871	2935
904.8659	2870
907.246	2908
909.6254	2883
912.0023	2902
914.3786	2993
916.7562	2936
919.1331	2991
921.5074	3022
923.8831	3043
926.2562	3049
928.6287	3062
931.0005	3035
933.3757	3016
935.7462	3068
938.1162	3008
940.4855	3116
942.8542	3126
945.2242	3114
947.5916	3269
949.9584	3239
952.3266	3351
954.6921	3542
957.0571	3623
959.4233	3737
961.787	3725
964.15	3811
966.5125	3720
968.8742	3496
971.2354	3409
973.5959	3286
975.9559	3085
978.3151	3118
980.6738	3045
983.0338	2990
985.3912	3037
987.7461	3017
990.1022	2914
992.4578	3009
994.8127	2975
997.1689	2957
999.5207	2994
1001.874	2990
1004.226	2877
1006.576	2972
1008.929	2999
1011.28	3025
1013.628	3005
1015.977	3002
1018.324	3060
1020.674	3029
1023.019	3001
1025.366	3058
1027.713	3042
1030.056	3034
1032.399	3050
1034.746	3051
1037.087	3093
1039.431	3017
1041.771	3019
1044.113	3065
1046.454	3101
1048.793	3048
1051.133	3036
1053.471	3029
1055.807	3035
1058.146	3048
1060.483	3051
1062.818	3184
1065.153	3127
1067.489	3067
1069.822	2999
1072.156	3135
1074.488	3239
1076.82	3215
1079.15	3086
1081.48	3120
1083.814	3075
1086.143	3084
1088.471	3026
1090.799	3024
1093.126	3013
1095.452	3051
1097.78	3070
1100.105	3106
1102.43	3068
1104.754	3078
1107.077	3048
1109.4	3003
1111.722	3085
1114.044	3159
1116.365	3076
1118.685	3076
1121.005	3075
1123.324	3077
1125.643	3141
1127.961	3123
1130.278	3019
1132.595	3048
1134.911	3051
1137.226	3138
1139.541	3085
1141.854	3125
1144.167	3013
1146.482	3104
1148.793	3073
1151.105	3053
1153.414	3120
1155.725	3082
1158.033	3054
1160.344	3098
1162.651	3078
1164.959	3106
1167.265	3059
1169.572	3119
1171.878	3020
1174.184	3018
1176.488	3124
1178.79	3053
1181.094	3099
1183.396	3049
1185.699	3031
1188.001	3098
1190.301	3061
1192.6	3089
1194.9	3133
1197.2	3084
1199.497	3123
1201.794	3106
1204.09	3035
1206.387	3083
1208.684	3148
1210.978	3122
1213.272	3144
1215.565	3070
1217.858	3095
1220.15	3057
1222.443	3114
1224.734	3136
1227.024	3172
1229.313	3157
1231.602	3200
1233.892	3138
1236.18	3185
1238.467	3263
1240.754	3151
1243.04	3191
1245.325	3154
1247.612	3221
1249.896	3240
1252.178	3235
1254.461	3200
1256.743	3196
1259.027	3208
1261.308	3330
1263.587	3213
1265.867	3168
1268.146	3264
1270.425	3243
1272.703	3217
1274.981	3269
1277.256	3242
1279.532	3244
1281.808	3178
1284.083	3149
1286.358	3218
1288.63	3190
1290.904	3160
1293.175	3151
1295.449	3192
1297.719	3239
1299.99	3181
1302.259	3167
1304.529	3102
1306.798	3148
1309.065	3147
1311.333	3251
1313.599	3094
1315.866	3199
1318.131	3173
1320.396	3164
1322.66	3204
1324.925	3212
1327.187	3193
1329.448	3178
1331.711	3222
1333.974	3200
1336.234	3183
1338.493	3233
1340.752	3207
1343.01	3193
1345.269	3284
1347.526	3205
1349.784	3156
1352.04	3188
1354.295	3259
1356.552	3224
1358.806	3174
1361.059	3208
1363.312	3206
1365.564	3191
1367.818	3139
1370.069	3173
1372.318	3267
1374.568	3170
1376.817	3166
1379.066	3284
1381.316	3178
1383.564	3188
1385.809	3262
1388.056	3235
1390.301	3293
1392.549	3195
1394.793	3259
1397.036	3323
1399.279	3348
1401.522	3295
1403.763	3341
1406.007	3302
1408.248	3281
1410.487	3281
1412.727	3300
1414.965	3349
1417.205	3246
1419.442	3188
1421.68	3212
1423.915	3310
1426.152	3340
1428.388	3316
1430.623	3333
1432.857	3382
1435.091	3367
1437.323	3366
1439.556	3328
1441.789	3403
1444.019	3352
1446.25	3339
1448.48	3338
1450.708	3428
1452.938	3381
1455.167	3348
1457.394	3436
1459.62	3425
1461.846	3298
1464.073	3395
1466.299	3359
1468.523	3419
1470.746	3369
1472.969	3264
1475.191	3361
1477.415	3320
1479.636	3298
1481.858	3279
1484.078	3254
1486.298	3267
1488.518	3251
1490.736	3227
1492.954	3245
1495.169	3205
1497.386	3186
1499.602	3223
1501.819	3244
1504.034	3181
1506.248	3234
1508.462	3238
1510.675	3244
1512.888	3199
1515.1	3214
1517.311	3171
1519.522	3212
1521.732	3185
1523.942	3212
1526.151	3200
1528.36	3213
1530.566	3189
1532.773	3208
1534.98	3190
1537.187	3219
1539.392	3254
1541.596	3214
1543.801	3197
1546.005	3173
1548.208	3261
1550.411	3255
1552.612	3205
1554.814	3287
1557.013	3204
1559.212	3325
1561.414	3321
1563.612	3259
1565.811	3301
1568.007	3344
1570.203	3291
1572.403	3329
1574.598	3219
1576.792	3279
1578.988	3321
1581.181	3319
1583.376	3353
1585.568	3229
1587.761	3339
1589.952	3323
1592.143	3397
1594.333	3334
1596.524	3388
1598.715	3301
1600.903	3320
1603.091	3357
1605.278	3361
1607.466	3387
1609.652	3368
1611.838	3363
1614.023	3348
1616.207	3389
1618.391	3397
1620.576	3309
1622.759	3381
1624.941	3313
1627.123	3340
1629.304	3412
1631.484	3371
1633.664	3358
1635.844	3372
1638.022	3388
1640.201	3395
1642.38	3464
1644.556	3413
1646.732	3438
1648.908	3413
1651.084	3360
1653.257	3398
1655.433	3410
1657.607	3420
1659.779	3427
1661.951	3384
1664.122	3416
1666.295	3391
1668.467	3469
1670.635	3441
1672.805	3476
1674.973	3433
1677.142	3433
1679.31	3503
1681.478	3430
1683.644	3428
1685.81	3478
1687.975	3367
1690.142	3428
1692.305	3470
1694.468	3444
1696.632	3399
1698.794	3388
1700.957	3342
1703.119	3412
1705.279	3341
1707.439	3421
1709.598	3339
1711.758	3344
1713.917	3282
1716.075	3379
1718.231	3311
1720.388	3357
1722.543	3366
1724.702	3386
1726.856	3353
1729.01	3363
1731.164	3359
1733.317	3347
1735.471	3420
1737.623	3359
1739.774	3324
1741.925	3334
1744.075	3311
1746.225	3289
1748.376	3285
1750.524	3319
1752.672	3326
1754.82	3337
1756.965	3427
1759.113	3308
1761.259	3281
1763.405	3380
1765.549	3367
1767.694	3321
1769.836	3354
1771.981	3364
1774.123	3368
1776.264	3343
1778.405	3402
1780.546	3346
1782.687	3297
1784.827	3462
1786.966	3411
1789.103	3416
1791.242	3370
1793.381	3374
1795.517	3336
1797.653	3430
1799.788	3357
1801.923	3404
1804.057	3348
1806.193	3417
1808.326	3322
1810.457	3363
1812.59	3385
1814.721	3353
1816.855	3380
1818.984	3366
1821.113	3381
1823.244	3425
1825.372	3397
1827.499	3338
1829.63	3310
1831.756	3319
1833.882	3368
1836.007	3375
1838.132	3413
1840.26	3361
1842.384	3340
1844.507	3444
1846.63	3370
1848.752	3349
1850.875	3374
1852.996	3415
1855.118	3353
1857.238	3329
1859.358	3395
1861.477	3324
1863.597	3380
1865.715	3320
1867.832	3325
1869.948	3336
1872.064	3380
1874.181	3365
1876.297	3404
1878.411	3265
1880.526	3288
1882.639	3341
1884.752	3327
1886.865	3400
1888.977	3379
1891.089	3442
1893.2	3350
1895.308	3411
1897.42	3323
1899.53	3356
1901.639	3356
1903.745	3405
1905.853	3454
1907.962	3341
1910.067	3359
1912.174	3384
1914.278	3385
1916.383	3397
1918.486	3359
1920.592	3437
1922.694	3342
1924.797	3441
1926.898	3361
1929	3464
1931.102	3337
1933.203	3373
1935.301	3401
1937.401	3500
1939.499	3345
1941.598	3316
1943.697	3406
1945.793	3388
1947.888	3413
1949.985	3412
1952.08	3429
1954.176	3302
1956.269	3344
1958.364	3469
1960.457	3393
1962.549	3338
1964.642	3434
1966.733	3390
1968.823	3425
1970.913	3371
1973.005	3360
1975.093	3384
1977.184	3413
1979.271	3337
1981.359	3376
1983.446	3377
1985.532	3329
1987.619	3461
1989.705	3406
1991.789	3418
1993.874	3364
1995.956	3383
1998.041	3401
2000.123	3317
2002.206	3292
2004.287	3382
2006.368	3315
2008.449	3385
2010.529	3413
2012.609	3427
2014.688	3377
2016.766	3341
2018.843	3367
2020.922	3388
2022.999	3421
2025.074	3325
2027.15	3452
2029.225	3350
2031.299	3366
2033.375	3320
2035.447	3420
2037.52	3365
2039.592	3418
2041.664	3362
2043.736	3377
2045.807	3424
2047.876	3359
2049.947	3339
2052.015	3454
2054.086	3334
2056.153	3402
2058.221	3393
2060.288	3414
2062.353	3385
2064.42	3435
2066.486	3423
2068.55	3327
2070.614	3447
2072.678	3354
2074.741	3313
2076.805	3326
2078.866	3341
2080.929	3411
2082.99	3467
2085.049	3372
2087.109	3383
2089.17	3450
2091.228	3398
2093.286	3422
2095.344	3322
2097.4	3362
2099.46	3416
2101.516	3365
2103.572	3368
2105.626	3409
2107.679	3368
2109.735	3302
2111.788	3402
2113.841	3448
2115.894	3387
2117.945	3417
2119.997	3473
2122.049	3347
2124.1	3432
2126.148	3379
2128.197	3404
2130.246	3399
2132.296	3351
2134.342	3435
2136.39	3399
2138.437	3381
2140.483	3387
2142.527	3372
2144.574	3371
2146.619	3442
2148.661	3305
2150.705	3448
2152.747	3335
2154.792	3384
2156.832	3427
2158.874	3388
2160.915	3371
2162.954	3405
2164.995	3306
2167.034	3389
2169.072	3361
2171.111	3378
2173.148	3335
2175.186	3365
2177.223	3356
2179.258	3308
2181.294	3358
2183.328	3373
2185.362	3365
2187.398	3404
2189.431	3310
2191.463	3362
2193.495	3422
2195.528	3351
2197.56	3376
2199.59	3367
2201.62	3292
2203.649	3343
2205.678	3336
2207.708	3335
2209.737	3340
2211.764	3274
2213.791	3250
2215.817	3335
2217.843	3346
2219.87	3443
2221.895	3314
2223.919	3308
2225.942	3419
2227.966	3335
2229.988	3278
2232.012	3326
2234.032	3331
2236.054	3313
2238.074	3257
2240.095	3283
2242.116	3327
2244.135	3330
2246.153	3302
2248.171	3356
2250.188	3349
2252.208	3280
2254.223	3356
2256.239	3366
2258.255	3273
2260.269	3288
2262.283	3378
2264.3	3341
2266.312	3369
2268.325	3284
2270.336	3368
2272.349	3291
2274.362	3340
2276.372	3302
2278.383	3293
2280.392	3360
2282.402	3363
2284.409	3346
2286.418	3345
2288.427	3373
2290.433	3332
2292.441	3319
2294.446	3353
2296.453	3349
2298.459	3260
2300.463	3364
2302.466	3328
2304.471	3335
2306.475	3284
2308.477	3298
2310.478	3369
2312.481	3360
2314.481	3326
2316.481	3295
2318.482	3425
2320.482	3392
2322.48	3401
2324.48	3271
2326.478	3284
2328.476	3332
2330.473	3392
2332.469	3250
2334.465	3340
2336.46	3276
2338.454	3288
2340.45	3283
2342.444	3326
2344.437	3262
2346.43	3322
2348.421	3269
2350.414	3284
2352.405	3287
2354.396	3325
2356.386	3258
2358.376	3237
2360.366	3228
2362.355	3277
2364.343	3223
2366.331	3300
2368.317	3266
2370.304	3262
2372.292	3276
2374.278	3283
2376.262	3257
2378.247	3264
2380.23	3306
2382.216	3220
2384.199	3287
2386.181	3302
2388.163	3246
2390.144	3211
2392.127	3237
2394.107	3260
2396.087	3237
2398.066	3159
2400.046	3273
2402.023	3251
2404.004	3239
2405.981	3234
2407.957	3264
2409.934	3281
2411.91	3219
2413.886	3158
2415.862	3278
2417.836	3209
2419.809	3225
2421.784	3236
2423.756	3196
2425.73	3197
2427.701	3208
2429.672	3332
2431.644	3305
2433.615	3224
2435.586	3216
2437.555	3223
2439.523	3289
2441.491	3211
2443.459	3207
2445.428	3296
2447.395	3204
2449.361	3252
2451.327	3219
2453.292	3246
2455.257	3237
2457.223	3240
2459.187	3254
2461.15	3263
2463.113	3200
2465.076	3205
2467.039	3194
2468.999	3242
2470.96	3173
2472.921	3244
2474.881	3179
2476.841	3224
2478.8	3248
2480.759	3347
2482.717	3246
2484.675	3196
2486.63	3129
2488.589	3245
2490.545	3139
2492.5	3230
2494.455	3271
2496.408	3180
2498.364	3200
2500.318	3147
2502.27	3260
2504.223	3231
2506.174	3203
2508.126	3240
2510.078	3182
2512.03	3246
2513.979	3213
2515.927	3203
2517.877	3193
2519.826	3177
2521.775	3236
2523.722	3128
2525.668	3201
2527.616	3235
2529.561	3173
2531.508	3193
2533.452	3143
2535.398	3164
2537.342	3140
2539.284	3206
2541.229	3204
2543.173	3247
2545.114	3176
2547.055	3193
2548.996	3142
2550.938	3189
2552.878	3215
2554.817	3226
2556.756	3166
2558.695	3159
2560.633	3147
2562.572	3236
2564.509	3180
2566.445	3174
2568.382	3137
2570.317	3136
2572.254	3212
2574.189	3220
2576.123	3225
2578.057	3211
2579.99	3248
2581.923	3181
2583.855	3178
2585.788	3180
2587.719	3174
2589.65	3263
2591.579	3144
2593.511	3173
2595.44	3212
2597.37	3189
2599.297	3200
2601.225	3097
2603.153	3186
2605.08	3147
2607.007	3218
2608.932	3161
2610.858	3235
2612.782	3240
2614.709	3108
2616.632	3180
2618.556	3239
2620.478	3206
2622.401	3244
2624.324	3279
2626.247	3154
2628.167	3207
2630.088	3206
2632.008	3275
2633.928	3257
2635.848	3167
2637.766	3215
2639.684	3228
2641.603	3190
2643.519	3238
2645.437	3233
2647.353	3241
2649.27	3183
2651.184	3194
2653.099	3214
2655.014	3246
2656.928	3188
2658.842	3211
2660.755	3208
2662.667	3150
2664.579	3201
2666.491	3154
2668.402	3269
2670.312	3255
2672.222	3231
2674.132	3171
2676.042	3155
2677.951	3246
2679.859	3196
2681.766	3165
2683.674	3185
2685.582	3095
2687.488	3168
2689.392	3171
2691.298	3110
2693.202	3186
2695.107	3183
2697.012	3162
2698.914	3163
2700.817	3156
2702.72	3180
2704.622	3190
2706.524	3138
2708.425	3127
2710.326	3186
2712.225	3223
2714.125	3163
2716.024	3192
2717.923	3133
2719.822	3203
2721.719	3140
2723.616	3153
2725.512	3175
2727.41	3141
2729.305	3145
2731.201	3209
2733.095	3206
2734.99	3252
2736.884	3149
2738.778	3060
2740.67	3082
2742.562	3222
2744.455	3191
2746.346	3119
2748.238	3191
2750.129	3176
2752.018	3164
2753.907	3167
2755.797	3214
2757.687	3187
2759.575	3141
2761.462	3105
2763.349	3145
2765.237	3193
2767.124	3116
2769.009	3056
2770.894	3200
2772.779	3143
2774.663	3120
2776.547	3107
2778.431	3122
2780.314	3135
2782.197	3174
2784.078	3055
2785.96	3131
2787.842	3135
2789.723	3058
2791.603	3124
2793.483	3157
2795.362	3053
2797.241	3105
2799.121	3175
2800.997	3155
2802.874	3131
2804.751	3196
2806.628	3186
2808.506	3104
2810.38	3083
2812.255	3062
2814.13	3098
2816.003	3154
2817.878	3087
2819.752	3126
2821.623	3141
2823.496	3219
2825.368	3068
2827.238	3027
2829.111	3058
2830.98	3196
2832.851	3142
2834.719	3134
2836.589	3182
2838.458	3103
2840.327	3195
2842.193	3189
2844.061	3116
2845.927	3075
2847.794	3212
2849.66	3233
2851.525	3205
2853.39	3179
2855.254	3161
2857.117	3147
2858.983	3219
2860.845	3219
2862.707	3214
2864.569	3323
2866.431	3229
2868.293	3348
2870.154	3275
2872.013	3269
2873.873	3354
2875.733	3404
2877.592	3365
2879.451	3485
2881.309	3382
2883.166	3431
2885.022	3457
2886.879	3523
2888.736	3592
2890.591	3544
2892.446	3517
2894.301	3504
2896.155	3572
2898.009	3583
2899.863	3494
2901.716	3486
2903.568	3513
2905.419	3450
2907.27	3494
2909.123	3462
2910.973	3501
2912.824	3488
2914.673	3475
2916.521	3588
2918.372	3528
2920.22	3579
2922.067	3604
2923.914	3634
2925.761	3690
2927.607	3739
2929.455	3797
2931.301	3764
2933.144	3817
2934.99	3806
2936.833	3813
2938.678	3856
2940.522	3866
2942.364	4005
2944.207	3959
2946.048	3937
2947.891	3987
2949.731	3990
2951.571	4008
2953.412	3967
2955.25	3932
2957.09	3949
2958.93	3895
2960.767	3905
2962.606	3886
2964.443	3840
2966.279	3815
2968.116	3794
2969.953	3717
2971.788	3753
2973.623	3671
2975.457	3594
2977.292	3588
2979.127	3583
2980.959	3551
2982.792	3553
2984.624	3541
2986.455	3461
2988.288	3442
2990.119	3447
2991.949	3400
2993.779	3440
2995.608	3363
2997.439	3366
2999.268	3357
3001.096	3334
3002.923	3304
3004.751	3212
3006.578	3326
3008.406	3220
3010.232	3188
3012.057	3158
3013.883	3172
3015.706	3151
3017.532	3174
3019.356	3056
3021.179	3150
3023.002	3069
3024.823	3082
3026.646	3061
3028.469	3087
3030.289	3014
3032.11	3053
3033.93	3051
3035.749	2987
3037.57	3037
3039.39	3019
3041.207	3011
3043.026	3076
3044.842	2966
3046.661	2984
3048.477	3015
3050.294	2982
3052.109	2964
3053.925	3011
3055.739	3004
3057.555	3010
3059.368	3047
3061.181	3013
3062.995	3000
3064.807	2981
3066.62	3035
3068.433	2986
3070.243	2956
3072.054	2942
3073.865	2995
3075.675	3018
3077.485	3000
3079.293	2954
3081.102	2969
3082.911	2940
3084.719	2918
3086.527	2964
3088.333	2999
3090.139	2997
3091.945	2951
3093.75	2984
3095.557	2978
3097.361	2905
3099.165	3015
3100.969	2876
3102.772	2984
3104.575	2913
3106.379	2892
3108.181	2956
3109.982	2885
3111.783	2923
3113.584	2887
3115.386	2862
3117.186	2899
3118.985	2947
3120.783	2823
3122.582	2890
3124.381	2903
3126.179	2820
3127.975	2927
3129.772	2914
3131.569	2835
3133.365	2783
3135.161	2841
3136.956	2777
3138.751	2839
3140.544	2808
3142.338	2924
3144.132	2783
3145.925	2810
3147.717	2866
3149.509	2862
3151.301	2917
3153.091	2864
3154.884	2844
3156.673	2880
3158.462	2810
3160.252	2893
3162.041	2898
3163.831	2780
3165.618	2845
3167.405	2815
3169.193	2872
3170.979	2853
3172.767	2843
3174.553	2825
3176.338	2833
3178.123	2858
3179.907	2800
3181.692	2798
3183.477	2873
3185.259	2852
3187.042	2805
3188.824	2864
3190.607	2812
3192.389	2826
3194.17	2807
3195.951	2863
3197.73	2821
3199.51	2770
3201.289	2840
3203.07	2840
3204.848	2868
3206.626	2811
3208.403	2828
3210.18	2795
3211.959	2821
3213.735	2887
3215.511	2826
3217.285	2797
3219.06	2836
3220.836	2803
3222.611	2855
3224.384	2817
3226.158	2833
3227.929	2850
3229.702	2821
3231.476	2793
3233.248	2740
3235.018	2798
3236.789	2885
3238.56	2802
3240.33	2879
3242.1	2839
3243.869	2799
3245.637	2883
3247.405	2809
3249.172	2897
3250.941	2832
3252.707	2847
3254.474	2859
3256.24	2859
3258.006	2897
3259.772	2853
3261.537	2862
3263.301	2872
3265.065	2814
3266.828	2805
3268.592	2795
3270.355	2837
3272.117	2827
3273.878	2797
3275.64	2817
3277.401	2803
3279.162	2911
3280.922	2816
3282.682	2843
3284.441	2828
3286.199	2871
3287.959	2806
3289.716	2889
3291.475	2815
3293.232	2875
3294.988	2849
3296.744	2846
3298.501	2854
3300.256	2809
3302.011	2822
3303.766	2838
3305.52	2915
3307.275	2778
3309.028	2856
3310.781	2818
3312.533	2845
3314.285	2783
3316.038	2882
3317.789	2787
3319.54	2828
3321.289	2870
3323.039	2893
3324.789	2822
3326.539	2839
3328.288	2855
3330.035	2866
3331.783	2865
3333.531	2834
3335.28	2869
3337.025	2795
3338.771	2809
3340.518	2792
3342.262	2792
3344.009	2825
3345.753	2796
3347.497	2825
3349.24	2748
3350.983	2801
3352.726	2866
3354.469	2747
3356.212	2794
3357.952	2775
3359.694	2823
3361.434	2802
3363.176	2829
3364.916	2863
3366.654	2795
3368.394	2774
3370.132	2776
3371.871	2793
3373.61	2758
3375.346	2743
3377.083	2766
3378.82	2743
3380.556	2789
3382.292	2680
3384.027	2766
3385.763	2792
3387.497	2750
3389.231	2697
3390.965	2775
3392.698	2719
3394.431	2659
3396.164	2724
3397.896	2738
3399.627	2743
3401.36	2760
3403.09	2832
3404.82	2712
3406.55	2723
3408.279	2808
3410.01	2716
3411.738	2669
3413.467	2749
3415.194	2737
3416.92	2639
3418.647	2732
3420.375	2742
3422.102	2710
3423.827	2688
3425.553	2656
3427.277	2676
3429.003	2705
3430.727	2766
3432.451	2689
3434.173	2733
3435.896	2690
3437.62	2662
3439.343	2705
3441.063	2671
3442.785	2689
3444.505	2590
3446.226	2671
3447.948	2671
3449.666	2718
3451.386	2701
3453.104	2628
3454.823	2671
3456.541	2660
3458.259	2672
3459.976	2616
3461.693	2670
3463.408	2745
3465.125	2629
3466.841	2672
3468.556	2655
3470.271	2581
3471.985	2594
3473.698	2593
3475.414	2660
3477.126	2603
3478.838	2542
3480.55	2650
3482.263	2554
3483.975	2598
3485.686	2597
3487.396	2568
3489.106	2542
3490.817	2578
3492.526	2612
3494.236	2587
3495.944	2654
3497.652	2527
3499.359	2554
3501.066	2552
3502.775	2531
3504.481	2579
3506.187	2526
3507.893	2562
3509.598	2505
3511.304	2567
3513.009	2512
3514.713	2504
3516.417	2537
3518.12	2563
3519.821	2555
3521.525	2534
3523.228	2573
3524.929	2498
3526.631	2500
3528.33	2529
3530.032	2472
3531.733	2544
3533.433	2539
3535.131	2487
3536.83	2503
3538.529	2581
3540.227	2451
3541.925	2506
3543.623	2516
3545.319	2469
3547.016	2513
3548.712	2516
3550.408	2489
3552.103	2466
3553.798	2442
3555.491	2481
3557.188	2478
3558.88	2504
3560.574	2508
3562.266	2504
3563.959	2493
3565.651	2411
3567.343	2363
3569.035	2496
3570.725	2416
3572.415	2467
3574.106	2481
3575.797	2456
3577.485	2509
3579.174	2443
3580.863	2441
3582.551	2490
3584.238	2440
3585.926	2456
3587.613	2422
3589.3	2452
3590.986	2432
3592.671	2398
3594.357	2391
3596.042	2466
3597.726	2398
3599.41	2473
3601.094	2400
3602.778	2372
3604.461	2414
3606.143	2377
3607.825	2390
3609.507	2360
3611.188	2446
3612.87	2376
3614.551	2412
3616.229	2398
3617.909	2366
3619.589	2334
3621.269	2280
3622.948	2371
3624.625	2291
3626.302	2366
3627.98	2326
3629.657	2360
3631.334	2344
3633.01	2365
3634.686	2314
3636.361	2308
3638.036	2334
3639.712	2369
3641.385	2308
3643.06	2335
3644.732	2328
3646.405	2288
3648.08	2326
3649.751	2283
3651.424	2316
3653.094	2371
3654.766	2321
3656.436	2298
3658.106	2297
3659.777	2331
3661.446	2274
3663.115	2324
3664.783	2259
3666.452	2292
3668.121	2282
3669.788	2291
3671.454	2294
3673.121	2273
3674.789	2265
3676.455	2242
3678.12	2272
3679.784	2273
3681.45	2299
3683.114	2258
3684.779	2301
3686.442	2238
3688.105	2272
3689.768	2207
3691.43	2314
3693.093	2296
3694.754	2233
3696.415	2282
3698.076	2245
3699.736	2287
3701.396	2231
3703.057	2251
3704.716	2262
3706.375	2214
3708.034	2214
3709.692	2175
3711.351	2235
3713.008	2244
3714.665	2182
3716.321	2256
3717.977	2225
3719.634	2228
3721.29	2187
3722.945	2269
3724.598	2244
3726.253	2227
3727.907	2207
3729.561	2183
3731.214	2234
3732.867	2288
3734.518	2231
3736.171	2229
3737.824	2265
3739.474	2248
3741.125	2231
3742.775	2195
3744.425	2224
3746.074	2165
3747.725	2230
3749.373	2230
3751.022	2204
3752.669	2197
3754.318	2157
3755.966	2221
3757.612	2180
3759.259	2160
3760.905	2197
3762.55	2303
3764.197	2182
3765.842	2211
3767.486	2181
3769.131	2179
3770.774	2216
3772.417	2207
3774.061	2172
3775.705	2122
3777.347	2194
3778.988	2147
3780.629	2164
3782.271	2208
3783.912	2184
3785.552	2182
3787.192	2116
3788.831	2125
3790.472	2196
3792.112	2157
3793.75	2126
3795.388	2186
3797.024	2155
3798.661	2183
3800.3	2168
3801.936	2181
3803.572	2154
3805.208	2193
3806.844	2117
3808.48	2108
3810.115	2083
3811.748	2166
3813.382	2150
3815.016	2080
3816.649	2145
3818.283	2151
3819.914	2150
3821.547	2123
3823.178	2155
3824.809	2115
3826.441	2112
3828.072	2113
3829.701	2103
3831.331	2169
3832.96	2113
3834.591	2136
3836.219	2093
3837.847	2118
3839.475	2061
3841.102	2089
3842.729	2117
3844.357	2096
3845.984	2130
3847.609	2110
3849.234	2108
3850.86	2080
3852.485	2091
3854.11	2116
3855.734	2065
3857.357	2104
3858.981	2085
3860.603	2050
3862.227	2116
3863.848	2048
3865.471	2067
3867.092	2148
3868.713	2060
3870.334	2069
3871.954	1997
3873.575	2046
3875.194	2083
3876.813	2112
3878.433	2100
3880.051	2128
3881.669	2052
3883.286	2026
3884.904	2038
3886.52	2025
3888.138	2108
3889.754	2010
3891.37	2114
3892.985	2050
3894.6	2011
3896.216	2094
3897.831	2047
3899.444	2042
3901.058	2056
3902.67	2036
3904.283	2009
3905.897	2119
3907.509	2067
3909.121	2069
3910.731	2034
3912.342	2105
3913.954	2021
3915.563	2055
3917.174	2117
3918.783	2039
3920.391	2057
3922.002	2020
3923.611	2054
3925.218	2023
3926.826	2053
3928.432	2009
3930.039	2020
3931.647	2059
3933.253	2039
3934.859	2098
3936.464	2057
3938.068	1988
3939.675	2070
3941.278	1983
3942.883	2005
3944.486	2024
3946.089	1993
3947.692	1904
3949.295	2040
3950.898	1958
3952.499	1995
3954.1	2031
3955.7	2096
3957.303	1976
3958.903	2002
3960.502	1996
3962.101	1986
3963.7	2011
3965.301	1979
3966.899	2008
3968.497	1979
3970.094	2013
3971.691	1948
3973.288	1974
3974.885	2016
3976.481	1997
3978.077	1960
3979.672	2048
3981.267	2013
3982.863	1983
3984.457	1989
3986.051	1967
3987.645	1977
3989.238	1956
3990.831	1955
3992.425	2001
3994.017	1954
3995.607	1973
3997.199	1980
3998.79	1998
4000.382	1960
4001.973	1960
4003.561	1942
4005.151	1907
4006.741	1931
4008.331	1857
4009.918	1917
4011.507	1962
4013.095	1951
4014.681	1934
4016.269	1921
4017.856	1894
4019.443	1996
4021.028	1919
4022.614	1941
4024.199	1945
4025.785	1979
4027.37	1918
4028.953	1920
4030.536	1953
4032.12	1912
4033.704	1940
4035.287	1929
4036.869	1879
4038.45	1946
4040.032	1919
4041.613	1966
4043.195	1821
4044.776	1958
4046.356	1878
4047.935	1866
4049.515	1896
4051.095	1905
4052.674	1829
4054.251	1856
4055.829	1854
4057.406	1862
4058.985	1855
4060.562	1947
4062.139	1884
4063.715	1919
4065.29	1883
4066.865	1830
4068.442	1872
4070.016	1886
4071.59	1871
4073.164	1911
4074.738	1836
4076.312	1855
4077.885	1849
4079.458	1862
4081.03	1962
4082.602	1852
4084.173	1919
4085.745	1876
4087.315	1924
4088.886	1875
4090.456	1876
4092.026	1865
4093.596	1874
4095.165	1859
4096.734	1829
4098.301	1848
4099.869	1888
4101.437	1806
4103.006	1855
4104.572	1883
4106.139	1852
4107.704	1851
4109.27	1842
4110.837	1860
4112.401	1860
4113.966	1842
4115.53	1817
4117.094	1814
4118.659	1862
4120.223	1766
4121.785	1837
4123.347	1816
4124.909	1794
4126.471	1845
4128.034	1830
4129.595	1822
4131.155	1817
4132.716	1828
4134.275	1789
4135.836	1808
4137.395	1820
4138.955	1806
4140.513	1814
4142.071	1811
4143.628	1853
4145.188	1811
4146.745	1813
4148.302	1771
4149.858	1824
4151.414	1772
4152.971	1811
4154.526	1723
4156.081	1774
4157.635	1782
4159.189	1771
4160.745	1778
4162.298	1853
4163.852	1772
4165.405	1820
4166.957	1770
4168.51	1826
4170.063	1791
4171.614	1759
4173.166	1773
4174.717	1757
4176.267	1780
4177.817	1760
4179.368	1762
4180.917	1732
4182.466	1725
4184.016	1759
4185.564	1739
4187.112	1781
4188.66	1690
4190.207	1707
4191.754	1769
4193.301	1753
4194.848	1728
4196.394	1734
4197.94	1769
4199.484	1728
4201.03	1687
4202.575	1698
4204.12	1720
4205.663	1760
4207.207	1716
4208.75	1727
4210.292	1765
4211.836	1745
4213.378	1745
4214.92	1780
4216.46	1763
4218.002	1727
4219.544	1748
4221.083	1732
4222.625	1735
4224.164	1748
4225.703	1712
4227.244	1732
4228.782	1716
4230.32	1734
4231.857	1702
4233.395	1747
4234.933	1678
4236.471	1746
4238.007	1719
4239.542	1710
4241.078	1731
4242.614	1711
4244.15	1715
4245.685	1716
4247.219	1726
4248.753	1756
4250.287	1700
4251.82	1722
4253.354	1762
4254.887	1696
4256.419	1698
4257.951	1730
4259.483	1774
4261.016	1691
4262.547	1668
4264.078	1723
4265.608	1703
4267.137	1706
4268.668	1694
4270.197	1671
4271.727	1709
4273.254	1709
4274.783	1631
4276.311	1697
4277.84	1687
4279.366	1663
4280.894	1666
4282.42	1702
4283.946	1718
4285.473	1640
4286.998	1655
4288.523	1676
4290.047	1709
4291.572	1655
4293.096	1632
4294.622	1632
4296.144	1618
4297.668	1728
4299.19	1686
4300.713	1693
4302.236	1694
4303.758	1658
4305.279	1627
4306.799	1654
4308.321	1647
4309.842	1658
4311.361	1650
4312.882	1650
4314.401	1617
