400.0961	5884
402.6185	5818
405.1424	5744
407.6635	5807
410.1838	5899
412.7035	5870
415.2225	5985
417.7388	5979
420.2585	5976
422.7754	6189
425.2917	6038
427.8072	6235
430.3221	6240
432.8363	6322
435.3498	6201
437.8626	6152
440.3727	6265
442.8841	6355
445.3969	6287
447.907	6313
450.4142	6276
452.9229	6195
455.4289	6207
457.9362	6381
460.4449	6262
462.9488	6202
465.454	6199
467.9566	6221
470.4604	6089
472.9637	6241
475.4662	6368
477.966	6257
480.4671	6195
482.9656	6204
485.4633	6287
487.9645	6357
490.4608	6244
492.9566	6401
495.4536	6311
497.948	6430
500.4437	6331
502.9387	6358
505.431	6400
507.9226	6406
510.4136	6422
512.9079	6380
515.3975	6312
517.8864	6468
520.3746	6412
522.8622	6470
525.3491	6497
527.8394	6544
530.3249	6531
532.8098	6488
535.2939	6505
537.7774	6539
540.2623	6437
542.7444	6432
545.2259	6472
547.7067	6480
550.1868	6615
552.6683	6529
555.147	6425
557.6231	6506
560.1005	6530
562.5773	6628
565.0534	6435
567.5308	6630
570.0056	6658
572.4776	6600
574.951	6605
577.4237	6736
579.8978	6692
582.3671	6732
584.8378	6657
587.3079	6746
589.7773	6805
592.244	6662
594.714	6807
597.1793	6821
599.6461	6844
602.1121	6679
604.5754	6780
607.0421	6731
609.5042	6750
611.9675	6722
614.4282	6711
616.8902	6709
619.3515	6762
621.8122	6801
624.2702	6602
626.7296	6595
629.1863	6654
631.6423	6544
634.1017	6731
636.5563	6724
639.0104	6682
641.4658	6687
643.9185	6687
646.3725	6691
648.8239	6694
651.2766	6651
653.7266	6739
656.176	6823
658.6247	6904
661.0748	6792
663.5242	6791
665.9709	6719
668.417	6859
670.8624	6858
673.3092	6807
675.7533	6861
678.1968	6853
680.6395	6890
683.0817	6850
685.5251	6828
687.9659	6854
690.4061	6862
692.8456	6908
695.2844	6915
697.7226	7001
700.1621	7010
702.599	7066
705.0332	7015
707.4688	7106
709.9036	6987
712.3399	7055
714.7735	7053
717.2044	7149
719.6367	7103
722.0683	7003
724.4993	7072
726.9296	7224
729.3593	7100
731.7883	7183
734.2147	7201
736.6423	7187
739.0714	7112
741.4958	7201
743.9216	7230
746.3447	7221
748.7691	7286
751.1929	7269
753.616	7353
756.0366	7390
758.4584	7258
760.8776	7448
763.2982	7395
765.718	7399
768.1373	7421
770.5539	7230
772.9698	7315
775.3871	7436
777.8038	7343
780.2178	7377
782.6332	7537
785.0459	7305
787.458	7398
789.8714	7422
792.2842	7477
794.6943	7552
797.1038	7419
799.5127	7489
801.9209	7572
804.3324	7520
806.7393	7583
809.1456	7453
811.5513	7501
813.9562	7588
816.3625	7650
818.7663	7524
821.1693	7549
823.5718	7482
825.9735	7602
828.3746	7572
830.7771	7557
833.177	7549
835.5762	7525
837.9747	7569
840.3727	7409
842.772	7617
845.1666	7602
847.5626	7703
849.958	7821
852.3527	7713
854.7488	7720
857.1403	7792
859.5331	7929
861.9253	7739
864.3168	7661
866.7057	7705
869.098	7732
871.4876	7571
873.8746	7755
876.263	7664
878.6487	7630
881.0378	7656
883.4243	7555
885.8081	7813
888.1933	7739
890.5759	7716
892.9598	7720
895.343	7674
897.7256	7774
900.1057	7743
902.4871	7744
904.8659	7677
907.246	7687
909.6254	7780
912.0023	7690
914.3786	7906
916.7562	7893
919.1331	8035
921.5074	8120
923.8831	8154
926.2562	7986
928.6287	8241
931.0005	8032
933.3757	8056
935.7462	8175
938.1162	8049
940.4855	8235
942.8542	8276
945.2242	8398
947.5916	8638
949.9584	8699
952.3266	9151
954.6921	9223
957.0571	9730
959.4233	10185
961.787	10274
964.15	10079
966.5125	9865
968.8742	9446
971.2354	8923
973.5959	8630
975.9559	8464
978.3151	8351
980.6738	8260
983.0338	8154
985.3912	8159
987.7461	7997
990.1022	7981
992.4578	7960
994.8127	8005
997.1689	8051
999.5207	8072
1001.874	8064
1004.226	8010
1006.576	7981
1008.929	8018
1011.28	8065
1013.628	7939
1015.977	8032
1018.324	7999
1020.674	7968
1023.019	8109
1025.366	7986
1027.713	8147
1030.056	8124
1032.399	8151
1034.746	8106
1037.087	8158
1039.431	8225
1041.771	8173
1044.113	8114
1046.454	8222
1048.793	8155
1051.133	8186
1053.471	8107
1055.807	8202
1058.146	8308
1060.483	8254
1062.818	8179
1065.153	8410
1067.489	8308
1069.822	8287
1072.156	8362
1074.488	8362
1076.82	8464
1079.15	8362
1081.48	8439
1083.814	8255
1086.143	8243
1088.471	8164
1090.799	8169
1093.126	8149
1095.452	8256
1097.78	8095
1100.105	8151
1102.43	8125
1104.754	8167
1107.077	8219
1109.4	8176
1111.722	8129
1114.044	8230
1116.365	8104
1118.685	8196
1121.005	8281
1123.324	8351
1125.643	8253
1127.961	8155
1130.278	8180
1132.595	8291
1134.911	8138
1137.226	8175
1139.541	8191
1141.854	8207
1144.167	8346
1146.482	8271
1148.793	8242
1151.105	8240
1153.414	8154
1155.725	8265
1158.033	8233
1160.344	8273
1162.651	8214
1164.959	8118
1167.265	8287
1169.572	8184
1171.878	8156
1174.184	8167
1176.488	8226
1178.79	8229
1181.094	8217
1183.396	8243
1185.699	8317
1188.001	8188
1190.301	8183
1192.6	8269
1194.9	8247
1197.2	8325
1199.497	8253
1201.794	8166
1204.09	8183
1206.387	8192
1208.684	8226
1210.978	8178
1213.272	8413
1215.565	8290
1217.858	8289
1220.15	8322
1222.443	8280
1224.734	8391
1227.024	8316
1229.313	8426
1231.602	8393
1233.892	8519
1236.18	8524
1238.467	8609
1240.754	8568
1243.04	8605
1245.325	8715
1247.612	8545
1249.896	8752
1252.178	8596
1254.461	8716
1256.743	8572
1259.027	8504
1261.308	8634
1263.587	8662
1265.867	8708
1268.146	8560
1270.425	8634
1272.703	8603
1274.981	8744
1277.256	8624
1279.532	8624
1281.808	8521
1284.083	8532
1286.358	8631
1288.63	8388
1290.904	8461
1293.175	8542
1295.449	8418
1297.719	8514
1299.99	8407
1302.259	8544
1304.529	8412
1306.798	8361
1309.065	8435
1311.333	8549
1313.599	8529
1315.866	8558
1318.131	8386
1320.396	8343
1322.66	8346
1324.925	8392
1327.187	8511
1329.448	8694
1331.711	8458
1333.974	8517
1336.234	8499
1338.493	8492
1340.752	8493
1343.01	8530
1345.269	8618
1347.526	8528
1349.784	8655
1352.04	8433
1354.295	8510
1356.552	8506
1358.806	8356
1361.059	8418
1363.312	8498
1365.564	8597
1367.818	8561
1370.069	8514
1372.318	8393
1374.568	8573
1376.817	8574
1379.066	8573
1381.316	8589
1383.564	8499
1385.809	8621
1388.056	8622
1390.301	8762
1392.549	8640
1394.793	8795
1397.036	8730
1399.279	8764
1401.522	8677
1403.763	8774
1406.007	8863
1408.248	8780
1410.487	8651
1412.727	8879
1414.965	8736
1417.205	8782
1419.442	8775
1421.68	8880
1423.915	8792
1426.152	8952
1428.388	8849
1430.623	8786
1432.857	8766
1435.091	8764
1437.323	8909
1439.556	8894
1441.789	8937
1444.019	8885
1446.25	8944
1448.48	9037
1450.708	8890
1452.938	8870
1455.167	8985
1457.394	8991
1459.62	8952
1461.846	9003
1464.073	9081
1466.299	8852
1468.523	8823
1470.746	8863
1472.969	8720
1475.191	8771
1477.415	8795
1479.636	8701
1481.858	8699
1484.078	8704
1486.298	8534
1488.518	8556
1490.736	8540
1492.954	8676
1495.169	8577
1497.386	8421
1499.602	8691
1501.819	8592
1504.034	8507
1506.248	8540
1508.462	8469
1510.675	8442
1512.888	8451
1515.1	8487
1517.311	8670
1519.522	8442
1521.732	8480
1523.942	8389
1526.151	8511
1528.36	8414
1530.566	8481
1532.773	8454
1534.98	8455
1537.187	8526
1539.392	8465
1541.596	8449
1543.801	8608
1546.005	8644
1548.208	8514
1550.411	8677
1552.612	8560
1554.814	8707
1557.013	8572
1559.212	8612
1561.414	8618
1563.612	8681
1565.811	8642
1568.007	8675
1570.203	8711
1572.403	8592
1574.598	8760
1576.792	8651
1578.988	8668
1581.181	8718
1583.376	8739
1585.568	8775
1587.761	8796
1589.952	8778
1592.143	8805
1594.333	8769
1596.524	8718
1598.715	8832
1600.903	8771
1603.091	8768
1605.278	8794
1607.466	8754
1609.652	8939
1611.838	8774
1614.023	8848
1616.207	8793
1618.391	8852
1620.576	8790
1622.759	8895
1624.941	8888
1627.123	8889
1629.304	8750
1631.484	8886
1633.664	8906
1635.844	8960
1638.022	8969
1640.201	8946
1642.38	8882
1644.556	9062
1646.732	9006
1648.908	8831
1651.084	9072
1653.257	9063
1655.433	8932
1657.607	9010
1659.779	9008
1661.951	9092
1664.122	9119
1666.295	9071
1668.467	8927
1670.635	9119
1672.805	9098
1674.973	8994
1677.142	9077
1679.31	9100
1681.478	9072
1683.644	8941
1685.81	8966
1687.975	8897
1690.142	8952
1692.305	8849
1694.468	9005
1696.632	8842
1698.794	8830
1700.957	8858
1703.119	8692
1705.279	8771
1707.439	8953
1709.598	8771
1711.758	8834
1713.917	8727
1716.075	8886
1718.231	8671
1720.388	8720
1722.543	8759
1724.702	8734
1726.856	8686
1729.01	8661
1731.164	8791
1733.317	8691
1735.471	8759
1737.623	8752
1739.774	8776
1741.925	8843
1744.075	8671
1746.225	8684
1748.376	8683
1750.524	8824
1752.672	8654
1754.82	8811
1756.965	8706
1759.113	8658
1761.259	8885
1763.405	8984
1765.549	8804
1767.694	8619
1769.836	8789
1771.981	8860
1774.123	8813
1776.264	8839
1778.405	8828
1780.546	8774
1782.687	8770
1784.827	8829
1786.966	8708
1789.103	8770
1791.242	8956
1793.381	8846
1795.517	8836
1797.653	8783
1799.788	8794
1801.923	8735
1804.057	8886
1806.193	8974
1808.326	8848
1810.457	8693
1812.59	8768
1814.721	8890
1816.855	8682
1818.984	8844
1821.113	8659
1823.244	8850
1825.372	8852
1827.499	8822
1829.63	8776
1831.756	8790
1833.882	8794
1836.007	8706
1838.132	8707
1840.26	8755
1842.384	8670
1844.507	8728
1846.63	8706
1848.752	8766
1850.875	8777
1852.996	8713
1855.118	8658
1857.238	8675
1859.358	8821
1861.477	8741
1863.597	8690
1865.715	8790
1867.832	8672
1869.948	8721
1872.064	8713
1874.181	8832
1876.297	8797
1878.411	8720
1880.526	8889
1882.639	8740
1884.752	8796
1886.865	8721
1888.977	8638
1891.089	8732
1893.2	8756
1895.308	8744
1897.42	8761
1899.53	8714
1901.639	8803
1903.745	8880
1905.853	8870
1907.962	8677
1910.067	8906
1912.174	8749
1914.278	8812
1916.383	8740
1918.486	8925
1920.592	8821
1922.694	8770
1924.797	8806
1926.898	8867
1929	8883
1931.102	8764
1933.203	9021
1935.301	8830
1937.401	8822
1939.499	8888
1941.598	8902
1943.697	8976
1945.793	8881
1947.888	8978
1949.985	8856
1952.08	8927
1954.176	8912
1956.269	8768
1958.364	8835
1960.457	8816
1962.549	8835
1964.642	8942
1966.733	8889
1968.823	8758
1970.913	8688
1973.005	8764
1975.093	8795
1977.184	8833
1979.271	8770
1981.359	8863
1983.446	8696
1985.532	8828
1987.619	8847
1989.705	8804
1991.789	8685
1993.874	8755
1995.956	8754
1998.041	8865
2000.123	8692
2002.206	8594
2004.287	8736
2006.368	8716
2008.449	8707
2010.529	8864
2012.609	8736
2014.688	8630
2016.766	8552
2018.843	8652
2020.922	8682
2022.999	8757
2025.074	8824
2027.15	8669
2029.225	8653
2031.299	8637
2033.375	8725
2035.447	8864
2037.52	8829
2039.592	8707
2041.664	8751
2043.736	8725
2045.807	8735
2047.876	8671
2049.947	8683
2052.015	8651
2054.086	8670
2056.153	8659
2058.221	8685
2060.288	8709
2062.353	8832
2064.42	8786
2066.486	8739
2068.55	8719
2070.614	8617
2072.678	8765
2074.741	8704
2076.805	8710
2078.866	8694
2080.929	8782
2082.99	8714
2085.049	8837
2087.109	8836
2089.17	8722
2091.228	8657
2093.286	8694
2095.344	8847
2097.4	8819
2099.46	8587
2101.516	8823
2103.572	8824
2105.626	8630
2107.679	8776
2109.735	8895
2111.788	8649
2113.841	8804
2115.894	8695
2117.945	8730
2119.997	8757
2122.049	8737
2124.1	8668
2126.148	8606
2128.197	8730
2130.246	8651
2132.296	8650
2134.342	8761
2136.39	8666
2138.437	8771
2140.483	8608
2142.527	8736
2144.574	8716
2146.619	8765
2148.661	8642
2150.705	8665
2152.747	8721
2154.792	8648
2156.832	8483
2158.874	8727
2160.915	8597
2162.954	8586
2164.995	8577
2167.034	8572
2169.072	8531
2171.111	8707
2173.148	8675
2175.186	8603
2177.223	8531
2179.258	8531
2181.294	8549
2183.328	8556
2185.362	8698
2187.398	8497
2189.431	8463
2191.463	8503
2193.495	8472
2195.528	8557
2197.56	8417
2199.59	8435
2201.62	8471
2203.649	8464
2205.678	8485
2207.708	8420
2209.737	8547
2211.764	8559
2213.791	8417
2215.817	8556
2217.843	8530
2219.87	8550
2221.895	8517
2223.919	8349
2225.942	8378
2227.966	8461
2229.988	8412
2232.012	8353
2234.032	8411
2236.054	8470
2238.074	8331
2240.095	8474
2242.116	8502
2244.135	8526
2246.153	8464
2248.171	8367
2250.188	8472
2252.208	8311
2254.223	8512
2256.239	8463
2258.255	8573
2260.269	8353
2262.283	8439
2264.3	8358
2266.312	8441
2268.325	8481
2270.336	8419
2272.349	8513
2274.362	8492
2276.372	8445
2278.383	8483
2280.392	8365
2282.402	8453
2284.409	8411
2286.418	8514
2288.427	8449
2290.433	8484
2292.441	8503
2294.446	8326
2296.453	8306
2298.459	8481
2300.463	8474
2302.466	8408
2304.471	8289
2306.475	8366
2308.477	8316
2310.478	8431
2312.481	8392
2314.481	8332
2316.481	8362
2318.482	8324
2320.482	8362
2322.48	8216
2324.48	8382
2326.478	8349
2328.476	8314
2330.473	8384
2332.469	8337
2334.465	8286
2336.46	8274
2338.454	8327
2340.45	8199
2342.444	8292
2344.437	8277
2346.43	8357
2348.421	8229
2350.414	8321
2352.405	8246
2354.396	8331
2356.386	8235
2358.376	8175
2360.366	8225
2362.355	8317
2364.343	8160
2366.331	8170
2368.317	8247
2370.304	8222
2372.292	8176
2374.278	8183
2376.262	8145
2378.247	8309
2380.23	8217
2382.216	8209
2384.199	8132
2386.181	8075
2388.163	8136
2390.144	8068
2392.127	8109
2394.107	8068
2396.087	8147
2398.066	8216
2400.046	8193
2402.023	8100
2404.004	8211
2405.981	8015
2407.957	8076
2409.934	8209
2411.91	7974
2413.886	8235
2415.862	8123
2417.836	8107
2419.809	8104
2421.784	8074
2423.756	8029
2425.73	8138
2427.701	8028
2429.672	8195
2431.644	8194
2433.615	8069
2435.586	8003
2437.555	8083
2439.523	8174
2441.491	8069
2443.459	8171
2445.428	8116
2447.395	7994
2449.361	8246
2451.327	7996
2453.292	7956
2455.257	8188
2457.223	8000
2459.187	8010
2461.15	8070
2463.113	8016
2465.076	8081
2467.039	8012
2468.999	8034
2470.96	7871
2472.921	8053
2474.881	8026
2476.841	7971
2478.8	7911
2480.759	7893
2482.717	7917
2484.675	8031
2486.63	7975
2488.589	7994
2490.545	7922
2492.5	7805
2494.455	7905
2496.408	7960
2498.364	7775
2500.318	7904
2502.27	8043
2504.223	7931
2506.174	7885
2508.126	7997
2510.078	8006
2512.03	7931
2513.979	7877
2515.927	7865
2517.877	8002
2519.826	7844
2521.775	7809
2523.722	7881
2525.668	7819
2527.616	7870
2529.561	7735
2531.508	7901
2533.452	8008
2535.398	7924
2537.342	7779
2539.284	7860
2541.229	7923
2543.173	7845
2545.114	7804
2547.055	7874
2548.996	7931
2550.938	8046
2552.878	7901
2554.817	7851
2556.756	7902
2558.695	7860
2560.633	7854
2562.572	7664
2564.509	7912
2566.445	7736
2568.382	7848
2570.317	7836
2572.254	7938
2574.189	7932
2576.123	7818
2578.057	7849
2579.99	7827
2581.923	7760
2583.855	7790
2585.788	7926
2587.719	7687
2589.65	7937
2591.579	7727
2593.511	7778
2595.44	7917
2597.37	7908
2599.297	7866
2601.225	7809
2603.153	7788
2605.08	7887
2607.007	7884
2608.932	7944
2610.858	7854
2612.782	7744
2614.709	7972
2616.632	7788
2618.556	7793
2620.478	7795
2622.401	7824
2624.324	8029
2626.247	7893
2628.167	7849
2630.088	7855
2632.008	7795
2633.928	7781
2635.848	7813
2637.766	7960
2639.684	7859
2641.603	7829
2643.519	7835
2645.437	7868
2647.353	7787
2649.27	7894
2651.184	7889
2653.099	7831
2655.014	7772
2656.928	7837
2658.842	7845
2660.755	7762
2662.667	7802
2664.579	7801
2666.491	7890
2668.402	7801
2670.312	7887
2672.222	7851
2674.132	7885
2676.042	7770
2677.951	7873
2679.859	7717
2681.766	7818
2683.674	7786
2685.582	7796
2687.488	7671
2689.392	7768
2691.298	7638
2693.202	7803
2695.107	7713
2697.012	7740
2698.914	7711
2700.817	7719
2702.72	7828
2704.622	7675
2706.524	7790
2708.425	7735
2710.326	7648
2712.225	7692
2714.125	7608
2716.024	7754
2717.923	7664
2719.822	7532
2721.719	7722
2723.616	7650
2725.512	7640
2727.41	7747
2729.305	7625
2731.201	7673
2733.095	7681
2734.99	7596
2736.884	7730
2738.778	7634
2740.67	7591
2742.562	7578
2744.455	7659
2746.346	7611
2748.238	7651
2750.129	7673
2752.018	7559
2753.907	7608
2755.797	7692
2757.687	7615
2759.575	7731
2761.462	7459
2763.349	7547
2765.237	7601
2767.124	7625
2769.009	7653
2770.894	7668
2772.779	7586
2774.663	7637
2776.547	7580
2778.431	7545
2780.314	7548
2782.197	7613
2784.078	7651
2785.96	7526
2787.842	7628
2789.723	7680
2791.603	7692
2793.483	7470
2795.362	7486
2797.241	7565
2799.121	7657
2800.997	7643
2802.874	7559
2804.751	7463
2806.628	7566
2808.506	7637
2810.38	7466
2812.255	7607
2814.13	7430
2816.003	7544
2817.878	7465
2819.752	7542
2821.623	7491
2823.496	7563
2825.368	7571
2827.238	7381
2829.111	7485
2830.98	7485
2832.851	7553
2834.719	7468
2836.589	7539
2838.458	7542
2840.327	7544
2842.193	7546
2844.061	7516
2845.927	7518
2847.794	7635
2849.66	7605
2851.525	7594
2853.39	7708
2855.254	7706
2857.117	7639
2858.983	7631
2860.845	7593
2862.707	7731
2864.569	7708
2866.431	7671
2868.293	7768
2870.154	7793
2872.013	7879
2873.873	7860
2875.733	7985
2877.592	7992
2879.451	7987
2881.309	8155
2883.166	8249
2885.022	8190
2886.879	8211
2888.736	8243
2890.591	8226
2892.446	8067
2894.301	8174
2896.155	8140
2898.009	8223
2899.863	8330
2901.716	8172
2903.568	8280
2905.419	8149
2907.27	8113
2909.123	8132
2910.973	8071
2912.824	8275
2914.673	8383
2916.521	8333
2918.372	8385
2920.22	8480
2922.067	8377
2923.914	8678
2925.761	8685
2927.607	8722
2929.455	8774
2931.301	8924
2933.144	8927
2934.99	8971
2936.833	9045
2938.678	9085
2940.522	9176
2942.364	9447
2944.207	9381
2946.048	9281
2947.891	9329
2949.731	9466
2951.571	9331
2953.412	9533
2955.25	9189
2957.09	9153
2958.93	8964
2960.767	8907
2962.606	8852
2964.443	8845
2966.279	8731
2968.116	8729
2969.953	8489
2971.788	8526
2973.623	8357
2975.457	8316
2977.292	8464
2979.127	8336
2980.959	8335
2982.792	8336
2984.624	8186
2986.455	8284
2988.288	8217
2990.119	8209
2991.949	8076
2993.779	8096
2995.608	7928
2997.439	7988
2999.268	7849
3001.096	7903
3002.923	7889
3004.751	7630
3006.578	7649
3008.406	7516
3010.232	7435
3012.057	7558
3013.883	7463
3015.706	7348
3017.532	7460
3019.356	7343
3021.179	7287
3023.002	7442
3024.823	7230
3026.646	7168
3028.469	7139
3030.289	7256
3032.11	7232
3033.93	7214
3035.749	7133
3037.57	7131
3039.39	7180
3041.207	7184
3043.026	7120
3044.842	7130
3046.661	7097
3048.477	7092
3050.294	7064
3052.109	7057
3053.925	7097
3055.739	7019
3057.555	7148
3059.368	7006
3061.181	7142
3062.995	7081
3064.807	7002
3066.62	7042
3068.433	7023
3070.243	6988
3072.054	7081
3073.865	7119
3075.675	6946
3077.485	6885
3079.293	7008
3081.102	6954
3082.911	6938
3084.719	6994
3086.527	6936
3088.333	6885
3090.139	6987
3091.945	6889
3093.75	6932
3095.557	7029
3097.361	6825
3099.165	6789
3100.969	6831
3102.772	6873
3104.575	6945
3106.379	6807
3108.181	6677
3109.982	6788
3111.783	6818
3113.584	6769
3115.386	6842
3117.186	6843
3118.985	6854
3120.783	6601
3122.582	6769
3124.381	6694
3126.179	6687
3127.975	6707
3129.772	6709
3131.569	6805
3133.365	6674
3135.161	6714
3136.956	6756
3138.751	6674
3140.544	6653
3142.338	6799
3144.132	6660
3145.925	6632
3147.717	6693
3149.509	6602
3151.301	6716
3153.091	6614
3154.884	6685
3156.673	6668
3158.462	6760
3160.252	6563
3162.041	6690
3163.831	6568
3165.618	6594
3167.405	6588
3169.193	6542
3170.979	6594
3172.767	6579
3174.553	6518
3176.338	6604
3178.123	6635
3179.907	6524
3181.692	6633
3183.477	6529
3185.259	6501
3187.042	6483
3188.824	6509
3190.607	6651
3192.389	6535
3194.17	6582
3195.951	6593
3197.73	6563
3199.51	6600
3201.289	6572
3203.07	6590
3204.848	6649
3206.626	6406
3208.403	6655
3210.18	6436
3211.959	6535
3213.735	6552
3215.511	6451
3217.285	6519
3219.06	6567
3220.836	6512
3222.611	6612
3224.384	6494
3226.158	6577
3227.929	6466
3229.702	6480
3231.476	6432
3233.248	6446
3235.018	6503
3236.789	6535
3238.56	6463
3240.33	6497
3242.1	6486
3243.869	6536
3245.637	6533
3247.405	6523
3249.172	6569
3250.941	6498
3252.707	6567
3254.474	6542
3256.24	6484
3258.006	6417
3259.772	6586
3261.537	6477
3263.301	6495
3265.065	6450
3266.828	6513
3268.592	6528
3270.355	6441
3272.117	6536
3273.878	6519
3275.64	6551
3277.401	6516
3279.162	6465
3280.922	6476
3282.682	6512
3284.441	6561
3286.199	6535
3287.959	6568
3289.716	6483
3291.475	6594
3293.232	6486
3294.988	6487
3296.744	6426
3298.501	6340
3300.256	6518
3302.011	6526
3303.766	6528
3305.52	6513
3307.275	6488
3309.028	6445
3310.781	6450
3312.533	6400
3314.285	6601
3316.038	6428
3317.789	6554
3319.54	6514
3321.289	6455
3323.039	6400
3324.789	6484
3326.539	6501
3328.288	6467
3330.035	6667
3331.783	6415
3333.531	6457
3335.28	6477
3337.025	6475
3338.771	6416
3340.518	6405
3342.262	6335
3344.009	6465
3345.753	6448
3347.497	6419
3349.24	6476
3350.983	6364
3352.726	6337
3354.469	6446
3356.212	6433
3357.952	6279
3359.694	6224
3361.434	6384
3363.176	6264
3364.916	6297
3366.654	6304
3368.394	6436
3370.132	6245
3371.871	6273
3373.61	6407
3375.346	6340
3377.083	6278
3378.82	6230
3380.556	6305
3382.292	6228
3384.027	6224
3385.763	6250
3387.497	6153
3389.231	6409
3390.965	6181
3392.698	6268
3394.431	6291
3396.164	6200
3397.896	6137
3399.627	6175
3401.36	6070
3403.09	6164
3404.82	6114
3406.55	6138
3408.279	6169
3410.01	6269
3411.738	6192
3413.467	6081
3415.194	6230
3416.92	6212
3418.647	6217
3420.375	6063
3422.102	6154
3423.827	6131
3425.553	6012
3427.277	6046
3429.003	6023
3430.727	6089
3432.451	6079
3434.173	6022
3435.896	5999
3437.62	6143
3439.343	5978
3441.063	6109
3442.785	6003
3444.505	5985
3446.226	5957
3447.948	6057
3449.666	5999
3451.386	5966
3453.104	5990
3454.823	6059
3456.541	5924
3458.259	6033
3459.976	5945
3461.693	5834
3463.408	6039
3465.125	5875
3466.841	5882
3468.556	5966
3470.271	5907
3471.985	5746
3473.698	5969
3475.414	5887
3477.126	5890
3478.838	5801
3480.55	5744
3482.263	5881
3483.975	5775
3485.686	5682
3487.396	5748
3489.106	5720
3490.817	5759
3492.526	5773
3494.236	5730
3495.944	5799
3497.652	5754
3499.359	5680
3501.066	5745
3502.775	5697
3504.481	5724
3506.187	5668
3507.893	5741
3509.598	5715
3511.304	5730
3513.009	5682
3514.713	5713
3516.417	5686
3518.12	5567
3519.821	5571
3521.525	5628
3523.228	5575
3524.929	5517
3526.631	5685
3528.33	5513
3530.032	5569
3531.733	5632
3533.433	5571
3535.131	5566
3536.83	5556
3538.529	5670
3540.227	5601
3541.925	5502
3543.623	5590
3545.319	5594
3547.016	5534
3548.712	5520
3550.408	5426
3552.103	5489
3553.798	5454
3555.491	5475
3557.188	5399
3558.88	5517
3560.574	5489
3562.266	5364
3563.959	5388
3565.651	5512
3567.343	5476
3569.035	5467
3570.725	5374
3572.415	5451
3574.106	5422
3575.797	5413
3577.485	5493
3579.174	5473
3580.863	5389
3582.551	5334
3584.238	5253
3585.926	5264
3587.613	5422
3589.3	5290
3590.986	5382
3592.671	5245
3594.357	5313
3596.042	5309
3597.726	5176
3599.41	5359
3601.094	5317
3602.778	5285
3604.461	5331
3606.143	5283
3607.825	5260
3609.507	5203
3611.188	5184
3612.87	5152
3614.551	5242
3616.229	5257
3617.909	5246
3619.589	5172
3621.269	5130
3622.948	5174
3624.625	5139
3626.302	5077
3627.98	5180
3629.657	5157
3631.334	5225
3633.01	5110
3634.686	5067
3636.361	5127
3638.036	5161
3639.712	5073
3641.385	5106
3643.06	5051
3644.732	5107
3646.405	4963
3648.08	5051
3649.751	5041
3651.424	4963
3653.094	5082
3654.766	5042
3656.436	5051
3658.106	4991
3659.777	5092
3661.446	5046
3663.115	4939
3664.783	5064
3666.452	4950
3668.121	5035
3669.788	5061
3671.454	5023
3673.121	5038
3674.789	4897
3676.455	4974
3678.12	4978
3679.784	4945
3681.45	4942
3683.114	4966
3684.779	4948
3686.442	4954
3688.105	4886
3689.768	4826
3691.43	4936
3693.093	4922
3694.754	4917
3696.415	4957
3698.076	4934
3699.736	4857
3701.396	4829
3703.057	4895
3704.716	5021
3706.375	4921
3708.034	4825
3709.692	4811
3711.351	4746
3713.008	4885
3714.665	4877
3716.321	4889
3717.977	4886
3719.634	4806
3721.29	4995
3722.945	4848
3724.598	4807
3726.253	4856
3727.907	4830
3729.561	4830
3731.214	4748
3732.867	4784
3734.518	4831
3736.171	4822
3737.824	4774
3739.474	4780
3741.125	4842
3742.775	4776
3744.425	4846
3746.074	4776
3747.725	4741
3749.373	4747
3751.022	4673
3752.669	4807
3754.318	4761
3755.966	4747
3757.612	4775
3759.259	4732
3760.905	4749
3762.55	4656
3764.197	4593
3765.842	4672
3767.486	4667
3769.131	4718
3770.774	4730
3772.417	4737
3774.061	4728
3775.705	4631
3777.347	4674
3778.988	4628
3780.629	4786
3782.271	4704
3783.912	4736
3785.552	4580
3787.192	4635
3788.831	4645
3790.472	4688
3792.112	4670
3793.75	4673
3795.388	4547
3797.024	4550
3798.661	4595
3800.3	4643
3801.936	4529
3803.572	4672
3805.208	4568
3806.844	4685
3808.48	4705
3810.115	4504
3811.748	4549
3813.382	4534
3815.016	4536
3816.649	4541
3818.283	4493
3819.914	4602
3821.547	4575
3823.178	4613
3824.809	4590
3826.441	4489
3828.072	4660
3829.701	4489
3831.331	4547
3832.96	4538
3834.591	4463
3836.219	4580
3837.847	4413
3839.475	4509
3841.102	4546
3842.729	4538
3844.357	4503
3845.984	4447
3847.609	4509
3849.234	4459
3850.86	4492
3852.485	4447
3854.11	4391
3855.734	4427
3857.357	4464
3858.981	4485
3860.603	4526
3862.227	4439
3863.848	4412
3865.471	4484
3867.092	4373
3868.713	4345
3870.334	4350
3871.954	4416
3873.575	4322
3875.194	4419
3876.813	4340
3878.433	4370
3880.051	4292
3881.669	4459
3883.286	4384
3884.904	4439
3886.52	4296
3888.138	4416
3889.754	4317
3891.37	4296
3892.985	4322
3894.6	4391
3896.216	4388
3897.831	4333
3899.444	4372
3901.058	4318
3902.67	4416
3904.283	4304
3905.897	4331
3907.509	4360
3909.121	4271
3910.731	4400
3912.342	4299
3913.954	4367
3915.563	4364
3917.174	4305
3918.783	4368
3920.391	4286
3922.002	4262
3923.611	4309
3925.218	4236
3926.826	4460
3928.432	4390
3930.039	4340
3931.647	4365
3933.253	4297
3934.859	4282
3936.464	4265
3938.068	4265
3939.675	4301
3941.278	4258
3942.883	4256
3944.486	4273
3946.089	4293
3947.692	4285
3949.295	4231
3950.898	4278
3952.499	4226
3954.1	4328
3955.7	4299
3957.303	4267
3958.903	4220
3960.502	4183
3962.101	4128
3963.7	4341
3965.301	4218
3966.899	4201
3968.497	4189
3970.094	4126
3971.691	4170
3973.288	4121
3974.885	4153
3976.481	4123
3978.077	4213
3979.672	4178
3981.267	4158
3982.863	4127
3984.457	4138
3986.051	4158
3987.645	4181
3989.238	4107
3990.831	4103
3992.425	4088
3994.017	4107
3995.607	4063
3997.199	4175
3998.79	4097
4000.382	4034
4001.973	4062
4003.561	4086
4005.151	4030
4006.741	4115
4008.331	4103
4009.918	4030
4011.507	4044
4013.095	4026
4014.681	3957
4016.269	4061
4017.856	3974
4019.443	4109
4021.028	4069
4022.614	3942
4024.199	4034
4025.785	4007
4027.37	3926
4028.953	3968
4030.536	4054
4032.12	3914
4033.704	4038
4035.287	3904
4036.869	4015
4038.45	3960
4040.032	3903
4041.613	3882
4043.195	3918
4044.776	3953
4046.356	3930
4047.935	3879
4049.515	3951
4051.095	3958
4052.674	3927
4054.251	3870
4055.829	3964
4057.406	3906
4058.985	3952
4060.562	3907
4062.139	3875
4063.715	3973
4065.29	3853
4066.865	3900
4068.442	3858
4070.016	3906
4071.59	3917
4073.164	3938
4074.738	3859
4076.312	3859
4077.885	3873
4079.458	3798
4081.03	3874
4082.602	3923
4084.173	3912
4085.745	3842
4087.315	3830
4088.886	3855
4090.456	3851
4092.026	3856
4093.596	3821
4095.165	3817
4096.734	3786
4098.301	3757
4099.869	3794
4101.437	3781
4103.006	3808
4104.572	3801
4106.139	3776
4107.704	3782
4109.27	3745
4110.837	3743
4112.401	3710
4113.966	3755
4115.53	3737
4117.094	3792
4118.659	3810
4120.223	3792
4121.785	3900
4123.347	3711
4124.909	3721
4126.471	3685
4128.034	3696
4129.595	3698
4131.155	3735
4132.716	3699
4134.275	3644
4135.836	3686
4137.395	3683
4138.955	3674
4140.513	3775
4142.071	3647
4143.628	3682
4145.188	3615
4146.745	3638
4148.302	3648
4149.858	3581
4151.414	3608
4152.971	3676
4154.526	3676
4156.081	3661
4157.635	3609
4159.189	3725
4160.745	3635
4162.298	3601
4163.852	3610
4165.405	3571
4166.957	3601
4168.51	3633
4170.063	3546
4171.614	3546
4173.166	3616
4174.717	3569
4176.267	3540
4177.817	3549
4179.368	3539
4180.917	3583
4182.466	3562
4184.016	3510
4185.564	3567
4187.112	3542
4188.66	3537
4190.207	3552
4191.754	3544
4193.301	3561
4194.848	3522
4196.394	3500
4197.94	3530
4199.484	3515
4201.03	3505
4202.575	3479
4204.12	3481
4205.663	3504
4207.207	3477
4208.75	3516
4210.292	3432
4211.836	3504
4213.378	3529
4214.92	3462
4216.46	3434
4218.002	3419
4219.544	3554
4221.083	3452
4222.625	3553
4224.164	3419
4225.703	3473
4227.244	3458
4228.782	3462
4230.32	3487
4231.857	3415
4233.395	3475
4234.933	3432
4236.471	3427
4238.007	3475
4239.542	3464
4241.078	3422
4242.614	3495
4244.15	3357
4245.685	3456
4247.219	3469
4248.753	3426
4250.287	3420
4251.82	3473
4253.354	3338
4254.887	3382
4256.419	3372
4257.951	3373
4259.483	3405
4261.016	3446
4262.547	3343
4264.078	3492
4265.608	3373
4267.137	3409
4268.668	3400
4270.197	3324
4271.727	3434
4273.254	3347
4274.783	3285
4276.311	3395
4277.84	3345
4279.366	3330
4280.894	3355
4282.42	3368
4283.946	3336
4285.473	3353
4286.998	3338
4288.523	3335
4290.047	3392
4291.572	3290
4293.096	3336
4294.622	3309
4296.144	3283
4297.668	3260
4299.19	3264
4300.713	3306
4302.236	3241
4303.758	3294
4305.279	3298
4306.799	3202
4308.321	3349
4309.842	3225
4311.361	3259
4312.882	3266
4314.401	3314
