400.0961	6307
402.6185	6272
405.1424	6344
407.6635	6291
410.1838	6369
412.7035	6488
415.2225	6392
417.7388	6401
420.2585	6557
422.7754	6551
425.2917	6690
427.8072	6679
430.3221	6695
432.8363	6783
435.3498	6710
437.8626	6779
440.3727	6790
442.8841	6859
445.3969	6737
447.907	6734
450.4142	6754
452.9229	6858
455.4289	6827
457.9362	6813
460.4449	6823
462.9488	6816
465.454	6764
467.9566	6758
470.4604	6801
472.9637	6839
475.4662	6857
477.966	6849
480.4671	6793
482.9656	6955
485.4633	6819
487.9645	6822
490.4608	6943
492.9566	6977
495.4536	6996
497.948	6994
500.4437	6938
502.9387	6969
505.431	6961
507.9226	6963
510.4136	7076
512.9079	6849
515.3975	7078
517.8864	6999
520.3746	7091
522.8622	7061
525.3491	7076
527.8394	7145
530.3249	7043
532.8098	7080
535.2939	6963
537.7774	7061
540.2623	7068
542.7444	6957
545.2259	7038
547.7067	7035
550.1868	7264
552.6683	7184
555.147	7039
557.6231	6988
560.1005	7107
562.5773	7288
565.0534	7266
567.5308	7269
570.0056	7201
572.4776	7301
574.951	7230
577.4237	7341
579.8978	7348
582.3671	7411
584.8378	7337
587.3079	7311
589.7773	7366
592.244	7447
594.714	7365
597.1793	7305
599.6461	7386
602.1121	7443
604.5754	7267
607.0421	7337
609.5042	7390
611.9675	7376
614.4282	7365
616.8902	7292
619.3515	7307
621.8122	7235
624.2702	7317
626.7296	7352
629.1863	7237
631.6423	7329
634.1017	7269
636.5563	7225
639.0104	7450
641.4658	7389
643.9185	7307
646.3725	7319
648.8239	7326
651.2766	7425
653.7266	7330
656.176	7424
658.6247	7551
661.0748	7446
663.5242	7383
665.9709	7419
668.417	7527
670.8624	7470
673.3092	7515
675.7533	7529
678.1968	7482
680.6395	7491
683.0817	7466
685.5251	7533
687.9659	7555
690.4061	7759
692.8456	7574
695.2844	7566
697.7226	7664
700.1621	7590
702.599	7710
705.0332	7640
707.4688	7631
709.9036	7661
712.3399	7800
714.7735	7673
717.2044	7780
719.6367	7796
722.0683	7730
724.4993	7696
726.9296	7818
729.3593	7786
731.7883	7736
734.2147	7872
736.6423	7812
739.0714	7844
741.4958	7845
743.9216	7899
746.3447	7939
748.7691	7905
751.1929	7998
753.616	8005
756.0366	8018
758.4584	8092
760.8776	8054
763.2982	8052
765.718	8125
768.1373	8003
770.5539	8107
772.9698	8128
775.3871	8060
777.8038	8035
780.2178	8000
782.6332	8043
785.0459	8240
787.458	8161
789.8714	8121
792.2842	8185
794.6943	8037
797.1038	8077
799.5127	8068
801.9209	8116
804.3324	8151
806.7393	8234
809.1456	8012
811.5513	8130
813.9562	8325
816.3625	8243
818.7663	8226
821.1693	8262
823.5718	8300
825.9735	8324
828.3746	8304
830.7771	8188
833.177	8274
835.5762	8305
837.9747	8328
840.3727	8337
842.772	8390
845.1666	8282
847.5626	8509
849.958	8230
852.3527	8482
854.7488	8532
857.1403	8469
859.5331	8365
861.9253	8506
864.3168	8432
866.7057	8392
869.098	8422
871.4876	8416
873.8746	8415
876.263	8451
878.6487	8434
881.0378	8346
883.4243	8367
885.8081	8304
888.1933	8435
890.5759	8353
892.9598	8259
895.343	8434
897.7256	8434
900.1057	8420
902.4871	8359
904.8659	8465
907.246	8390
909.6254	8536
912.0023	8437
914.3786	8636
916.7562	8560
919.1331	8666
921.5074	8661
923.8831	8747
926.2562	8836
928.6287	8785
931.0005	8722
933.3757	8840
935.7462	8863
938.1162	8896
940.4855	8944
942.8542	8884
945.2242	9049
947.5916	9013
949.9584	9422
952.3266	9898
954.6921	9895
957.0571	10219
959.4233	10555
961.787	10625
964.15	10482
966.5125	10263
968.8742	9969
971.2354	9665
973.5959	9343
975.9559	9139
978.3151	8869
980.6738	8848
983.0338	8608
985.3912	8818
987.7461	8610
990.1022	8711
992.4578	8604
994.8127	8696
997.1689	8578
999.5207	8736
1001.874	8679
1004.226	8665
1006.576	8683
1008.929	8749
1011.28	8693
1013.628	8769
1015.977	8703
1018.324	8723
1020.674	8720
1023.019	8741
1025.366	8915
1027.713	8690
1030.056	8833
1032.399	8833
1034.746	8943
1037.087	8937
1039.431	8934
1041.771	8882
1044.113	8972
1046.454	8897
1048.793	8837
1051.133	8829
1053.471	8842
1055.807	8856
1058.146	8922
1060.483	8908
1062.818	9070
1065.153	8983
1067.489	8976
1069.822	9122
1072.156	9118
1074.488	9075
1076.82	9102
1079.15	9016
1081.48	8948
1083.814	9102
1086.143	9114
1088.471	9045
1090.799	8728
1093.126	8834
1095.452	9012
1097.78	8975
1100.105	8826
1102.43	8907
1104.754	8926
1107.077	8841
1109.4	8969
1111.722	8964
1114.044	8851
1116.365	8913
1118.685	8999
1121.005	9044
1123.324	8945
1125.643	8847
1127.961	8908
1130.278	9007
1132.595	8965
1134.911	9049
1137.226	8901
1139.541	8891
1141.854	8927
1144.167	8980
1146.482	8888
1148.793	8891
1151.105	8856
1153.414	9096
1155.725	8878
1158.033	8941
1160.344	9067
1162.651	8944
1164.959	8928
1167.265	8912
1169.572	9051
1171.878	8978
1174.184	8929
1176.488	9065
1178.79	8973
1181.094	8993
1183.396	8978
1185.699	8919
1188.001	8789
1190.301	8945
1192.6	9013
1194.9	8907
1197.2	9025
1199.497	9019
1201.794	8909
1204.09	9048
1206.387	9059
1208.684	8998
1210.978	9039
1213.272	9108
1215.565	9051
1217.858	8931
1220.15	9144
1222.443	9207
1224.734	9122
1227.024	9125
1229.313	9049
1231.602	9161
1233.892	9210
1236.18	9292
1238.467	9239
1240.754	9301
1243.04	9409
1245.325	9383
1247.612	9230
1249.896	9316
1252.178	9333
1254.461	9266
1256.743	9341
1259.027	9241
1261.308	9366
1263.587	9199
1265.867	9209
1268.146	9320
1270.425	9384
1272.703	9162
1274.981	9474
1277.256	9385
1279.532	9232
1281.808	9268
1284.083	9279
1286.358	9346
1288.63	9221
1290.904	9189
1293.175	9123
1295.449	9277
1297.719	9316
1299.99	9217
1302.259	9103
1304.529	9092
1306.798	9291
1309.065	9118
1311.333	9240
1313.599	9176
1315.866	9236
1318.131	9258
1320.396	9186
1322.66	9256
1324.925	9159
1327.187	9076
1329.448	9065
1331.711	9182
1333.974	9306
1336.234	9196
1338.493	9270
1340.752	9339
1343.01	9138
1345.269	9230
1347.526	9215
1349.784	9289
1352.04	9115
1354.295	9203
1356.552	9276
1358.806	9106
1361.059	9298
1363.312	9100
1365.564	9179
1367.818	9339
1370.069	9248
1372.318	9133
1374.568	9251
1376.817	9263
1379.066	9248
1381.316	9257
1383.564	9177
1385.809	9360
1388.056	9398
1390.301	9334
1392.549	9334
1394.793	9406
1397.036	9387
1399.279	9371
1401.522	9413
1403.763	9381
1406.007	9472
1408.248	9475
1410.487	9409
1412.727	9323
1414.965	9367
1417.205	9481
1419.442	9438
1421.68	9555
1423.915	9584
1426.152	9536
1428.388	9487
1430.623	9462
1432.857	9506
1435.091	9704
1437.323	9574
1439.556	9534
1441.789	9597
1444.019	9661
1446.25	9547
1448.48	9637
1450.708	9656
1452.938	9706
1455.167	9731
1457.394	9640
1459.62	9701
1461.846	9647
1464.073	9813
1466.299	9711
1468.523	9626
1470.746	9520
1472.969	9440
1475.191	9559
1477.415	9468
1479.636	9407
1481.858	9398
1484.078	9404
1486.298	9490
1488.518	9350
1490.736	9381
1492.954	9213
1495.169	9298
1497.386	9285
1499.602	9287
1501.819	9333
1504.034	9206
1506.248	9241
1508.462	9194
1510.675	9170
1512.888	9168
1515.1	9392
1517.311	9328
1519.522	9154
1521.732	9183
1523.942	9235
1526.151	9262
1528.36	9296
1530.566	9369
1532.773	9332
1534.98	9164
1537.187	9168
1539.392	9318
1541.596	9347
1543.801	9384
1546.005	9274
1548.208	9401
1550.411	9277
1552.612	9307
1554.814	9436
1557.013	9314
1559.212	9539
1561.414	9377
1563.612	9468
1565.811	9384
1568.007	9546
1570.203	9419
1572.403	9436
1574.598	9526
1576.792	9609
1578.988	9554
1581.181	9422
1583.376	9544
1585.568	9661
1587.761	9528
1589.952	9381
1592.143	9508
1594.333	9565
1596.524	9470
1598.715	9623
1600.903	9526
1603.091	9453
1605.278	9641
1607.466	9538
1609.652	9492
1611.838	9639
1614.023	9627
1616.207	9518
1618.391	9610
1620.576	9610
1622.759	9589
1624.941	9616
1627.123	9714
1629.304	9637
1631.484	9628
1633.664	9654
1635.844	9732
1638.022	9656
1640.201	9686
1642.38	9747
1644.556	9705
1646.732	9740
1648.908	9516
1651.084	9700
1653.257	9703
1655.433	9726
1657.607	9738
1659.779	9751
1661.951	9791
1664.122	9854
1666.295	9815
1668.467	9868
1670.635	9697
1672.805	9821
1674.973	9754
1677.142	9830
1679.31	9695
1681.478	9747
1683.644	9734
1685.81	9795
1687.975	9789
1690.142	9763
1692.305	9609
1694.468	9746
1696.632	9652
1698.794	9753
1700.957	9595
1703.119	9771
1705.279	9609
1707.439	9462
1709.598	9490
1711.758	9515
1713.917	9362
1716.075	9563
1718.231	9615
1720.388	9441
1722.543	9509
1724.702	9572
1726.856	9436
1729.01	9541
1731.164	9471
1733.317	9478
1735.471	9567
1737.623	9429
1739.774	9600
1741.925	9562
1744.075	9618
1746.225	9488
1748.376	9615
1750.524	9663
1752.672	9547
1754.82	9604
1756.965	9607
1759.113	9599
1761.259	9557
1763.405	9633
1765.549	9648
1767.694	9487
1769.836	9583
1771.981	9611
1774.123	9645
1776.264	9618
1778.405	9630
1780.546	9735
1782.687	9670
1784.827	9596
1786.966	9662
1789.103	9529
1791.242	9548
1793.381	9536
1795.517	9557
1797.653	9584
1799.788	9669
1801.923	9691
1804.057	9644
1806.193	9666
1808.326	9717
1810.457	9707
1812.59	9727
1814.721	9592
1816.855	9681
1818.984	9630
1821.113	9509
1823.244	9588
1825.372	9579
1827.499	9644
1829.63	9633
1831.756	9448
1833.882	9640
1836.007	9609
1838.132	9552
1840.26	9616
1842.384	9485
1844.507	9567
1846.63	9537
1848.752	9580
1850.875	9498
1852.996	9691
1855.118	9455
1857.238	9455
1859.358	9606
1861.477	9501
1863.597	9609
1865.715	9496
1867.832	9504
1869.948	9568
1872.064	9413
1874.181	9380
1876.297	9583
1878.411	9431
1880.526	9689
1882.639	9402
1884.752	9586
1886.865	9609
1888.977	9579
1891.089	9552
1893.2	9571
1895.308	9496
1897.42	9568
1899.53	9534
1901.639	9538
1903.745	9437
1905.853	9554
1907.962	9545
1910.067	9610
1912.174	9637
1914.278	9642
1916.383	9613
1918.486	9511
1920.592	9552
1922.694	9696
1924.797	9733
1926.898	9599
1929	9705
1931.102	9680
1933.203	9679
1935.301	9680
1937.401	9682
1939.499	9623
1941.598	9692
1943.697	9639
1945.793	9658
1947.888	9678
1949.985	9691
1952.08	9571
1954.176	9504
1956.269	9739
1958.364	9702
1960.457	9499
1962.549	9630
1964.642	9687
1966.733	9654
1968.823	9679
1970.913	9618
1973.005	9643
1975.093	9617
1977.184	9539
1979.271	9635
1981.359	9575
1983.446	9420
1985.532	9502
1987.619	9680
1989.705	9627
1991.789	9668
1993.874	9542
1995.956	9606
1998.041	9437
2000.123	9468
2002.206	9615
2004.287	9555
2006.368	9523
2008.449	9531
2010.529	9451
2012.609	9512
2014.688	9479
2016.766	9406
2018.843	9455
2020.922	9475
2022.999	9562
2025.074	9580
2027.15	9555
2029.225	9555
2031.299	9656
2033.375	9573
2035.447	9551
2037.52	9409
2039.592	9598
2041.664	9416
2043.736	9581
2045.807	9627
2047.876	9474
2049.947	9622
2052.015	9565
2054.086	9420
2056.153	9502
2058.221	9625
2060.288	9641
2062.353	9539
2064.42	9633
2066.486	9545
2068.55	9576
2070.614	9511
2072.678	9462
2074.741	9521
2076.805	9567
2078.866	9534
2080.929	9522
2082.99	9610
2085.049	9493
2087.109	9466
2089.17	9516
2091.228	9481
2093.286	9639
2095.344	9462
2097.4	9512
2099.46	9719
2101.516	9554
2103.572	9583
2105.626	9374
2107.679	9637
2109.735	9575
2111.788	9425
2113.841	9422
2115.894	9559
2117.945	9539
2119.997	9597
2122.049	9493
2124.1	9561
2126.148	9525
2128.197	9411
2130.246	9407
2132.296	9562
2134.342	9503
2136.39	9352
2138.437	9381
2140.483	9451
2142.527	9530
2144.574	9463
2146.619	9451
2148.661	9484
2150.705	9375
2152.747	9587
2154.792	9411
2156.832	9420
2158.874	9488
2160.915	9396
2162.954	9299
2164.995	9357
2167.034	9426
2169.072	9467
2171.111	9427
2173.148	9333
2175.186	9483
2177.223	9247
2179.258	9461
2181.294	9314
2183.328	9428
2185.362	9336
2187.398	9340
2189.431	9217
2191.463	9308
2193.495	9379
2195.528	9369
2197.56	9295
2199.59	9261
2201.62	9069
2203.649	9211
2205.678	9218
2207.708	9343
2209.737	9192
2211.764	9259
2213.791	9211
2215.817	9255
2217.843	9315
2219.87	9249
2221.895	9214
2223.919	9222
2225.942	9166
2227.966	9217
2229.988	9220
2232.012	9144
2234.032	9289
2236.054	9330
2238.074	9167
2240.095	9106
2242.116	9100
2244.135	9280
2246.153	9143
2248.171	9157
2250.188	9242
2252.208	9107
2254.223	9043
2256.239	9166
2258.255	9193
2260.269	9255
2262.283	9204
2264.3	9146
2266.312	9109
2268.325	9256
2270.336	9242
2272.349	9172
2274.362	9204
2276.372	9129
2278.383	9077
2280.392	9106
2282.402	9211
2284.409	9142
2286.418	9158
2288.427	9215
2290.433	9149
2292.441	9249
2294.446	9093
2296.453	9119
2298.459	9263
2300.463	9103
2302.466	9172
2304.471	9097
2306.475	9161
2308.477	9138
2310.478	9202
2312.481	9113
2314.481	9076
2316.481	9103
2318.482	9058
2320.482	9185
2322.48	9065
2324.48	9081
2326.478	9100
2328.476	9060
2330.473	9120
2332.469	9082
2334.465	9076
2336.46	8986
2338.454	9134
2340.45	9006
2342.444	8959
2344.437	8912
2346.43	8958
2348.421	8927
2350.414	8994
2352.405	8968
2354.396	9006
2356.386	8916
2358.376	8928
2360.366	8914
2362.355	8926
2364.343	9018
2366.331	8874
2368.317	8954
2370.304	8891
2372.292	8975
2374.278	8923
2376.262	8829
2378.247	8886
2380.23	8969
2382.216	9124
2384.199	8743
2386.181	8986
2388.163	8863
2390.144	8827
2392.127	8886
2394.107	8852
2396.087	8861
2398.066	8673
2400.046	9053
2402.023	8776
2404.004	8726
2405.981	8749
2407.957	8822
2409.934	8847
2411.91	8791
2413.886	8821
2415.862	8847
2417.836	8751
2419.809	8781
2421.784	8854
2423.756	8692
2425.73	8753
2427.701	8768
2429.672	8885
2431.644	8848
2433.615	8806
2435.586	8663
2437.555	8897
2439.523	8906
2441.491	8570
2443.459	8890
2445.428	8798
2447.395	8754
2449.361	8713
2451.327	8761
2453.292	8832
2455.257	8785
2457.223	8730
2459.187	8630
2461.15	8667
2463.113	8820
2465.076	8704
2467.039	8632
2468.999	8829
2470.96	8555
2472.921	8696
2474.881	8611
2476.841	8528
2478.8	8689
2480.759	8727
2482.717	8616
2484.675	8784
2486.63	8538
2488.589	8587
2490.545	8645
2492.5	8631
2494.455	8686
2496.408	8645
2498.364	8682
2500.318	8588
2502.27	8539
2504.223	8506
2506.174	8599
2508.126	8631
2510.078	8538
2512.03	8668
2513.979	8578
2515.927	8638
2517.877	8648
2519.826	8600
2521.775	8489
2523.722	8622
2525.668	8649
2527.616	8432
2529.561	8520
2531.508	8522
2533.452	8522
2535.398	8589
2537.342	8490
2539.284	8448
2541.229	8642
2543.173	8564
2545.114	8577
2547.055	8556
2548.996	8495
2550.938	8542
2552.878	8593
2554.817	8466
2556.756	8455
2558.695	8552
2560.633	8492
2562.572	8579
2564.509	8550
2566.445	8461
2568.382	8512
2570.317	8568
2572.254	8425
2574.189	8471
2576.123	8423
2578.057	8579
2579.99	8478
2581.923	8499
2583.855	8478
2585.788	8690
2587.719	8581
2589.65	8584
2591.579	8470
2593.511	8551
2595.44	8535
2597.37	8403
2599.297	8544
2601.225	8542
2603.153	8507
2605.08	8508
2607.007	8418
2608.932	8548
2610.858	8612
2612.782	8566
2614.709	8646
2616.632	8577
2618.556	8486
2620.478	8489
2622.401	8548
2624.324	8419
2626.247	8478
2628.167	8511
2630.088	8679
2632.008	8610
2633.928	8485
2635.848	8600
2637.766	8629
2639.684	8444
2641.603	8511
2643.519	8533
2645.437	8539
2647.353	8487
2649.27	8489
2651.184	8515
2653.099	8514
2655.014	8486
2656.928	8539
2658.842	8667
2660.755	8507
2662.667	8433
2664.579	8382
2666.491	8440
2668.402	8491
2670.312	8587
2672.222	8470
2674.132	8424
2676.042	8579
2677.951	8462
2679.859	8457
2681.766	8425
2683.674	8457
2685.582	8370
2687.488	8292
2689.392	8386
2691.298	8433
2693.202	8376
2695.107	8479
2697.012	8381
2698.914	8398
2700.817	8473
2702.72	8350
2704.622	8325
2706.524	8413
2708.425	8281
2710.326	8343
2712.225	8297
2714.125	8156
2716.024	8237
2717.923	8383
2719.822	8361
2721.719	8203
2723.616	8212
2725.512	8420
2727.41	8329
2729.305	8269
2731.201	8233
2733.095	8205
2734.99	8335
2736.884	8355
2738.778	8288
2740.67	8349
2742.562	8218
2744.455	8238
2746.346	8259
2748.238	8297
2750.129	8315
2752.018	8320
2753.907	8296
2755.797	8231
2757.687	8260
2759.575	8347
2761.462	8233
2763.349	8318
2765.237	8216
2767.124	8193
2769.009	8237
2770.894	8191
2772.779	8157
2774.663	8216
2776.547	8209
2778.431	8050
2780.314	8073
2782.197	8158
2784.078	8131
2785.96	8147
2787.842	8081
2789.723	8199
2791.603	8214
2793.483	8097
2795.362	8177
2797.241	8179
2799.121	8222
2800.997	8139
2802.874	8127
2804.751	8070
2806.628	8123
2808.506	8186
2810.38	7998
2812.255	8145
2814.13	8083
2816.003	8159
2817.878	8194
2819.752	8032
2821.623	8161
2823.496	8088
2825.368	8166
2827.238	8133
2829.111	8119
2830.98	8009
2832.851	8088
2834.719	7993
2836.589	8064
2838.458	8096
2840.327	8194
2842.193	7983
2844.061	8086
2845.927	8144
2847.794	8173
2849.66	8064
2851.525	8101
2853.39	8170
2855.254	8241
2857.117	8102
2858.983	8288
2860.845	8207
2862.707	8188
2864.569	8166
2866.431	8207
2868.293	8367
2870.154	8398
2872.013	8236
2873.873	8425
2875.733	8424
2877.592	8410
2879.451	8538
2881.309	8561
2883.166	8595
2885.022	8664
2886.879	8581
2888.736	8616
2890.591	8552
2892.446	8755
2894.301	8808
2896.155	8571
2898.009	8675
2899.863	8525
2901.716	8612
2903.568	8588
2905.419	8574
2907.27	8654
2909.123	8623
2910.973	8601
2912.824	8699
2914.673	8744
2916.521	8728
2918.372	8889
2920.22	8914
2922.067	8863
2923.914	8935
2925.761	9120
2927.607	9120
2929.455	9141
2931.301	9244
2933.144	9255
2934.99	9329
2936.833	9273
2938.678	9326
2940.522	9365
2942.364	9510
2944.207	9522
2946.048	9640
2947.891	9427
2949.731	9635
2951.571	9492
2953.412	9496
2955.25	9276
2957.09	9264
2958.93	9313
2960.767	9249
2962.606	9099
2964.443	9166
2966.279	9144
2968.116	9071
2969.953	9000
2971.788	8948
2973.623	8881
2975.457	8723
2977.292	8894
2979.127	8805
2980.959	8677
2982.792	8613
2984.624	8654
2986.455	8595
2988.288	8731
2990.119	8526
2991.949	8450
2993.779	8379
2995.608	8476
2997.439	8371
2999.268	8514
3001.096	8243
3002.923	8336
3004.751	8118
3006.578	8233
3008.406	7997
3010.232	8082
3012.057	8004
3013.883	7978
3015.706	8008
3017.532	7918
3019.356	7838
3021.179	7803
3023.002	7791
3024.823	7856
3026.646	7797
3028.469	7687
3030.289	7665
3032.11	7544
3033.93	7736
3035.749	7613
3037.57	7656
3039.39	7539
3041.207	7547
3043.026	7552
3044.842	7724
3046.661	7751
3048.477	7538
3050.294	7470
3052.109	7621
3053.925	7529
3055.739	7552
3057.555	7641
3059.368	7585
3061.181	7465
3062.995	7590
3064.807	7666
3066.62	7661
3068.433	7644
3070.243	7619
3072.054	7457
3073.865	7503
3075.675	7494
3077.485	7543
3079.293	7392
3081.102	7345
3082.911	7491
3084.719	7394
3086.527	7511
3088.333	7337
3090.139	7460
3091.945	7365
3093.75	7407
3095.557	7320
3097.361	7405
3099.165	7280
3100.969	7402
3102.772	7285
3104.575	7244
3106.379	7276
3108.181	7284
3109.982	7297
3111.783	7265
3113.584	7314
3115.386	7272
3117.186	7348
3118.985	7213
3120.783	7205
3122.582	7258
3124.381	7165
3126.179	7278
3127.975	7261
3129.772	7272
3131.569	7311
3133.365	7118
3135.161	7269
3136.956	7225
3138.751	7173
3140.544	7154
3142.338	7163
3144.132	7179
3145.925	7182
3147.717	7162
3149.509	7092
3151.301	7149
3153.091	7148
3154.884	7122
3156.673	7156
3158.462	7086
3160.252	7078
3162.041	7084
3163.831	7106
3165.618	7154
3167.405	7071
3169.193	7121
3170.979	7084
3172.767	7027
3174.553	6984
3176.338	7098
3178.123	7128
3179.907	7065
3181.692	7121
3183.477	7014
3185.259	7074
3187.042	7054
3188.824	7037
3190.607	7026
3192.389	6966
3194.17	6953
3195.951	7072
3197.73	6936
3199.51	7030
3201.289	6933
3203.07	7060
3204.848	6989
3206.626	6982
3208.403	7074
3210.18	6891
3211.959	7039
3213.735	7027
3215.511	7045
3217.285	7031
3219.06	6962
3220.836	6865
3222.611	7024
3224.384	7054
3226.158	7015
3227.929	7016
3229.702	6937
3231.476	6908
3233.248	6961
3235.018	6903
3236.789	6915
3238.56	6912
3240.33	6924
3242.1	7049
3243.869	6863
3245.637	6974
3247.405	7006
3249.172	7056
3250.941	6921
3252.707	6830
3254.474	7048
3256.24	6931
3258.006	6974
3259.772	6910
3261.537	6951
3263.301	6968
3265.065	7069
3266.828	6754
3268.592	6930
3270.355	6874
3272.117	6918
3273.878	6874
3275.64	6937
3277.401	6857
3279.162	6818
3280.922	6897
3282.682	6866
3284.441	6964
3286.199	6967
3287.959	6804
3289.716	6863
3291.475	6836
3293.232	6982
3294.988	7059
3296.744	6904
3298.501	6933
3300.256	7013
3302.011	6899
3303.766	6925
3305.52	6845
3307.275	6996
3309.028	6925
3310.781	6823
3312.533	6873
3314.285	6791
3316.038	6842
3317.789	6852
3319.54	6970
3321.289	6841
3323.039	6941
3324.789	6834
3326.539	6988
3328.288	6857
3330.035	6970
3331.783	6838
3333.531	6870
3335.28	6836
3337.025	6833
3338.771	6820
3340.518	6793
3342.262	6835
3344.009	6894
3345.753	6867
3347.497	6850
3349.24	6833
3350.983	6665
3352.726	6859
3354.469	6825
3356.212	6775
3357.952	6824
3359.694	6673
3361.434	6683
3363.176	6821
3364.916	6893
3366.654	6721
3368.394	6753
3370.132	6683
3371.871	6604
3373.61	6728
3375.346	6542
3377.083	6668
3378.82	6712
3380.556	6780
3382.292	6650
3384.027	6777
3385.763	6672
3387.497	6566
3389.231	6682
3390.965	6786
3392.698	6619
3394.431	6562
3396.164	6593
3397.896	6674
3399.627	6567
3401.36	6519
3403.09	6590
3404.82	6489
3406.55	6587
3408.279	6505
3410.01	6532
3411.738	6618
3413.467	6566
3415.194	6534
3416.92	6444
3418.647	6508
3420.375	6580
3422.102	6399
3423.827	6445
3425.553	6333
3427.277	6474
3429.003	6461
3430.727	6516
3432.451	6485
3434.173	6528
3435.896	6499
3437.62	6464
3439.343	6411
3441.063	6383
3442.785	6545
3444.505	6464
3446.226	6416
3447.948	6422
3449.666	6277
3451.386	6256
3453.104	6382
3454.823	6488
3456.541	6233
3458.259	6377
3459.976	6273
3461.693	6286
3463.408	6418
3465.125	6256
3466.841	6291
3468.556	6361
3470.271	6196
3471.985	6245
3473.698	6254
3475.414	6212
3477.126	6151
3478.838	6177
3480.55	6225
3482.263	6326
3483.975	6305
3485.686	6151
3487.396	6035
3489.106	6168
3490.817	6248
3492.526	6259
3494.236	6263
3495.944	6149
3497.652	6183
3499.359	6173
3501.066	6101
3502.775	6197
3504.481	6151
3506.187	6066
3507.893	6081
3509.598	6109
3511.304	6023
3513.009	6024
3514.713	6086
3516.417	6006
3518.12	6041
3519.821	6153
3521.525	5943
3523.228	6010
3524.929	6053
3526.631	5881
3528.33	6068
3530.032	6096
3531.733	6016
3533.433	6002
3535.131	5858
3536.83	5966
3538.529	6071
3540.227	5911
3541.925	5972
3543.623	5919
3545.319	5927
3547.016	5972
3548.712	5869
3550.408	6018
3552.103	6001
3553.798	5953
3555.491	5904
3557.188	5925
3558.88	5908
3560.574	5827
3562.266	5899
3563.959	5939
3565.651	5887
3567.343	5975
3569.035	5763
3570.725	5794
3572.415	5817
3574.106	5769
3575.797	5778
3577.485	5909
3579.174	5778
3580.863	5924
3582.551	5801
3584.238	5806
3585.926	5857
3587.613	5734
3589.3	5785
3590.986	5664
3592.671	5833
3594.357	5802
3596.042	5641
3597.726	5756
3599.41	5754
3601.094	5706
3602.778	5659
3604.461	5709
3606.143	5606
3607.825	5650
3609.507	5623
3611.188	5504
3612.87	5526
3614.551	5575
3616.229	5580
3617.909	5623
3619.589	5569
3621.269	5667
3622.948	5537
3624.625	5585
3626.302	5489
3627.98	5439
3629.657	5507
3631.334	5467
3633.01	5520
3634.686	5453
3636.361	5551
3638.036	5570
3639.712	5472
3641.385	5533
3643.06	5454
3644.732	5433
3646.405	5424
3648.08	5385
3649.751	5389
3651.424	5538
3653.094	5462
3654.766	5434
3656.436	5451
3658.106	5402
3659.777	5334
3661.446	5393
3663.115	5302
3664.783	5434
3666.452	5437
3668.121	5318
3669.788	5423
3671.454	5375
3673.121	5378
3674.789	5287
3676.455	5272
3678.12	5330
3679.784	5397
3681.45	5383
3683.114	5373
3684.779	5285
3686.442	5298
3688.105	5288
3689.768	5346
3691.43	5325
3693.093	5343
3694.754	5320
3696.415	5388
3698.076	5296
3699.736	5244
3701.396	5233
3703.057	5322
3704.716	5279
3706.375	5243
3708.034	5248
3709.692	5199
3711.351	5159
3713.008	5236
3714.665	5215
3716.321	5223
3717.977	5246
3719.634	5176
3721.29	5206
3722.945	5305
3724.598	5249
3726.253	5170
3727.907	5243
3729.561	5222
3731.214	5111
3732.867	5188
3734.518	5166
3736.171	5248
3737.824	5158
3739.474	5171
3741.125	5252
3742.775	5168
3744.425	5168
3746.074	5077
3747.725	5049
3749.373	5084
3751.022	5119
3752.669	4987
3754.318	5065
3755.966	5156
3757.612	5103
3759.259	5068
3760.905	5130
3762.55	5105
3764.197	5077
3765.842	5099
3767.486	5153
3769.131	5062
3770.774	5093
3772.417	5015
3774.061	4971
3775.705	5060
3777.347	5083
3778.988	5108
3780.629	5049
3782.271	5071
3783.912	4995
3785.552	5043
3787.192	5028
3788.831	5034
3790.472	5012
3792.112	4948
3793.75	5066
3795.388	4956
3797.024	5019
3798.661	4987
3800.3	4933
3801.936	5004
3803.572	4978
3805.208	4875
3806.844	4973
3808.48	4902
3810.115	4928
3811.748	4952
3813.382	4935
3815.016	4803
3816.649	4904
3818.283	4989
3819.914	4895
3821.547	4901
3823.178	4940
3824.809	4889
3826.441	4862
3828.072	4925
3829.701	4891
3831.331	4863
3832.96	4877
3834.591	4834
3836.219	4879
3837.847	4873
3839.475	4830
3841.102	4923
3842.729	4872
3844.357	4785
3845.984	4859
3847.609	4971
3849.234	4814
3850.86	4784
3852.485	4836
3854.11	4841
3855.734	4710
3857.357	4843
3858.981	4751
3860.603	4843
3862.227	4758
3863.848	4772
3865.471	4680
3867.092	4709
3868.713	4802
3870.334	4734
3871.954	4736
3873.575	4738
3875.194	4808
3876.813	4725
3878.433	4688
3880.051	4660
3881.669	4724
3883.286	4735
3884.904	4707
3886.52	4645
3888.138	4714
3889.754	4710
3891.37	4774
3892.985	4660
3894.6	4731
3896.216	4586
3897.831	4578
3899.444	4627
3901.058	4682
3902.67	4712
3904.283	4733
3905.897	4796
3907.509	4610
3909.121	4659
3910.731	4665
3912.342	4654
3913.954	4673
3915.563	4773
3917.174	4699
3918.783	4666
3920.391	4560
3922.002	4600
3923.611	4646
3925.218	4652
3926.826	4657
3928.432	4590
3930.039	4560
3931.647	4620
3933.253	4622
3934.859	4667
3936.464	4597
3938.068	4673
3939.675	4551
3941.278	4605
3942.883	4636
3944.486	4670
3946.089	4520
3947.692	4610
3949.295	4604
3950.898	4581
3952.499	4587
3954.1	4558
3955.7	4515
3957.303	4580
3958.903	4472
3960.502	4540
3962.101	4534
3963.7	4542
3965.301	4547
3966.899	4455
3968.497	4474
3970.094	4461
3971.691	4485
3973.288	4496
3974.885	4474
3976.481	4534
3978.077	4416
3979.672	4401
3981.267	4442
3982.863	4460
3984.457	4523
3986.051	4479
3987.645	4432
3989.238	4410
3990.831	4482
3992.425	4370
3994.017	4454
3995.607	4434
3997.199	4375
3998.79	4368
4000.382	4290
4001.973	4406
4003.561	4324
4005.151	4469
4006.741	4303
4008.331	4382
4009.918	4403
4011.507	4312
4013.095	4367
4014.681	4366
4016.269	4389
4017.856	4267
4019.443	4345
4021.028	4202
4022.614	4318
4024.199	4286
4025.785	4306
4027.37	4292
4028.953	4223
4030.536	4322
4032.12	4276
4033.704	4323
4035.287	4237
4036.869	4309
4038.45	4276
4040.032	4151
4041.613	4261
4043.195	4221
4044.776	4136
4046.356	4190
4047.935	4278
4049.515	4073
4051.095	4249
4052.674	4234
4054.251	4219
4055.829	4328
4057.406	4184
4058.985	4179
4060.562	4172
4062.139	4131
4063.715	4183
4065.29	4237
4066.865	4103
4068.442	4138
4070.016	4232
4071.59	4221
4073.164	4062
4074.738	4153
4076.312	4172
4077.885	4124
4079.458	4104
4081.03	4087
4082.602	4136
4084.173	4075
4085.745	4132
4087.315	4104
4088.886	4174
4090.456	4122
4092.026	4150
4093.596	4094
4095.165	4131
4096.734	4026
4098.301	4135
4099.869	4102
4101.437	4090
4103.006	4101
4104.572	4028
4106.139	4006
4107.704	4166
4109.27	4065
4110.837	4158
4112.401	3965
4113.966	4134
4115.53	4030
4117.094	4103
4118.659	4030
4120.223	3985
4121.785	4006
4123.347	4034
4124.909	3996
4126.471	4041
4128.034	3996
4129.595	3996
4131.155	3937
4132.716	4000
4134.275	4051
4135.836	3909
4137.395	3965
4138.955	4030
4140.513	4025
4142.071	4056
4143.628	3883
4145.188	3952
4146.745	3932
4148.302	3872
4149.858	3942
4151.414	3851
4152.971	3911
4154.526	3953
4156.081	3859
4157.635	3874
4159.189	3907
4160.745	3869
4162.298	3923
4163.852	3802
4165.405	3825
4166.957	3872
4168.51	3885
4170.063	3805
4171.614	3822
4173.166	3916
4174.717	3879
4176.267	3784
4177.817	3894
4179.368	3822
4180.917	3842
4182.466	3834
4184.016	3847
4185.564	3886
4187.112	3806
4188.66	3815
4190.207	3803
4191.754	3798
4193.301	3808
4194.848	3742
4196.394	3801
4197.94	3697
4199.484	3752
4201.03	3756
4202.575	3721
4204.12	3697
4205.663	3704
4207.207	3816
4208.75	3708
4210.292	3712
4211.836	3709
4213.378	3732
4214.92	3764
4216.46	3738
4218.002	3646
4219.544	3740
4221.083	3728
4222.625	3678
4224.164	3745
4225.703	3667
4227.244	3735
4228.782	3670
4230.32	3759
4231.857	3638
4233.395	3686
4234.933	3784
4236.471	3687
4238.007	3733
4239.542	3671
4241.078	3723
4242.614	3689
4244.15	3649
4245.685	3707
4247.219	3634
4248.753	3620
4250.287	3669
4251.82	3708
4253.354	3725
4254.887	3714
4256.419	3638
4257.951	3688
4259.483	3691
4261.016	3776
4262.547	3666
4264.078	3633
4265.608	3571
4267.137	3566
4268.668	3675
4270.197	3562
4271.727	3615
4273.254	3590
4274.783	3503
4276.311	3540
4277.84	3557
4279.366	3573
4280.894	3586
4282.42	3583
4283.946	3572
4285.473	3573
4286.998	3595
4288.523	3530
4290.047	3530
4291.572	3601
4293.096	3636
4294.622	3576
4296.144	3426
4297.668	3523
4299.19	3557
4300.713	3525
4302.236	3567
4303.758	3550
4305.279	3489
4306.799	3471
4308.321	3504
4309.842	3529
4311.361	3497
4312.882	3394
4314.401	3526
