400.0961	2611
402.6185	2714
405.1424	2730
407.6635	2674
410.1838	2673
412.7035	2765
415.2225	2694
417.7388	2712
420.2585	2800
422.7754	2813
425.2917	2812
427.8072	2877
430.3221	2919
432.8363	2858
435.3498	2859
437.8626	2842
440.3727	2905
442.8841	2871
445.3969	2819
447.907	2846
450.4142	2861
452.9229	2817
455.4289	2820
457.9362	2812
460.4449	2852
462.9488	2841
465.454	2797
467.9566	2853
470.4604	2857
472.9637	2846
475.4662	2887
477.966	2868
480.4671	2799
482.9656	2869
485.4633	2904
487.9645	2862
490.4608	2880
492.9566	2886
495.4536	2838
497.948	2955
500.4437	2887
502.9387	2903
505.431	2827
507.9226	2964
510.4136	2946
512.9079	2862
515.3975	2869
517.8864	2936
520.3746	2888
522.8622	2916
525.3491	2970
527.8394	2911
530.3249	2896
532.8098	2898
535.2939	2945
537.7774	2916
540.2623	2962
542.7444	2910
545.2259	2943
547.7067	2914
550.1868	2899
552.6683	3005
555.147	2984
557.6231	2955
560.1005	2937
562.5773	2957
565.0534	2960
567.5308	3014
570.0056	3013
572.4776	2976
574.951	3109
577.4237	3037
579.8978	3004
582.3671	3125
584.8378	3001
587.3079	3053
589.7773	3032
592.244	3071
594.714	2995
597.1793	3140
599.6461	3044
602.1121	3102
604.5754	3096
607.0421	3058
609.5042	3057
611.9675	2997
614.4282	3079
616.8902	3050
619.3515	3036
621.8122	2941
624.2702	2958
626.7296	2974
629.1863	3009
631.6423	2989
634.1017	3013
636.5563	3043
639.0104	3016
641.4658	3098
643.9185	2920
646.3725	2987
648.8239	3052
651.2766	3008
653.7266	3078
656.176	3031
658.6247	3068
661.0748	3043
663.5242	3015
665.9709	2980
668.417	3107
670.8624	3155
673.3092	3122
675.7533	3076
678.1968	3126
680.6395	3112
683.0817	3118
685.5251	3124
687.9659	3095
690.4061	3133
692.8456	3074
695.2844	3221
697.7226	3162
700.1621	3132
702.599	3071
705.0332	3137
707.4688	3204
709.9036	3206
712.3399	3150
714.7735	3183
717.2044	3136
719.6367	3165
722.0683	3126
724.4993	3224
726.9296	3159
729.3593	3247
731.7883	3263
734.2147	3206
736.6423	3263
739.0714	3237
741.4958	3264
743.9216	3321
746.3447	3207
748.7691	3244
751.1929	3207
753.616	3299
756.0366	3273
758.4584	3275
760.8776	3337
763.2982	3376
765.718	3343
768.1373	3319
770.5539	3314
772.9698	3375
775.3871	3341
777.8038	3318
780.2178	3257
782.6332	3311
785.0459	3276
787.458	3409
789.8714	3412
792.2842	3412
794.6943	3355
797.1038	3361
799.5127	3349
801.9209	3340
804.3324	3329
806.7393	3403
809.1456	3283
811.5513	3460
813.9562	3355
816.3625	3392
818.7663	3352
821.1693	3392
823.5718	3383
825.9735	3419
828.3746	3380
830.7771	3306
833.177	3313
835.5762	3322
837.9747	3382
840.3727	3356
842.772	3410
845.1666	3469
847.5626	3485
849.958	3484
852.3527	3498
854.7488	3580
857.1403	3437
859.5331	3412
861.9253	3482
864.3168	3484
866.7057	3397
869.098	3453
871.4876	3456
873.8746	3419
876.263	3475
878.6487	3426
881.0378	3493
883.4243	3471
885.8081	3389
888.1933	3442
890.5759	3424
892.9598	3458
895.343	3440
897.7256	3444
900.1057	3444
902.4871	3437
904.8659	3473
907.246	3453
909.6254	3447
912.0023	3597
914.3786	3510
916.7562	3579
919.1331	3553
921.5074	3585
923.8831	3639
926.2562	3642
928.6287	3571
931.0005	3612
933.3757	3585
935.7462	3723
938.1162	3643
940.4855	3662
942.8542	3752
945.2242	3793
947.5916	3816
949.9584	3963
952.3266	4058
954.6921	4186
957.0571	4336
959.4233	4498
961.787	4605
964.15	4490
966.5125	4349
968.8742	4272
971.2354	4051
973.5959	3904
975.9559	3810
978.3151	3695
980.6738	3626
983.0338	3685
985.3912	3620
987.7461	3618
990.1022	3507
992.4578	3552
994.8127	3512
997.1689	3622
999.5207	3614
1001.874	3642
1004.226	3595
1006.576	3550
1008.929	3649
1011.28	3518
1013.628	3549
1015.977	3585
1018.324	3588
1020.674	3589
1023.019	3673
1025.366	3553
1027.713	3633
1030.056	3738
1032.399	3663
1034.746	3648
1037.087	3690
1039.431	3709
1041.771	3660
1044.113	3745
1046.454	3688
1048.793	3690
1051.133	3648
1053.471	3673
1055.807	3660
1058.146	3700
1060.483	3738
1062.818	3664
1065.153	3752
1067.489	3765
1069.822	3720
1072.156	3785
1074.488	3853
1076.82	3694
1079.15	3779
1081.48	3781
1083.814	3741
1086.143	3664
1088.471	3715
1090.799	3724
1093.126	3702
1095.452	3663
1097.78	3653
1100.105	3616
1102.43	3727
1104.754	3603
1107.077	3651
1109.4	3696
1111.722	3666
1114.044	3667
1116.365	3591
1118.685	3696
1121.005	3650
1123.324	3709
1125.643	3682
1127.961	3626
1130.278	3678
1132.595	3713
1134.911	3675
1137.226	3689
1139.541	3708
1141.854	3666
1144.167	3640
1146.482	3693
1148.793	3585
1151.105	3712
1153.414	3698
1155.725	3704
1158.033	3613
1160.344	3687
1162.651	3683
1164.959	3693
1167.265	3682
1169.572	3713
1171.878	3668
1174.184	3716
1176.488	3631
1178.79	3724
1181.094	3671
1183.396	3669
1185.699	3664
1188.001	3738
1190.301	3665
1192.6	3726
1194.9	3692
1197.2	3686
1199.497	3689
1201.794	3730
1204.09	3675
1206.387	3642
1208.684	3625
1210.978	3796
1213.272	3730
1215.565	3690
1217.858	3693
1220.15	3799
1222.443	3691
1224.734	3790
1227.024	3730
1229.313	3761
1231.602	3735
1233.892	3853
1236.18	3791
1238.467	3772
1240.754	3779
1243.04	3885
1245.325	3910
1247.612	3921
1249.896	3928
1252.178	3868
1254.461	3843
1256.743	3856
1259.027	3785
1261.308	3818
1263.587	3774
1265.867	3923
1268.146	3896
1270.425	3922
1272.703	3807
1274.981	3915
1277.256	3861
1279.532	3878
1281.808	3839
1284.083	3813
1286.358	3848
1288.63	3813
1290.904	3795
1293.175	3816
1295.449	3798
1297.719	3815
1299.99	3867
1302.259	3845
1304.529	3934
1306.798	3767
1309.065	3844
1311.333	3804
1313.599	3847
1315.866	3829
1318.131	3824
1320.396	3762
1322.66	3872
1324.925	3883
1327.187	3804
1329.448	3896
1331.711	3881
1333.974	3816
1336.234	3831
1338.493	3810
1340.752	3847
1343.01	3862
1345.269	3877
1347.526	3811
1349.784	3746
1352.04	3862
1354.295	3809
1356.552	3798
1358.806	3792
1361.059	3838
1363.312	3766
1365.564	3879
1367.818	3925
1370.069	3898
1372.318	3796
1374.568	3827
1376.817	3884
1379.066	3724
1381.316	3810
1383.564	3841
1385.809	3869
1388.056	3906
1390.301	3868
1392.549	3891
1394.793	3934
1397.036	3921
1399.279	3907
1401.522	3882
1403.763	3947
1406.007	3981
1408.248	3903
1410.487	3914
1412.727	3978
1414.965	4003
1417.205	3891
1419.442	3926
1421.68	3996
1423.915	3919
1426.152	3923
1428.388	3840
1430.623	3971
1432.857	3950
1435.091	3987
1437.323	4028
1439.556	4020
1441.789	4012
1444.019	3954
1446.25	4017
1448.48	4001
1450.708	4044
1452.938	4033
1455.167	4066
1457.394	4080
1459.62	4059
1461.846	4086
1464.073	4074
1466.299	3992
1468.523	4007
1470.746	3931
1472.969	3976
1475.191	4016
1477.415	3954
1479.636	3958
1481.858	3878
1484.078	3908
1486.298	3860
1488.518	3869
1490.736	3875
1492.954	3817
1495.169	3877
1497.386	3824
1499.602	3812
1501.819	3791
1504.034	3788
1506.248	3830
1508.462	3777
1510.675	3735
1512.888	3795
1515.1	3733
1517.311	3830
1519.522	3806
1521.732	3844
1523.942	3787
1526.151	3772
1528.36	3761
1530.566	3777
1532.773	3804
1534.98	3921
1537.187	3821
1539.392	3859
1541.596	3858
1543.801	3915
1546.005	3853
1548.208	3925
1550.411	3746
1552.612	3834
1554.814	3909
1557.013	3892
1559.212	3917
1561.414	3876
1563.612	4000
1565.811	3915
1568.007	3943
1570.203	3967
1572.403	3922
1574.598	3942
1576.792	3927
1578.988	3928
1581.181	4052
1583.376	3979
1585.568	3967
1587.761	3909
1589.952	3967
1592.143	3994
1594.333	4004
1596.524	3919
1598.715	3975
1600.903	3939
1603.091	4017
1605.278	4003
1607.466	4055
1609.652	4017
1611.838	4038
1614.023	4010
1616.207	3944
1618.391	3889
1620.576	3915
1622.759	3946
1624.941	3954
1627.123	4064
1629.304	3899
1631.484	4032
1633.664	4067
1635.844	3944
1638.022	3930
1640.201	4114
1642.38	4079
1644.556	4050
1646.732	4143
1648.908	3992
1651.084	4050
1653.257	4096
1655.433	4007
1657.607	4085
1659.779	4081
1661.951	4012
1664.122	4070
1666.295	4070
1668.467	4022
1670.635	4110
1672.805	4007
1674.973	4021
1677.142	4107
1679.31	4106
1681.478	4133
1683.644	4096
1685.81	4085
1687.975	3996
1690.142	4044
1692.305	4047
1694.468	4085
1696.632	4026
1698.794	3970
1700.957	3988
1703.119	3921
1705.279	3913
1707.439	4003
1709.598	4051
1711.758	4012
1713.917	3949
1716.075	3948
1718.231	3986
1720.388	3974
1722.543	3998
1724.702	3943
1726.856	3998
1729.01	3963
1731.164	4053
1733.317	3859
1735.471	4064
1737.623	3945
1739.774	3964
1741.925	3907
1744.075	4009
1746.225	4051
1748.376	3946
1750.524	4036
1752.672	3976
1754.82	4073
1756.965	4008
1759.113	3913
1761.259	4018
1763.405	3948
1765.549	4085
1767.694	4019
1769.836	4045
1771.981	3982
1774.123	3980
1776.264	3982
1778.405	4042
1780.546	4023
1782.687	4083
1784.827	4061
1786.966	4046
1789.103	3940
1791.242	4005
1793.381	4047
1795.517	3943
1797.653	4075
1799.788	4013
1801.923	4019
1804.057	4017
1806.193	3987
1808.326	4038
1810.457	3971
1812.59	4026
1814.721	4163
1816.855	4044
1818.984	4037
1821.113	3939
1823.244	4050
1825.372	4057
1827.499	4013
1829.63	3988
1831.756	4029
1833.882	4100
1836.007	3987
1838.132	4053
1840.26	4063
1842.384	3910
1844.507	4033
1846.63	3987
1848.752	4046
1850.875	3969
1852.996	3972
1855.118	3918
1857.238	4038
1859.358	3876
1861.477	4016
1863.597	3990
1865.715	4009
1867.832	3985
1869.948	3956
1872.064	3927
1874.181	4039
1876.297	4001
1878.411	3951
1880.526	3964
1882.639	4010
1884.752	3863
1886.865	3924
1888.977	3995
1891.089	4056
1893.2	3971
1895.308	3947
1897.42	3995
1899.53	3954
1901.639	4046
1903.745	4098
1905.853	3991
1907.962	3982
1910.067	3972
1912.174	4074
1914.278	4006
1916.383	4071
1918.486	4086
1920.592	4076
1922.694	4052
1924.797	4058
1926.898	4098
1929	4023
1931.102	4045
1933.203	4069
1935.301	4154
1937.401	4069
1939.499	4074
1941.598	3985
1943.697	4055
1945.793	3999
1947.888	4101
1949.985	4050
1952.08	4026
1954.176	4090
1956.269	4044
1958.364	3994
1960.457	4068
1962.549	4061
1964.642	3968
1966.733	4091
1968.823	4027
1970.913	4000
1973.005	4014
1975.093	4098
1977.184	4044
1979.271	4051
1981.359	4079
1983.446	3921
1985.532	4023
1987.619	4012
1989.705	4047
1991.789	3981
1993.874	3986
1995.956	4100
1998.041	4002
2000.123	4034
2002.206	3953
2004.287	4043
2006.368	4050
2008.449	4028
2010.529	4021
2012.609	4042
2014.688	3970
2016.766	4057
2018.843	4078
2020.922	4087
2022.999	3970
2025.074	4019
2027.15	4093
2029.225	3905
2031.299	3995
2033.375	3987
2035.447	4006
2037.52	4016
2039.592	4011
2041.664	4019
2043.736	4048
2045.807	3958
2047.876	3972
2049.947	3996
2052.015	4036
2054.086	4043
2056.153	4035
2058.221	3994
2060.288	4037
2062.353	4182
2064.42	3981
2066.486	3920
2068.55	4077
2070.614	3976
2072.678	4132
2074.741	4022
2076.805	3973
2078.866	4000
2080.929	3997
2082.99	3982
2085.049	4026
2087.109	4040
2089.17	4042
2091.228	4121
2093.286	4055
2095.344	4067
2097.4	4100
2099.46	4036
2101.516	4017
2103.572	3987
2105.626	3965
2107.679	4010
2109.735	4053
2111.788	4067
2113.841	4083
2115.894	3944
2117.945	4036
2119.997	4062
2122.049	4012
2124.1	4017
2126.148	3976
2128.197	4024
2130.246	4062
2132.296	4007
2134.342	4032
2136.39	4009
2138.437	4042
2140.483	3989
2142.527	3983
2144.574	4075
2146.619	4099
2148.661	4112
2150.705	4051
2152.747	3990
2154.792	4027
2156.832	3991
2158.874	4041
2160.915	3946
2162.954	4041
2164.995	3936
2167.034	4026
2169.072	3961
2171.111	4042
2173.148	3980
2175.186	4006
2177.223	3984
2179.258	4064
2181.294	3915
2183.328	3949
2185.362	4018
2187.398	3944
2189.431	3995
2191.463	3911
2193.495	3964
2195.528	3961
2197.56	3934
2199.59	3915
2201.62	4086
2203.649	3954
2205.678	3930
2207.708	3993
2209.737	3950
2211.764	3962
2213.791	3883
2215.817	3996
2217.843	3960
2219.87	3935
2221.895	3938
2223.919	3873
2225.942	3893
2227.966	3909
2229.988	3944
2232.012	3856
2234.032	3904
2236.054	3924
2238.074	3828
2240.095	3942
2242.116	3914
2244.135	3979
2246.153	3972
2248.171	3873
2250.188	3882
2252.208	3936
2254.223	3958
2256.239	3971
2258.255	3972
2260.269	3913
2262.283	3902
2264.3	3779
2266.312	3811
2268.325	3968
2270.336	3988
2272.349	4004
2274.362	3892
2276.372	3981
2278.383	4032
2280.392	3943
2282.402	3908
2284.409	3966
2286.418	3919
2288.427	3935
2290.433	3935
2292.441	3956
2294.446	3933
2296.453	3872
2298.459	3977
2300.463	3904
2302.466	3922
2304.471	3945
2306.475	3896
2308.477	3836
2310.478	3865
2312.481	3879
2314.481	3881
2316.481	3897
2318.482	3893
2320.482	3925
2322.48	3817
2324.48	3801
2326.478	3928
2328.476	3951
2330.473	3902
2332.469	3922
2334.465	3932
2336.46	3886
2338.454	3931
2340.45	3851
2342.444	3904
2344.437	3854
2346.43	3831
2348.421	3843
2350.414	3896
2352.405	3807
2354.396	3919
2356.386	3824
2358.376	3907
2360.366	3858
2362.355	3874
2364.343	3807
2366.331	3858
2368.317	3868
2370.304	3827
2372.292	3761
2374.278	3851
2376.262	3883
2378.247	3869
2380.23	3845
2382.216	3855
2384.199	3791
2386.181	3810
2388.163	3866
2390.144	3858
2392.127	3809
2394.107	3831
2396.087	3892
2398.066	3771
2400.046	3812
2402.023	3779
2404.004	3853
2405.981	3839
2407.957	3830
2409.934	3814
2411.91	3869
2413.886	3791
2415.862	3851
2417.836	3803
2419.809	3899
2421.784	3755
2423.756	3765
2425.73	3832
2427.701	3804
2429.672	3739
2431.644	3788
2433.615	3782
2435.586	3792
2437.555	3835
2439.523	3731
2441.491	3827
2443.459	3834
2445.428	3806
2447.395	3734
2449.361	3802
2451.327	3879
2453.292	3803
2455.257	3838
2457.223	3786
2459.187	3855
2461.15	3705
2463.113	3774
2465.076	3872
2467.039	3830
2468.999	3770
2470.96	3778
2472.921	3781
2474.881	3815
2476.841	3768
2478.8	3764
2480.759	3786
2482.717	3724
2484.675	3813
2486.63	3727
2488.589	3836
2490.545	3798
2492.5	3788
2494.455	3698
2496.408	3845
2498.364	3760
2500.318	3745
2502.27	3684
2504.223	3732
2506.174	3757
2508.126	3797
2510.078	3692
2512.03	3797
2513.979	3697
2515.927	3777
2517.877	3728
2519.826	3705
2521.775	3706
2523.722	3779
2525.668	3671
2527.616	3808
2529.561	3728
2531.508	3714
2533.452	3789
2535.398	3712
2537.342	3770
2539.284	3701
2541.229	3764
2543.173	3736
2545.114	3679
2547.055	3723
2548.996	3772
2550.938	3665
2552.878	3677
2554.817	3669
2556.756	3716
2558.695	3777
2560.633	3745
2562.572	3738
2564.509	3791
2566.445	3763
2568.382	3807
2570.317	3746
2572.254	3755
2574.189	3725
2576.123	3792
2578.057	3756
2579.99	3735
2581.923	3809
2583.855	3811
2585.788	3724
2587.719	3798
2589.65	3790
2591.579	3737
2593.511	3759
2595.44	3763
2597.37	3703
2599.297	3673
2601.225	3709
2603.153	3765
2605.08	3746
2607.007	3776
2608.932	3724
2610.858	3807
2612.782	3683
2614.709	3791
2616.632	3808
2618.556	3790
2620.478	3881
2622.401	3738
2624.324	3802
2626.247	3853
2628.167	3690
2630.088	3836
2632.008	3740
2633.928	3709
2635.848	3789
2637.766	3824
2639.684	3758
2641.603	3741
2643.519	3808
2645.437	3763
2647.353	3809
2649.27	3770
2651.184	3703
2653.099	3711
2655.014	3824
2656.928	3762
2658.842	3790
2660.755	3671
2662.667	3706
2664.579	3734
2666.491	3693
2668.402	3742
2670.312	3735
2672.222	3705
2674.132	3755
2676.042	3692
2677.951	3779
2679.859	3782
2681.766	3777
2683.674	3755
2685.582	3703
2687.488	3695
2689.392	3704
2691.298	3684
2693.202	3695
2695.107	3662
2697.012	3712
2698.914	3758
2700.817	3760
2702.72	3665
2704.622	3801
2706.524	3693
2708.425	3656
2710.326	3709
2712.225	3708
2714.125	3683
2716.024	3753
2717.923	3767
2719.822	3666
2721.719	3622
2723.616	3710
2725.512	3697
2727.41	3675
2729.305	3725
2731.201	3607
2733.095	3743
2734.99	3715
2736.884	3671
2738.778	3687
2740.67	3671
2742.562	3743
2744.455	3718
2746.346	3639
2748.238	3759
2750.129	3701
2752.018	3572
2753.907	3653
2755.797	3663
2757.687	3702
2759.575	3605
2761.462	3632
2763.349	3678
2765.237	3671
2767.124	3693
2769.009	3607
2770.894	3624
2772.779	3628
2774.663	3621
2776.547	3668
2778.431	3728
2780.314	3610
2782.197	3624
2784.078	3665
2785.96	3629
2787.842	3550
2789.723	3704
2791.603	3735
2793.483	3719
2795.362	3681
2797.241	3626
2799.121	3678
2800.997	3604
2802.874	3699
2804.751	3630
2806.628	3686
2808.506	3628
2810.38	3656
2812.255	3644
2814.13	3614
2816.003	3701
2817.878	3636
2819.752	3598
2821.623	3642
2823.496	3655
2825.368	3673
2827.238	3594
2829.111	3596
2830.98	3641
2832.851	3607
2834.719	3631
2836.589	3610
2838.458	3682
2840.327	3632
2842.193	3624
2844.061	3659
2845.927	3658
2847.794	3705
2849.66	3631
2851.525	3675
2853.39	3688
2855.254	3635
2857.117	3653
2858.983	3669
2860.845	3654
2862.707	3646
2864.569	3772
2866.431	3759
2868.293	3761
2870.154	3793
2872.013	3829
2873.873	3843
2875.733	3863
2877.592	3844
2879.451	3918
2881.309	3950
2883.166	3917
2885.022	3939
2886.879	4001
2888.736	3960
2890.591	4052
2892.446	4035
2894.301	3908
2896.155	3972
2898.009	4021
2899.863	3946
2901.716	4011
2903.568	3937
2905.419	3857
2907.27	3980
2909.123	3981
2910.973	4025
2912.824	3962
2914.673	3992
2916.521	4100
2918.372	4121
2920.22	4134
2922.067	4184
2923.914	4078
2925.761	4103
2927.607	4207
2929.455	4208
2931.301	4288
2933.144	4286
2934.99	4354
2936.833	4347
2938.678	4419
2940.522	4405
2942.364	4491
2944.207	4490
2946.048	4500
2947.891	4494
2949.731	4485
2951.571	4510
2953.412	4530
2955.25	4423
2957.09	4334
2958.93	4397
2960.767	4431
2962.606	4321
2964.443	4263
2966.279	4287
2968.116	4189
2969.953	4160
2971.788	4129
2973.623	4088
2975.457	4108
2977.292	4125
2979.127	4091
2980.959	4025
2982.792	4028
2984.624	4010
2986.455	4031
2988.288	3985
2990.119	3948
2991.949	3941
2993.779	3988
2995.608	3993
2997.439	3866
2999.268	3795
3001.096	3772
3002.923	3760
3004.751	3715
3006.578	3782
3008.406	3736
3010.232	3648
3012.057	3613
3013.883	3750
3015.706	3568
3017.532	3653
3019.356	3597
3021.179	3579
3023.002	3605
3024.823	3617
3026.646	3648
3028.469	3579
3030.289	3506
3032.11	3530
3033.93	3476
3035.749	3514
3037.57	3488
3039.39	3511
3041.207	3524
3043.026	3515
3044.842	3525
3046.661	3505
3048.477	3457
3050.294	3436
3052.109	3455
3053.925	3417
3055.739	3420
3057.555	3481
3059.368	3529
3061.181	3462
3062.995	3548
3064.807	3518
3066.62	3435
3068.433	3479
3070.243	3435
3072.054	3500
3073.865	3439
3075.675	3407
3077.485	3439
3079.293	3439
3081.102	3359
3082.911	3447
3084.719	3464
3086.527	3448
3088.333	3476
3090.139	3406
3091.945	3411
3093.75	3468
3095.557	3371
3097.361	3389
3099.165	3327
3100.969	3379
3102.772	3421
3104.575	3364
3106.379	3408
3108.181	3380
3109.982	3357
3111.783	3396
3113.584	3310
3115.386	3367
3117.186	3346
3118.985	3412
3120.783	3444
3122.582	3397
3124.381	3371
3126.179	3387
3127.975	3361
3129.772	3247
3131.569	3398
3133.365	3350
3135.161	3403
3136.956	3296
3138.751	3314
3140.544	3288
3142.338	3376
3144.132	3364
3145.925	3336
3147.717	3262
3149.509	3307
3151.301	3323
3153.091	3291
3154.884	3312
3156.673	3359
3158.462	3355
3160.252	3318
3162.041	3356
3163.831	3331
3165.618	3262
3167.405	3399
3169.193	3316
3170.979	3208
3172.767	3281
3174.553	3382
3176.338	3273
3178.123	3261
3179.907	3195
3181.692	3242
3183.477	3286
3185.259	3249
3187.042	3308
3188.824	3303
3190.607	3250
3192.389	3251
3194.17	3262
3195.951	3405
3197.73	3202
3199.51	3316
3201.289	3265
3203.07	3272
3204.848	3304
3206.626	3259
3208.403	3266
3210.18	3197
3211.959	3249
3213.735	3253
3215.511	3237
3217.285	3288
3219.06	3318
3220.836	3315
3222.611	3262
3224.384	3323
3226.158	3312
3227.929	3316
3229.702	3254
3231.476	3234
3233.248	3210
3235.018	3253
3236.789	3265
3238.56	3198
3240.33	3285
3242.1	3270
3243.869	3227
3245.637	3219
3247.405	3167
3249.172	3212
3250.941	3270
3252.707	3147
3254.474	3232
3256.24	3247
3258.006	3227
3259.772	3210
3261.537	3221
3263.301	3292
3265.065	3270
3266.828	3203
3268.592	3307
3270.355	3251
3272.117	3363
3273.878	3262
3275.64	3279
3277.401	3267
3279.162	3236
3280.922	3199
3282.682	3224
3284.441	3274
3286.199	3269
3287.959	3173
3289.716	3293
3291.475	3185
3293.232	3305
3294.988	3262
3296.744	3262
3298.501	3211
3300.256	3350
3302.011	3241
3303.766	3281
3305.52	3261
3307.275	3219
3309.028	3318
3310.781	3217
3312.533	3134
3314.285	3239
3316.038	3269
3317.789	3377
3319.54	3217
3321.289	3321
3323.039	3241
3324.789	3311
3326.539	3318
3328.288	3253
3330.035	3249
3331.783	3311
3333.531	3271
3335.28	3224
3337.025	3169
3338.771	3256
3340.518	3266
3342.262	3249
3344.009	3214
3345.753	3272
3347.497	3158
3349.24	3174
3350.983	3246
3352.726	3214
3354.469	3274
3356.212	3192
3357.952	3217
3359.694	3240
3361.434	3221
3363.176	3219
3364.916	3144
3366.654	3173
3368.394	3146
3370.132	3119
3371.871	3133
3373.61	3143
3375.346	3050
3377.083	3189
3378.82	3164
3380.556	3195
3382.292	3196
3384.027	3258
3385.763	3119
3387.497	3136
3389.231	3137
3390.965	3157
3392.698	3192
3394.431	3085
3396.164	3111
3397.896	3165
3399.627	3145
3401.36	3086
3403.09	3228
3404.82	3120
3406.55	3129
3408.279	3078
3410.01	3048
3411.738	3099
3413.467	3144
3415.194	3064
3416.92	3083
3418.647	3108
3420.375	3054
3422.102	3146
3423.827	3110
3425.553	3110
3427.277	3031
3429.003	3133
3430.727	3184
3432.451	3073
3434.173	3096
3435.896	3080
3437.62	3119
3439.343	3161
3441.063	3049
3442.785	3054
3444.505	3026
3446.226	3028
3447.948	3131
3449.666	3086
3451.386	3020
3453.104	3058
3454.823	3104
3456.541	3017
3458.259	3019
3459.976	3008
3461.693	3022
3463.408	3092
3465.125	3064
3466.841	3041
3468.556	2949
3470.271	3054
3471.985	2998
3473.698	2989
3475.414	3006
3477.126	3003
3478.838	3033
3480.55	2981
3482.263	2960
3483.975	2924
3485.686	3061
3487.396	2989
3489.106	2951
3490.817	2951
3492.526	2970
3494.236	2965
3495.944	2944
3497.652	3012
3499.359	2984
3501.066	2925
3502.775	2920
3504.481	2949
3506.187	2872
3507.893	2929
3509.598	2924
3511.304	2983
3513.009	2900
3514.713	2882
3516.417	2875
3518.12	2931
3519.821	2924
3521.525	2937
3523.228	2852
3524.929	2874
3526.631	2828
3528.33	2872
3530.032	2836
3531.733	2877
3533.433	2858
3535.131	2835
3536.83	2860
3538.529	2879
3540.227	2828
3541.925	2825
3543.623	2901
3545.319	2803
3547.016	2859
3548.712	2845
3550.408	2905
3552.103	2828
3553.798	2778
3555.491	2751
3557.188	2896
3558.88	2794
3560.574	2820
3562.266	2785
3563.959	2733
3565.651	2830
3567.343	2770
3569.035	2857
3570.725	2785
3572.415	2778
3574.106	2818
3575.797	2834
3577.485	2772
3579.174	2795
3580.863	2789
3582.551	2826
3584.238	2778
3585.926	2815
3587.613	2802
3589.3	2764
3590.986	2857
3592.671	2797
3594.357	2764
3596.042	2763
3597.726	2725
3599.41	2716
3601.094	2687
3602.778	2708
3604.461	2683
3606.143	2720
3607.825	2687
3609.507	2709
3611.188	2692
3612.87	2740
3614.551	2728
3616.229	2737
3617.909	2646
3619.589	2670
3621.269	2725
3622.948	2754
3624.625	2679
3626.302	2777
3627.98	2695
3629.657	2695
3631.334	2669
3633.01	2700
3634.686	2727
3636.361	2640
3638.036	2653
3639.712	2667
3641.385	2656
3643.06	2709
3644.732	2618
3646.405	2687
3648.08	2624
3649.751	2652
3651.424	2594
3653.094	2597
3654.766	2536
3656.436	2616
3658.106	2551
3659.777	2575
3661.446	2624
3663.115	2673
3664.783	2568
3666.452	2604
3668.121	2574
3669.788	2614
3671.454	2554
3673.121	2617
3674.789	2588
3676.455	2516
3678.12	2594
3679.784	2612
3681.45	2618
3683.114	2568
3684.779	2612
3686.442	2608
3688.105	2599
3689.768	2583
3691.43	2534
3693.093	2590
3694.754	2569
3696.415	2558
3698.076	2540
3699.736	2645
3701.396	2537
3703.057	2535
3704.716	2527
3706.375	2552
3708.034	2528
3709.692	2564
3711.351	2552
3713.008	2557
3714.665	2555
3716.321	2595
3717.977	2488
3719.634	2559
3721.29	2495
3722.945	2564
3724.598	2530
3726.253	2529
3727.907	2498
3729.561	2524
3731.214	2553
3732.867	2577
3734.518	2586
3736.171	2494
3737.824	2513
3739.474	2542
3741.125	2442
3742.775	2533
3744.425	2530
3746.074	2532
3747.725	2544
3749.373	2519
3751.022	2451
3752.669	2495
3754.318	2501
3755.966	2496
3757.612	2468
3759.259	2462
3760.905	2494
3762.55	2468
3764.197	2507
3765.842	2595
3767.486	2511
3769.131	2558
3770.774	2488
3772.417	2439
3774.061	2468
3775.705	2473
3777.347	2447
3778.988	2505
3780.629	2455
3782.271	2481
3783.912	2435
3785.552	2510
3787.192	2406
3788.831	2389
3790.472	2413
3792.112	2379
3793.75	2443
3795.388	2443
3797.024	2450
3798.661	2419
3800.3	2329
3801.936	2425
3803.572	2458
3805.208	2416
3806.844	2383
3808.48	2408
3810.115	2365
3811.748	2495
3813.382	2368
3815.016	2408
3816.649	2449
3818.283	2372
3819.914	2391
3821.547	2354
3823.178	2399
3824.809	2337
3826.441	2409
3828.072	2381
3829.701	2411
3831.331	2388
3832.96	2339
3834.591	2415
3836.219	2407
3837.847	2326
3839.475	2336
3841.102	2387
3842.729	2388
3844.357	2377
3845.984	2402
3847.609	2385
3849.234	2391
3850.86	2426
3852.485	2363
3854.11	2362
3855.734	2402
3857.357	2381
3858.981	2382
3860.603	2338
3862.227	2394
3863.848	2379
3865.471	2378
3867.092	2338
3868.713	2353
3870.334	2331
3871.954	2309
3873.575	2419
3875.194	2386
3876.813	2313
3878.433	2367
3880.051	2351
3881.669	2258
3883.286	2346
3884.904	2312
3886.52	2223
3888.138	2326
3889.754	2348
3891.37	2380
3892.985	2327
3894.6	2352
3896.216	2339
3897.831	2295
3899.444	2303
3901.058	2276
3902.67	2325
3904.283	2249
3905.897	2337
3907.509	2301
3909.121	2255
3910.731	2282
3912.342	2243
3913.954	2337
3915.563	2302
3917.174	2313
3918.783	2232
3920.391	2253
3922.002	2264
3923.611	2377
3925.218	2357
3926.826	2287
3928.432	2301
3930.039	2267
3931.647	2322
3933.253	2319
3934.859	2302
3936.464	2291
3938.068	2281
3939.675	2325
3941.278	2325
3942.883	2250
3944.486	2260
3946.089	2293
3947.692	2347
3949.295	2260
3950.898	2320
3952.499	2224
3954.1	2233
3955.7	2267
3957.303	2250
3958.903	2309
3960.502	2221
3962.101	2213
3963.7	2206
3965.301	2297
3966.899	2270
3968.497	2230
3970.094	2269
3971.691	2182
3973.288	2204
3974.885	2316
3976.481	2224
3978.077	2182
3979.672	2241
3981.267	2207
3982.863	2233
3984.457	2204
3986.051	2255
3987.645	2195
3989.238	2205
3990.831	2182
3992.425	2180
3994.017	2194
3995.607	2199
3997.199	2230
3998.79	2205
4000.382	2138
4001.973	2193
4003.561	2233
4005.151	2210
4006.741	2235
4008.331	2174
4009.918	2177
4011.507	2177
4013.095	2226
4014.681	2235
4016.269	2144
4017.856	2205
4019.443	2140
4021.028	2175
4022.614	2140
4024.199	2122
4025.785	2144
4027.37	2151
4028.953	2174
4030.536	2149
4032.12	2159
4033.704	2107
4035.287	2139
4036.869	2192
4038.45	2143
4040.032	2202
4041.613	2129
4043.195	2129
4044.776	2147
4046.356	2109
4047.935	2093
4049.515	2138
4051.095	2065
4052.674	2083
4054.251	2102
4055.829	2124
4057.406	2096
4058.985	2127
4060.562	2160
4062.139	2121
4063.715	2079
4065.29	2117
4066.865	2125
4068.442	2134
4070.016	2069
4071.59	2087
4073.164	2126
4074.738	2066
4076.312	2102
4077.885	2076
4079.458	2114
4081.03	2121
4082.602	2081
4084.173	2075
4085.745	2025
4087.315	2103
4088.886	2070
4090.456	2098
4092.026	2080
4093.596	2079
4095.165	2059
4096.734	2076
4098.301	2021
4099.869	2073
4101.437	2039
4103.006	2131
4104.572	2077
4106.139	1984
4107.704	2100
4109.27	2035
4110.837	2066
4112.401	2057
4113.966	2082
4115.53	2077
4117.094	2047
4118.659	2080
4120.223	2030
4121.785	2076
4123.347	2038
4124.909	2064
4126.471	1997
4128.034	1998
4129.595	2078
4131.155	2015
4132.716	2065
4134.275	2008
4135.836	2046
4137.395	2035
4138.955	2014
4140.513	2017
4142.071	2022
4143.628	1985
4145.188	1956
4146.745	2061
4148.302	1996
4149.858	2002
4151.414	1925
4152.971	1990
4154.526	2008
4156.081	1997
4157.635	1976
4159.189	2004
4160.745	2041
4162.298	1959
4163.852	1996
4165.405	1983
4166.957	2012
4168.51	1973
4170.063	1971
4171.614	1991
4173.166	1950
4174.717	1984
4176.267	1951
4177.817	2017
4179.368	1907
4180.917	2040
4182.466	1983
4184.016	1978
4185.564	2013
4187.112	1917
4188.66	1950
4190.207	1958
4191.754	1963
4193.301	1948
4194.848	1918
4196.394	1941
4197.94	1923
4199.484	1919
4201.03	1927
4202.575	1938
4204.12	1907
4205.663	1972
4207.207	1901
4208.75	1914
4210.292	1917
4211.836	1922
4213.378	1945
4214.92	1921
4216.46	1941
4218.002	1886
4219.544	1915
4221.083	1871
4222.625	1882
4224.164	1917
4225.703	1904
4227.244	1891
4228.782	1894
4230.32	1921
4231.857	1965
4233.395	1941
4234.933	1897
4236.471	1882
4238.007	1899
4239.542	1870
4241.078	1912
4242.614	1830
4244.15	1883
4245.685	1893
4247.219	1835
4248.753	1848
4250.287	1874
4251.82	1865
4253.354	1906
4254.887	1909
4256.419	1882
4257.951	1874
4259.483	1882
4261.016	1905
4262.547	1870
4264.078	1840
4265.608	1881
4267.137	1915
4268.668	1859
4270.197	1883
4271.727	1903
4273.254	1903
4274.783	1866
4276.311	1896
4277.84	1800
4279.366	1896
4280.894	1813
4282.42	1817
4283.946	1848
4285.473	1841
4286.998	1898
4288.523	1861
4290.047	1860
4291.572	1845
4293.096	1850
4294.622	1903
4296.144	1789
4297.668	1835
4299.19	1837
4300.713	1848
4302.236	1865
4303.758	1791
4305.279	1840
4306.799	1853
4308.321	1782
4309.842	1813
4311.361	1823
4312.882	1890
4314.401	1772
