400.0961	3447
402.6185	3410
405.1424	3450
407.6635	3345
410.1838	3486
412.7035	3405
415.2225	3533
417.7388	3469
420.2585	3567
422.7754	3550
425.2917	3604
427.8072	3696
430.3221	3650
432.8363	3689
435.3498	3695
437.8626	3590
440.3727	3574
442.8841	3665
445.3969	3613
447.907	3620
450.4142	3631
452.9229	3604
455.4289	3676
457.9362	3650
460.4449	3577
462.9488	3626
465.454	3639
467.9566	3578
470.4604	3552
472.9637	3557
475.4662	3612
477.966	3558
480.4671	3645
482.9656	3556
485.4633	3624
487.9645	3626
490.4608	3667
492.9566	3595
495.4536	3676
497.948	3584
500.4437	3668
502.9387	3705
505.431	3645
507.9226	3714
510.4136	3731
512.9079	3730
515.3975	3688
517.8864	3691
520.3746	3642
522.8622	3784
525.3491	3710
527.8394	3710
530.3249	3678
532.8098	3726
535.2939	3715
537.7774	3813
540.2623	3684
542.7444	3651
545.2259	3701
547.7067	3732
550.1868	3737
552.6683	3715
555.147	3794
557.6231	3711
560.1005	3753
562.5773	3725
565.0534	3799
567.5308	3816
570.0056	3800
572.4776	3852
574.951	3890
577.4237	3922
579.8978	3875
582.3671	3896
584.8378	3889
587.3079	3883
589.7773	4003
592.244	3918
594.714	3907
597.1793	3867
599.6461	3844
602.1121	3918
604.5754	3925
607.0421	3824
609.5042	3869
611.9675	3926
614.4282	3858
616.8902	3942
619.3515	3870
621.8122	3826
624.2702	3791
626.7296	3823
629.1863	3855
631.6423	3849
634.1017	3710
636.5563	3770
639.0104	3817
641.4658	3830
643.9185	3784
646.3725	3858
648.8239	3903
651.2766	3815
653.7266	3878
656.176	3968
658.6247	3839
661.0748	3901
663.5242	3892
665.9709	3886
668.417	3829
670.8624	3919
673.3092	3952
675.7533	3928
678.1968	3868
680.6395	3942
683.0817	3947
685.5251	3980
687.9659	3916
690.4061	3959
692.8456	3913
695.2844	3988
697.7226	3928
700.1621	4040
702.599	3906
705.0332	3936
707.4688	4011
709.9036	4036
712.3399	4107
714.7735	4007
717.2044	4019
719.6367	4111
722.0683	4071
724.4993	4034
726.9296	4120
729.3593	4057
731.7883	4069
734.2147	4125
736.6423	4095
739.0714	4062
741.4958	4123
743.9216	4160
746.3447	4040
748.7691	4187
751.1929	4146
753.616	4211
756.0366	4216
758.4584	4177
760.8776	4109
763.2982	4279
765.718	4292
768.1373	4229
770.5539	4226
772.9698	4214
775.3871	4297
777.8038	4250
780.2178	4268
782.6332	4187
785.0459	4183
787.458	4224
789.8714	4207
792.2842	4284
794.6943	4256
797.1038	4239
799.5127	4140
801.9209	4117
804.3324	4193
806.7393	4341
809.1456	4296
811.5513	4324
813.9562	4249
816.3625	4346
818.7663	4284
821.1693	4366
823.5718	4285
825.9735	4276
828.3746	4368
830.7771	4323
833.177	4332
835.5762	4277
837.9747	4326
840.3727	4406
842.772	4318
845.1666	4351
847.5626	4385
849.958	4403
852.3527	4436
854.7488	4420
857.1403	4528
859.5331	4477
861.9253	4435
864.3168	4433
866.7057	4337
869.098	4325
871.4876	4458
873.8746	4401
876.263	4459
878.6487	4449
881.0378	4316
883.4243	4397
885.8081	4336
888.1933	4418
890.5759	4299
892.9598	4462
895.343	4329
897.7256	4427
900.1057	4364
902.4871	4354
904.8659	4374
907.246	4380
909.6254	4395
912.0023	4552
914.3786	4510
916.7562	4672
919.1331	4673
921.5074	4702
923.8831	4748
926.2562	4574
928.6287	4781
931.0005	4819
933.3757	4764
935.7462	4679
938.1162	4631
940.4855	4819
942.8542	4788
945.2242	4753
947.5916	4965
949.9584	4997
952.3266	5215
954.6921	5348
957.0571	5488
959.4233	5792
961.787	5785
964.15	5834
966.5125	5692
968.8742	5539
971.2354	5208
973.5959	4949
975.9559	4825
978.3151	4785
980.6738	4700
983.0338	4622
985.3912	4583
987.7461	4602
990.1022	4568
992.4578	4557
994.8127	4591
997.1689	4552
999.5207	4577
1001.874	4706
1004.226	4654
1006.576	4565
1008.929	4625
1011.28	4559
1013.628	4567
1015.977	4491
1018.324	4598
1020.674	4558
1023.019	4522
1025.366	4623
1027.713	4604
1030.056	4577
1032.399	4619
1034.746	4685
1037.087	4742
1039.431	4720
1041.771	4582
1044.113	4688
1046.454	4691
1048.793	4674
1051.133	4633
1053.471	4751
1055.807	4706
1058.146	4730
1060.483	4666
1062.818	4761
1065.153	4669
1067.489	4875
1069.822	4792
1072.156	4752
1074.488	4739
1076.82	4831
1079.15	4756
1081.48	4821
1083.814	4782
1086.143	4733
1088.471	4679
1090.799	4593
1093.126	4657
1095.452	4699
1097.78	4592
1100.105	4689
1102.43	4653
1104.754	4667
1107.077	4637
1109.4	4696
1111.722	4638
1114.044	4688
1116.365	4659
1118.685	4667
1121.005	4690
1123.324	4811
1125.643	4727
1127.961	4753
1130.278	4650
1132.595	4708
1134.911	4716
1137.226	4648
1139.541	4642
1141.854	4647
1144.167	4706
1146.482	4749
1148.793	4623
1151.105	4684
1153.414	4690
1155.725	4671
1158.033	4724
1160.344	4581
1162.651	4671
1164.959	4744
1167.265	4732
1169.572	4689
1171.878	4721
1174.184	4694
1176.488	4601
1178.79	4809
1181.094	4745
1183.396	4771
1185.699	4747
1188.001	4675
1190.301	4688
1192.6	4666
1194.9	4629
1197.2	4655
1199.497	4763
1201.794	4775
1204.09	4562
1206.387	4733
1208.684	4687
1210.978	4730
1213.272	4671
1215.565	4705
1217.858	4770
1220.15	4696
1222.443	4656
1224.734	4733
1227.024	4774
1229.313	4792
1231.602	4856
1233.892	4838
1236.18	4951
1238.467	4863
1240.754	4932
1243.04	4915
1245.325	4999
1247.612	4956
1249.896	4867
1252.178	5022
1254.461	4901
1256.743	4921
1259.027	4949
1261.308	4963
1263.587	4992
1265.867	4986
1268.146	4975
1270.425	4891
1272.703	5053
1274.981	4973
1277.256	4989
1279.532	4947
1281.808	4904
1284.083	4926
1286.358	4924
1288.63	4792
1290.904	4781
1293.175	4720
1295.449	4756
1297.719	4939
1299.99	4888
1302.259	4820
1304.529	4731
1306.798	4919
1309.065	4842
1311.333	4795
1313.599	4845
1315.866	4946
1318.131	4794
1320.396	4813
1322.66	4861
1324.925	4850
1327.187	4893
1329.448	4864
1331.711	4954
1333.974	4894
1336.234	4804
1338.493	4837
1340.752	4889
1343.01	4857
1345.269	4835
1347.526	4871
1349.784	4699
1352.04	4779
1354.295	4772
1356.552	4892
1358.806	4885
1361.059	4817
1363.312	4868
1365.564	4822
1367.818	4818
1370.069	4864
1372.318	4971
1374.568	4866
1376.817	4926
1379.066	4913
1381.316	4965
1383.564	4925
1385.809	4937
1388.056	4924
1390.301	5015
1392.549	4989
1394.793	5095
1397.036	5035
1399.279	5086
1401.522	5149
1403.763	5062
1406.007	5101
1408.248	5077
1410.487	5159
1412.727	5024
1414.965	5029
1417.205	5066
1419.442	5025
1421.68	4966
1423.915	5013
1426.152	5111
1428.388	5100
1430.623	5046
1432.857	5108
1435.091	5005
1437.323	5134
1439.556	5108
1441.789	5149
1444.019	5200
1446.25	5096
1448.48	5230
1450.708	5132
1452.938	5180
1455.167	5242
1457.394	5189
1459.62	5138
1461.846	5188
1464.073	5174
1466.299	5214
1468.523	5147
1470.746	5123
1472.969	5028
1475.191	5048
1477.415	5020
1479.636	5022
1481.858	4965
1484.078	4961
1486.298	4883
1488.518	4894
1490.736	4965
1492.954	4816
1495.169	4796
1497.386	4794
1499.602	4877
1501.819	4823
1504.034	4803
1506.248	4925
1508.462	4840
1510.675	4778
1512.888	4877
1515.1	4827
1517.311	4868
1519.522	4760
1521.732	4830
1523.942	4950
1526.151	4902
1528.36	4894
1530.566	4803
1532.773	4799
1534.98	4848
1537.187	4818
1539.392	4817
1541.596	4901
1543.801	4867
1546.005	4845
1548.208	4912
1550.411	4984
1552.612	4870
1554.814	4957
1557.013	4877
1559.212	4933
1561.414	4929
1563.612	4932
1565.811	5041
1568.007	4976
1570.203	4999
1572.403	5024
1574.598	4955
1576.792	4929
1578.988	5003
1581.181	4913
1583.376	4870
1585.568	5051
1587.761	4958
1589.952	5020
1592.143	4986
1594.333	5001
1596.524	4906
1598.715	5017
1600.903	4963
1603.091	5072
1605.278	4958
1607.466	5092
1609.652	5113
1611.838	5060
1614.023	4886
1616.207	5066
1618.391	5038
1620.576	5064
1622.759	5006
1624.941	5107
1627.123	5157
1629.304	5017
1631.484	5120
1633.664	5112
1635.844	5214
1638.022	5151
1640.201	5130
1642.38	5087
1644.556	5182
1646.732	5089
1648.908	5116
1651.084	5115
1653.257	5180
1655.433	5156
1657.607	5173
1659.779	5223
1661.951	5085
1664.122	5225
1666.295	5151
1668.467	5177
1670.635	5181
1672.805	5285
1674.973	5253
1677.142	5192
1679.31	5113
1681.478	5075
1683.644	5155
1685.81	5154
1687.975	5232
1690.142	5097
1692.305	5114
1694.468	5177
1696.632	5049
1698.794	5051
1700.957	5051
1703.119	5146
1705.279	5019
1707.439	5005
1709.598	5043
1711.758	4980
1713.917	4962
1716.075	5015
1718.231	5019
1720.388	5058
1722.543	4971
1724.702	4908
1726.856	5024
1729.01	4990
1731.164	5050
1733.317	5009
1735.471	5035
1737.623	4899
1739.774	4960
1741.925	5017
1744.075	4930
1746.225	4970
1748.376	4958
1750.524	5074
1752.672	4966
1754.82	5010
1756.965	4989
1759.113	4994
1761.259	5098
1763.405	5068
1765.549	4994
1767.694	5025
1769.836	5062
1771.981	5121
1774.123	4968
1776.264	4937
1778.405	5132
1780.546	5095
1782.687	4960
1784.827	5022
1786.966	5027
1789.103	4925
1791.242	5025
1793.381	5033
1795.517	5082
1797.653	5052
1799.788	5051
1801.923	5059
1804.057	4974
1806.193	5045
1808.326	4995
1810.457	5075
1812.59	5066
1814.721	5063
1816.855	5046
1818.984	5112
1821.113	5043
1823.244	5096
1825.372	5098
1827.499	5134
1829.63	5028
1831.756	4898
1833.882	5089
1836.007	4974
1838.132	5017
1840.26	5066
1842.384	4900
1844.507	4966
1846.63	5051
1848.752	4976
1850.875	5001
1852.996	4951
1855.118	5102
1857.238	4993
1859.358	5008
1861.477	5076
1863.597	5200
1865.715	4910
1867.832	5034
1869.948	4993
1872.064	5023
1874.181	5027
1876.297	4925
1878.411	5062
1880.526	4970
1882.639	5082
1884.752	5035
1886.865	4983
1888.977	5080
1891.089	4987
1893.2	5006
1895.308	5041
1897.42	4961
1899.53	4978
1901.639	5019
1903.745	5042
1905.853	5053
1907.962	5070
1910.067	5131
1912.174	5030
1914.278	5043
1916.383	5066
1918.486	5091
1920.592	5112
1922.694	5079
1924.797	5052
1926.898	5094
1929	5192
1931.102	5148
1933.203	5130
1935.301	5136
1937.401	5018
1939.499	5062
1941.598	5074
1943.697	5161
1945.793	5025
1947.888	5062
1949.985	5121
1952.08	5133
1954.176	5017
1956.269	5114
1958.364	5175
1960.457	5032
1962.549	5016
1964.642	5069
1966.733	5038
1968.823	5011
1970.913	5080
1973.005	5134
1975.093	5107
1977.184	5120
1979.271	5051
1981.359	5026
1983.446	4999
1985.532	5006
1987.619	5044
1989.705	5071
1991.789	5002
1993.874	5015
1995.956	4997
1998.041	5013
2000.123	5053
2002.206	5053
2004.287	5079
2006.368	5064
2008.449	5044
2010.529	4994
2012.609	5009
2014.688	5019
2016.766	4931
2018.843	5035
2020.922	5034
2022.999	5011
2025.074	4977
2027.15	5069
2029.225	5001
2031.299	5145
2033.375	5033
2035.447	5087
2037.52	4984
2039.592	4993
2041.664	5132
2043.736	4951
2045.807	5059
2047.876	5023
2049.947	4969
2052.015	5081
2054.086	5161
2056.153	4987
2058.221	5068
2060.288	5045
2062.353	5042
2064.42	5043
2066.486	4932
2068.55	5040
2070.614	4945
2072.678	5047
2074.741	5067
2076.805	5023
2078.866	5017
2080.929	4996
2082.99	5057
2085.049	5116
2087.109	5011
2089.17	5053
2091.228	5015
2093.286	5048
2095.344	5047
2097.4	4954
2099.46	4996
2101.516	5000
2103.572	5059
2105.626	5146
2107.679	4976
2109.735	5006
2111.788	5041
2113.841	5083
2115.894	5056
2117.945	5089
2119.997	4986
2122.049	5091
2124.1	5033
2126.148	5060
2128.197	5027
2130.246	4949
2132.296	4995
2134.342	5059
2136.39	4992
2138.437	4952
2140.483	5021
2142.527	5070
2144.574	4968
2146.619	4994
2148.661	5081
2150.705	5034
2152.747	5161
2154.792	5076
2156.832	4995
2158.874	5091
2160.915	5058
2162.954	5009
2164.995	5034
2167.034	4984
2169.072	4951
2171.111	5064
2173.148	4992
2175.186	5030
2177.223	5019
2179.258	4956
2181.294	4998
2183.328	5088
2185.362	5043
2187.398	4968
2189.431	4951
2191.463	4926
2193.495	4986
2195.528	4891
2197.56	4912
2199.59	4873
2201.62	4831
2203.649	4918
2205.678	4976
2207.708	4941
2209.737	4993
2211.764	4928
2213.791	4963
2215.817	4900
2217.843	4876
2219.87	4919
2221.895	4949
2223.919	4950
2225.942	4978
2227.966	4846
2229.988	4827
2232.012	4925
2234.032	4982
2236.054	4847
2238.074	4956
2240.095	4909
2242.116	4950
2244.135	5004
2246.153	4909
2248.171	4966
2250.188	5032
2252.208	4918
2254.223	4880
2256.239	5033
2258.255	4962
2260.269	4865
2262.283	4958
2264.3	4873
2266.312	4896
2268.325	4869
2270.336	4939
2272.349	4935
2274.362	4908
2276.372	4834
2278.383	4937
2280.392	4874
2282.402	4833
2284.409	4952
2286.418	4983
2288.427	4961
2290.433	4891
2292.441	4819
2294.446	4846
2296.453	4991
2298.459	4935
2300.463	4836
2302.466	4861
2304.471	4888
2306.475	4842
2308.477	4862
2310.478	4894
2312.481	4874
2314.481	4775
2316.481	4832
2318.482	4783
2320.482	4883
2322.48	4927
2324.48	4886
2326.478	4843
2328.476	4838
2330.473	4908
2332.469	4826
2334.465	4868
2336.46	4827
2338.454	4790
2340.45	4898
2342.444	4830
2344.437	4884
2346.43	4848
2348.421	4787
2350.414	4837
2352.405	4817
2354.396	4898
2356.386	4776
2358.376	4857
2360.366	4841
2362.355	4930
2364.343	4826
2366.331	4769
2368.317	4845
2370.304	4826
2372.292	4784
2374.278	4749
2376.262	4792
2378.247	4797
2380.23	4849
2382.216	4839
2384.199	4782
2386.181	4779
2388.163	4831
2390.144	4805
2392.127	4714
2394.107	4814
2396.087	4820
2398.066	4732
2400.046	4749
2402.023	4776
2404.004	4752
2405.981	4730
2407.957	4709
2409.934	4686
2411.91	4736
2413.886	4842
2415.862	4817
2417.836	4784
2419.809	4812
2421.784	4710
2423.756	4648
2425.73	4755
2427.701	4742
2429.672	4760
2431.644	4772
2433.615	4676
2435.586	4696
2437.555	4716
2439.523	4693
2441.491	4726
2443.459	4770
2445.428	4641
2447.395	4744
2449.361	4719
2451.327	4743
2453.292	4728
2455.257	4722
2457.223	4632
2459.187	4622
2461.15	4646
2463.113	4699
2465.076	4734
2467.039	4662
2468.999	4682
2470.96	4721
2472.921	4775
2474.881	4719
2476.841	4692
2478.8	4683
2480.759	4790
2482.717	4714
2484.675	4689
2486.63	4640
2488.589	4662
2490.545	4684
2492.5	4762
2494.455	4606
2496.408	4622
2498.364	4672
2500.318	4596
2502.27	4686
2504.223	4608
2506.174	4585
2508.126	4573
2510.078	4599
2512.03	4674
2513.979	4698
2515.927	4658
2517.877	4675
2519.826	4582
2521.775	4705
2523.722	4589
2525.668	4669
2527.616	4666
2529.561	4588
2531.508	4645
2533.452	4633
2535.398	4631
2537.342	4613
2539.284	4611
2541.229	4714
2543.173	4633
2545.114	4544
2547.055	4650
2548.996	4556
2550.938	4550
2552.878	4617
2554.817	4679
2556.756	4647
2558.695	4591
2560.633	4552
2562.572	4568
2564.509	4696
2566.445	4646
2568.382	4591
2570.317	4613
2572.254	4641
2574.189	4696
2576.123	4625
2578.057	4639
2579.99	4663
2581.923	4627
2583.855	4632
2585.788	4632
2587.719	4674
2589.65	4592
2591.579	4527
2593.511	4646
2595.44	4694
2597.37	4482
2599.297	4696
2601.225	4553
2603.153	4695
2605.08	4624
2607.007	4721
2608.932	4608
2610.858	4620
2612.782	4585
2614.709	4649
2616.632	4637
2618.556	4671
2620.478	4616
2622.401	4634
2624.324	4694
2626.247	4607
2628.167	4656
2630.088	4660
2632.008	4582
2633.928	4748
2635.848	4557
2637.766	4711
2639.684	4655
2641.603	4728
2643.519	4659
2645.437	4608
2647.353	4644
2649.27	4631
2651.184	4611
2653.099	4582
2655.014	4578
2656.928	4633
2658.842	4675
2660.755	4712
2662.667	4655
2664.579	4686
2666.491	4628
2668.402	4611
2670.312	4626
2672.222	4581
2674.132	4616
2676.042	4710
2677.951	4578
2679.859	4600
2681.766	4517
2683.674	4652
2685.582	4554
2687.488	4597
2689.392	4640
2691.298	4500
2693.202	4652
2695.107	4499
2697.012	4546
2698.914	4546
2700.817	4559
2702.72	4555
2704.622	4618
2706.524	4515
2708.425	4540
2710.326	4554
2712.225	4602
2714.125	4614
2716.024	4500
2717.923	4615
2719.822	4610
2721.719	4519
2723.616	4543
2725.512	4590
2727.41	4529
2729.305	4595
2731.201	4599
2733.095	4495
2734.99	4516
2736.884	4573
2738.778	4507
2740.67	4530
2742.562	4581
2744.455	4591
2746.346	4573
2748.238	4618
2750.129	4612
2752.018	4509
2753.907	4477
2755.797	4504
2757.687	4497
2759.575	4506
2761.462	4538
2763.349	4543
2765.237	4455
2767.124	4521
2769.009	4532
2770.894	4537
2772.779	4466
2774.663	4572
2776.547	4552
2778.431	4545
2780.314	4498
2782.197	4490
2784.078	4600
2785.96	4497
2787.842	4529
2789.723	4588
2791.603	4530
2793.483	4617
2795.362	4484
2797.241	4533
2799.121	4533
2800.997	4488
2802.874	4509
2804.751	4426
2806.628	4496
2808.506	4466
2810.38	4555
2812.255	4410
2814.13	4468
2816.003	4429
2817.878	4540
2819.752	4530
2821.623	4566
2823.496	4416
2825.368	4565
2827.238	4543
2829.111	4504
2830.98	4422
2832.851	4455
2834.719	4497
2836.589	4601
2838.458	4507
2840.327	4526
2842.193	4606
2844.061	4525
2845.927	4572
2847.794	4578
2849.66	4629
2851.525	4591
2853.39	4631
2855.254	4586
2857.117	4546
2858.983	4669
2860.845	4740
2862.707	4620
2864.569	4744
2866.431	4778
2868.293	4740
2870.154	4721
2872.013	4849
2873.873	4845
2875.733	4942
2877.592	5021
2879.451	5017
2881.309	5130
2883.166	5098
2885.022	5149
2886.879	5126
2888.736	5230
2890.591	5315
2892.446	5286
2894.301	5217
2896.155	5180
2898.009	5212
2899.863	5200
2901.716	5119
2903.568	5097
2905.419	5133
2907.27	5192
2909.123	5144
2910.973	5225
2912.824	5197
2914.673	5185
2916.521	5168
2918.372	5325
2920.22	5394
2922.067	5405
2923.914	5438
2925.761	5479
2927.607	5450
2929.455	5586
2931.301	5576
2933.144	5706
2934.99	5713
2936.833	5820
2938.678	5752
2940.522	5938
2942.364	5903
2944.207	6165
2946.048	6068
2947.891	6086
2949.731	6114
2951.571	5945
2953.412	6130
2955.25	5964
2957.09	5930
2958.93	5762
2960.767	5819
2962.606	5761
2964.443	5633
2966.279	5642
2968.116	5575
2969.953	5463
2971.788	5458
2973.623	5346
2975.457	5364
2977.292	5357
2979.127	5339
2980.959	5275
2982.792	5196
2984.624	5096
2986.455	5171
2988.288	5038
2990.119	5042
2991.949	4994
2993.779	5029
2995.608	4970
2997.439	4995
2999.268	4838
3001.096	4867
3002.923	4807
3004.751	4895
3006.578	4707
3008.406	4775
3010.232	4619
3012.057	4628
3013.883	4530
3015.706	4517
3017.532	4564
3019.356	4518
3021.179	4475
3023.002	4431
3024.823	4376
3026.646	4498
3028.469	4398
3030.289	4402
3032.11	4442
3033.93	4346
3035.749	4387
3037.57	4331
3039.39	4336
3041.207	4411
3043.026	4307
3044.842	4351
3046.661	4289
3048.477	4300
3050.294	4356
3052.109	4272
3053.925	4334
3055.739	4278
3057.555	4421
3059.368	4321
3061.181	4368
3062.995	4359
3064.807	4276
3066.62	4293
3068.433	4352
3070.243	4339
3072.054	4259
3073.865	4316
3075.675	4274
3077.485	4258
3079.293	4204
3081.102	4351
3082.911	4260
3084.719	4201
3086.527	4364
3088.333	4274
3090.139	4196
3091.945	4205
3093.75	4272
3095.557	4208
3097.361	4149
3099.165	4085
3100.969	4159
3102.772	4217
3104.575	4196
3106.379	4135
3108.181	4164
3109.982	4188
3111.783	4168
3113.584	4142
3115.386	4153
3117.186	4148
3118.985	4189
3120.783	4153
3122.582	4109
3124.381	4112
3126.179	4148
3127.975	4089
3129.772	4089
3131.569	4108
3133.365	4110
3135.161	4189
3136.956	4087
3138.751	3960
3140.544	4116
3142.338	4094
3144.132	4157
3145.925	4176
3147.717	4013
3149.509	4137
3151.301	4122
3153.091	4021
3154.884	4110
3156.673	4061
3158.462	3985
3160.252	4046
3162.041	4068
3163.831	4065
3165.618	4080
3167.405	4102
3169.193	4038
3170.979	4026
3172.767	4123
3174.553	4138
3176.338	4057
3178.123	4059
3179.907	4058
3181.692	4060
3183.477	4109
3185.259	4092
3187.042	4177
3188.824	4009
3190.607	4054
3192.389	4056
3194.17	4007
3195.951	4155
3197.73	4081
3199.51	4058
3201.289	4025
3203.07	4038
3204.848	3957
3206.626	4005
3208.403	4037
3210.18	4034
3211.959	4094
3213.735	4043
3215.511	4007
3217.285	4048
3219.06	4071
3220.836	4141
3222.611	3992
3224.384	4019
3226.158	4034
3227.929	4017
3229.702	4066
3231.476	4088
3233.248	4072
3235.018	4059
3236.789	4112
3238.56	4023
3240.33	4053
3242.1	4109
3243.869	4001
3245.637	4103
3247.405	4063
3249.172	4015
3250.941	4045
3252.707	3967
3254.474	3988
3256.24	4003
3258.006	4023
3259.772	4060
3261.537	4010
3263.301	4073
3265.065	4029
3266.828	4044
3268.592	4001
3270.355	4177
3272.117	4051
3273.878	3931
3275.64	4021
3277.401	4120
3279.162	4032
3280.922	4108
3282.682	4015
3284.441	4104
3286.199	4097
3287.959	4021
3289.716	3972
3291.475	4037
3293.232	4140
3294.988	4030
3296.744	4055
3298.501	4079
3300.256	4091
3302.011	4101
3303.766	4023
3305.52	4042
3307.275	4069
3309.028	4027
3310.781	4095
3312.533	4088
3314.285	4121
3316.038	3988
3317.789	4102
3319.54	4012
3321.289	4013
3323.039	4045
3324.789	3969
3326.539	4022
3328.288	4010
3330.035	4046
3331.783	4023
3333.531	4074
3335.28	4043
3337.025	4035
3338.771	3971
3340.518	4001
3342.262	3915
3344.009	4028
3345.753	4080
3347.497	3990
3349.24	3959
3350.983	3967
3352.726	3925
3354.469	3918
3356.212	3931
3357.952	3967
3359.694	3983
3361.434	4111
3363.176	3903
3364.916	3976
3366.654	3925
3368.394	3968
3370.132	3938
3371.871	3906
3373.61	3891
3375.346	3819
3377.083	3918
3378.82	3774
3380.556	3899
3382.292	3896
3384.027	3903
3385.763	3880
3387.497	3908
3389.231	3869
3390.965	3943
3392.698	3857
3394.431	3873
3396.164	3879
3397.896	3908
3399.627	4034
3401.36	3875
3403.09	3857
3404.82	3826
3406.55	3851
3408.279	3924
3410.01	3857
3411.738	3876
3413.467	3883
3415.194	3868
3416.92	3836
3418.647	3810
3420.375	3775
3422.102	3815
3423.827	3793
3425.553	3897
3427.277	3823
3429.003	3752
3430.727	3827
3432.451	3789
3434.173	3738
3435.896	3763
3437.62	3844
3439.343	3745
3441.063	3857
3442.785	3744
3444.505	3688
3446.226	3748
3447.948	3813
3449.666	3722
3451.386	3764
3453.104	3728
3454.823	3831
3456.541	3801
3458.259	3714
3459.976	3769
3461.693	3746
3463.408	3685
3465.125	3701
3466.841	3670
3468.556	3645
3470.271	3613
3471.985	3677
3473.698	3668
3475.414	3687
3477.126	3652
3478.838	3704
3480.55	3607
3482.263	3628
3483.975	3722
3485.686	3681
3487.396	3617
3489.106	3687
3490.817	3545
3492.526	3692
3494.236	3555
3495.944	3584
3497.652	3668
3499.359	3556
3501.066	3549
3502.775	3552
3504.481	3653
3506.187	3663
3507.893	3592
3509.598	3586
3511.304	3518
3513.009	3537
3514.713	3515
3516.417	3521
3518.12	3496
3519.821	3520
3521.525	3561
3523.228	3507
3524.929	3467
3526.631	3487
3528.33	3464
3530.032	3540
3531.733	3537
3533.433	3484
3535.131	3444
3536.83	3498
3538.529	3456
3540.227	3516
3541.925	3420
3543.623	3538
3545.319	3432
3547.016	3480
3548.712	3431
3550.408	3453
3552.103	3534
3553.798	3524
3555.491	3374
3557.188	3479
3558.88	3454
3560.574	3401
3562.266	3492
3563.959	3479
3565.651	3459
3567.343	3379
3569.035	3415
3570.725	3415
3572.415	3395
3574.106	3422
3575.797	3339
3577.485	3436
3579.174	3397
3580.863	3417
3582.551	3391
3584.238	3429
3585.926	3337
3587.613	3331
3589.3	3357
3590.986	3343
3592.671	3383
3594.357	3310
3596.042	3418
3597.726	3345
3599.41	3281
3601.094	3292
3602.778	3279
3604.461	3323
3606.143	3318
3607.825	3273
3609.507	3253
3611.188	3217
3612.87	3232
3614.551	3332
3616.229	3277
3617.909	3206
3619.589	3235
3621.269	3212
3622.948	3205
3624.625	3223
3626.302	3204
3627.98	3251
3629.657	3228
3631.334	3283
3633.01	3155
3634.686	3226
3636.361	3263
3638.036	3215
3639.712	3166
3641.385	3168
3643.06	3130
3644.732	3169
3646.405	3155
3648.08	3133
3649.751	3146
3651.424	3157
3653.094	3105
3654.766	3079
3656.436	3127
3658.106	3161
3659.777	3186
3661.446	3151
3663.115	3101
3664.783	3161
3666.452	3164
3668.121	3114
3669.788	3099
3671.454	3138
3673.121	3098
3674.789	3159
3676.455	3042
3678.12	3138
3679.784	3112
3681.45	3144
3683.114	3080
3684.779	3098
3686.442	3104
3688.105	3108
3689.768	3031
3691.43	3109
3693.093	3107
3694.754	3078
3696.415	3082
3698.076	3044
3699.736	3020
3701.396	3048
3703.057	3099
3704.716	3088
3706.375	3106
3708.034	3105
3709.692	3045
3711.351	3034
3713.008	3060
3714.665	3014
3716.321	3070
3717.977	3086
3719.634	3044
3721.29	3044
3722.945	3005
3724.598	3109
3726.253	3006
3727.907	2970
3729.561	2976
3731.214	3062
3732.867	2973
3734.518	2972
3736.171	2997
3737.824	3056
3739.474	3021
3741.125	2935
3742.775	2923
3744.425	2978
3746.074	2991
3747.725	2994
3749.373	3075
3751.022	2952
3752.669	3045
3754.318	2957
3755.966	2953
3757.612	2976
3759.259	3005
3760.905	2949
3762.55	3020
3764.197	2917
3765.842	3013
3767.486	3002
3769.131	2921
3770.774	3031
3772.417	2934
3774.061	2909
3775.705	2973
3777.347	2957
3778.988	2877
3780.629	2931
3782.271	2924
3783.912	2863
3785.552	2964
3787.192	2913
3788.831	2893
3790.472	2869
3792.112	2920
3793.75	2942
3795.388	2865
3797.024	2922
3798.661	2943
3800.3	2884
3801.936	2866
3803.572	2969
3805.208	2868
3806.844	2868
3808.48	2818
3810.115	2913
3811.748	2880
3813.382	2905
3815.016	2872
3816.649	2899
3818.283	2913
3819.914	2844
3821.547	2877
3823.178	2863
3824.809	2881
3826.441	2806
3828.072	2865
3829.701	2913
3831.331	2830
3832.96	2884
3834.591	2839
3836.219	2860
3837.847	2832
3839.475	2769
3841.102	2767
3842.729	2841
3844.357	2865
3845.984	2807
3847.609	2828
3849.234	2802
3850.86	2900
3852.485	2800
3854.11	2733
3855.734	2852
3857.357	2761
3858.981	2778
3860.603	2800
3862.227	2795
3863.848	2799
3865.471	2729
3867.092	2796
3868.713	2775
3870.334	2882
3871.954	2805
3873.575	2727
3875.194	2807
3876.813	2654
3878.433	2699
3880.051	2714
3881.669	2816
3883.286	2728
3884.904	2796
3886.52	2742
3888.138	2749
3889.754	2704
3891.37	2790
3892.985	2785
3894.6	2730
3896.216	2812
3897.831	2738
3899.444	2726
3901.058	2756
3902.67	2720
3904.283	2718
3905.897	2829
3907.509	2767
3909.121	2702
3910.731	2763
3912.342	2693
3913.954	2744
3915.563	2702
3917.174	2739
3918.783	2695
3920.391	2691
3922.002	2741
3923.611	2695
3925.218	2726
3926.826	2778
3928.432	2736
3930.039	2687
3931.647	2687
3933.253	2676
3934.859	2750
3936.464	2711
3938.068	2752
3939.675	2777
3941.278	2698
3942.883	2707
3944.486	2694
3946.089	2716
3947.692	2718
3949.295	2738
3950.898	2735
3952.499	2704
3954.1	2743
3955.7	2654
3957.303	2719
3958.903	2641
3960.502	2721
3962.101	2722
3963.7	2617
3965.301	2718
3966.899	2627
3968.497	2674
3970.094	2661
3971.691	2628
3973.288	2688
3974.885	2660
3976.481	2664
3978.077	2620
3979.672	2703
3981.267	2627
3982.863	2591
3984.457	2656
3986.051	2555
3987.645	2631
3989.238	2655
3990.831	2631
3992.425	2624
3994.017	2585
3995.607	2616
3997.199	2637
3998.79	2611
4000.382	2630
4001.973	2615
4003.561	2588
4005.151	2627
4006.741	2592
4008.331	2610
4009.918	2594
4011.507	2594
4013.095	2601
4014.681	2547
4016.269	2576
4017.856	2614
4019.443	2604
4021.028	2530
4022.614	2564
4024.199	2507
4025.785	2525
4027.37	2580
4028.953	2588
4030.536	2566
4032.12	2583
4033.704	2539
4035.287	2535
4036.869	2548
4038.45	2545
4040.032	2546
4041.613	2565
4043.195	2490
4044.776	2461
4046.356	2506
4047.935	2421
4049.515	2504
4051.095	2481
4052.674	2564
4054.251	2480
4055.829	2594
4057.406	2468
4058.985	2524
4060.562	2543
4062.139	2549
4063.715	2496
4065.29	2534
4066.865	2431
4068.442	2490
4070.016	2464
4071.59	2453
4073.164	2451
4074.738	2533
4076.312	2479
4077.885	2491
4079.458	2467
4081.03	2415
4082.602	2428
4084.173	2469
4085.745	2456
4087.315	2439
4088.886	2471
4090.456	2443
4092.026	2460
4093.596	2427
4095.165	2444
4096.734	2498
4098.301	2455
4099.869	2485
4101.437	2425
4103.006	2407
4104.572	2459
4106.139	2460
4107.704	2469
4109.27	2400
4110.837	2378
4112.401	2425
4113.966	2418
4115.53	2466
4117.094	2324
4118.659	2414
4120.223	2327
4121.785	2455
4123.347	2409
4124.909	2394
4126.471	2408
4128.034	2368
4129.595	2314
4131.155	2416
4132.716	2378
4134.275	2369
4135.836	2412
4137.395	2315
4138.955	2409
4140.513	2331
4142.071	2378
4143.628	2355
4145.188	2329
4146.745	2327
4148.302	2298
4149.858	2341
4151.414	2381
4152.971	2331
4154.526	2336
4156.081	2333
4157.635	2380
4159.189	2345
4160.745	2322
4162.298	2324
4163.852	2426
4165.405	2353
4166.957	2295
4168.51	2324
4170.063	2278
4171.614	2324
4173.166	2318
4174.717	2291
4176.267	2296
4177.817	2290
4179.368	2285
4180.917	2241
4182.466	2309
4184.016	2388
4185.564	2267
4187.112	2228
4188.66	2282
4190.207	2242
4191.754	2316
4193.301	2289
4194.848	2322
4196.394	2306
4197.94	2275
4199.484	2271
4201.03	2300
4202.575	2196
4204.12	2333
4205.663	2233
4207.207	2268
4208.75	2305
4210.292	2243
4211.836	2268
4213.378	2203
4214.92	2236
4216.46	2256
4218.002	2328
4219.544	2209
4221.083	2283
4222.625	2247
4224.164	2229
4225.703	2224
4227.244	2249
4228.782	2269
4230.32	2320
4231.857	2258
4233.395	2263
4234.933	2230
4236.471	2215
4238.007	2237
4239.542	2222
4241.078	2250
4242.614	2234
4244.15	2240
4245.685	2276
4247.219	2230
4248.753	2278
4250.287	2197
4251.82	2231
4253.354	2227
4254.887	2218
4256.419	2191
4257.951	2269
4259.483	2262
4261.016	2198
4262.547	2177
4264.078	2235
4265.608	2191
4267.137	2189
4268.668	2211
4270.197	2204
4271.727	2211
4273.254	2201
4274.783	2209
4276.311	2185
4277.84	2170
4279.366	2151
4280.894	2189
4282.42	2121
4283.946	2160
4285.473	2140
4286.998	2193
4288.523	2136
4290.047	2156
4291.572	2135
4293.096	2159
4294.622	2181
4296.144	2210
4297.668	2171
4299.19	2217
4300.713	2157
4302.236	2122
4303.758	2143
4305.279	2161
4306.799	2151
4308.321	2101
4309.842	2138
4311.361	2128
4312.882	2129
4314.401	2146
