400.0961	3946
402.6185	3893
405.1424	3913
407.6635	3988
410.1838	3904
412.7035	3966
415.2225	3930
417.7388	3954
420.2585	4038
422.7754	4126
425.2917	4142
427.8072	4116
430.3221	4182
432.8363	4230
435.3498	4184
437.8626	4206
440.3727	4163
442.8841	4181
445.3969	4136
447.907	4231
450.4142	4216
452.9229	4221
455.4289	4166
457.9362	4235
460.4449	4190
462.9488	4169
465.454	4168
467.9566	4137
470.4604	4168
472.9637	4238
475.4662	4122
477.966	4233
480.4671	4215
482.9656	4261
485.4633	4174
487.9645	4181
490.4608	4250
492.9566	4267
495.4536	4202
497.948	4334
500.4437	4304
502.9387	4274
505.431	4197
507.9226	4317
510.4136	4375
512.9079	4289
515.3975	4245
517.8864	4287
520.3746	4238
522.8622	4291
525.3491	4436
527.8394	4331
530.3249	4399
532.8098	4299
535.2939	4292
537.7774	4451
540.2623	4298
542.7444	4325
545.2259	4342
547.7067	4349
550.1868	4319
552.6683	4212
555.147	4404
557.6231	4259
560.1005	4369
562.5773	4415
565.0534	4299
567.5308	4380
570.0056	4448
572.4776	4377
574.951	4361
577.4237	4433
579.8978	4547
582.3671	4620
584.8378	4580
587.3079	4612
589.7773	4554
592.244	4506
594.714	4550
597.1793	4515
599.6461	4476
602.1121	4466
604.5754	4564
607.0421	4509
609.5042	4455
611.9675	4522
614.4282	4360
616.8902	4519
619.3515	4479
621.8122	4451
624.2702	4382
626.7296	4458
629.1863	4389
631.6423	4441
634.1017	4490
636.5563	4509
639.0104	4417
641.4658	4458
643.9185	4439
646.3725	4469
648.8239	4538
651.2766	4526
653.7266	4515
656.176	4511
658.6247	4546
661.0748	4484
663.5242	4583
665.9709	4572
668.417	4571
670.8624	4573
673.3092	4582
675.7533	4519
678.1968	4582
680.6395	4497
683.0817	4666
685.5251	4564
687.9659	4691
690.4061	4652
692.8456	4689
695.2844	4632
697.7226	4669
700.1621	4650
702.599	4637
705.0332	4655
707.4688	4597
709.9036	4679
712.3399	4737
714.7735	4704
717.2044	4714
719.6367	4718
722.0683	4756
724.4993	4708
726.9296	4763
729.3593	4630
731.7883	4775
734.2147	4761
736.6423	4751
739.0714	4838
741.4958	4791
743.9216	4762
746.3447	4764
748.7691	4733
751.1929	4863
753.616	4855
756.0366	4827
758.4584	4938
760.8776	4851
763.2982	4847
765.718	4916
768.1373	4896
770.5539	4900
772.9698	4962
775.3871	4946
777.8038	4941
780.2178	4823
782.6332	4985
785.0459	4876
787.458	4948
789.8714	4890
792.2842	4835
794.6943	4935
797.1038	4989
799.5127	4867
801.9209	4925
804.3324	5002
806.7393	4946
809.1456	4973
811.5513	4997
813.9562	4967
816.3625	4960
818.7663	5022
821.1693	4952
823.5718	5085
825.9735	4955
828.3746	5001
830.7771	5064
833.177	5049
835.5762	4949
837.9747	5061
840.3727	5060
842.772	5018
845.1666	5051
847.5626	5127
849.958	5123
852.3527	5184
854.7488	5118
857.1403	5130
859.5331	5192
861.9253	5093
864.3168	5154
866.7057	5071
869.098	5141
871.4876	5156
873.8746	5127
876.263	5180
878.6487	5163
881.0378	5041
883.4243	5134
885.8081	5145
888.1933	5095
890.5759	5045
892.9598	5126
895.343	5131
897.7256	5027
900.1057	5044
902.4871	5205
904.8659	5213
907.246	5124
909.6254	5243
912.0023	5163
914.3786	5223
916.7562	5197
919.1331	5203
921.5074	5336
923.8831	5392
926.2562	5290
928.6287	5313
931.0005	5307
933.3757	5400
935.7462	5403
938.1162	5396
940.4855	5377
942.8542	5468
945.2242	5607
947.5916	5712
949.9584	5757
952.3266	5903
954.6921	6035
957.0571	6456
959.4233	6629
961.787	6705
964.15	6674
966.5125	6376
968.8742	6199
971.2354	5962
973.5959	5840
975.9559	5567
978.3151	5531
980.6738	5433
983.0338	5350
985.3912	5367
987.7461	5301
990.1022	5248
992.4578	5276
994.8127	5246
997.1689	5233
999.5207	5267
1001.874	5375
1004.226	5414
1006.576	5296
1008.929	5339
1011.28	5419
1013.628	5371
1015.977	5173
1018.324	5333
1020.674	5493
1023.019	5251
1025.366	5480
1027.713	5491
1030.056	5379
1032.399	5446
1034.746	5360
1037.087	5477
1039.431	5364
1041.771	5393
1044.113	5466
1046.454	5564
1048.793	5403
1051.133	5433
1053.471	5450
1055.807	5418
1058.146	5461
1060.483	5532
1062.818	5436
1065.153	5602
1067.489	5493
1069.822	5551
1072.156	5546
1074.488	5498
1076.82	5593
1079.15	5537
1081.48	5493
1083.814	5558
1086.143	5524
1088.471	5357
1090.799	5348
1093.126	5532
1095.452	5525
1097.78	5368
1100.105	5422
1102.43	5483
1104.754	5391
1107.077	5410
1109.4	5427
1111.722	5368
1114.044	5531
1116.365	5402
1118.685	5426
1121.005	5377
1123.324	5513
1125.643	5526
1127.961	5523
1130.278	5472
1132.595	5482
1134.911	5518
1137.226	5464
1139.541	5483
1141.854	5455
1144.167	5445
1146.482	5489
1148.793	5392
1151.105	5378
1153.414	5373
1155.725	5423
1158.033	5543
1160.344	5405
1162.651	5530
1164.959	5467
1167.265	5586
1169.572	5502
1171.878	5393
1174.184	5581
1176.488	5365
1178.79	5598
1181.094	5464
1183.396	5480
1185.699	5515
1188.001	5513
1190.301	5490
1192.6	5489
1194.9	5485
1197.2	5501
1199.497	5519
1201.794	5582
1204.09	5581
1206.387	5552
1208.684	5533
1210.978	5538
1213.272	5384
1215.565	5451
1217.858	5605
1220.15	5457
1222.443	5585
1224.734	5466
1227.024	5605
1229.313	5555
1231.602	5654
1233.892	5596
1236.18	5668
1238.467	5610
1240.754	5644
1243.04	5740
1245.325	5757
1247.612	5775
1249.896	5702
1252.178	5725
1254.461	5757
1256.743	5665
1259.027	5703
1261.308	5694
1263.587	5626
1265.867	5702
1268.146	5781
1270.425	5728
1272.703	5751
1274.981	5758
1277.256	5717
1279.532	5720
1281.808	5692
1284.083	5605
1286.358	5680
1288.63	5727
1290.904	5611
1293.175	5590
1295.449	5563
1297.719	5685
1299.99	5686
1302.259	5549
1304.529	5613
1306.798	5668
1309.065	5603
1311.333	5657
1313.599	5680
1315.866	5709
1318.131	5687
1320.396	5643
1322.66	5611
1324.925	5696
1327.187	5760
1329.448	5651
1331.711	5579
1333.974	5653
1336.234	5679
1338.493	5758
1340.752	5719
1343.01	5688
1345.269	5621
1347.526	5694
1349.784	5644
1352.04	5645
1354.295	5592
1356.552	5622
1358.806	5678
1361.059	5654
1363.312	5666
1365.564	5662
1367.818	5666
1370.069	5503
1372.318	5593
1374.568	5640
1376.817	5719
1379.066	5736
1381.316	5665
1383.564	5665
1385.809	5839
1388.056	5660
1390.301	5813
1392.549	5716
1394.793	5798
1397.036	5777
1399.279	5747
1401.522	5886
1403.763	5822
1406.007	5845
1408.248	5869
1410.487	5818
1412.727	5770
1414.965	5791
1417.205	5809
1419.442	5857
1421.68	5842
1423.915	5856
1426.152	5873
1428.388	5835
1430.623	5938
1432.857	5872
1435.091	5920
1437.323	5953
1439.556	5873
1441.789	5869
1444.019	5932
1446.25	5898
1448.48	6005
1450.708	5934
1452.938	5970
1455.167	6086
1457.394	5989
1459.62	6031
1461.846	5963
1464.073	5936
1466.299	6021
1468.523	5873
1470.746	5879
1472.969	5863
1475.191	5845
1477.415	5858
1479.636	5773
1481.858	5768
1484.078	5753
1486.298	5743
1488.518	5726
1490.736	5723
1492.954	5742
1495.169	5684
1497.386	5780
1499.602	5744
1501.819	5596
1504.034	5702
1506.248	5654
1508.462	5636
1510.675	5635
1512.888	5658
1515.1	5629
1517.311	5761
1519.522	5528
1521.732	5602
1523.942	5691
1526.151	5644
1528.36	5647
1530.566	5710
1532.773	5741
1534.98	5638
1537.187	5632
1539.392	5676
1541.596	5819
1543.801	5728
1546.005	5713
1548.208	5691
1550.411	5690
1552.612	5717
1554.814	5715
1557.013	5755
1559.212	5793
1561.414	5735
1563.612	5708
1565.811	5877
1568.007	5705
1570.203	5858
1572.403	5877
1574.598	5838
1576.792	5798
1578.988	5820
1581.181	5787
1583.376	5827
1585.568	5856
1587.761	5850
1589.952	5872
1592.143	5892
1594.333	5875
1596.524	5935
1598.715	5932
1600.903	5882
1603.091	5823
1605.278	6019
1607.466	5716
1609.652	6006
1611.838	6002
1614.023	5960
1616.207	5851
1618.391	5939
1620.576	5943
1622.759	5973
1624.941	5822
1627.123	5883
1629.304	6000
1631.484	5943
1633.664	5941
1635.844	5968
1638.022	6028
1640.201	5968
1642.38	6000
1644.556	5976
1646.732	6003
1648.908	6019
1651.084	5898
1653.257	5965
1655.433	5958
1657.607	6000
1659.779	6064
1661.951	6053
1664.122	6057
1666.295	5915
1668.467	6067
1670.635	6056
1672.805	6008
1674.973	6049
1677.142	6015
1679.31	6149
1681.478	6052
1683.644	6044
1685.81	5956
1687.975	6010
1690.142	6010
1692.305	5960
1694.468	6067
1696.632	5984
1698.794	5958
1700.957	5883
1703.119	5948
1705.279	5930
1707.439	5847
1709.598	5855
1711.758	5817
1713.917	5893
1716.075	5821
1718.231	5758
1720.388	5853
1722.543	5849
1724.702	5842
1726.856	5755
1729.01	5813
1731.164	5906
1733.317	5858
1735.471	5861
1737.623	5774
1739.774	5851
1741.925	5848
1744.075	5805
1746.225	5909
1748.376	5840
1750.524	5893
1752.672	5878
1754.82	5945
1756.965	6024
1759.113	5946
1761.259	5893
1763.405	5937
1765.549	5926
1767.694	5877
1769.836	5922
1771.981	5875
1774.123	5944
1776.264	5958
1778.405	5926
1780.546	5895
1782.687	5934
1784.827	6010
1786.966	5900
1789.103	6026
1791.242	5968
1793.381	5960
1795.517	5895
1797.653	6014
1799.788	6000
1801.923	5916
1804.057	5943
1806.193	5955
1808.326	5955
1810.457	5920
1812.59	5859
1814.721	5946
1816.855	5907
1818.984	5941
1821.113	5923
1823.244	5743
1825.372	5911
1827.499	5895
1829.63	5998
1831.756	5906
1833.882	6017
1836.007	5813
1838.132	5983
1840.26	5910
1842.384	5842
1844.507	5934
1846.63	5778
1848.752	5827
1850.875	5845
1852.996	5910
1855.118	5965
1857.238	5886
1859.358	5866
1861.477	6008
1863.597	6002
1865.715	5813
1867.832	5789
1869.948	5883
1872.064	5823
1874.181	5822
1876.297	5943
1878.411	5866
1880.526	5929
1882.639	5938
1884.752	5891
1886.865	5934
1888.977	5812
1891.089	5996
1893.2	5835
1895.308	5905
1897.42	6021
1899.53	5982
1901.639	5878
1903.745	6067
1905.853	5923
1907.962	5908
1910.067	5830
1912.174	5953
1914.278	6126
1916.383	5893
1918.486	5899
1920.592	5942
1922.694	5976
1924.797	6009
1926.898	5926
1929	6073
1931.102	6001
1933.203	6065
1935.301	5991
1937.401	5963
1939.499	5969
1941.598	5992
1943.697	6052
1945.793	5973
1947.888	5920
1949.985	5997
1952.08	6068
1954.176	6041
1956.269	5941
1958.364	5961
1960.457	5926
1962.549	6086
1964.642	6080
1966.733	5962
1968.823	6012
1970.913	5994
1973.005	5990
1975.093	6022
1977.184	5984
1979.271	5933
1981.359	5939
1983.446	6007
1985.532	5817
1987.619	6008
1989.705	5870
1991.789	6040
1993.874	5818
1995.956	5911
1998.041	5910
2000.123	5847
2002.206	5935
2004.287	5986
2006.368	5847
2008.449	5985
2010.529	5937
2012.609	5889
2014.688	6037
2016.766	5819
2018.843	5867
2020.922	5988
2022.999	5947
2025.074	5890
2027.15	5933
2029.225	5916
2031.299	5878
2033.375	5911
2035.447	5934
2037.52	6007
2039.592	5948
2041.664	5844
2043.736	5898
2045.807	5833
2047.876	5867
2049.947	5971
2052.015	5905
2054.086	5922
2056.153	5867
2058.221	5886
2060.288	5906
2062.353	5907
2064.42	5931
2066.486	5995
2068.55	6035
2070.614	5796
2072.678	5936
2074.741	5883
2076.805	5966
2078.866	5884
2080.929	5900
2082.99	5945
2085.049	5902
2087.109	5863
2089.17	6000
2091.228	6029
2093.286	5962
2095.344	5973
2097.4	5910
2099.46	5850
2101.516	5759
2103.572	5853
2105.626	5998
2107.679	5922
2109.735	6019
2111.788	5954
2113.841	5999
2115.894	5961
2117.945	5946
2119.997	5924
2122.049	5986
2124.1	5796
2126.148	6003
2128.197	5932
2130.246	5818
2132.296	5860
2134.342	5856
2136.39	6002
2138.437	5914
2140.483	5878
2142.527	5954
2144.574	5986
2146.619	5903
2148.661	5951
2150.705	5924
2152.747	5899
2154.792	5802
2156.832	5919
2158.874	5950
2160.915	5881
2162.954	5818
2164.995	5909
2167.034	5848
2169.072	5851
2171.111	5880
2173.148	5859
2175.186	5858
2177.223	5799
2179.258	5798
2181.294	5785
2183.328	5849
2185.362	5851
2187.398	5833
2189.431	5854
2191.463	5865
2193.495	5701
2195.528	5835
2197.56	5871
2199.59	5856
2201.62	5792
2203.649	5863
2205.678	5809
2207.708	5903
2209.737	5809
2211.764	5812
2213.791	5804
2215.817	5888
2217.843	5783
2219.87	5674
2221.895	5776
2223.919	5807
2225.942	5761
2227.966	5790
2229.988	5716
2232.012	5792
2234.032	5786
2236.054	5789
2238.074	5724
2240.095	5815
2242.116	5765
2244.135	5772
2246.153	5736
2248.171	5779
2250.188	5776
2252.208	5785
2254.223	5777
2256.239	5751
2258.255	5671
2260.269	5786
2262.283	5729
2264.3	5823
2266.312	5766
2268.325	5757
2270.336	5766
2272.349	5701
2274.362	5797
2276.372	5646
2278.383	5754
2280.392	5772
2282.402	5844
2284.409	5825
2286.418	5728
2288.427	5717
2290.433	5715
2292.441	5890
2294.446	5708
2296.453	5694
2298.459	5837
2300.463	5740
2302.466	5791
2304.471	5746
2306.475	5680
2308.477	5741
2310.478	5662
2312.481	5804
2314.481	5772
2316.481	5742
2318.482	5697
2320.482	5760
2322.48	5660
2324.48	5746
2326.478	5716
2328.476	5690
2330.473	5642
2332.469	5758
2334.465	5608
2336.46	5651
2338.454	5574
2340.45	5746
2342.444	5510
2344.437	5707
2346.43	5645
2348.421	5648
2350.414	5755
2352.405	5602
2354.396	5651
2356.386	5653
2358.376	5627
2360.366	5690
2362.355	5620
2364.343	5775
2366.331	5672
2368.317	5579
2370.304	5612
2372.292	5594
2374.278	5539
2376.262	5597
2378.247	5634
2380.23	5619
2382.216	5625
2384.199	5569
2386.181	5618
2388.163	5621
2390.144	5596
2392.127	5662
2394.107	5606
2396.087	5491
2398.066	5568
2400.046	5547
2402.023	5585
2404.004	5521
2405.981	5552
2407.957	5657
2409.934	5581
2411.91	5559
2413.886	5515
2415.862	5597
2417.836	5596
2419.809	5596
2421.784	5449
2423.756	5543
2425.73	5605
2427.701	5484
2429.672	5547
2431.644	5569
2433.615	5676
2435.586	5622
2437.555	5580
2439.523	5552
2441.491	5573
2443.459	5545
2445.428	5544
2447.395	5572
2449.361	5552
2451.327	5560
2453.292	5561
2455.257	5451
2457.223	5612
2459.187	5482
2461.15	5431
2463.113	5616
2465.076	5593
2467.039	5512
2468.999	5496
2470.96	5409
2472.921	5562
2474.881	5609
2476.841	5418
2478.8	5500
2480.759	5545
2482.717	5405
2484.675	5469
2486.63	5621
2488.589	5554
2490.545	5433
2492.5	5486
2494.455	5423
2496.408	5464
2498.364	5528
2500.318	5492
2502.27	5409
2504.223	5419
2506.174	5487
2508.126	5399
2510.078	5382
2512.03	5510
2513.979	5421
2515.927	5478
2517.877	5509
2519.826	5454
2521.775	5357
2523.722	5499
2525.668	5494
2527.616	5394
2529.561	5366
2531.508	5486
2533.452	5532
2535.398	5521
2537.342	5485
2539.284	5399
2541.229	5469
2543.173	5377
2545.114	5371
2547.055	5414
2548.996	5319
2550.938	5382
2552.878	5485
2554.817	5465
2556.756	5461
2558.695	5387
2560.633	5341
2562.572	5368
2564.509	5484
2566.445	5509
2568.382	5434
2570.317	5402
2572.254	5435
2574.189	5470
2576.123	5429
2578.057	5394
2579.99	5417
2581.923	5464
2583.855	5420
2585.788	5509
2587.719	5412
2589.65	5460
2591.579	5469
2593.511	5351
2595.44	5387
2597.37	5440
2599.297	5485
2601.225	5392
2603.153	5430
2605.08	5415
2607.007	5478
2608.932	5408
2610.858	5395
2612.782	5459
2614.709	5471
2616.632	5515
2618.556	5423
2620.478	5405
2622.401	5458
2624.324	5364
2626.247	5423
2628.167	5392
2630.088	5394
2632.008	5555
2633.928	5470
2635.848	5343
2637.766	5469
2639.684	5426
2641.603	5478
2643.519	5437
2645.437	5472
2647.353	5423
2649.27	5390
2651.184	5392
2653.099	5518
2655.014	5516
2656.928	5499
2658.842	5537
2660.755	5376
2662.667	5400
2664.579	5347
2666.491	5422
2668.402	5379
2670.312	5506
2672.222	5470
2674.132	5411
2676.042	5518
2677.951	5392
2679.859	5352
2681.766	5359
2683.674	5387
2685.582	5424
2687.488	5406
2689.392	5369
2691.298	5399
2693.202	5426
2695.107	5350
2697.012	5352
2698.914	5459
2700.817	5357
2702.72	5388
2704.622	5362
2706.524	5362
2708.425	5363
2710.326	5320
2712.225	5319
2714.125	5283
2716.024	5428
2717.923	5367
2719.822	5347
2721.719	5269
2723.616	5280
2725.512	5343
2727.41	5331
2729.305	5273
2731.201	5329
2733.095	5349
2734.99	5391
2736.884	5292
2738.778	5425
2740.67	5367
2742.562	5334
2744.455	5383
2746.346	5338
2748.238	5333
2750.129	5317
2752.018	5311
2753.907	5309
2755.797	5318
2757.687	5296
2759.575	5300
2761.462	5234
2763.349	5358
2765.237	5284
2767.124	5399
2769.009	5361
2770.894	5372
2772.779	5306
2774.663	5300
2776.547	5223
2778.431	5300
2780.314	5217
2782.197	5340
2784.078	5299
2785.96	5246
2787.842	5287
2789.723	5284
2791.603	5347
2793.483	5185
2795.362	5300
2797.241	5205
2799.121	5295
2800.997	5279
2802.874	5308
2804.751	5191
2806.628	5254
2808.506	5302
2810.38	5241
2812.255	5360
2814.13	5220
2816.003	5280
2817.878	5254
2819.752	5157
2821.623	5261
2823.496	5089
2825.368	5314
2827.238	5229
2829.111	5180
2830.98	5209
2832.851	5120
2834.719	5245
2836.589	5306
2838.458	5331
2840.327	5291
2842.193	5302
2844.061	5337
2845.927	5247
2847.794	5189
2849.66	5253
2851.525	5233
2853.39	5322
2855.254	5343
2857.117	5392
2858.983	5287
2860.845	5423
2862.707	5383
2864.569	5353
2866.431	5313
2868.293	5474
2870.154	5488
2872.013	5450
2873.873	5555
2875.733	5457
2877.592	5598
2879.451	5618
2881.309	5653
2883.166	5645
2885.022	5803
2886.879	5805
2888.736	5732
2890.591	5735
2892.446	5728
2894.301	5768
2896.155	5821
2898.009	5739
2899.863	5688
2901.716	5649
2903.568	5685
2905.419	5701
2907.27	5763
2909.123	5765
2910.973	5627
2912.824	5739
2914.673	5802
2916.521	5794
2918.372	5910
2920.22	5770
2922.067	5794
2923.914	6010
2925.761	6148
2927.607	5968
2929.455	6089
2931.301	6047
2933.144	6225
2934.99	6048
2936.833	6211
2938.678	6298
2940.522	6376
2942.364	6339
2944.207	6480
2946.048	6381
2947.891	6450
2949.731	6411
2951.571	6461
2953.412	6450
2955.25	6331
2957.09	6288
2958.93	6273
2960.767	6247
2962.606	6160
2964.443	6080
2966.279	6054
2968.116	5977
2969.953	6031
2971.788	5827
2973.623	5871
2975.457	5873
2977.292	5877
2979.127	5820
2980.959	5852
2982.792	5740
2984.624	5709
2986.455	5680
2988.288	5774
2990.119	5610
2991.949	5696
2993.779	5569
2995.608	5512
2997.439	5511
2999.268	5526
3001.096	5496
3002.923	5447
3004.751	5320
3006.578	5333
3008.406	5273
3010.232	5292
3012.057	5295
3013.883	5210
3015.706	5172
3017.532	5176
3019.356	5198
3021.179	5081
3023.002	5089
3024.823	5154
3026.646	5075
3028.469	5036
3030.289	5097
3032.11	4991
3033.93	5074
3035.749	5024
3037.57	5026
3039.39	5009
3041.207	5037
3043.026	4994
3044.842	5028
3046.661	4919
3048.477	4911
3050.294	4890
3052.109	5024
3053.925	4975
3055.739	4927
3057.555	5060
3059.368	4962
3061.181	4966
3062.995	4898
3064.807	4948
3066.62	4967
3068.433	4965
3070.243	4976
3072.054	4901
3073.865	4900
3075.675	5044
3077.485	4904
3079.293	4904
3081.102	4909
3082.911	4942
3084.719	4916
3086.527	4905
3088.333	4901
3090.139	4954
3091.945	4798
3093.75	4895
3095.557	4784
3097.361	4830
3099.165	4831
3100.969	4719
3102.772	4797
3104.575	4807
3106.379	4748
3108.181	4816
3109.982	4898
3111.783	4745
3113.584	4788
3115.386	4785
3117.186	4763
3118.985	4813
3120.783	4807
3122.582	4673
3124.381	4640
3126.179	4709
3127.975	4761
3129.772	4815
3131.569	4737
3133.365	4697
3135.161	4767
3136.956	4689
3138.751	4705
3140.544	4689
3142.338	4662
3144.132	4732
3145.925	4660
3147.717	4792
3149.509	4603
3151.301	4744
3153.091	4613
3154.884	4642
3156.673	4633
3158.462	4680
3160.252	4703
3162.041	4681
3163.831	4692
3165.618	4680
3167.405	4743
3169.193	4619
3170.979	4700
3172.767	4595
3174.553	4635
3176.338	4673
3178.123	4730
3179.907	4706
3181.692	4662
3183.477	4680
3185.259	4679
3187.042	4621
3188.824	4613
3190.607	4615
3192.389	4577
3194.17	4590
3195.951	4637
3197.73	4613
3199.51	4664
3201.289	4616
3203.07	4597
3204.848	4579
3206.626	4565
3208.403	4641
3210.18	4695
3211.959	4760
3213.735	4648
3215.511	4648
3217.285	4631
3219.06	4657
3220.836	4579
3222.611	4507
3224.384	4680
3226.158	4618
3227.929	4553
3229.702	4623
3231.476	4554
3233.248	4485
3235.018	4654
3236.789	4671
3238.56	4632
3240.33	4645
3242.1	4617
3243.869	4550
3245.637	4577
3247.405	4673
3249.172	4675
3250.941	4642
3252.707	4589
3254.474	4583
3256.24	4640
3258.006	4621
3259.772	4525
3261.537	4611
3263.301	4604
3265.065	4548
3266.828	4572
3268.592	4623
3270.355	4552
3272.117	4681
3273.878	4599
3275.64	4605
3277.401	4583
3279.162	4665
3280.922	4554
3282.682	4563
3284.441	4609
3286.199	4580
3287.959	4598
3289.716	4610
3291.475	4602
3293.232	4617
3294.988	4576
3296.744	4639
3298.501	4657
3300.256	4588
3302.011	4672
3303.766	4681
3305.52	4586
3307.275	4560
3309.028	4651
3310.781	4730
3312.533	4564
3314.285	4607
3316.038	4642
3317.789	4568
3319.54	4591
3321.289	4523
3323.039	4577
3324.789	4494
3326.539	4539
3328.288	4583
3330.035	4655
3331.783	4515
3333.531	4692
3335.28	4560
3337.025	4446
3338.771	4704
3340.518	4565
3342.262	4530
3344.009	4447
3345.753	4519
3347.497	4456
3349.24	4589
3350.983	4490
3352.726	4518
3354.469	4498
3356.212	4561
3357.952	4399
3359.694	4587
3361.434	4429
3363.176	4575
3364.916	4517
3366.654	4466
3368.394	4484
3370.132	4590
3371.871	4452
3373.61	4486
3375.346	4478
3377.083	4501
3378.82	4474
3380.556	4459
3382.292	4431
3384.027	4491
3385.763	4429
3387.497	4460
3389.231	4460
3390.965	4445
3392.698	4456
3394.431	4396
3396.164	4453
3397.896	4377
3399.627	4452
3401.36	4344
3403.09	4483
3404.82	4450
3406.55	4474
3408.279	4398
3410.01	4415
3411.738	4429
3413.467	4405
3415.194	4373
3416.92	4350
3418.647	4368
3420.375	4346
3422.102	4324
3423.827	4331
3425.553	4439
3427.277	4428
3429.003	4379
3430.727	4341
3432.451	4324
3434.173	4279
3435.896	4258
3437.62	4313
3439.343	4318
3441.063	4371
3442.785	4391
3444.505	4251
3446.226	4176
3447.948	4302
3449.666	4203
3451.386	4248
3453.104	4234
3454.823	4242
3456.541	4242
3458.259	4332
3459.976	4216
3461.693	4285
3463.408	4181
3465.125	4205
3466.841	4306
3468.556	4176
3470.271	4257
3471.985	4174
3473.698	4129
3475.414	4058
3477.126	4114
3478.838	4173
3480.55	4136
3482.263	4148
3483.975	4116
3485.686	4140
3487.396	4170
3489.106	4153
3490.817	4126
3492.526	4173
3494.236	4178
3495.944	4106
3497.652	4113
3499.359	4096
3501.066	4093
3502.775	4149
3504.481	4072
3506.187	4084
3507.893	4130
3509.598	4038
3511.304	4063
3513.009	4086
3514.713	4112
3516.417	4048
3518.12	4017
3519.821	4039
3521.525	4068
3523.228	3955
3524.929	4048
3526.631	4008
3528.33	3995
3530.032	4056
3531.733	4070
3533.433	4018
3535.131	3945
3536.83	4036
3538.529	4028
3540.227	4058
3541.925	3976
3543.623	3984
3545.319	3998
3547.016	3942
3548.712	3976
3550.408	3935
3552.103	4059
3553.798	3970
3555.491	3920
3557.188	3982
3558.88	4053
3560.574	4025
3562.266	3984
3563.959	3873
3565.651	3892
3567.343	3901
3569.035	3936
3570.725	3868
3572.415	3895
3574.106	4007
3575.797	3894
3577.485	3948
3579.174	3927
3580.863	3923
3582.551	3838
3584.238	3851
3585.926	3869
3587.613	3829
3589.3	3864
3590.986	3936
3592.671	3802
3594.357	3868
3596.042	3852
3597.726	3729
3599.41	3830
3601.094	3788
3602.778	3901
3604.461	3820
3606.143	3841
3607.825	3882
3609.507	3787
3611.188	3782
3612.87	3790
3614.551	3798
3616.229	3694
3617.909	3753
3619.589	3738
3621.269	3788
3622.948	3696
3624.625	3740
3626.302	3699
3627.98	3772
3629.657	3701
3631.334	3751
3633.01	3703
3634.686	3804
3636.361	3645
3638.036	3695
3639.712	3759
3641.385	3662
3643.06	3662
3644.732	3693
3646.405	3759
3648.08	3710
3649.751	3709
3651.424	3680
3653.094	3705
3654.766	3734
3656.436	3712
3658.106	3557
3659.777	3549
3661.446	3743
3663.115	3562
3664.783	3641
3666.452	3714
3668.121	3634
3669.788	3645
3671.454	3676
3673.121	3589
3674.789	3684
3676.455	3645
3678.12	3572
3679.784	3629
3681.45	3669
3683.114	3661
3684.779	3596
3686.442	3608
3688.105	3621
3689.768	3605
3691.43	3639
3693.093	3587
3694.754	3583
3696.415	3613
3698.076	3582
3699.736	3599
3701.396	3441
3703.057	3601
3704.716	3591
3706.375	3529
3708.034	3552
3709.692	3590
3711.351	3526
3713.008	3562
3714.665	3619
3716.321	3493
3717.977	3545
3719.634	3518
3721.29	3473
3722.945	3521
3724.598	3586
3726.253	3484
3727.907	3554
3729.561	3481
3731.214	3548
3732.867	3539
3734.518	3495
3736.171	3534
3737.824	3538
3739.474	3512
3741.125	3557
3742.775	3470
3744.425	3538
3746.074	3461
3747.725	3483
3749.373	3494
3751.022	3475
3752.669	3533
3754.318	3432
3755.966	3437
3757.612	3503
3759.259	3542
3760.905	3477
3762.55	3406
3764.197	3435
3765.842	3449
3767.486	3469
3769.131	3439
3770.774	3469
3772.417	3470
3774.061	3404
3775.705	3338
3777.347	3426
3778.988	3423
3780.629	3388
3782.271	3422
3783.912	3428
3785.552	3440
3787.192	3517
3788.831	3347
3790.472	3263
3792.112	3384
3793.75	3350
3795.388	3400
3797.024	3414
3798.661	3334
3800.3	3317
3801.936	3459
3803.572	3372
3805.208	3378
3806.844	3340
3808.48	3419
3810.115	3307
3811.748	3422
3813.382	3286
3815.016	3394
3816.649	3334
3818.283	3359
3819.914	3383
3821.547	3364
3823.178	3402
3824.809	3328
3826.441	3247
3828.072	3399
3829.701	3300
3831.331	3284
3832.96	3245
3834.591	3289
3836.219	3288
3837.847	3314
3839.475	3337
3841.102	3252
3842.729	3251
3844.357	3314
3845.984	3287
3847.609	3225
3849.234	3239
3850.86	3251
3852.485	3316
3854.11	3289
3855.734	3242
3857.357	3246
3858.981	3194
3860.603	3242
3862.227	3311
3863.848	3316
3865.471	3215
3867.092	3265
3868.713	3246
3870.334	3184
3871.954	3215
3873.575	3145
3875.194	3246
3876.813	3182
3878.433	3251
3880.051	3288
3881.669	3210
3883.286	3224
3884.904	3221
3886.52	3241
3888.138	3287
3889.754	3222
3891.37	3267
3892.985	3169
3894.6	3112
3896.216	3199
3897.831	3268
3899.444	3108
3901.058	3215
3902.67	3162
3904.283	3224
3905.897	3156
3907.509	3202
3909.121	3158
3910.731	3152
3912.342	3158
3913.954	3165
3915.563	3173
3917.174	3196
3918.783	3133
3920.391	3228
3922.002	3139
3923.611	3198
3925.218	3171
3926.826	3205
3928.432	3155
3930.039	3153
3931.647	3103
3933.253	3155
3934.859	3182
3936.464	3182
3938.068	3204
3939.675	3146
3941.278	3147
3942.883	3078
3944.486	3090
3946.089	3161
3947.692	3196
3949.295	3111
3950.898	3119
3952.499	3099
3954.1	3093
3955.7	3094
3957.303	3071
3958.903	3168
3960.502	3063
3962.101	3062
3963.7	3102
3965.301	3117
3966.899	3113
3968.497	3054
3970.094	3069
3971.691	3083
3973.288	3048
3974.885	3070
3976.481	3044
3978.077	3011
3979.672	3008
3981.267	3066
3982.863	2998
3984.457	3034
3986.051	3045
3987.645	3010
3989.238	2991
3990.831	3029
3992.425	2952
3994.017	3010
3995.607	3033
3997.199	2947
3998.79	3002
4000.382	3035
4001.973	3045
4003.561	3031
4005.151	2952
4006.741	3022
4008.331	3050
4009.918	2981
4011.507	2881
4013.095	3017
4014.681	2985
4016.269	2958
4017.856	2934
4019.443	2927
4021.028	2890
4022.614	2926
4024.199	2856
4025.785	2860
4027.37	2919
4028.953	2953
4030.536	2967
4032.12	2946
4033.704	2888
4035.287	2954
4036.869	2939
4038.45	2894
4040.032	2907
4041.613	2929
4043.195	2926
4044.776	2892
4046.356	2860
4047.935	2920
4049.515	2918
4051.095	2898
4052.674	2868
4054.251	2917
4055.829	2942
4057.406	2856
4058.985	2941
4060.562	2930
4062.139	2863
4063.715	2801
4065.29	2923
4066.865	2936
4068.442	2826
4070.016	2781
4071.59	2864
4073.164	2870
4074.738	2866
4076.312	2880
4077.885	2944
4079.458	2892
4081.03	2824
4082.602	2809
4084.173	2841
4085.745	2813
4087.315	2856
4088.886	2850
4090.456	2812
4092.026	2855
4093.596	2767
4095.165	2844
4096.734	2773
4098.301	2813
4099.869	2842
4101.437	2805
4103.006	2800
4104.572	2793
4106.139	2753
4107.704	2808
4109.27	2781
4110.837	2828
4112.401	2749
4113.966	2801
4115.53	2785
4117.094	2763
4118.659	2869
4120.223	2776
4121.785	2741
4123.347	2783
4124.909	2722
4126.471	2732
4128.034	2796
4129.595	2757
4131.155	2710
4132.716	2729
4134.275	2735
4135.836	2768
4137.395	2800
4138.955	2734
4140.513	2708
4142.071	2672
4143.628	2735
4145.188	2749
4146.745	2718
4148.302	2663
4149.858	2769
4151.414	2660
4152.971	2717
4154.526	2695
4156.081	2762
4157.635	2726
4159.189	2793
4160.745	2695
4162.298	2730
4163.852	2726
4165.405	2746
4166.957	2656
4168.51	2653
4170.063	2670
4171.614	2635
4173.166	2699
4174.717	2680
4176.267	2656
4177.817	2696
4179.368	2631
4180.917	2609
4182.466	2579
4184.016	2656
4185.564	2684
4187.112	2643
4188.66	2687
4190.207	2672
4191.754	2565
4193.301	2678
4194.848	2607
4196.394	2669
4197.94	2593
4199.484	2672
4201.03	2573
4202.575	2655
4204.12	2611
4205.663	2524
4207.207	2552
4208.75	2633
4210.292	2585
4211.836	2563
4213.378	2671
4214.92	2630
4216.46	2641
4218.002	2616
4219.544	2586
4221.083	2615
4222.625	2609
4224.164	2614
4225.703	2621
4227.244	2596
4228.782	2613
4230.32	2649
4231.857	2599
4233.395	2571
4234.933	2647
4236.471	2596
4238.007	2576
4239.542	2556
4241.078	2620
4242.614	2552
4244.15	2512
4245.685	2470
4247.219	2594
4248.753	2512
4250.287	2579
4251.82	2543
4253.354	2537
4254.887	2538
4256.419	2537
4257.951	2558
4259.483	2516
4261.016	2465
4262.547	2527
4264.078	2566
4265.608	2570
4267.137	2527
4268.668	2529
4270.197	2546
4271.727	2542
4273.254	2534
4274.783	2536
4276.311	2517
4277.84	2502
4279.366	2503
4280.894	2449
4282.42	2488
4283.946	2531
4285.473	2485
4286.998	2519
4288.523	2468
4290.047	2493
4291.572	2473
4293.096	2544
4294.622	2485
4296.144	2484
4297.668	2435
4299.19	2431
4300.713	2436
4302.236	2530
4303.758	2511
4305.279	2479
4306.799	2391
4308.321	2454
4309.842	2477
4311.361	2453
4312.882	2446
4314.401	2480
