400.0961	2674
402.6185	2721
405.1424	2550
407.6635	2639
410.1838	2670
412.7035	2647
415.2225	2699
417.7388	2700
420.2585	2702
422.7754	2762
425.2917	2739
427.8072	2738
430.3221	2755
432.8363	2806
435.3498	2755
437.8626	2818
440.3727	2832
442.8841	2849
445.3969	2852
447.907	2883
450.4142	2825
452.9229	2735
455.4289	2804
457.9362	2846
460.4449	2844
462.9488	2844
465.454	2763
467.9566	2830
470.4604	2771
472.9637	2856
475.4662	2781
477.966	2791
480.4671	2835
482.9656	2805
485.4633	2850
487.9645	2849
490.4608	2796
492.9566	2889
495.4536	2801
497.948	2894
500.4437	2755
502.9387	2829
505.431	2863
507.9226	2874
510.4136	2871
512.9079	2800
515.3975	2867
517.8864	2871
520.3746	2917
522.8622	2856
525.3491	2809
527.8394	2908
530.3249	2918
532.8098	2902
535.2939	2865
537.7774	2878
540.2623	2885
542.7444	2812
545.2259	2877
547.7067	2808
550.1868	2920
552.6683	2941
555.147	2860
557.6231	2826
560.1005	2931
562.5773	2958
565.0534	2979
567.5308	2935
570.0056	2939
572.4776	2996
574.951	2957
577.4237	2973
579.8978	3009
582.3671	3054
584.8378	2930
587.3079	3015
589.7773	3096
592.244	2978
594.714	2992
597.1793	3034
599.6461	2909
602.1121	3028
604.5754	2979
607.0421	2981
609.5042	3025
611.9675	3007
614.4282	2975
616.8902	2974
619.3515	2998
621.8122	3036
624.2702	2988
626.7296	2957
629.1863	2976
631.6423	2967
634.1017	3000
636.5563	2950
639.0104	2971
641.4658	2926
643.9185	3014
646.3725	3039
648.8239	2962
651.2766	3004
653.7266	3064
656.176	3041
658.6247	2995
661.0748	2950
663.5242	3049
665.9709	3043
668.417	2994
670.8624	2991
673.3092	3017
675.7533	3062
678.1968	3067
680.6395	3054
683.0817	3009
685.5251	3019
687.9659	3032
690.4061	3022
692.8456	3072
695.2844	3124
697.7226	3098
700.1621	3038
702.599	3114
705.0332	3150
707.4688	3115
709.9036	3171
712.3399	3117
714.7735	3053
717.2044	3058
719.6367	3190
722.0683	3099
724.4993	3127
726.9296	3168
729.3593	3162
731.7883	3152
734.2147	3208
736.6423	3101
739.0714	3212
741.4958	3193
743.9216	3195
746.3447	3256
748.7691	3289
751.1929	3221
753.616	3331
756.0366	3220
758.4584	3283
760.8776	3293
763.2982	3361
765.718	3244
768.1373	3281
770.5539	3288
772.9698	3258
775.3871	3232
777.8038	3230
780.2178	3240
782.6332	3274
785.0459	3291
787.458	3238
789.8714	3284
792.2842	3231
794.6943	3321
797.1038	3282
799.5127	3253
801.9209	3254
804.3324	3263
806.7393	3326
809.1456	3270
811.5513	3343
813.9562	3363
816.3625	3317
818.7663	3319
821.1693	3293
823.5718	3372
825.9735	3363
828.3746	3334
830.7771	3316
833.177	3302
835.5762	3318
837.9747	3348
840.3727	3408
842.772	3350
845.1666	3413
847.5626	3336
849.958	3427
852.3527	3548
854.7488	3408
857.1403	3383
859.5331	3448
861.9253	3377
864.3168	3344
866.7057	3414
869.098	3379
871.4876	3379
873.8746	3345
876.263	3425
878.6487	3419
881.0378	3404
883.4243	3409
885.8081	3389
888.1933	3411
890.5759	3361
892.9598	3461
895.343	3458
897.7256	3438
900.1057	3386
902.4871	3413
904.8659	3473
907.246	3404
909.6254	3400
912.0023	3482
914.3786	3521
916.7562	3479
919.1331	3532
921.5074	3602
923.8831	3717
926.2562	3561
928.6287	3627
931.0005	3574
933.3757	3581
935.7462	3570
938.1162	3590
940.4855	3660
942.8542	3631
945.2242	3643
947.5916	3787
949.9584	3894
952.3266	3904
954.6921	4094
957.0571	4193
959.4233	4285
961.787	4380
964.15	4297
966.5125	4260
968.8742	4164
971.2354	3939
973.5959	3791
975.9559	3749
978.3151	3622
980.6738	3558
983.0338	3563
985.3912	3498
987.7461	3499
990.1022	3519
992.4578	3579
994.8127	3501
997.1689	3622
999.5207	3610
1001.874	3547
1004.226	3565
1006.576	3512
1008.929	3584
1011.28	3555
1013.628	3569
1015.977	3460
1018.324	3576
1020.674	3572
1023.019	3633
1025.366	3532
1027.713	3644
1030.056	3551
1032.399	3527
1034.746	3635
1037.087	3578
1039.431	3604
1041.771	3626
1044.113	3535
1046.454	3581
1048.793	3655
1051.133	3541
1053.471	3660
1055.807	3614
1058.146	3641
1060.483	3720
1062.818	3669
1065.153	3690
1067.489	3635
1069.822	3789
1072.156	3728
1074.488	3738
1076.82	3672
1079.15	3697
1081.48	3623
1083.814	3628
1086.143	3634
1088.471	3600
1090.799	3657
1093.126	3639
1095.452	3647
1097.78	3722
1100.105	3625
1102.43	3671
1104.754	3549
1107.077	3606
1109.4	3682
1111.722	3710
1114.044	3653
1116.365	3654
1118.685	3710
1121.005	3744
1123.324	3649
1125.643	3703
1127.961	3755
1130.278	3671
1132.595	3714
1134.911	3709
1137.226	3723
1139.541	3733
1141.854	3703
1144.167	3638
1146.482	3739
1148.793	3638
1151.105	3621
1153.414	3643
1155.725	3754
1158.033	3664
1160.344	3735
1162.651	3700
1164.959	3676
1167.265	3761
1169.572	3735
1171.878	3732
1174.184	3689
1176.488	3727
1178.79	3749
1181.094	3758
1183.396	3700
1185.699	3680
1188.001	3642
1190.301	3703
1192.6	3703
1194.9	3770
1197.2	3753
1199.497	3722
1201.794	3776
1204.09	3721
1206.387	3779
1208.684	3781
1210.978	3707
1213.272	3753
1215.565	3833
1217.858	3778
1220.15	3755
1222.443	3731
1224.734	3883
1227.024	3787
1229.313	3789
1231.602	3872
1233.892	3835
1236.18	3943
1238.467	3911
1240.754	3886
1243.04	3828
1245.325	3905
1247.612	3923
1249.896	4007
1252.178	4014
1254.461	3998
1256.743	3898
1259.027	3991
1261.308	3996
1263.587	3960
1265.867	3971
1268.146	3975
1270.425	3928
1272.703	3931
1274.981	3835
1277.256	3961
1279.532	3941
1281.808	3819
1284.083	3898
1286.358	3849
1288.63	3829
1290.904	3811
1293.175	3833
1295.449	3957
1297.719	3832
1299.99	3806
1302.259	3751
1304.529	3856
1306.798	3822
1309.065	3880
1311.333	4008
1313.599	3897
1315.866	3933
1318.131	3824
1320.396	3997
1322.66	3871
1324.925	3891
1327.187	3930
1329.448	3867
1331.711	3962
1333.974	3968
1336.234	3907
1338.493	4031
1340.752	3913
1343.01	3853
1345.269	3930
1347.526	3996
1349.784	3929
1352.04	3919
1354.295	3917
1356.552	3986
1358.806	3952
1361.059	3938
1363.312	3956
1365.564	3998
1367.818	3948
1370.069	4010
1372.318	3993
1374.568	3932
1376.817	3971
1379.066	4003
1381.316	3958
1383.564	4032
1385.809	4002
1388.056	3967
1390.301	4002
1392.549	3971
1394.793	4095
1397.036	4117
1399.279	4061
1401.522	4074
1403.763	4101
1406.007	4061
1408.248	4076
1410.487	4044
1412.727	4146
1414.965	4040
1417.205	4016
1419.442	4051
1421.68	4039
1423.915	4173
1426.152	4051
1428.388	4138
1430.623	4197
1432.857	4156
1435.091	4149
1437.323	4140
1439.556	4201
1441.789	4161
1444.019	4014
1446.25	4151
1448.48	4088
1450.708	4101
1452.938	4181
1455.167	4273
1457.394	4168
1459.62	4254
1461.846	4211
1464.073	4169
1466.299	4142
1468.523	4142
1470.746	4031
1472.969	4146
1475.191	4125
1477.415	4066
1479.636	4100
1481.858	3980
1484.078	4143
1486.298	3956
1488.518	4092
1490.736	4034
1492.954	3930
1495.169	4016
1497.386	4053
1499.602	4023
1501.819	4005
1504.034	3963
1506.248	3975
1508.462	4049
1510.675	4064
1512.888	3962
1515.1	4022
1517.311	3984
1519.522	4038
1521.732	3994
1523.942	3979
1526.151	3881
1528.36	4041
1530.566	3958
1532.773	4005
1534.98	4035
1537.187	3998
1539.392	3972
1541.596	4064
1543.801	4116
1546.005	4059
1548.208	3998
1550.411	4026
1552.612	4061
1554.814	4122
1557.013	4041
1559.212	4048
1561.414	3974
1563.612	4116
1565.811	4125
1568.007	4076
1570.203	4110
1572.403	4101
1574.598	4068
1576.792	4193
1578.988	4169
1581.181	4177
1583.376	4179
1585.568	4084
1587.761	4124
1589.952	4199
1592.143	4158
1594.333	4138
1596.524	4219
1598.715	4195
1600.903	4152
1603.091	4218
1605.278	4102
1607.466	4192
1609.652	4121
1611.838	4195
1614.023	4243
1616.207	4210
1618.391	4166
1620.576	4084
1622.759	4232
1624.941	4132
1627.123	4238
1629.304	4171
1631.484	4225
1633.664	4170
1635.844	4167
1638.022	4200
1640.201	4119
1642.38	4204
1644.556	4218
1646.732	4154
1648.908	4203
1651.084	4237
1653.257	4156
1655.433	4176
1657.607	4251
1659.779	4252
1661.951	4254
1664.122	4270
1666.295	4280
1668.467	4199
1670.635	4236
1672.805	4231
1674.973	4213
1677.142	4153
1679.31	4291
1681.478	4234
1683.644	4191
1685.81	4283
1687.975	4181
1690.142	4210
1692.305	4269
1694.468	4170
1696.632	4124
1698.794	4174
1700.957	4103
1703.119	4172
1705.279	4164
1707.439	4106
1709.598	4164
1711.758	4104
1713.917	4129
1716.075	4103
1718.231	4093
1720.388	4120
1722.543	4080
1724.702	4053
1726.856	4149
1729.01	4176
1731.164	4091
1733.317	4156
1735.471	4029
1737.623	4184
1739.774	4091
1741.925	4118
1744.075	4086
1746.225	4149
1748.376	4041
1750.524	4241
1752.672	4180
1754.82	4113
1756.965	4244
1759.113	4120
1761.259	4187
1763.405	4137
1765.549	4164
1767.694	4202
1769.836	4120
1771.981	4120
1774.123	4095
1776.264	4185
1778.405	4272
1780.546	4150
1782.687	4181
1784.827	4168
1786.966	4259
1789.103	4237
1791.242	4213
1793.381	4220
1795.517	4247
1797.653	4181
1799.788	4229
1801.923	4152
1804.057	4204
1806.193	4179
1808.326	4270
1810.457	4259
1812.59	4190
1814.721	4250
1816.855	4171
1818.984	4164
1821.113	4245
1823.244	4121
1825.372	4183
1827.499	4190
1829.63	4172
1831.756	4309
1833.882	4063
1836.007	4242
1838.132	4199
1840.26	4161
1842.384	4222
1844.507	4286
1846.63	4150
1848.752	4217
1850.875	4165
1852.996	4161
1855.118	4180
1857.238	4159
1859.358	4144
1861.477	4228
1863.597	4242
1865.715	4206
1867.832	4246
1869.948	4150
1872.064	4155
1874.181	4292
1876.297	4161
1878.411	4204
1880.526	4199
1882.639	4195
1884.752	4186
1886.865	4175
1888.977	4184
1891.089	4223
1893.2	4245
1895.308	4150
1897.42	4263
1899.53	4255
1901.639	4234
1903.745	4205
1905.853	4253
1907.962	4178
1910.067	4236
1912.174	4207
1914.278	4297
1916.383	4312
1918.486	4381
1920.592	4313
1922.694	4271
1924.797	4214
1926.898	4297
1929	4345
1931.102	4334
1933.203	4234
1935.301	4243
1937.401	4257
1939.499	4325
1941.598	4256
1943.697	4299
1945.793	4239
1947.888	4317
1949.985	4265
1952.08	4249
1954.176	4265
1956.269	4320
1958.364	4282
1960.457	4278
1962.549	4397
1964.642	4282
1966.733	4295
1968.823	4248
1970.913	4388
1973.005	4262
1975.093	4208
1977.184	4255
1979.271	4147
1981.359	4251
1983.446	4220
1985.532	4331
1987.619	4389
1989.705	4321
1991.789	4294
1993.874	4300
1995.956	4257
1998.041	4251
2000.123	4310
2002.206	4376
2004.287	4305
2006.368	4199
2008.449	4208
2010.529	4286
2012.609	4319
2014.688	4316
2016.766	4241
2018.843	4271
2020.922	4233
2022.999	4348
2025.074	4262
2027.15	4284
2029.225	4262
2031.299	4235
2033.375	4284
2035.447	4284
2037.52	4194
2039.592	4286
2041.664	4261
2043.736	4333
2045.807	4315
2047.876	4230
2049.947	4350
2052.015	4165
2054.086	4402
2056.153	4312
2058.221	4281
2060.288	4256
2062.353	4361
2064.42	4284
2066.486	4321
2068.55	4317
2070.614	4288
2072.678	4335
2074.741	4240
2076.805	4253
2078.866	4277
2080.929	4251
2082.99	4288
2085.049	4276
2087.109	4284
2089.17	4377
2091.228	4339
2093.286	4244
2095.344	4258
2097.4	4300
2099.46	4353
2101.516	4284
2103.572	4355
2105.626	4345
2107.679	4320
2109.735	4339
2111.788	4263
2113.841	4338
2115.894	4362
2117.945	4357
2119.997	4322
2122.049	4334
2124.1	4374
2126.148	4373
2128.197	4325
2130.246	4297
2132.296	4320
2134.342	4365
2136.39	4290
2138.437	4374
2140.483	4327
2142.527	4375
2144.574	4398
2146.619	4349
2148.661	4268
2150.705	4286
2152.747	4248
2154.792	4347
2156.832	4304
2158.874	4343
2160.915	4294
2162.954	4347
2164.995	4331
2167.034	4294
2169.072	4358
2171.111	4359
2173.148	4262
2175.186	4336
2177.223	4221
2179.258	4407
2181.294	4378
2183.328	4350
2185.362	4357
2187.398	4310
2189.431	4312
2191.463	4260
2193.495	4237
2195.528	4255
2197.56	4323
2199.59	4313
2201.62	4296
2203.649	4263
2205.678	4210
2207.708	4260
2209.737	4276
2211.764	4260
2213.791	4105
2215.817	4358
2217.843	4213
2219.87	4346
2221.895	4229
2223.919	4264
2225.942	4246
2227.966	4247
2229.988	4217
2232.012	4238
2234.032	4325
2236.054	4293
2238.074	4248
2240.095	4240
2242.116	4258
2244.135	4303
2246.153	4369
2248.171	4208
2250.188	4238
2252.208	4246
2254.223	4260
2256.239	4223
2258.255	4230
2260.269	4333
2262.283	4331
2264.3	4231
2266.312	4279
2268.325	4290
2270.336	4307
2272.349	4280
2274.362	4306
2276.372	4315
2278.383	4309
2280.392	4289
2282.402	4316
2284.409	4320
2286.418	4316
2288.427	4335
2290.433	4279
2292.441	4325
2294.446	4419
2296.453	4307
2298.459	4403
2300.463	4284
2302.466	4189
2304.471	4217
2306.475	4303
2308.477	4315
2310.478	4261
2312.481	4330
2314.481	4394
2316.481	4280
2318.482	4274
2320.482	4291
2322.48	4250
2324.48	4211
2326.478	4316
2328.476	4227
2330.473	4263
2332.469	4220
2334.465	4275
2336.46	4260
2338.454	4235
2340.45	4237
2342.444	4287
2344.437	4270
2346.43	4193
2348.421	4163
2350.414	4204
2352.405	4263
2354.396	4293
2356.386	4239
2358.376	4186
2360.366	4251
2362.355	4242
2364.343	4286
2366.331	4227
2368.317	4330
2370.304	4238
2372.292	4206
2374.278	4219
2376.262	4229
2378.247	4287
2380.23	4204
2382.216	4226
2384.199	4283
2386.181	4218
2388.163	4246
2390.144	4183
2392.127	4257
2394.107	4244
2396.087	4234
2398.066	4242
2400.046	4195
2402.023	4150
2404.004	4239
2405.981	4203
2407.957	4158
2409.934	4285
2411.91	4222
2413.886	4254
2415.862	4271
2417.836	4206
2419.809	4266
2421.784	4205
2423.756	4174
2425.73	4208
2427.701	4236
2429.672	4182
2431.644	4227
2433.615	4360
2435.586	4237
2437.555	4222
2439.523	4181
2441.491	4263
2443.459	4286
2445.428	4310
2447.395	4263
2449.361	4312
2451.327	4233
2453.292	4164
2455.257	4270
2457.223	4171
2459.187	4174
2461.15	4310
2463.113	4257
2465.076	4245
2467.039	4137
2468.999	4271
2470.96	4200
2472.921	4248
2474.881	4309
2476.841	4175
2478.8	4205
2480.759	4206
2482.717	4273
2484.675	4280
2486.63	4203
2488.589	4200
2490.545	4297
2492.5	4191
2494.455	4286
2496.408	4352
2498.364	4212
2500.318	4234
2502.27	4211
2504.223	4271
2506.174	4173
2508.126	4257
2510.078	4196
2512.03	4195
2513.979	4123
2515.927	4203
2517.877	4252
2519.826	4212
2521.775	4258
2523.722	4237
2525.668	4340
2527.616	4134
2529.561	4222
2531.508	4327
2533.452	4285
2535.398	4294
2537.342	4225
2539.284	4221
2541.229	4243
2543.173	4167
2545.114	4250
2547.055	4197
2548.996	4239
2550.938	4162
2552.878	4166
2554.817	4271
2556.756	4220
2558.695	4157
2560.633	4218
2562.572	4249
2564.509	4180
2566.445	4263
2568.382	4317
2570.317	4201
2572.254	4239
2574.189	4195
2576.123	4203
2578.057	4293
2579.99	4314
2581.923	4188
2583.855	4157
2585.788	4312
2587.719	4212
2589.65	4276
2591.579	4162
2593.511	4300
2595.44	4259
2597.37	4301
2599.297	4254
2601.225	4304
2603.153	4327
2605.08	4321
2607.007	4281
2608.932	4303
2610.858	4263
2612.782	4285
2614.709	4290
2616.632	4257
2618.556	4311
2620.478	4238
2622.401	4287
2624.324	4268
2626.247	4319
2628.167	4267
2630.088	4332
2632.008	4271
2633.928	4256
2635.848	4316
2637.766	4256
2639.684	4269
2641.603	4382
2643.519	4309
2645.437	4299
2647.353	4357
2649.27	4270
2651.184	4317
2653.099	4227
2655.014	4306
2656.928	4326
2658.842	4321
2660.755	4312
2662.667	4352
2664.579	4196
2666.491	4234
2668.402	4283
2670.312	4320
2672.222	4323
2674.132	4308
2676.042	4193
2677.951	4307
2679.859	4375
2681.766	4296
2683.674	4217
2685.582	4320
2687.488	4205
2689.392	4271
2691.298	4362
2693.202	4294
2695.107	4320
2697.012	4303
2698.914	4239
2700.817	4319
2702.72	4336
2704.622	4193
2706.524	4278
2708.425	4193
2710.326	4293
2712.225	4330
2714.125	4196
2716.024	4338
2717.923	4302
2719.822	4326
2721.719	4300
2723.616	4246
2725.512	4306
2727.41	4318
2729.305	4309
2731.201	4188
2733.095	4303
2734.99	4251
2736.884	4193
2738.778	4393
2740.67	4303
2742.562	4339
2744.455	4327
2746.346	4291
2748.238	4256
2750.129	4265
2752.018	4271
2753.907	4341
2755.797	4391
2757.687	4281
2759.575	4299
2761.462	4333
2763.349	4258
2765.237	4247
2767.124	4370
2769.009	4246
2770.894	4286
2772.779	4259
2774.663	4300
2776.547	4299
2778.431	4286
2780.314	4370
2782.197	4304
2784.078	4303
2785.96	4201
2787.842	4295
2789.723	4320
2791.603	4281
2793.483	4231
2795.362	4257
2797.241	4351
2799.121	4265
2800.997	4207
2802.874	4302
2804.751	4229
2806.628	4218
2808.506	4304
2810.38	4326
2812.255	4277
2814.13	4352
2816.003	4312
2817.878	4224
2819.752	4275
2821.623	4386
2823.496	4320
2825.368	4225
2827.238	4315
2829.111	4304
2830.98	4246
2832.851	4327
2834.719	4333
2836.589	4308
2838.458	4339
2840.327	4240
2842.193	4305
2844.061	4339
2845.927	4408
2847.794	4350
2849.66	4405
2851.525	4427
2853.39	4447
2855.254	4401
2857.117	4408
2858.983	4375
2860.845	4414
2862.707	4414
2864.569	4475
2866.431	4559
2868.293	4537
2870.154	4554
2872.013	4635
2873.873	4552
2875.733	4550
2877.592	4572
2879.451	4631
2881.309	4701
2883.166	4692
2885.022	4676
2886.879	4699
2888.736	4753
2890.591	4839
2892.446	4793
2894.301	4722
2896.155	4812
2898.009	4784
2899.863	4778
2901.716	4750
2903.568	4691
2905.419	4757
2907.27	4792
2909.123	4742
2910.973	4849
2912.824	4791
2914.673	4706
2916.521	4810
2918.372	4798
2920.22	4826
2922.067	4825
2923.914	4928
2925.761	4946
2927.607	4932
2929.455	4925
2931.301	5028
2933.144	5028
2934.99	5031
2936.833	5087
2938.678	5061
2940.522	5165
2942.364	5203
2944.207	5258
2946.048	5234
2947.891	5302
2949.731	5384
2951.571	5368
2953.412	5313
2955.25	5206
2957.09	5247
2958.93	5283
2960.767	5255
2962.606	5256
2964.443	5192
2966.279	5116
2968.116	5093
2969.953	5138
2971.788	4947
2973.623	4917
2975.457	4854
2977.292	4866
2979.127	4863
2980.959	4836
2982.792	4741
2984.624	4892
2986.455	4735
2988.288	4792
2990.119	4756
2991.949	4662
2993.779	4687
2995.608	4622
2997.439	4526
2999.268	4529
3001.096	4576
3002.923	4483
3004.751	4528
3006.578	4446
3008.406	4399
3010.232	4448
3012.057	4390
3013.883	4383
3015.706	4367
3017.532	4448
3019.356	4318
3021.179	4427
3023.002	4256
3024.823	4256
3026.646	4301
3028.469	4284
3030.289	4376
3032.11	4237
3033.93	4252
3035.749	4247
3037.57	4193
3039.39	4229
3041.207	4250
3043.026	4256
3044.842	4274
3046.661	4220
3048.477	4234
3050.294	4286
3052.109	4271
3053.925	4235
3055.739	4232
3057.555	4185
3059.368	4164
3061.181	4199
3062.995	4181
3064.807	4208
3066.62	4192
3068.433	4151
3070.243	4368
3072.054	4212
3073.865	4224
3075.675	4153
3077.485	4192
3079.293	4173
3081.102	4219
3082.911	4086
3084.719	4159
3086.527	4044
3088.333	4131
3090.139	4201
3091.945	4156
3093.75	4139
3095.557	4201
3097.361	4106
3099.165	4124
3100.969	4177
3102.772	4235
3104.575	4123
3106.379	4069
3108.181	4143
3109.982	4011
3111.783	4033
3113.584	4236
3115.386	4165
3117.186	4209
3118.985	4129
3120.783	3982
3122.582	4099
3124.381	4146
3126.179	4159
3127.975	4075
3129.772	4058
3131.569	4064
3133.365	4082
3135.161	4061
3136.956	4037
3138.751	4093
3140.544	4017
3142.338	4055
3144.132	4084
3145.925	4137
3147.717	4069
3149.509	4055
3151.301	3984
3153.091	4091
3154.884	4111
3156.673	4101
3158.462	4056
3160.252	4098
3162.041	4026
3163.831	4060
3165.618	3947
3167.405	4061
3169.193	4053
3170.979	4111
3172.767	4072
3174.553	4066
3176.338	4004
3178.123	4042
3179.907	4060
3181.692	3995
3183.477	4081
3185.259	4073
3187.042	3989
3188.824	4084
3190.607	4071
3192.389	3986
3194.17	3971
3195.951	3987
3197.73	4014
3199.51	4111
3201.289	4048
3203.07	4131
3204.848	4058
3206.626	4045
3208.403	4172
3210.18	4037
3211.959	4026
3213.735	4055
3215.511	4096
3217.285	4051
3219.06	4057
3220.836	4024
3222.611	4061
3224.384	4103
3226.158	4092
3227.929	4041
3229.702	4084
3231.476	3980
3233.248	3990
3235.018	3971
3236.789	4096
3238.56	3986
3240.33	4070
3242.1	3993
3243.869	4092
3245.637	4050
3247.405	4051
3249.172	3981
3250.941	4058
3252.707	4014
3254.474	4050
3256.24	4068
3258.006	4012
3259.772	4030
3261.537	3958
3263.301	4002
3265.065	4068
3266.828	4105
3268.592	4049
3270.355	4033
3272.117	4092
3273.878	4038
3275.64	4097
3277.401	3963
3279.162	4025
3280.922	4148
3282.682	4030
3284.441	4073
3286.199	4128
3287.959	4058
3289.716	4005
3291.475	4085
3293.232	4034
3294.988	4044
3296.744	4062
3298.501	4198
3300.256	4022
3302.011	4034
3303.766	4094
3305.52	4051
3307.275	4016
3309.028	4017
3310.781	4152
3312.533	4062
3314.285	4072
3316.038	4057
3317.789	4040
3319.54	4136
3321.289	4005
3323.039	4030
3324.789	4106
3326.539	4155
3328.288	3933
3330.035	4126
3331.783	3975
3333.531	4013
3335.28	4101
3337.025	4125
3338.771	4091
3340.518	4091
3342.262	3999
3344.009	4055
3345.753	4047
3347.497	4014
3349.24	4049
3350.983	4077
3352.726	4103
3354.469	4078
3356.212	4090
3357.952	4124
3359.694	4002
3361.434	3964
3363.176	4030
3364.916	4055
3366.654	4080
3368.394	3995
3370.132	4007
3371.871	4048
3373.61	3931
3375.346	3967
3377.083	4014
3378.82	3928
3380.556	4014
3382.292	3992
3384.027	3993
3385.763	3965
3387.497	3961
3389.231	4032
3390.965	4014
3392.698	4024
3394.431	3980
3396.164	4050
3397.896	4034
3399.627	3986
3401.36	3956
3403.09	3914
3404.82	3900
3406.55	4067
3408.279	3986
3410.01	3940
3411.738	3926
3413.467	3973
3415.194	3999
3416.92	3938
3418.647	3916
3420.375	3964
3422.102	3925
3423.827	3931
3425.553	3990
3427.277	3975
3429.003	3922
3430.727	3939
3432.451	4023
3434.173	3923
3435.896	3878
3437.62	3875
3439.343	3889
3441.063	3983
3442.785	3922
3444.505	3842
3446.226	3915
3447.948	3941
3449.666	3904
3451.386	3899
3453.104	3866
3454.823	3953
3456.541	3908
3458.259	3851
3459.976	3893
3461.693	3926
3463.408	3952
3465.125	3894
3466.841	3856
3468.556	3786
3470.271	3824
3471.985	3857
3473.698	3868
3475.414	3820
3477.126	3787
3478.838	3826
3480.55	3871
3482.263	3790
3483.975	3805
3485.686	3849
3487.396	3809
3489.106	3692
3490.817	3793
3492.526	3736
3494.236	3772
3495.944	3722
3497.652	3786
3499.359	3831
3501.066	3720
3502.775	3820
3504.481	3827
3506.187	3787
3507.893	3730
3509.598	3719
3511.304	3754
3513.009	3788
3514.713	3803
3516.417	3768
3518.12	3823
3519.821	3835
3521.525	3830
3523.228	3717
3524.929	3763
3526.631	3601
3528.33	3701
3530.032	3785
3531.733	3816
3533.433	3782
3535.131	3785
3536.83	3749
3538.529	3788
3540.227	3710
3541.925	3744
3543.623	3725
3545.319	3689
3547.016	3656
3548.712	3729
3550.408	3713
3552.103	3795
3553.798	3728
3555.491	3689
3557.188	3716
3558.88	3714
3560.574	3694
3562.266	3742
3563.959	3770
3565.651	3698
3567.343	3889
3569.035	3661
3570.725	3654
3572.415	3733
3574.106	3767
3575.797	3655
3577.485	3659
3579.174	3717
3580.863	3793
3582.551	3673
3584.238	3736
3585.926	3688
3587.613	3713
3589.3	3575
3590.986	3714
3592.671	3581
3594.357	3742
3596.042	3727
3597.726	3651
3599.41	3677
3601.094	3632
3602.778	3631
3604.461	3633
3606.143	3594
3607.825	3630
3609.507	3580
3611.188	3657
3612.87	3659
3614.551	3629
3616.229	3648
3617.909	3613
3619.589	3595
3621.269	3617
3622.948	3603
3624.625	3613
3626.302	3582
3627.98	3655
3629.657	3641
3631.334	3650
3633.01	3550
3634.686	3599
3636.361	3573
3638.036	3608
3639.712	3545
3641.385	3524
3643.06	3574
3644.732	3544
3646.405	3555
3648.08	3557
3649.751	3636
3651.424	3533
3653.094	3589
3654.766	3624
3656.436	3562
3658.106	3549
3659.777	3528
3661.446	3617
3663.115	3489
3664.783	3547
3666.452	3461
3668.121	3461
3669.788	3457
3671.454	3555
3673.121	3516
3674.789	3583
3676.455	3566
3678.12	3466
3679.784	3466
3681.45	3553
3683.114	3480
3684.779	3558
3686.442	3466
3688.105	3620
3689.768	3498
3691.43	3582
3693.093	3547
3694.754	3561
3696.415	3552
3698.076	3577
3699.736	3593
3701.396	3476
3703.057	3518
3704.716	3471
3706.375	3556
3708.034	3466
3709.692	3527
3711.351	3494
3713.008	3473
3714.665	3534
3716.321	3513
3717.977	3547
3719.634	3452
3721.29	3520
3722.945	3490
3724.598	3472
3726.253	3513
3727.907	3491
3729.561	3471
3731.214	3516
3732.867	3419
3734.518	3544
3736.171	3526
3737.824	3510
3739.474	3464
3741.125	3470
3742.775	3452
3744.425	3508
3746.074	3483
3747.725	3498
3749.373	3500
3751.022	3507
3752.669	3490
3754.318	3472
3755.966	3517
3757.612	3468
3759.259	3437
3760.905	3455
3762.55	3483
3764.197	3545
3765.842	3449
3767.486	3462
3769.131	3443
3770.774	3434
3772.417	3449
3774.061	3457
3775.705	3459
3777.347	3497
3778.988	3496
3780.629	3473
3782.271	3400
3783.912	3414
3785.552	3370
3787.192	3361
3788.831	3409
3790.472	3399
3792.112	3521
3793.75	3439
3795.388	3415
3797.024	3459
3798.661	3377
3800.3	3385
3801.936	3361
3803.572	3394
3805.208	3357
3806.844	3523
3808.48	3472
3810.115	3388
3811.748	3477
3813.382	3408
3815.016	3415
3816.649	3364
3818.283	3339
3819.914	3377
3821.547	3350
3823.178	3351
3824.809	3328
3826.441	3391
3828.072	3357
3829.701	3340
3831.331	3301
3832.96	3399
3834.591	3427
3836.219	3308
3837.847	3370
3839.475	3380
3841.102	3349
3842.729	3298
3844.357	3438
3845.984	3392
3847.609	3397
3849.234	3429
3850.86	3327
3852.485	3299
3854.11	3345
3855.734	3356
3857.357	3425
3858.981	3387
3860.603	3363
3862.227	3326
3863.848	3349
3865.471	3443
3867.092	3318
3868.713	3301
3870.334	3374
3871.954	3381
3873.575	3312
3875.194	3373
3876.813	3316
3878.433	3350
3880.051	3304
3881.669	3350
3883.286	3355
3884.904	3388
3886.52	3361
3888.138	3314
3889.754	3280
3891.37	3401
3892.985	3369
3894.6	3302
3896.216	3323
3897.831	3363
3899.444	3321
3901.058	3371
3902.67	3312
3904.283	3411
3905.897	3318
3907.509	3342
3909.121	3255
3910.731	3263
3912.342	3286
3913.954	3294
3915.563	3320
3917.174	3343
3918.783	3390
3920.391	3368
3922.002	3338
3923.611	3264
3925.218	3352
3926.826	3341
3928.432	3244
3930.039	3307
3931.647	3285
3933.253	3277
3934.859	3266
3936.464	3350
3938.068	3345
3939.675	3279
3941.278	3298
3942.883	3336
3944.486	3316
3946.089	3266
3947.692	3297
3949.295	3221
3950.898	3257
3952.499	3334
3954.1	3312
3955.7	3298
3957.303	3296
3958.903	3363
3960.502	3296
3962.101	3311
3963.7	3315
3965.301	3296
3966.899	3241
3968.497	3270
3970.094	3344
3971.691	3159
3973.288	3223
3974.885	3298
3976.481	3290
3978.077	3290
3979.672	3283
3981.267	3244
3982.863	3284
3984.457	3263
3986.051	3289
3987.645	3265
3989.238	3165
3990.831	3284
3992.425	3182
3994.017	3196
3995.607	3259
3997.199	3172
3998.79	3224
4000.382	3204
4001.973	3259
4003.561	3266
4005.151	3173
4006.741	3164
4008.331	3216
4009.918	3159
4011.507	3225
4013.095	3129
4014.681	3191
4016.269	3258
4017.856	3244
4019.443	3193
4021.028	3090
4022.614	3210
4024.199	3176
4025.785	3169
4027.37	3196
4028.953	3150
4030.536	3203
4032.12	3155
4033.704	3182
4035.287	3130
4036.869	3102
4038.45	3208
4040.032	3202
4041.613	3151
4043.195	3183
4044.776	3106
4046.356	3187
4047.935	3166
4049.515	3106
4051.095	3201
4052.674	3155
4054.251	3140
4055.829	3149
4057.406	3140
4058.985	3111
4060.562	3207
4062.139	3176
4063.715	3087
4065.29	3202
4066.865	3189
4068.442	3149
4070.016	3115
4071.59	3172
4073.164	3141
4074.738	3153
4076.312	3149
4077.885	3125
4079.458	3105
4081.03	3108
4082.602	3167
4084.173	3126
4085.745	3118
4087.315	3149
4088.886	3120
4090.456	3146
4092.026	3181
4093.596	3121
4095.165	3086
4096.734	3060
4098.301	3080
4099.869	3094
4101.437	3159
4103.006	3101
4104.572	3109
4106.139	3096
4107.704	3151
4109.27	3200
4110.837	3121
4112.401	3096
4113.966	3064
4115.53	3151
4117.094	3098
4118.659	3147
4120.223	3123
4121.785	3095
4123.347	3153
4124.909	3078
4126.471	3116
4128.034	3106
4129.595	3132
4131.155	3138
4132.716	3080
4134.275	3046
4135.836	3073
4137.395	3118
4138.955	3115
4140.513	2971
4142.071	3037
4143.628	2991
4145.188	2949
4146.745	2983
4148.302	3063
4149.858	3049
4151.414	2985
4152.971	3073
4154.526	3020
4156.081	3077
4157.635	2932
4159.189	3036
4160.745	3003
4162.298	3012
4163.852	3011
4165.405	3077
4166.957	3011
4168.51	3014
4170.063	3064
4171.614	3032
4173.166	3065
4174.717	3029
4176.267	3056
4177.817	2971
4179.368	2990
4180.917	3047
4182.466	2928
4184.016	3009
4185.564	3032
4187.112	3038
4188.66	2939
4190.207	2986
4191.754	2986
4193.301	3021
4194.848	3067
4196.394	3011
4197.94	3001
4199.484	3005
4201.03	2956
4202.575	2983
4204.12	2926
4205.663	3003
4207.207	3007
4208.75	3024
4210.292	2968
4211.836	2964
4213.378	3005
4214.92	3012
4216.46	2925
4218.002	2952
4219.544	2978
4221.083	2946
4222.625	2944
4224.164	3053
4225.703	3028
4227.244	2951
4228.782	3070
4230.32	2950
4231.857	2894
4233.395	2972
4234.933	3020
4236.471	2981
4238.007	2955
4239.542	2938
4241.078	2984
4242.614	2947
4244.15	2948
4245.685	2911
4247.219	2925
4248.753	2978
4250.287	2919
4251.82	2973
4253.354	2991
4254.887	2922
4256.419	2924
4257.951	3034
4259.483	2878
4261.016	2920
4262.547	2884
4264.078	2994
4265.608	2933
4267.137	2900
4268.668	2980
4270.197	2957
4271.727	2998
4273.254	2887
4274.783	2960
4276.311	2937
4277.84	2918
4279.366	2932
4280.894	2924
4282.42	2839
4283.946	2867
4285.473	2908
4286.998	3004
4288.523	2860
4290.047	2872
4291.572	2946
4293.096	2938
4294.622	2951
4296.144	2931
4297.668	2891
4299.19	2889
4300.713	2919
4302.236	2876
4303.758	2848
4305.279	2899
4306.799	2842
4308.321	2873
4309.842	2862
4311.361	2844
4312.882	2905
4314.401	2882
