400.0961	3149
402.6185	3181
405.1424	3246
407.6635	3222
410.1838	3253
412.7035	3342
415.2225	3376
417.7388	3305
420.2585	3307
422.7754	3447
425.2917	3367
427.8072	3439
430.3221	3496
432.8363	3498
435.3498	3595
437.8626	3497
440.3727	3488
442.8841	3429
445.3969	3524
447.907	3490
450.4142	3447
452.9229	3485
455.4289	3401
457.9362	3386
460.4449	3385
462.9488	3408
465.454	3377
467.9566	3463
470.4604	3383
472.9637	3359
475.4662	3384
477.966	3385
480.4671	3392
482.9656	3367
485.4633	3432
487.9645	3472
490.4608	3435
492.9566	3403
495.4536	3482
497.948	3442
500.4437	3418
502.9387	3458
505.431	3505
507.9226	3492
510.4136	3482
512.9079	3462
515.3975	3472
517.8864	3504
520.3746	3505
522.8622	3542
525.3491	3510
527.8394	3498
530.3249	3576
532.8098	3506
535.2939	3504
537.7774	3515
540.2623	3523
542.7444	3536
545.2259	3468
547.7067	3504
550.1868	3536
552.6683	3562
555.147	3517
557.6231	3550
560.1005	3554
562.5773	3526
565.0534	3532
567.5308	3578
570.0056	3666
572.4776	3696
574.951	3630
577.4237	3705
579.8978	3684
582.3671	3696
584.8378	3668
587.3079	3767
589.7773	3672
592.244	3656
594.714	3692
597.1793	3737
599.6461	3657
602.1121	3581
604.5754	3630
607.0421	3620
609.5042	3591
611.9675	3614
614.4282	3550
616.8902	3608
619.3515	3662
621.8122	3588
624.2702	3702
626.7296	3541
629.1863	3614
631.6423	3580
634.1017	3561
636.5563	3573
639.0104	3557
641.4658	3573
643.9185	3671
646.3725	3657
648.8239	3615
651.2766	3667
653.7266	3610
656.176	3653
658.6247	3613
661.0748	3626
663.5242	3707
665.9709	3627
668.417	3625
670.8624	3651
673.3092	3692
675.7533	3703
678.1968	3750
680.6395	3657
683.0817	3742
685.5251	3672
687.9659	3712
690.4061	3717
692.8456	3732
695.2844	3742
697.7226	3778
700.1621	3767
702.599	3737
705.0332	3825
707.4688	3849
709.9036	3799
712.3399	3798
714.7735	3790
717.2044	3759
719.6367	3797
722.0683	3833
724.4993	3927
726.9296	3861
729.3593	3812
731.7883	3888
734.2147	3895
736.6423	3900
739.0714	3878
741.4958	3937
743.9216	3789
746.3447	3896
748.7691	3862
751.1929	3853
753.616	3891
756.0366	3898
758.4584	3944
760.8776	3894
763.2982	3944
765.718	3900
768.1373	3901
770.5539	4024
772.9698	3970
775.3871	3981
777.8038	4028
780.2178	3982
782.6332	4037
785.0459	3913
787.458	3978
789.8714	3955
792.2842	3974
794.6943	3950
797.1038	4032
799.5127	3955
801.9209	3957
804.3324	3946
806.7393	3987
809.1456	4012
811.5513	4049
813.9562	4036
816.3625	4094
818.7663	4023
821.1693	4120
823.5718	3982
825.9735	3960
828.3746	4078
830.7771	4055
833.177	4094
835.5762	4009
837.9747	4106
840.3727	4071
842.772	4138
845.1666	4176
847.5626	4113
849.958	4205
852.3527	4158
854.7488	4285
857.1403	4217
859.5331	4182
861.9253	4166
864.3168	4142
866.7057	4141
869.098	4165
871.4876	4144
873.8746	4173
876.263	4179
878.6487	4162
881.0378	4090
883.4243	4195
885.8081	4097
888.1933	4100
890.5759	4116
892.9598	4137
895.343	4039
897.7256	4167
900.1057	4189
902.4871	4072
904.8659	4128
907.246	4246
909.6254	4182
912.0023	4139
914.3786	4282
916.7562	4243
919.1331	4384
921.5074	4392
923.8831	4447
926.2562	4389
928.6287	4350
931.0005	4424
933.3757	4464
935.7462	4425
938.1162	4449
940.4855	4482
942.8542	4550
945.2242	4572
947.5916	4672
949.9584	4863
952.3266	4974
954.6921	5244
957.0571	5517
959.4233	5628
961.787	5853
964.15	5803
966.5125	5534
968.8742	5286
971.2354	5033
973.5959	4783
975.9559	4546
978.3151	4553
980.6738	4523
983.0338	4277
985.3912	4309
987.7461	4286
990.1022	4413
992.4578	4362
994.8127	4245
997.1689	4400
999.5207	4280
1001.874	4445
1004.226	4313
1006.576	4357
1008.929	4337
1011.28	4380
1013.628	4307
1015.977	4315
1018.324	4329
1020.674	4328
1023.019	4361
1025.366	4364
1027.713	4369
1030.056	4353
1032.399	4428
1034.746	4453
1037.087	4328
1039.431	4437
1041.771	4376
1044.113	4405
1046.454	4437
1048.793	4414
1051.133	4379
1053.471	4436
1055.807	4462
1058.146	4410
1060.483	4336
1062.818	4421
1065.153	4503
1067.489	4439
1069.822	4597
1072.156	4488
1074.488	4415
1076.82	4534
1079.15	4422
1081.48	4423
1083.814	4422
1086.143	4459
1088.471	4386
1090.799	4366
1093.126	4406
1095.452	4420
1097.78	4331
1100.105	4387
1102.43	4393
1104.754	4382
1107.077	4378
1109.4	4383
1111.722	4406
1114.044	4469
1116.365	4365
1118.685	4404
1121.005	4412
1123.324	4471
1125.643	4402
1127.961	4464
1130.278	4414
1132.595	4442
1134.911	4410
1137.226	4351
1139.541	4357
1141.854	4491
1144.167	4457
1146.482	4394
1148.793	4448
1151.105	4357
1153.414	4337
1155.725	4440
1158.033	4453
1160.344	4396
1162.651	4378
1164.959	4381
1167.265	4365
1169.572	4369
1171.878	4404
1174.184	4416
1176.488	4455
1178.79	4401
1181.094	4374
1183.396	4415
1185.699	4435
1188.001	4451
1190.301	4395
1192.6	4418
1194.9	4433
1197.2	4377
1199.497	4380
1201.794	4448
1204.09	4467
1206.387	4466
1208.684	4386
1210.978	4469
1213.272	4488
1215.565	4417
1217.858	4468
1220.15	4470
1222.443	4475
1224.734	4481
1227.024	4522
1229.313	4447
1231.602	4641
1233.892	4526
1236.18	4496
1238.467	4577
1240.754	4667
1243.04	4675
1245.325	4665
1247.612	4632
1249.896	4700
1252.178	4644
1254.461	4619
1256.743	4595
1259.027	4751
1261.308	4615
1263.587	4567
1265.867	4558
1268.146	4662
1270.425	4696
1272.703	4702
1274.981	4733
1277.256	4685
1279.532	4599
1281.808	4626
1284.083	4561
1286.358	4522
1288.63	4520
1290.904	4576
1293.175	4538
1295.449	4527
1297.719	4626
1299.99	4486
1302.259	4537
1304.529	4543
1306.798	4470
1309.065	4615
1311.333	4696
1313.599	4569
1315.866	4573
1318.131	4597
1320.396	4603
1322.66	4569
1324.925	4596
1327.187	4569
1329.448	4508
1331.711	4589
1333.974	4593
1336.234	4622
1338.493	4552
1340.752	4571
1343.01	4529
1345.269	4550
1347.526	4553
1349.784	4510
1352.04	4665
1354.295	4492
1356.552	4588
1358.806	4561
1361.059	4575
1363.312	4577
1365.564	4559
1367.818	4564
1370.069	4526
1372.318	4567
1374.568	4553
1376.817	4583
1379.066	4529
1381.316	4678
1383.564	4613
1385.809	4567
1388.056	4595
1390.301	4625
1392.549	4591
1394.793	4745
1397.036	4779
1399.279	4774
1401.522	4795
1403.763	4746
1406.007	4725
1408.248	4744
1410.487	4733
1412.727	4771
1414.965	4706
1417.205	4736
1419.442	4839
1421.68	4763
1423.915	4729
1426.152	4786
1428.388	4756
1430.623	4861
1432.857	4782
1435.091	4791
1437.323	4821
1439.556	4779
1441.789	4797
1444.019	4849
1446.25	4792
1448.48	4745
1450.708	4851
1452.938	4869
1455.167	4944
1457.394	4851
1459.62	4903
1461.846	4851
1464.073	4885
1466.299	4895
1468.523	4762
1470.746	4653
1472.969	4695
1475.191	4689
1477.415	4674
1479.636	4635
1481.858	4562
1484.078	4589
1486.298	4587
1488.518	4594
1490.736	4540
1492.954	4533
1495.169	4644
1497.386	4635
1499.602	4523
1501.819	4564
1504.034	4543
1506.248	4484
1508.462	4517
1510.675	4473
1512.888	4624
1515.1	4610
1517.311	4561
1519.522	4517
1521.732	4605
1523.942	4542
1526.151	4530
1528.36	4609
1530.566	4587
1532.773	4506
1534.98	4542
1537.187	4543
1539.392	4572
1541.596	4634
1543.801	4540
1546.005	4655
1548.208	4558
1550.411	4562
1552.612	4560
1554.814	4637
1557.013	4653
1559.212	4601
1561.414	4623
1563.612	4635
1565.811	4506
1568.007	4639
1570.203	4669
1572.403	4786
1574.598	4706
1576.792	4624
1578.988	4650
1581.181	4704
1583.376	4711
1585.568	4771
1587.761	4673
1589.952	4784
1592.143	4697
1594.333	4696
1596.524	4689
1598.715	4681
1600.903	4757
1603.091	4652
1605.278	4783
1607.466	4670
1609.652	4697
1611.838	4767
1614.023	4708
1616.207	4706
1618.391	4706
1620.576	4650
1622.759	4746
1624.941	4784
1627.123	4851
1629.304	4765
1631.484	4801
1633.664	4843
1635.844	4866
1638.022	4904
1640.201	4724
1642.38	4799
1644.556	4887
1646.732	4780
1648.908	4811
1651.084	4779
1653.257	4899
1655.433	4914
1657.607	4906
1659.779	4966
1661.951	4871
1664.122	4965
1666.295	4856
1668.467	4901
1670.635	4925
1672.805	4951
1674.973	4910
1677.142	4944
1679.31	4899
1681.478	4873
1683.644	4835
1685.81	4994
1687.975	4899
1690.142	4866
1692.305	4904
1694.468	4756
1696.632	4757
1698.794	4837
1700.957	4789
1703.119	4758
1705.279	4715
1707.439	4812
1709.598	4632
1711.758	4705
1713.917	4613
1716.075	4734
1718.231	4737
1720.388	4747
1722.543	4679
1724.702	4682
1726.856	4720
1729.01	4664
1731.164	4740
1733.317	4809
1735.471	4724
1737.623	4675
1739.774	4777
1741.925	4661
1744.075	4646
1746.225	4678
1748.376	4661
1750.524	4782
1752.672	4696
1754.82	4657
1756.965	4754
1759.113	4721
1761.259	4743
1763.405	4694
1765.549	4757
1767.694	4736
1769.836	4762
1771.981	4789
1774.123	4744
1776.264	4738
1778.405	4722
1780.546	4738
1782.687	4817
1784.827	4758
1786.966	4671
1789.103	4698
1791.242	4757
1793.381	4713
1795.517	4856
1797.653	4772
1799.788	4689
1801.923	4746
1804.057	4712
1806.193	4797
1808.326	4667
1810.457	4649
1812.59	4826
1814.721	4749
1816.855	4807
1818.984	4713
1821.113	4800
1823.244	4731
1825.372	4699
1827.499	4787
1829.63	4690
1831.756	4799
1833.882	4858
1836.007	4776
1838.132	4721
1840.26	4706
1842.384	4655
1844.507	4795
1846.63	4791
1848.752	4742
1850.875	4744
1852.996	4685
1855.118	4725
1857.238	4727
1859.358	4708
1861.477	4720
1863.597	4767
1865.715	4729
1867.832	4775
1869.948	4728
1872.064	4577
1874.181	4753
1876.297	4671
1878.411	4720
1880.526	4700
1882.639	4703
1884.752	4593
1886.865	4844
1888.977	4680
1891.089	4708
1893.2	4623
1895.308	4764
1897.42	4758
1899.53	4759
1901.639	4640
1903.745	4754
1905.853	4737
1907.962	4674
1910.067	4744
1912.174	4795
1914.278	4783
1916.383	4751
1918.486	4744
1920.592	4771
1922.694	4800
1924.797	4807
1926.898	4677
1929	4838
1931.102	4787
1933.203	4796
1935.301	4842
1937.401	4739
1939.499	4764
1941.598	4846
1943.697	4839
1945.793	4811
1947.888	4829
1949.985	4834
1952.08	4791
1954.176	4811
1956.269	4783
1958.364	4790
1960.457	4711
1962.549	4879
1964.642	4788
1966.733	4746
1968.823	4812
1970.913	4809
1973.005	4784
1975.093	4728
1977.184	4747
1979.271	4767
1981.359	4753
1983.446	4765
1985.532	4700
1987.619	4739
1989.705	4802
1991.789	4688
1993.874	4673
1995.956	4838
1998.041	4837
2000.123	4715
2002.206	4762
2004.287	4753
2006.368	4752
2008.449	4793
2010.529	4728
2012.609	4725
2014.688	4608
2016.766	4679
2018.843	4830
2020.922	4784
2022.999	4801
2025.074	4721
2027.15	4749
2029.225	4801
2031.299	4761
2033.375	4772
2035.447	4737
2037.52	4722
2039.592	4729
2041.664	4816
2043.736	4748
2045.807	4749
2047.876	4751
2049.947	4865
2052.015	4666
2054.086	4736
2056.153	4726
2058.221	4777
2060.288	4736
2062.353	4727
2064.42	4643
2066.486	4814
2068.55	4731
2070.614	4832
2072.678	4709
2074.741	4681
2076.805	4816
2078.866	4702
2080.929	4804
2082.99	4772
2085.049	4772
2087.109	4798
2089.17	4747
2091.228	4743
2093.286	4680
2095.344	4700
2097.4	4793
2099.46	4690
2101.516	4763
2103.572	4773
2105.626	4818
2107.679	4737
2109.735	4779
2111.788	4749
2113.841	4804
2115.894	4732
2117.945	4717
2119.997	4764
2122.049	4784
2124.1	4687
2126.148	4740
2128.197	4737
2130.246	4683
2132.296	4728
2134.342	4661
2136.39	4725
2138.437	4848
2140.483	4811
2142.527	4700
2144.574	4766
2146.619	4743
2148.661	4796
2150.705	4718
2152.747	4760
2154.792	4773
2156.832	4739
2158.874	4801
2160.915	4668
2162.954	4704
2164.995	4782
2167.034	4729
2169.072	4734
2171.111	4637
2173.148	4673
2175.186	4717
2177.223	4764
2179.258	4596
2181.294	4690
2183.328	4730
2185.362	4606
2187.398	4715
2189.431	4630
2191.463	4627
2193.495	4628
2195.528	4695
2197.56	4651
2199.59	4647
2201.62	4695
2203.649	4547
2205.678	4659
2207.708	4676
2209.737	4646
2211.764	4710
2213.791	4653
2215.817	4691
2217.843	4586
2219.87	4628
2221.895	4646
2223.919	4629
2225.942	4587
2227.966	4635
2229.988	4687
2232.012	4611
2234.032	4595
2236.054	4583
2238.074	4627
2240.095	4708
2242.116	4656
2244.135	4630
2246.153	4634
2248.171	4588
2250.188	4602
2252.208	4619
2254.223	4567
2256.239	4685
2258.255	4673
2260.269	4643
2262.283	4633
2264.3	4666
2266.312	4616
2268.325	4707
2270.336	4628
2272.349	4673
2274.362	4635
2276.372	4727
2278.383	4630
2280.392	4648
2282.402	4685
2284.409	4669
2286.418	4551
2288.427	4635
2290.433	4644
2292.441	4544
2294.446	4676
2296.453	4621
2298.459	4616
2300.463	4640
2302.466	4544
2304.471	4592
2306.475	4647
2308.477	4735
2310.478	4562
2312.481	4709
2314.481	4617
2316.481	4613
2318.482	4581
2320.482	4614
2322.48	4660
2324.48	4489
2326.478	4613
2328.476	4548
2330.473	4549
2332.469	4610
2334.465	4603
2336.46	4579
2338.454	4538
2340.45	4525
2342.444	4507
2344.437	4593
2346.43	4546
2348.421	4567
2350.414	4489
2352.405	4585
2354.396	4610
2356.386	4542
2358.376	4586
2360.366	4531
2362.355	4582
2364.343	4625
2366.331	4543
2368.317	4660
2370.304	4592
2372.292	4479
2374.278	4519
2376.262	4522
2378.247	4460
2380.23	4504
2382.216	4476
2384.199	4547
2386.181	4559
2388.163	4580
2390.144	4438
2392.127	4450
2394.107	4459
2396.087	4547
2398.066	4624
2400.046	4383
2402.023	4535
2404.004	4471
2405.981	4491
2407.957	4528
2409.934	4466
2411.91	4463
2413.886	4454
2415.862	4504
2417.836	4486
2419.809	4421
2421.784	4537
2423.756	4520
2425.73	4614
2427.701	4451
2429.672	4583
2431.644	4588
2433.615	4514
2435.586	4510
2437.555	4438
2439.523	4509
2441.491	4479
2443.459	4581
2445.428	4590
2447.395	4422
2449.361	4462
2451.327	4529
2453.292	4517
2455.257	4460
2457.223	4524
2459.187	4454
2461.15	4437
2463.113	4477
2465.076	4408
2467.039	4398
2468.999	4419
2470.96	4424
2472.921	4496
2474.881	4476
2476.841	4522
2478.8	4498
2480.759	4447
2482.717	4432
2484.675	4450
2486.63	4382
2488.589	4460
2490.545	4298
2492.5	4414
2494.455	4387
2496.408	4441
2498.364	4479
2500.318	4331
2502.27	4425
2504.223	4304
2506.174	4388
2508.126	4403
2510.078	4435
2512.03	4396
2513.979	4382
2515.927	4416
2517.877	4486
2519.826	4446
2521.775	4463
2523.722	4384
2525.668	4495
2527.616	4455
2529.561	4350
2531.508	4342
2533.452	4379
2535.398	4359
2537.342	4374
2539.284	4383
2541.229	4361
2543.173	4395
2545.114	4444
2547.055	4307
2548.996	4417
2550.938	4376
2552.878	4467
2554.817	4461
2556.756	4335
2558.695	4415
2560.633	4387
2562.572	4418
2564.509	4437
2566.445	4446
2568.382	4529
2570.317	4304
2572.254	4423
2574.189	4402
2576.123	4333
2578.057	4409
2579.99	4343
2581.923	4475
2583.855	4352
2585.788	4430
2587.719	4454
2589.65	4286
2591.579	4490
2593.511	4436
2595.44	4316
2597.37	4333
2599.297	4411
2601.225	4362
2603.153	4352
2605.08	4327
2607.007	4467
2608.932	4352
2610.858	4373
2612.782	4427
2614.709	4386
2616.632	4386
2618.556	4396
2620.478	4371
2622.401	4372
2624.324	4478
2626.247	4480
2628.167	4411
2630.088	4507
2632.008	4399
2633.928	4333
2635.848	4446
2637.766	4483
2639.684	4456
2641.603	4440
2643.519	4424
2645.437	4372
2647.353	4346
2649.27	4398
2651.184	4487
2653.099	4363
2655.014	4515
2656.928	4452
2658.842	4449
2660.755	4338
2662.667	4341
2664.579	4371
2666.491	4339
2668.402	4462
2670.312	4532
2672.222	4459
2674.132	4369
2676.042	4382
2677.951	4380
2679.859	4421
2681.766	4333
2683.674	4430
2685.582	4314
2687.488	4398
2689.392	4291
2691.298	4364
2693.202	4364
2695.107	4429
2697.012	4369
2698.914	4346
2700.817	4355
2702.72	4344
2704.622	4373
2706.524	4385
2708.425	4313
2710.326	4375
2712.225	4365
2714.125	4386
2716.024	4371
2717.923	4374
2719.822	4262
2721.719	4387
2723.616	4246
2725.512	4472
2727.41	4355
2729.305	4334
2731.201	4369
2733.095	4326
2734.99	4309
2736.884	4294
2738.778	4318
2740.67	4246
2742.562	4329
2744.455	4410
2746.346	4359
2748.238	4330
2750.129	4316
2752.018	4320
2753.907	4295
2755.797	4405
2757.687	4367
2759.575	4257
2761.462	4281
2763.349	4301
2765.237	4346
2767.124	4290
2769.009	4314
2770.894	4293
2772.779	4245
2774.663	4286
2776.547	4346
2778.431	4287
2780.314	4409
2782.197	4231
2784.078	4377
2785.96	4304
2787.842	4292
2789.723	4307
2791.603	4285
2793.483	4244
2795.362	4242
2797.241	4415
2799.121	4291
2800.997	4236
2802.874	4317
2804.751	4294
2806.628	4292
2808.506	4265
2810.38	4253
2812.255	4364
2814.13	4264
2816.003	4299
2817.878	4201
2819.752	4264
2821.623	4291
2823.496	4305
2825.368	4280
2827.238	4252
2829.111	4380
2830.98	4350
2832.851	4341
2834.719	4240
2836.589	4355
2838.458	4488
2840.327	4308
2842.193	4251
2844.061	4291
2845.927	4316
2847.794	4402
2849.66	4383
2851.525	4424
2853.39	4422
2855.254	4372
2857.117	4447
2858.983	4446
2860.845	4439
2862.707	4477
2864.569	4545
2866.431	4522
2868.293	4546
2870.154	4571
2872.013	4668
2873.873	4632
2875.733	4717
2877.592	4754
2879.451	4744
2881.309	4876
2883.166	4755
2885.022	4893
2886.879	4962
2888.736	4862
2890.591	4933
2892.446	4888
2894.301	4925
2896.155	5007
2898.009	4888
2899.863	4900
2901.716	4879
2903.568	4886
2905.419	4924
2907.27	4801
2909.123	4943
2910.973	4966
2912.824	4939
2914.673	4990
2916.521	5009
2918.372	5096
2920.22	5185
2922.067	5183
2923.914	5283
2925.761	5252
2927.607	5296
2929.455	5370
2931.301	5431
2933.144	5465
2934.99	5504
2936.833	5549
2938.678	5597
2940.522	5637
2942.364	5848
2944.207	5675
2946.048	5772
2947.891	5860
2949.731	5866
2951.571	5779
2953.412	5778
2955.25	5691
2957.09	5579
2958.93	5629
2960.767	5611
2962.606	5546
2964.443	5512
2966.279	5395
2968.116	5274
2969.953	5227
2971.788	5198
2973.623	5228
2975.457	5153
2977.292	5118
2979.127	5054
2980.959	5072
2982.792	4942
2984.624	4952
2986.455	4826
2988.288	4905
2990.119	4832
2991.949	4906
2993.779	4802
2995.608	4838
2997.439	4645
2999.268	4654
3001.096	4712
3002.923	4610
3004.751	4540
3006.578	4535
3008.406	4508
3010.232	4435
3012.057	4446
3013.883	4432
3015.706	4453
3017.532	4334
3019.356	4325
3021.179	4279
3023.002	4185
3024.823	4197
3026.646	4314
3028.469	4255
3030.289	4172
3032.11	4152
3033.93	4169
3035.749	4100
3037.57	4196
3039.39	4230
3041.207	4207
3043.026	4112
3044.842	4219
3046.661	4129
3048.477	4202
3050.294	4083
3052.109	4057
3053.925	4242
3055.739	4068
3057.555	4204
3059.368	4139
3061.181	4112
3062.995	4057
3064.807	4069
3066.62	4133
3068.433	4152
3070.243	4151
3072.054	4084
3073.865	4156
3075.675	4122
3077.485	4082
3079.293	4045
3081.102	4133
3082.911	4111
3084.719	4048
3086.527	4085
3088.333	4070
3090.139	4054
3091.945	4031
3093.75	4037
3095.557	3992
3097.361	3998
3099.165	3910
3100.969	3993
3102.772	4055
3104.575	3970
3106.379	3996
3108.181	3983
3109.982	3948
3111.783	3944
3113.584	4005
3115.386	3942
3117.186	3949
3118.985	3972
3120.783	3990
3122.582	3940
3124.381	3966
3126.179	3909
3127.975	3933
3129.772	3914
3131.569	3901
3133.365	3942
3135.161	3909
3136.956	3897
3138.751	3902
3140.544	3866
3142.338	4017
3144.132	3928
3145.925	3812
3147.717	3969
3149.509	3928
3151.301	3962
3153.091	3839
3154.884	3865
3156.673	3900
3158.462	3907
3160.252	3905
3162.041	3874
3163.831	3796
3165.618	3956
3167.405	3897
3169.193	3902
3170.979	3897
3172.767	3937
3174.553	3867
3176.338	3954
3178.123	3897
3179.907	3959
3181.692	3880
3183.477	3893
3185.259	3870
3187.042	3928
3188.824	3936
3190.607	3799
3192.389	3902
3194.17	3991
3195.951	3877
3197.73	3899
3199.51	3907
3201.289	3909
3203.07	3879
3204.848	3829
3206.626	3903
3208.403	3954
3210.18	3925
3211.959	3876
3213.735	3886
3215.511	3861
3217.285	3917
3219.06	3940
3220.836	3913
3222.611	3898
3224.384	3864
3226.158	3898
3227.929	3923
3229.702	3843
3231.476	3942
3233.248	3906
3235.018	3956
3236.789	3789
3238.56	3968
3240.33	3904
3242.1	3876
3243.869	3875
3245.637	3918
3247.405	3874
3249.172	3870
3250.941	3787
3252.707	3894
3254.474	3893
3256.24	3864
3258.006	3841
3259.772	3878
3261.537	3911
3263.301	3855
3265.065	3789
3266.828	3929
3268.592	3924
3270.355	3867
3272.117	3902
3273.878	3922
3275.64	3861
3277.401	3859
3279.162	3901
3280.922	3859
3282.682	3890
3284.441	4004
3286.199	3877
3287.959	3933
3289.716	3954
3291.475	3921
3293.232	3899
3294.988	3999
3296.744	3880
3298.501	3902
3300.256	3920
3302.011	3949
3303.766	3839
3305.52	3963
3307.275	3928
3309.028	3892
3310.781	3849
3312.533	3923
3314.285	3940
3316.038	3926
3317.789	3875
3319.54	3946
3321.289	3860
3323.039	3885
3324.789	3922
3326.539	3988
3328.288	3867
3330.035	3888
3331.783	3874
3333.531	3948
3335.28	3871
3337.025	3856
3338.771	3873
3340.518	3855
3342.262	3960
3344.009	3915
3345.753	3829
3347.497	3876
3349.24	3871
3350.983	3761
3352.726	3897
3354.469	3838
3356.212	3841
3357.952	3739
3359.694	3822
3361.434	3878
3363.176	3811
3364.916	3892
3366.654	3760
3368.394	3746
3370.132	3748
3371.871	3798
3373.61	3755
3375.346	3735
3377.083	3712
3378.82	3779
3380.556	3831
3382.292	3657
3384.027	3834
3385.763	3788
3387.497	3810
3389.231	3756
3390.965	3800
3392.698	3714
3394.431	3690
3396.164	3751
3397.896	3793
3399.627	3718
3401.36	3683
3403.09	3687
3404.82	3707
3406.55	3728
3408.279	3690
3410.01	3686
3411.738	3680
3413.467	3763
3415.194	3676
3416.92	3674
3418.647	3725
3420.375	3688
3422.102	3714
3423.827	3790
3425.553	3647
3427.277	3776
3429.003	3647
3430.727	3690
3432.451	3738
3434.173	3630
3435.896	3674
3437.62	3693
3439.343	3703
3441.063	3713
3442.785	3628
3444.505	3631
3446.226	3634
3447.948	3700
3449.666	3663
3451.386	3563
3453.104	3555
3454.823	3553
3456.541	3614
3458.259	3582
3459.976	3606
3461.693	3565
3463.408	3594
3465.125	3561
3466.841	3551
3468.556	3572
3470.271	3597
3471.985	3510
3473.698	3640
3475.414	3598
3477.126	3527
3478.838	3554
3480.55	3546
3482.263	3439
3483.975	3484
3485.686	3585
3487.396	3438
3489.106	3458
3490.817	3422
3492.526	3482
3494.236	3402
3495.944	3507
3497.652	3494
3499.359	3468
3501.066	3370
3502.775	3508
3504.481	3418
3506.187	3386
3507.893	3514
3509.598	3433
3511.304	3407
3513.009	3392
3514.713	3430
3516.417	3414
3518.12	3312
3519.821	3382
3521.525	3422
3523.228	3374
3524.929	3422
3526.631	3385
3528.33	3331
3530.032	3385
3531.733	3391
3533.433	3422
3535.131	3417
3536.83	3339
3538.529	3329
3540.227	3314
3541.925	3321
3543.623	3386
3545.319	3324
3547.016	3323
3548.712	3344
3550.408	3344
3552.103	3360
3553.798	3413
3555.491	3301
3557.188	3270
3558.88	3370
3560.574	3307
3562.266	3290
3563.959	3295
3565.651	3283
3567.343	3382
3569.035	3207
3570.725	3320
3572.415	3331
3574.106	3245
3575.797	3312
3577.485	3239
3579.174	3301
3580.863	3278
3582.551	3270
3584.238	3282
3585.926	3223
3587.613	3273
3589.3	3203
3590.986	3293
3592.671	3194
3594.357	3206
3596.042	3226
3597.726	3135
3599.41	3140
3601.094	3195
3602.778	3232
3604.461	3152
3606.143	3197
3607.825	3277
3609.507	3166
3611.188	3159
3612.87	3120
3614.551	3119
3616.229	3078
3617.909	3053
3619.589	3130
3621.269	3108
3622.948	3164
3624.625	3102
3626.302	3162
3627.98	3063
3629.657	3110
3631.334	3131
3633.01	3124
3634.686	3040
3636.361	3097
3638.036	3088
3639.712	3093
3641.385	3001
3643.06	3014
3644.732	3068
3646.405	3097
3648.08	3052
3649.751	3048
3651.424	3065
3653.094	3002
3654.766	3043
3656.436	3016
3658.106	3032
3659.777	2995
3661.446	2995
3663.115	3074
3664.783	3041
3666.452	3003
3668.121	2990
3669.788	3011
3671.454	2946
3673.121	2935
3674.789	2981
3676.455	2945
3678.12	2967
3679.784	3004
3681.45	2961
3683.114	3050
3684.779	2983
3686.442	3064
3688.105	3051
3689.768	3034
3691.43	2946
3693.093	2928
3694.754	2980
3696.415	2935
3698.076	3024
3699.736	3001
3701.396	2990
3703.057	2942
3704.716	3011
3706.375	2965
3708.034	2957
3709.692	2885
3711.351	2922
3713.008	2963
3714.665	2990
3716.321	2910
3717.977	2960
3719.634	2967
3721.29	2953
3722.945	2894
3724.598	2897
3726.253	2970
3727.907	2939
3729.561	2931
3731.214	2852
3732.867	2901
3734.518	2944
3736.171	2941
3737.824	2894
3739.474	2926
3741.125	2899
3742.775	2887
3744.425	2920
3746.074	2820
3747.725	2897
3749.373	2910
3751.022	2889
3752.669	2831
3754.318	2899
3755.966	2827
3757.612	2903
3759.259	2861
3760.905	2912
3762.55	2851
3764.197	2832
3765.842	2861
3767.486	2870
3769.131	2864
3770.774	2799
3772.417	2838
3774.061	2795
3775.705	2817
3777.347	2825
3778.988	2881
3780.629	2881
3782.271	2843
3783.912	2781
3785.552	2827
3787.192	2868
3788.831	2868
3790.472	2826
3792.112	2818
3793.75	2937
3795.388	2884
3797.024	2783
3798.661	2796
3800.3	2798
3801.936	2741
3803.572	2803
3805.208	2767
3806.844	2783
3808.48	2822
3810.115	2767
3811.748	2822
3813.382	2777
3815.016	2738
3816.649	2770
3818.283	2796
3819.914	2784
3821.547	2762
3823.178	2767
3824.809	2755
3826.441	2805
3828.072	2800
3829.701	2668
3831.331	2769
3832.96	2730
3834.591	2685
3836.219	2737
3837.847	2734
3839.475	2706
3841.102	2712
3842.729	2693
3844.357	2833
3845.984	2696
3847.609	2756
3849.234	2774
3850.86	2774
3852.485	2731
3854.11	2731
3855.734	2741
3857.357	2783
3858.981	2690
3860.603	2728
3862.227	2665
3863.848	2716
3865.471	2766
3867.092	2668
3868.713	2759
3870.334	2697
3871.954	2694
3873.575	2665
3875.194	2618
3876.813	2717
3878.433	2648
3880.051	2735
3881.669	2765
3883.286	2678
3884.904	2716
3886.52	2657
3888.138	2662
3889.754	2662
3891.37	2737
3892.985	2689
3894.6	2700
3896.216	2685
3897.831	2627
3899.444	2649
3901.058	2691
3902.67	2693
3904.283	2619
3905.897	2668
3907.509	2625
3909.121	2655
3910.731	2688
3912.342	2629
3913.954	2625
3915.563	2645
3917.174	2612
3918.783	2623
3920.391	2614
3922.002	2583
3923.611	2656
3925.218	2626
3926.826	2646
3928.432	2598
3930.039	2649
3931.647	2686
3933.253	2642
3934.859	2621
3936.464	2624
3938.068	2640
3939.675	2598
3941.278	2649
3942.883	2677
3944.486	2598
3946.089	2586
3947.692	2594
3949.295	2606
3950.898	2581
3952.499	2644
3954.1	2654
3955.7	2606
3957.303	2612
3958.903	2567
3960.502	2627
3962.101	2618
3963.7	2541
3965.301	2614
3966.899	2649
3968.497	2570
3970.094	2586
3971.691	2586
3973.288	2561
3974.885	2667
3976.481	2528
3978.077	2541
3979.672	2511
3981.267	2548
3982.863	2538
3984.457	2567
3986.051	2502
3987.645	2526
3989.238	2487
3990.831	2524
3992.425	2524
3994.017	2495
3995.607	2492
3997.199	2497
3998.79	2535
4000.382	2495
4001.973	2478
4003.561	2491
4005.151	2572
4006.741	2472
4008.331	2501
4009.918	2549
4011.507	2503
4013.095	2568
4014.681	2518
4016.269	2449
4017.856	2451
4019.443	2536
4021.028	2495
4022.614	2434
4024.199	2474
4025.785	2438
4027.37	2436
4028.953	2466
4030.536	2513
4032.12	2485
4033.704	2461
4035.287	2467
4036.869	2447
4038.45	2433
4040.032	2446
4041.613	2397
4043.195	2402
4044.776	2431
4046.356	2439
4047.935	2455
4049.515	2399
4051.095	2437
4052.674	2433
4054.251	2434
4055.829	2403
4057.406	2394
4058.985	2410
4060.562	2429
4062.139	2324
4063.715	2413
4065.29	2424
4066.865	2449
4068.442	2440
4070.016	2383
4071.59	2402
4073.164	2468
4074.738	2373
4076.312	2384
4077.885	2343
4079.458	2399
4081.03	2429
4082.602	2435
4084.173	2433
4085.745	2325
4087.315	2354
4088.886	2390
4090.456	2325
4092.026	2391
4093.596	2367
4095.165	2409
4096.734	2371
4098.301	2384
4099.869	2423
4101.437	2388
4103.006	2342
4104.572	2390
4106.139	2369
4107.704	2372
4109.27	2282
4110.837	2395
4112.401	2371
4113.966	2340
4115.53	2302
4117.094	2340
4118.659	2365
4120.223	2376
4121.785	2332
4123.347	2313
4124.909	2299
4126.471	2332
4128.034	2341
4129.595	2354
4131.155	2320
4132.716	2363
4134.275	2322
4135.836	2305
4137.395	2329
4138.955	2372
4140.513	2310
4142.071	2236
4143.628	2295
4145.188	2261
4146.745	2268
4148.302	2285
4149.858	2291
4151.414	2283
4152.971	2278
4154.526	2221
4156.081	2257
4157.635	2305
4159.189	2305
4160.745	2268
4162.298	2287
4163.852	2249
4165.405	2266
4166.957	2255
4168.51	2213
4170.063	2252
4171.614	2247
4173.166	2268
4174.717	2229
4176.267	2288
4177.817	2198
4179.368	2209
4180.917	2233
4182.466	2170
4184.016	2228
4185.564	2257
4187.112	2193
4188.66	2217
4190.207	2168
4191.754	2258
4193.301	2224
4194.848	2165
4196.394	2202
4197.94	2183
4199.484	2164
4201.03	2217
4202.575	2153
4204.12	2158
4205.663	2166
4207.207	2254
4208.75	2171
4210.292	2221
4211.836	2187
4213.378	2152
4214.92	2197
4216.46	2180
4218.002	2196
4219.544	2216
4221.083	2186
4222.625	2163
4224.164	2191
4225.703	2199
4227.244	2122
4228.782	2182
4230.32	2203
4231.857	2157
4233.395	2194
4234.933	2146
4236.471	2151
4238.007	2202
4239.542	2168
4241.078	2163
4242.614	2223
4244.15	2132
4245.685	2178
4247.219	2082
4248.753	2139
4250.287	2131
4251.82	2200
4253.354	2141
4254.887	2210
4256.419	2212
4257.951	2146
4259.483	2149
4261.016	2077
4262.547	2133
4264.078	2209
4265.608	2219
4267.137	2132
4268.668	2130
4270.197	2095
4271.727	2137
4273.254	2145
4274.783	2154
4276.311	2118
4277.84	2142
4279.366	2116
4280.894	2138
4282.42	2070
4283.946	2133
4285.473	2110
4286.998	2084
4288.523	2136
4290.047	2096
4291.572	2101
4293.096	2069
4294.622	2114
4296.144	2108
4297.668	2060
4299.19	2088
4300.713	2077
4302.236	2106
4303.758	2090
4305.279	2095
4306.799	2086
4308.321	2081
4309.842	2067
4311.361	2016
4312.882	2085
4314.401	2106
