400.0961	4145
402.6185	4155
405.1424	4174
407.6635	4223
410.1838	4276
412.7035	4160
415.2225	4217
417.7388	4303
420.2585	4261
422.7754	4418
425.2917	4360
427.8072	4369
430.3221	4444
432.8363	4520
435.3498	4536
437.8626	4452
440.3727	4416
442.8841	4411
445.3969	4535
447.907	4521
450.4142	4490
452.9229	4523
455.4289	4459
457.9362	4518
460.4449	4394
462.9488	4581
465.454	4513
467.9566	4514
470.4604	4477
472.9637	4457
475.4662	4531
477.966	4486
480.4671	4511
482.9656	4449
485.4633	4531
487.9645	4555
490.4608	4596
492.9566	4612
495.4536	4584
497.948	4676
500.4437	4597
502.9387	4556
505.431	4561
507.9226	4723
510.4136	4728
512.9079	4643
515.3975	4657
517.8864	4658
520.3746	4662
522.8622	4683
525.3491	4662
527.8394	4705
530.3249	4710
532.8098	4683
535.2939	4667
537.7774	4762
540.2623	4703
542.7444	4727
545.2259	4723
547.7067	4751
550.1868	4766
552.6683	4705
555.147	4673
557.6231	4793
560.1005	4668
562.5773	4776
565.0534	4759
567.5308	4791
570.0056	4753
572.4776	4813
574.951	4723
577.4237	4862
579.8978	4817
582.3671	4857
584.8378	4837
587.3079	4839
589.7773	4898
592.244	4843
594.714	4882
597.1793	4856
599.6461	4844
602.1121	4970
604.5754	4779
607.0421	4863
609.5042	4942
611.9675	4731
614.4282	4829
616.8902	4850
619.3515	4816
621.8122	4917
624.2702	4854
626.7296	4787
629.1863	4810
631.6423	4854
634.1017	4797
636.5563	4865
639.0104	4810
641.4658	4766
643.9185	4914
646.3725	4874
648.8239	4797
651.2766	4985
653.7266	4845
656.176	4949
658.6247	4938
661.0748	4933
663.5242	4950
665.9709	5026
668.417	5077
670.8624	4933
673.3092	4964
675.7533	5012
678.1968	4977
680.6395	5039
683.0817	4987
685.5251	5000
687.9659	5027
690.4061	5038
692.8456	5030
695.2844	5082
697.7226	5002
700.1621	5038
702.599	5066
705.0332	5125
707.4688	5110
709.9036	4982
712.3399	5167
714.7735	5055
717.2044	5073
719.6367	5188
722.0683	5034
724.4993	5180
726.9296	5127
729.3593	5193
731.7883	5126
734.2147	5224
736.6423	5241
739.0714	5159
741.4958	5159
743.9216	5170
746.3447	5266
748.7691	5298
751.1929	5332
753.616	5405
756.0366	5403
758.4584	5291
760.8776	5368
763.2982	5337
765.718	5317
768.1373	5386
770.5539	5398
772.9698	5421
775.3871	5408
777.8038	5462
780.2178	5338
782.6332	5364
785.0459	5390
787.458	5428
789.8714	5383
792.2842	5372
794.6943	5370
797.1038	5456
799.5127	5387
801.9209	5493
804.3324	5356
806.7393	5442
809.1456	5424
811.5513	5524
813.9562	5382
816.3625	5386
818.7663	5413
821.1693	5424
823.5718	5417
825.9735	5476
828.3746	5534
830.7771	5462
833.177	5469
835.5762	5508
837.9747	5480
840.3727	5504
842.772	5463
845.1666	5477
847.5626	5588
849.958	5508
852.3527	5549
854.7488	5616
857.1403	5577
859.5331	5578
861.9253	5624
864.3168	5560
866.7057	5588
869.098	5521
871.4876	5615
873.8746	5476
876.263	5640
878.6487	5482
881.0378	5499
883.4243	5499
885.8081	5471
888.1933	5583
890.5759	5515
892.9598	5566
895.343	5514
897.7256	5558
900.1057	5517
902.4871	5573
904.8659	5600
907.246	5557
909.6254	5639
912.0023	5671
914.3786	5549
916.7562	5530
919.1331	5638
921.5074	5781
923.8831	5786
926.2562	5808
928.6287	5638
931.0005	5690
933.3757	5691
935.7462	5794
938.1162	5753
940.4855	5958
942.8542	5901
945.2242	5899
947.5916	5976
949.9584	6264
952.3266	6239
954.6921	6290
957.0571	6391
959.4233	6589
961.787	6678
964.15	6704
966.5125	6512
968.8742	6370
971.2354	6187
973.5959	6053
975.9559	5875
978.3151	5856
980.6738	5816
983.0338	5753
985.3912	5711
987.7461	5629
990.1022	5727
992.4578	5752
994.8127	5629
997.1689	5775
999.5207	5811
1001.874	5698
1004.226	5809
1006.576	5674
1008.929	5772
1011.28	5903
1013.628	5686
1015.977	5709
1018.324	5702
1020.674	5814
1023.019	5805
1025.366	5739
1027.713	5826
1030.056	5754
1032.399	5726
1034.746	5788
1037.087	5746
1039.431	5783
1041.771	5807
1044.113	5772
1046.454	5798
1048.793	5859
1051.133	5777
1053.471	5767
1055.807	5765
1058.146	5829
1060.483	5808
1062.818	5858
1065.153	5947
1067.489	5995
1069.822	5944
1072.156	5961
1074.488	5973
1076.82	5970
1079.15	5869
1081.48	5889
1083.814	5916
1086.143	5868
1088.471	5962
1090.799	5917
1093.126	5856
1095.452	6003
1097.78	5876
1100.105	5845
1102.43	5964
1104.754	5885
1107.077	5963
1109.4	5967
1111.722	5951
1114.044	5905
1116.365	5852
1118.685	5724
1121.005	5876
1123.324	5951
1125.643	5956
1127.961	5909
1130.278	5991
1132.595	6032
1134.911	5941
1137.226	5883
1139.541	5919
1141.854	5978
1144.167	5933
1146.482	5974
1148.793	5909
1151.105	6045
1153.414	5881
1155.725	5914
1158.033	6021
1160.344	5984
1162.651	5954
1164.959	5935
1167.265	5910
1169.572	5897
1171.878	5877
1174.184	6037
1176.488	5971
1178.79	6070
1181.094	5914
1183.396	5946
1185.699	5906
1188.001	6002
1190.301	5923
1192.6	5842
1194.9	5994
1197.2	5967
1199.497	5970
1201.794	6023
1204.09	5908
1206.387	5912
1208.684	6052
1210.978	6020
1213.272	5989
1215.565	5977
1217.858	5986
1220.15	6074
1222.443	6142
1224.734	5900
1227.024	5963
1229.313	6153
1231.602	6003
1233.892	6048
1236.18	6199
1238.467	6088
1240.754	6089
1243.04	6120
1245.325	6129
1247.612	6218
1249.896	6246
1252.178	6015
1254.461	6206
1256.743	6304
1259.027	6202
1261.308	6111
1263.587	6159
1265.867	6201
1268.146	6124
1270.425	6124
1272.703	6246
1274.981	6258
1277.256	6154
1279.532	6097
1281.808	6071
1284.083	6097
1286.358	6179
1288.63	6167
1290.904	6145
1293.175	6101
1295.449	6136
1297.719	6124
1299.99	6085
1302.259	6173
1304.529	6091
1306.798	6122
1309.065	6040
1311.333	6129
1313.599	6132
1315.866	6157
1318.131	6166
1320.396	6115
1322.66	6085
1324.925	6114
1327.187	6173
1329.448	6128
1331.711	6171
1333.974	6125
1336.234	6058
1338.493	6105
1340.752	6090
1343.01	6211
1345.269	6189
1347.526	6012
1349.784	6136
1352.04	6155
1354.295	6035
1356.552	6219
1358.806	6131
1361.059	6182
1363.312	6096
1365.564	6071
1367.818	5970
1370.069	6099
1372.318	6194
1374.568	6130
1376.817	6173
1379.066	6156
1381.316	6209
1383.564	6201
1385.809	6149
1388.056	6038
1390.301	6183
1392.549	6185
1394.793	6326
1397.036	6165
1399.279	6217
1401.522	6163
1403.763	6209
1406.007	6200
1408.248	6248
1410.487	6319
1412.727	6316
1414.965	6201
1417.205	6318
1419.442	6209
1421.68	6306
1423.915	6303
1426.152	6226
1428.388	6184
1430.623	6153
1432.857	6316
1435.091	6286
1437.323	6361
1439.556	6320
1441.789	6349
1444.019	6419
1446.25	6264
1448.48	6365
1450.708	6253
1452.938	6396
1455.167	6426
1457.394	6302
1459.62	6330
1461.846	6350
1464.073	6414
1466.299	6338
1468.523	6346
1470.746	6324
1472.969	6290
1475.191	6357
1477.415	6250
1479.636	6277
1481.858	6283
1484.078	6211
1486.298	6248
1488.518	6152
1490.736	6362
1492.954	6164
1495.169	6175
1497.386	6199
1499.602	6164
1501.819	6188
1504.034	6110
1506.248	6145
1508.462	6156
1510.675	6181
1512.888	6250
1515.1	6176
1517.311	6243
1519.522	6168
1521.732	6158
1523.942	6248
1526.151	6166
1528.36	6192
1530.566	6294
1532.773	6123
1534.98	6246
1537.187	6328
1539.392	6280
1541.596	6250
1543.801	6209
1546.005	6153
1548.208	6098
1550.411	6301
1552.612	6170
1554.814	6193
1557.013	6238
1559.212	6291
1561.414	6289
1563.612	6233
1565.811	6297
1568.007	6262
1570.203	6295
1572.403	6408
1574.598	6273
1576.792	6275
1578.988	6419
1581.181	6288
1583.376	6440
1585.568	6355
1587.761	6406
1589.952	6393
1592.143	6348
1594.333	6451
1596.524	6463
1598.715	6361
1600.903	6472
1603.091	6440
1605.278	6413
1607.466	6286
1609.652	6339
1611.838	6507
1614.023	6460
1616.207	6379
1618.391	6318
1620.576	6549
1622.759	6445
1624.941	6496
1627.123	6439
1629.304	6397
1631.484	6372
1633.664	6545
1635.844	6439
1638.022	6434
1640.201	6478
1642.38	6401
1644.556	6514
1646.732	6398
1648.908	6469
1651.084	6545
1653.257	6334
1655.433	6515
1657.607	6468
1659.779	6499
1661.951	6375
1664.122	6480
1666.295	6499
1668.467	6451
1670.635	6552
1672.805	6622
1674.973	6608
1677.142	6474
1679.31	6519
1681.478	6561
1683.644	6470
1685.81	6473
1687.975	6448
1690.142	6517
1692.305	6465
1694.468	6552
1696.632	6421
1698.794	6469
1700.957	6425
1703.119	6429
1705.279	6453
1707.439	6479
1709.598	6448
1711.758	6392
1713.917	6406
1716.075	6379
1718.231	6270
1720.388	6403
1722.543	6396
1724.702	6384
1726.856	6449
1729.01	6401
1731.164	6411
1733.317	6344
1735.471	6350
1737.623	6336
1739.774	6424
1741.925	6369
1744.075	6316
1746.225	6274
1748.376	6343
1750.524	6381
1752.672	6424
1754.82	6316
1756.965	6269
1759.113	6428
1761.259	6379
1763.405	6508
1765.549	6363
1767.694	6429
1769.836	6398
1771.981	6569
1774.123	6326
1776.264	6405
1778.405	6438
1780.546	6528
1782.687	6410
1784.827	6425
1786.966	6412
1789.103	6506
1791.242	6440
1793.381	6447
1795.517	6486
1797.653	6465
1799.788	6522
1801.923	6507
1804.057	6531
1806.193	6436
1808.326	6473
1810.457	6460
1812.59	6454
1814.721	6503
1816.855	6479
1818.984	6431
1821.113	6415
1823.244	6404
1825.372	6351
1827.499	6430
1829.63	6436
1831.756	6337
1833.882	6420
1836.007	6374
1838.132	6418
1840.26	6462
1842.384	6396
1844.507	6398
1846.63	6410
1848.752	6390
1850.875	6381
1852.996	6430
1855.118	6315
1857.238	6365
1859.358	6416
1861.477	6326
1863.597	6439
1865.715	6322
1867.832	6429
1869.948	6349
1872.064	6307
1874.181	6477
1876.297	6433
1878.411	6323
1880.526	6678
1882.639	6443
1884.752	6331
1886.865	6352
1888.977	6327
1891.089	6370
1893.2	6452
1895.308	6451
1897.42	6440
1899.53	6381
1901.639	6541
1903.745	6524
1905.853	6498
1907.962	6504
1910.067	6440
1912.174	6508
1914.278	6444
1916.383	6470
1918.486	6478
1920.592	6444
1922.694	6479
1924.797	6520
1926.898	6434
1929	6691
1931.102	6541
1933.203	6550
1935.301	6514
1937.401	6419
1939.499	6442
1941.598	6528
1943.697	6462
1945.793	6468
1947.888	6497
1949.985	6542
1952.08	6429
1954.176	6417
1956.269	6481
1958.364	6504
1960.457	6412
1962.549	6536
1964.642	6450
1966.733	6440
1968.823	6345
1970.913	6478
1973.005	6422
1975.093	6457
1977.184	6359
1979.271	6527
1981.359	6386
1983.446	6450
1985.532	6455
1987.619	6429
1989.705	6443
1991.789	6408
1993.874	6413
1995.956	6457
1998.041	6454
2000.123	6434
2002.206	6559
2004.287	6430
2006.368	6374
2008.449	6378
2010.529	6390
2012.609	6397
2014.688	6391
2016.766	6487
2018.843	6414
2020.922	6335
2022.999	6462
2025.074	6444
2027.15	6466
2029.225	6403
2031.299	6371
2033.375	6431
2035.447	6404
2037.52	6343
2039.592	6390
2041.664	6423
2043.736	6413
2045.807	6400
2047.876	6435
2049.947	6422
2052.015	6356
2054.086	6435
2056.153	6388
2058.221	6447
2060.288	6382
2062.353	6567
2064.42	6373
2066.486	6435
2068.55	6411
2070.614	6415
2072.678	6389
2074.741	6419
2076.805	6429
2078.866	6508
2080.929	6554
2082.99	6524
2085.049	6303
2087.109	6415
2089.17	6313
2091.228	6308
2093.286	6265
2095.344	6488
2097.4	6286
2099.46	6384
2101.516	6310
2103.572	6421
2105.626	6387
2107.679	6367
2109.735	6368
2111.788	6456
2113.841	6518
2115.894	6314
2117.945	6453
2119.997	6416
2122.049	6309
2124.1	6385
2126.148	6318
2128.197	6330
2130.246	6276
2132.296	6409
2134.342	6326
2136.39	6408
2138.437	6394
2140.483	6413
2142.527	6370
2144.574	6343
2146.619	6271
2148.661	6234
2150.705	6373
2152.747	6341
2154.792	6423
2156.832	6328
2158.874	6315
2160.915	6318
2162.954	6323
2164.995	6424
2167.034	6334
2169.072	6366
2171.111	6329
2173.148	6361
2175.186	6289
2177.223	6243
2179.258	6240
2181.294	6421
2183.328	6174
2185.362	6192
2187.398	6219
2189.431	6315
2191.463	6271
2193.495	6207
2195.528	6150
2197.56	6239
2199.59	6241
2201.62	6341
2203.649	6122
2205.678	6163
2207.708	6166
2209.737	6249
2211.764	6267
2213.791	6271
2215.817	6267
2217.843	6172
2219.87	6136
2221.895	6170
2223.919	6309
2225.942	6247
2227.966	6170
2229.988	6154
2232.012	6122
2234.032	6236
2236.054	6168
2238.074	6092
2240.095	6212
2242.116	6090
2244.135	6172
2246.153	6314
2248.171	6150
2250.188	6213
2252.208	6286
2254.223	6233
2256.239	6198
2258.255	6227
2260.269	6147
2262.283	6179
2264.3	6272
2266.312	6159
2268.325	6169
2270.336	6249
2272.349	6178
2274.362	6214
2276.372	6129
2278.383	6151
2280.392	6178
2282.402	6251
2284.409	6137
2286.418	6254
2288.427	6208
2290.433	6234
2292.441	6189
2294.446	6124
2296.453	6063
2298.459	6252
2300.463	6175
2302.466	6227
2304.471	6136
2306.475	6279
2308.477	6074
2310.478	6169
2312.481	6085
2314.481	6174
2316.481	6142
2318.482	6111
2320.482	6220
2322.48	6104
2324.48	6242
2326.478	6106
2328.476	6073
2330.473	6065
2332.469	6104
2334.465	6109
2336.46	6099
2338.454	6058
2340.45	6152
2342.444	5971
2344.437	6147
2346.43	6122
2348.421	6038
2350.414	5945
2352.405	6055
2354.396	6146
2356.386	6041
2358.376	6055
2360.366	5957
2362.355	5935
2364.343	6023
2366.331	5877
2368.317	6057
2370.304	6052
2372.292	6039
2374.278	6077
2376.262	5944
2378.247	6063
2380.23	5927
2382.216	6103
2384.199	6091
2386.181	5956
2388.163	5951
2390.144	5993
2392.127	5893
2394.107	5798
2396.087	5896
2398.066	5984
2400.046	6043
2402.023	5759
2404.004	6105
2405.981	5963
2407.957	6019
2409.934	5944
2411.91	5988
2413.886	6031
2415.862	5958
2417.836	5954
2419.809	6006
2421.784	5977
2423.756	5939
2425.73	5885
2427.701	6064
2429.672	5988
2431.644	6023
2433.615	5936
2435.586	5821
2437.555	5943
2439.523	5859
2441.491	6021
2443.459	5897
2445.428	6007
2447.395	5791
2449.361	6056
2451.327	5941
2453.292	5999
2455.257	5903
2457.223	5935
2459.187	5947
2461.15	5859
2463.113	5902
2465.076	6005
2467.039	5867
2468.999	5963
2470.96	5890
2472.921	5933
2474.881	5865
2476.841	5846
2478.8	5894
2480.759	5833
2482.717	5805
2484.675	5857
2486.63	5793
2488.589	5846
2490.545	5830
2492.5	5808
2494.455	5878
2496.408	5868
2498.364	5751
2500.318	5785
2502.27	5809
2504.223	5867
2506.174	5829
2508.126	5873
2510.078	5802
2512.03	5928
2513.979	5802
2515.927	5760
2517.877	5903
2519.826	5750
2521.775	5751
2523.722	5804
2525.668	5812
2527.616	5858
2529.561	5786
2531.508	5693
2533.452	5747
2535.398	5860
2537.342	5748
2539.284	5756
2541.229	5752
2543.173	5772
2545.114	5756
2547.055	5854
2548.996	5794
2550.938	5814
2552.878	5826
2554.817	5768
2556.756	5692
2558.695	5730
2560.633	5776
2562.572	5685
2564.509	5822
2566.445	5704
2568.382	5730
2570.317	5807
2572.254	5772
2574.189	5858
2576.123	5731
2578.057	5848
2579.99	5730
2581.923	5762
2583.855	5741
2585.788	5838
2587.719	5883
2589.65	5722
2591.579	5758
2593.511	5805
2595.44	5824
2597.37	5682
2599.297	5805
2601.225	5807
2603.153	5771
2605.08	5723
2607.007	5713
2608.932	5819
2610.858	5775
2612.782	5846
2614.709	5703
2616.632	5767
2618.556	5817
2620.478	5777
2622.401	5776
2624.324	5716
2626.247	5772
2628.167	5750
2630.088	5776
2632.008	5770
2633.928	5844
2635.848	5762
2637.766	5724
2639.684	5812
2641.603	5854
2643.519	5857
2645.437	5863
2647.353	5739
2649.27	5776
2651.184	5746
2653.099	5720
2655.014	5777
2656.928	5791
2658.842	5742
2660.755	5766
2662.667	5707
2664.579	5711
2666.491	5790
2668.402	5662
2670.312	5791
2672.222	5677
2674.132	5674
2676.042	5697
2677.951	5717
2679.859	5753
2681.766	5637
2683.674	5704
2685.582	5750
2687.488	5548
2689.392	5700
2691.298	5653
2693.202	5687
2695.107	5752
2697.012	5867
2698.914	5712
2700.817	5591
2702.72	5684
2704.622	5650
2706.524	5606
2708.425	5558
2710.326	5661
2712.225	5634
2714.125	5624
2716.024	5601
2717.923	5602
2719.822	5521
2721.719	5578
2723.616	5579
2725.512	5549
2727.41	5599
2729.305	5554
2731.201	5548
2733.095	5655
2734.99	5610
2736.884	5557
2738.778	5524
2740.67	5485
2742.562	5512
2744.455	5678
2746.346	5559
2748.238	5642
2750.129	5635
2752.018	5605
2753.907	5533
2755.797	5609
2757.687	5579
2759.575	5436
2761.462	5524
2763.349	5547
2765.237	5585
2767.124	5585
2769.009	5562
2770.894	5569
2772.779	5499
2774.663	5548
2776.547	5543
2778.431	5678
2780.314	5529
2782.197	5478
2784.078	5549
2785.96	5419
2787.842	5514
2789.723	5639
2791.603	5463
2793.483	5549
2795.362	5424
2797.241	5472
2799.121	5555
2800.997	5444
2802.874	5587
2804.751	5495
2806.628	5493
2808.506	5550
2810.38	5481
2812.255	5424
2814.13	5420
2816.003	5486
2817.878	5501
2819.752	5545
2821.623	5514
2823.496	5481
2825.368	5496
2827.238	5362
2829.111	5493
2830.98	5489
2832.851	5445
2834.719	5415
2836.589	5554
2838.458	5374
2840.327	5450
2842.193	5478
2844.061	5427
2845.927	5586
2847.794	5481
2849.66	5421
2851.525	5490
2853.39	5381
2855.254	5405
2857.117	5420
2858.983	5528
2860.845	5472
2862.707	5521
2864.569	5566
2866.431	5626
2868.293	5522
2870.154	5480
2872.013	5468
2873.873	5556
2875.733	5656
2877.592	5614
2879.451	5636
2881.309	5644
2883.166	5682
2885.022	5731
2886.879	5670
2888.736	5676
2890.591	5762
2892.446	5724
2894.301	5650
2896.155	5609
2898.009	5732
2899.863	5651
2901.716	5667
2903.568	5547
2905.419	5569
2907.27	5601
2909.123	5549
2910.973	5584
2912.824	5635
2914.673	5608
2916.521	5638
2918.372	5730
2920.22	5757
2922.067	5684
2923.914	5747
2925.761	5948
2927.607	5886
2929.455	5890
2931.301	5929
2933.144	5973
2934.99	5927
2936.833	6020
2938.678	5983
2940.522	6043
2942.364	6011
2944.207	6065
2946.048	5995
2947.891	6074
2949.731	6003
2951.571	6031
2953.412	6032
2955.25	5934
2957.09	5923
2958.93	5896
2960.767	5854
2962.606	5856
2964.443	5824
2966.279	5706
2968.116	5777
2969.953	5751
2971.788	5649
2973.623	5676
2975.457	5681
2977.292	5739
2979.127	5655
2980.959	5646
2982.792	5649
2984.624	5586
2986.455	5663
2988.288	5683
2990.119	5545
2991.949	5551
2993.779	5514
2995.608	5448
2997.439	5518
2999.268	5468
3001.096	5414
3002.923	5397
3004.751	5440
3006.578	5360
3008.406	5410
3010.232	5301
3012.057	5310
3013.883	5359
3015.706	5288
3017.532	5300
3019.356	5304
3021.179	5249
3023.002	5231
3024.823	5149
3026.646	5247
3028.469	5122
3030.289	5256
3032.11	5187
3033.93	5229
3035.749	5073
3037.57	5200
3039.39	5230
3041.207	5196
3043.026	5093
3044.842	5144
3046.661	5169
3048.477	5206
3050.294	5140
3052.109	5120
3053.925	5056
3055.739	5060
3057.555	5079
3059.368	5120
3061.181	5066
3062.995	4972
3064.807	5031
3066.62	5080
3068.433	5085
3070.243	5178
3072.054	5116
3073.865	5056
3075.675	5074
3077.485	5059
3079.293	5170
3081.102	5113
3082.911	5049
3084.719	4914
3086.527	5027
3088.333	5077
3090.139	4978
3091.945	4975
3093.75	4962
3095.557	4988
3097.361	5073
3099.165	4856
3100.969	4984
3102.772	4937
3104.575	5000
3106.379	5034
3108.181	4924
3109.982	4949
3111.783	4847
3113.584	4836
3115.386	4981
3117.186	4933
3118.985	4956
3120.783	4887
3122.582	4893
3124.381	4915
3126.179	4870
3127.975	4882
3129.772	4842
3131.569	4937
3133.365	4839
3135.161	4833
3136.956	4802
3138.751	4790
3140.544	4772
3142.338	4862
3144.132	4928
3145.925	4794
3147.717	4980
3149.509	4785
3151.301	4806
3153.091	4762
3154.884	4847
3156.673	4830
3158.462	4782
3160.252	4792
3162.041	4832
3163.831	4749
3165.618	4793
3167.405	4769
3169.193	4738
3170.979	4791
3172.767	4717
3174.553	4774
3176.338	4803
3178.123	4735
3179.907	4669
3181.692	4766
3183.477	4769
3185.259	4736
3187.042	4762
3188.824	4780
3190.607	4726
3192.389	4595
3194.17	4734
3195.951	4719
3197.73	4697
3199.51	4703
3201.289	4685
3203.07	4795
3204.848	4757
3206.626	4735
3208.403	4720
3210.18	4616
3211.959	4775
3213.735	4637
3215.511	4665
3217.285	4744
3219.06	4777
3220.836	4605
3222.611	4612
3224.384	4709
3226.158	4681
3227.929	4667
3229.702	4630
3231.476	4765
3233.248	4788
3235.018	4630
3236.789	4684
3238.56	4743
3240.33	4594
3242.1	4573
3243.869	4624
3245.637	4667
3247.405	4645
3249.172	4621
3250.941	4678
3252.707	4725
3254.474	4589
3256.24	4741
3258.006	4684
3259.772	4795
3261.537	4571
3263.301	4696
3265.065	4701
3266.828	4573
3268.592	4596
3270.355	4593
3272.117	4701
3273.878	4657
3275.64	4638
3277.401	4633
3279.162	4740
3280.922	4605
3282.682	4623
3284.441	4627
3286.199	4691
3287.959	4622
3289.716	4591
3291.475	4607
3293.232	4518
3294.988	4633
3296.744	4610
3298.501	4656
3300.256	4523
3302.011	4609
3303.766	4618
3305.52	4576
3307.275	4600
3309.028	4541
3310.781	4533
3312.533	4654
3314.285	4581
3316.038	4644
3317.789	4626
3319.54	4522
3321.289	4597
3323.039	4548
3324.789	4627
3326.539	4566
3328.288	4573
3330.035	4600
3331.783	4555
3333.531	4523
3335.28	4590
3337.025	4502
3338.771	4596
3340.518	4572
3342.262	4611
3344.009	4510
3345.753	4473
3347.497	4515
3349.24	4504
3350.983	4507
3352.726	4531
3354.469	4567
3356.212	4508
3357.952	4498
3359.694	4485
3361.434	4582
3363.176	4505
3364.916	4453
3366.654	4525
3368.394	4553
3370.132	4496
3371.871	4561
3373.61	4475
3375.346	4446
3377.083	4534
3378.82	4438
3380.556	4510
3382.292	4402
3384.027	4430
3385.763	4363
3387.497	4483
3389.231	4498
3390.965	4473
3392.698	4390
3394.431	4395
3396.164	4369
3397.896	4443
3399.627	4396
3401.36	4375
3403.09	4403
3404.82	4372
3406.55	4374
3408.279	4278
3410.01	4416
3411.738	4375
3413.467	4391
3415.194	4381
3416.92	4429
3418.647	4457
3420.375	4388
3422.102	4386
3423.827	4428
3425.553	4347
3427.277	4484
3429.003	4364
3430.727	4363
3432.451	4348
3434.173	4371
3435.896	4400
3437.62	4334
3439.343	4272
3441.063	4416
3442.785	4354
3444.505	4290
3446.226	4263
3447.948	4316
3449.666	4354
3451.386	4266
3453.104	4250
3454.823	4346
3456.541	4367
3458.259	4220
3459.976	4363
3461.693	4176
3463.408	4259
3465.125	4263
3466.841	4250
3468.556	4159
3470.271	4268
3471.985	4152
3473.698	4160
3475.414	4167
3477.126	4238
3478.838	4152
3480.55	4149
3482.263	4232
3483.975	4189
3485.686	4234
3487.396	4190
3489.106	4247
3490.817	4084
3492.526	4198
3494.236	4121
3495.944	4149
3497.652	4222
3499.359	4185
3501.066	4142
3502.775	4050
3504.481	4101
3506.187	4146
3507.893	4149
3509.598	4095
3511.304	4163
3513.009	4128
3514.713	4146
3516.417	4100
3518.12	4050
3519.821	4072
3521.525	4066
3523.228	4058
3524.929	3984
3526.631	4050
3528.33	4096
3530.032	4029
3531.733	4030
3533.433	4114
3535.131	4162
3536.83	4040
3538.529	4114
3540.227	3946
3541.925	4023
3543.623	4008
3545.319	4053
3547.016	4065
3548.712	3952
3550.408	3992
3552.103	4036
3553.798	4089
3555.491	4020
3557.188	3989
3558.88	3904
3560.574	3960
3562.266	3975
3563.959	4124
3565.651	4043
3567.343	4004
3569.035	4025
3570.725	3922
3572.415	3935
3574.106	3964
3575.797	3974
3577.485	3919
3579.174	3963
3580.863	4008
3582.551	3977
3584.238	3958
3585.926	3922
3587.613	4040
3589.3	3936
3590.986	3898
3592.671	3884
3594.357	3932
3596.042	3932
3597.726	3922
3599.41	3836
3601.094	3871
3602.778	3858
3604.461	3797
3606.143	3876
3607.825	3840
3609.507	3864
3611.188	3884
3612.87	3789
3614.551	3917
3616.229	3816
3617.909	3727
3619.589	3907
3621.269	3898
3622.948	3801
3624.625	3796
3626.302	3842
3627.98	3830
3629.657	3844
3631.334	3871
3633.01	3881
3634.686	3805
3636.361	3775
3638.036	3795
3639.712	3809
3641.385	3838
3643.06	3849
3644.732	3842
3646.405	3786
3648.08	3784
3649.751	3740
3651.424	3804
3653.094	3779
3654.766	3755
3656.436	3736
3658.106	3730
3659.777	3798
3661.446	3740
3663.115	3710
3664.783	3656
3666.452	3771
3668.121	3689
3669.788	3698
3671.454	3754
3673.121	3575
3674.789	3692
3676.455	3661
3678.12	3689
3679.784	3661
3681.45	3607
3683.114	3623
3684.779	3674
3686.442	3646
3688.105	3654
3689.768	3719
3691.43	3659
3693.093	3636
3694.754	3645
3696.415	3673
3698.076	3601
3699.736	3700
3701.396	3698
3703.057	3722
3704.716	3656
3706.375	3576
3708.034	3651
3709.692	3641
3711.351	3658
3713.008	3661
3714.665	3619
3716.321	3643
3717.977	3515
3719.634	3548
3721.29	3631
3722.945	3559
3724.598	3585
3726.253	3642
3727.907	3600
3729.561	3670
3731.214	3570
3732.867	3567
3734.518	3678
3736.171	3551
3737.824	3575
3739.474	3517
3741.125	3600
3742.775	3562
3744.425	3573
3746.074	3596
3747.725	3545
3749.373	3563
3751.022	3526
3752.669	3631
3754.318	3610
3755.966	3491
3757.612	3546
3759.259	3496
3760.905	3495
3762.55	3525
3764.197	3560
3765.842	3564
3767.486	3495
3769.131	3529
3770.774	3556
3772.417	3442
3774.061	3518
3775.705	3486
3777.347	3399
3778.988	3441
3780.629	3455
3782.271	3541
3783.912	3540
3785.552	3575
3787.192	3520
3788.831	3423
3790.472	3484
3792.112	3470
3793.75	3560
3795.388	3466
3797.024	3510
3798.661	3454
3800.3	3395
3801.936	3444
3803.572	3488
3805.208	3423
3806.844	3426
3808.48	3444
3810.115	3409
3811.748	3492
3813.382	3472
3815.016	3396
3816.649	3368
3818.283	3426
3819.914	3403
3821.547	3362
3823.178	3367
3824.809	3378
3826.441	3341
3828.072	3366
3829.701	3396
3831.331	3397
3832.96	3412
3834.591	3322
3836.219	3392
3837.847	3380
3839.475	3404
3841.102	3353
3842.729	3392
3844.357	3378
3845.984	3347
3847.609	3432
3849.234	3358
3850.86	3343
3852.485	3373
3854.11	3330
3855.734	3325
3857.357	3223
3858.981	3326
3860.603	3388
3862.227	3319
3863.848	3355
3865.471	3306
3867.092	3289
3868.713	3378
3870.334	3248
3871.954	3290
3873.575	3323
3875.194	3303
3876.813	3306
3878.433	3372
3880.051	3320
3881.669	3295
3883.286	3323
3884.904	3251
3886.52	3211
3888.138	3302
3889.754	3272
3891.37	3227
3892.985	3214
3894.6	3333
3896.216	3216
3897.831	3226
3899.444	3348
3901.058	3194
3902.67	3276
3904.283	3238
3905.897	3252
3907.509	3297
3909.121	3272
3910.731	3295
3912.342	3251
3913.954	3257
3915.563	3270
3917.174	3160
3918.783	3194
3920.391	3246
3922.002	3110
3923.611	3199
3925.218	3252
3926.826	3163
3928.432	3180
3930.039	3136
3931.647	3238
3933.253	3194
3934.859	3191
3936.464	3190
3938.068	3151
3939.675	3210
3941.278	3171
3942.883	3135
3944.486	3145
3946.089	3204
3947.692	3224
3949.295	3139
3950.898	3160
3952.499	3168
3954.1	3219
3955.7	3187
3957.303	3197
3958.903	3123
3960.502	3083
3962.101	3173
3963.7	3136
3965.301	3142
3966.899	3121
3968.497	3196
3970.094	3222
3971.691	3095
3973.288	3117
3974.885	3136
3976.481	3108
3978.077	3098
3979.672	3092
3981.267	3067
3982.863	3099
3984.457	3103
3986.051	3073
3987.645	3040
3989.238	3105
3990.831	3083
3992.425	2963
3994.017	3049
3995.607	3078
3997.199	3072
3998.79	3056
4000.382	3043
4001.973	3001
4003.561	3042
4005.151	3017
4006.741	2991
4008.331	3105
4009.918	2996
4011.507	3066
4013.095	3024
4014.681	3035
4016.269	3020
4017.856	2940
4019.443	3071
4021.028	2970
4022.614	2964
4024.199	2989
4025.785	2991
4027.37	2983
4028.953	3009
4030.536	2975
4032.12	2940
4033.704	3017
4035.287	2963
4036.869	3007
4038.45	2991
4040.032	3015
4041.613	2983
4043.195	2975
4044.776	2964
4046.356	2820
4047.935	2977
4049.515	2992
4051.095	2856
4052.674	3009
4054.251	2899
4055.829	2964
4057.406	2913
4058.985	2930
4060.562	2933
4062.139	2846
4063.715	2904
4065.29	2917
4066.865	2875
4068.442	2930
4070.016	2881
4071.59	2863
4073.164	2926
4074.738	2858
4076.312	2837
4077.885	2894
4079.458	2879
4081.03	2839
4082.602	2872
4084.173	2931
4085.745	2881
4087.315	2900
4088.886	2942
4090.456	2849
4092.026	2912
4093.596	2805
4095.165	2901
4096.734	2862
4098.301	2843
4099.869	2797
4101.437	2819
4103.006	2792
4104.572	2838
4106.139	2893
4107.704	2862
4109.27	2815
4110.837	2778
4112.401	2821
4113.966	2820
4115.53	2919
4117.094	2786
4118.659	2821
4120.223	2826
4121.785	2884
4123.347	2801
4124.909	2831
4126.471	2856
4128.034	2787
4129.595	2807
4131.155	2785
4132.716	2805
4134.275	2761
4135.836	2836
4137.395	2800
4138.955	2758
4140.513	2828
4142.071	2754
4143.628	2765
4145.188	2716
4146.745	2749
4148.302	2763
4149.858	2725
4151.414	2732
4152.971	2714
4154.526	2717
4156.081	2729
4157.635	2726
4159.189	2729
4160.745	2693
4162.298	2777
4163.852	2675
4165.405	2742
4166.957	2747
4168.51	2706
4170.063	2666
4171.614	2690
4173.166	2685
4174.717	2748
4176.267	2694
4177.817	2657
4179.368	2645
4180.917	2672
4182.466	2706
4184.016	2726
4185.564	2702
4187.112	2636
4188.66	2727
4190.207	2684
4191.754	2600
4193.301	2645
4194.848	2656
4196.394	2668
4197.94	2665
4199.484	2660
4201.03	2668
4202.575	2595
4204.12	2607
4205.663	2754
4207.207	2594
4208.75	2683
4210.292	2629
4211.836	2633
4213.378	2536
4214.92	2607
4216.46	2598
4218.002	2643
4219.544	2626
4221.083	2516
4222.625	2614
4224.164	2515
4225.703	2554
4227.244	2578
4228.782	2571
4230.32	2539
4231.857	2573
4233.395	2546
4234.933	2592
4236.471	2629
4238.007	2582
4239.542	2624
4241.078	2605
4242.614	2524
4244.15	2610
4245.685	2604
4247.219	2565
4248.753	2534
4250.287	2574
4251.82	2531
4253.354	2605
4254.887	2575
4256.419	2530
4257.951	2510
4259.483	2556
4261.016	2490
4262.547	2604
4264.078	2535
4265.608	2514
4267.137	2549
4268.668	2482
4270.197	2565
4271.727	2535
4273.254	2562
4274.783	2571
4276.311	2511
4277.84	2523
4279.366	2517
4280.894	2515
4282.42	2548
4283.946	2482
4285.473	2503
4286.998	2508
4288.523	2550
4290.047	2494
4291.572	2459
4293.096	2457
4294.622	2490
4296.144	2481
4297.668	2364
4299.19	2486
4300.713	2469
4302.236	2500
4303.758	2464
4305.279	2500
4306.799	2388
4308.321	2438
4309.842	2482
4311.361	2405
4312.882	2487
4314.401	2401
