400.0961	2289
402.6185	2263
405.1424	2264
407.6635	2225
410.1838	2224
412.7035	2286
415.2225	2327
417.7388	2304
420.2585	2343
422.7754	2352
425.2917	2329
427.8072	2363
430.3221	2393
432.8363	2400
435.3498	2399
437.8626	2411
440.3727	2396
442.8841	2336
445.3969	2408
447.907	2355
450.4142	2339
452.9229	2374
455.4289	2373
457.9362	2408
460.4449	2313
462.9488	2264
465.454	2338
467.9566	2358
470.4604	2399
472.9637	2399
475.4662	2339
477.966	2338
480.4671	2316
482.9656	2397
485.4633	2340
487.9645	2380
490.4608	2348
492.9566	2352
495.4536	2397
497.948	2333
500.4437	2356
502.9387	2362
505.431	2387
507.9226	2363
510.4136	2364
512.9079	2368
515.3975	2395
517.8864	2383
520.3746	2402
522.8622	2397
525.3491	2378
527.8394	2448
530.3249	2414
532.8098	2364
535.2939	2392
537.7774	2390
540.2623	2378
542.7444	2415
545.2259	2378
547.7067	2446
550.1868	2391
552.6683	2363
555.147	2443
557.6231	2436
560.1005	2431
562.5773	2430
565.0534	2448
567.5308	2433
570.0056	2439
572.4776	2525
574.951	2606
577.4237	2475
579.8978	2539
582.3671	2484
584.8378	2539
587.3079	2544
589.7773	2533
592.244	2556
594.714	2485
597.1793	2488
599.6461	2531
602.1121	2473
604.5754	2511
607.0421	2537
609.5042	2485
611.9675	2511
614.4282	2521
616.8902	2498
619.3515	2501
621.8122	2478
624.2702	2441
626.7296	2487
629.1863	2481
631.6423	2476
634.1017	2432
636.5563	2459
639.0104	2467
641.4658	2463
643.9185	2491
646.3725	2394
648.8239	2420
651.2766	2484
653.7266	2489
656.176	2535
658.6247	2464
661.0748	2453
663.5242	2498
665.9709	2395
668.417	2519
670.8624	2481
673.3092	2533
675.7533	2525
678.1968	2476
680.6395	2586
683.0817	2582
685.5251	2523
687.9659	2548
690.4061	2549
692.8456	2526
695.2844	2548
697.7226	2529
700.1621	2552
702.599	2621
705.0332	2547
707.4688	2620
709.9036	2551
712.3399	2550
714.7735	2571
717.2044	2530
719.6367	2512
722.0683	2566
724.4993	2630
726.9296	2592
729.3593	2641
731.7883	2608
734.2147	2672
736.6423	2653
739.0714	2640
741.4958	2713
743.9216	2668
746.3447	2676
748.7691	2608
751.1929	2718
753.616	2618
756.0366	2693
758.4584	2718
760.8776	2653
763.2982	2702
765.718	2664
768.1373	2713
770.5539	2695
772.9698	2666
775.3871	2711
777.8038	2757
780.2178	2646
782.6332	2732
785.0459	2587
787.458	2700
789.8714	2666
792.2842	2754
794.6943	2764
797.1038	2668
799.5127	2677
801.9209	2697
804.3324	2703
806.7393	2791
809.1456	2722
811.5513	2703
813.9562	2723
816.3625	2835
818.7663	2718
821.1693	2744
823.5718	2861
825.9735	2791
828.3746	2684
830.7771	2727
833.177	2737
835.5762	2800
837.9747	2755
840.3727	2771
842.772	2788
845.1666	2876
847.5626	2825
849.958	2809
852.3527	2810
854.7488	2924
857.1403	2838
859.5331	2836
861.9253	2902
864.3168	2808
866.7057	2883
869.098	2802
871.4876	2821
873.8746	2837
876.263	2832
878.6487	2848
881.0378	2823
883.4243	2817
885.8081	2816
888.1933	2818
890.5759	2767
892.9598	2817
895.343	2800
897.7256	2720
900.1057	2878
902.4871	2869
904.8659	2787
907.246	2869
909.6254	2882
912.0023	2880
914.3786	2964
916.7562	3013
919.1331	3007
921.5074	3076
923.8831	3100
926.2562	2980
928.6287	3096
931.0005	3043
933.3757	3057
935.7462	3091
938.1162	3070
940.4855	3071
942.8542	3067
945.2242	3085
947.5916	3151
949.9584	3185
952.3266	3342
954.6921	3558
957.0571	3694
959.4233	3818
961.787	3831
964.15	3916
966.5125	3729
968.8742	3588
971.2354	3383
973.5959	3312
975.9559	3149
978.3151	3046
980.6738	2977
983.0338	3064
985.3912	2950
987.7461	2936
990.1022	2970
992.4578	2934
994.8127	2948
997.1689	2897
999.5207	2899
1001.874	2955
1004.226	3009
1006.576	2941
1008.929	2946
1011.28	2938
1013.628	3008
1015.977	2946
1018.324	2857
1020.674	2971
1023.019	2956
1025.366	2927
1027.713	2999
1030.056	3016
1032.399	2993
1034.746	2998
1037.087	3003
1039.431	2998
1041.771	3065
1044.113	2978
1046.454	3006
1048.793	3069
1051.133	3012
1053.471	3011
1055.807	2980
1058.146	2918
1060.483	3022
1062.818	3044
1065.153	3075
1067.489	3083
1069.822	3125
1072.156	3059
1074.488	3112
1076.82	3145
1079.15	3138
1081.48	3076
1083.814	3047
1086.143	3008
1088.471	2991
1090.799	3025
1093.126	2978
1095.452	3065
1097.78	3075
1100.105	3004
1102.43	2984
1104.754	3045
1107.077	3018
1109.4	3022
1111.722	3030
1114.044	3047
1116.365	2954
1118.685	2988
1121.005	2982
1123.324	3038
1125.643	2969
1127.961	3004
1130.278	3052
1132.595	2998
1134.911	3030
1137.226	2965
1139.541	3016
1141.854	2953
1144.167	2978
1146.482	2985
1148.793	3017
1151.105	2943
1153.414	2996
1155.725	2975
1158.033	3011
1160.344	2972
1162.651	3054
1164.959	3030
1167.265	2929
1169.572	2948
1171.878	3093
1174.184	3048
1176.488	2965
1178.79	3076
1181.094	3039
1183.396	3027
1185.699	2983
1188.001	3017
1190.301	2969
1192.6	2980
1194.9	3028
1197.2	3056
1199.497	2993
1201.794	3082
1204.09	2989
1206.387	3043
1208.684	3071
1210.978	3057
1213.272	3002
1215.565	3023
1217.858	2996
1220.15	3019
1222.443	2995
1224.734	3011
1227.024	3012
1229.313	3097
1231.602	3094
1233.892	3138
1236.18	3119
1238.467	3074
1240.754	3132
1243.04	3154
1245.325	3068
1247.612	3176
1249.896	3139
1252.178	3087
1254.461	3167
1256.743	3106
1259.027	3210
1261.308	3237
1263.587	3171
1265.867	3155
1268.146	3153
1270.425	3261
1272.703	3137
1274.981	3178
1277.256	3225
1279.532	3138
1281.808	3128
1284.083	3128
1286.358	3253
1288.63	3133
1290.904	3138
1293.175	3120
1295.449	3143
1297.719	3159
1299.99	3041
1302.259	3054
1304.529	3058
1306.798	3115
1309.065	3101
1311.333	3107
1313.599	3087
1315.866	3125
1318.131	3078
1320.396	3181
1322.66	3183
1324.925	3153
1327.187	3135
1329.448	3145
1331.711	3129
1333.974	3202
1336.234	3128
1338.493	3185
1340.752	3093
1343.01	3108
1345.269	3056
1347.526	3071
1349.784	3145
1352.04	3068
1354.295	3047
1356.552	3097
1358.806	3090
1361.059	3075
1363.312	3053
1365.564	3085
1367.818	3078
1370.069	3196
1372.318	3115
1374.568	3127
1376.817	3152
1379.066	3148
1381.316	3132
1383.564	3189
1385.809	3154
1388.056	3145
1390.301	3115
1392.549	3218
1394.793	3283
1397.036	3276
1399.279	3224
1401.522	3246
1403.763	3266
1406.007	3274
1408.248	3282
1410.487	3308
1412.727	3238
1414.965	3247
1417.205	3336
1419.442	3273
1421.68	3305
1423.915	3187
1426.152	3247
1428.388	3276
1430.623	3190
1432.857	3245
1435.091	3339
1437.323	3324
1439.556	3355
1441.789	3336
1444.019	3312
1446.25	3378
1448.48	3340
1450.708	3324
1452.938	3399
1455.167	3408
1457.394	3446
1459.62	3386
1461.846	3306
1464.073	3293
1466.299	3296
1468.523	3297
1470.746	3227
1472.969	3317
1475.191	3216
1477.415	3254
1479.636	3240
1481.858	3245
1484.078	3221
1486.298	3251
1488.518	3174
1490.736	3102
1492.954	3065
1495.169	3184
1497.386	3149
1499.602	3153
1501.819	3052
1504.034	3068
1506.248	3112
1508.462	3101
1510.675	3133
1512.888	3071
1515.1	3067
1517.311	3133
1519.522	3113
1521.732	3058
1523.942	3084
1526.151	3166
1528.36	3106
1530.566	3069
1532.773	3050
1534.98	3127
1537.187	3127
1539.392	3227
1541.596	3132
1543.801	3152
1546.005	3155
1548.208	3158
1550.411	3202
1552.612	3131
1554.814	3190
1557.013	3151
1559.212	3205
1561.414	3187
1563.612	3130
1565.811	3269
1568.007	3168
1570.203	3166
1572.403	3148
1574.598	3145
1576.792	3136
1578.988	3176
1581.181	3208
1583.376	3176
1585.568	3225
1587.761	3189
1589.952	3227
1592.143	3231
1594.333	3203
1596.524	3199
1598.715	3279
1600.903	3267
1603.091	3271
1605.278	3272
1607.466	3276
1609.652	3216
1611.838	3380
1614.023	3228
1616.207	3273
1618.391	3266
1620.576	3256
1622.759	3226
1624.941	3220
1627.123	3306
1629.304	3306
1631.484	3303
1633.664	3304
1635.844	3257
1638.022	3307
1640.201	3362
1642.38	3321
1644.556	3359
1646.732	3343
1648.908	3336
1651.084	3313
1653.257	3308
1655.433	3306
1657.607	3336
1659.779	3371
1661.951	3339
1664.122	3385
1666.295	3392
1668.467	3398
1670.635	3384
1672.805	3434
1674.973	3349
1677.142	3409
1679.31	3280
1681.478	3275
1683.644	3315
1685.81	3288
1687.975	3313
1690.142	3368
1692.305	3283
1694.468	3292
1696.632	3266
1698.794	3266
1700.957	3209
1703.119	3324
1705.279	3284
1707.439	3187
1709.598	3245
1711.758	3249
1713.917	3248
1716.075	3270
1718.231	3224
1720.388	3230
1722.543	3294
1724.702	3294
1726.856	3177
1729.01	3302
1731.164	3253
1733.317	3201
1735.471	3281
1737.623	3311
1739.774	3225
1741.925	3224
1744.075	3272
1746.225	3224
1748.376	3219
1750.524	3249
1752.672	3265
1754.82	3198
1756.965	3233
1759.113	3179
1761.259	3256
1763.405	3247
1765.549	3317
1767.694	3136
1769.836	3216
1771.981	3212
1774.123	3256
1776.264	3251
1778.405	3243
1780.546	3247
1782.687	3249
1784.827	3222
1786.966	3242
1789.103	3140
1791.242	3289
1793.381	3208
1795.517	3302
1797.653	3209
1799.788	3290
1801.923	3288
1804.057	3304
1806.193	3294
1808.326	3318
1810.457	3297
1812.59	3274
1814.721	3327
1816.855	3232
1818.984	3263
1821.113	3287
1823.244	3233
1825.372	3227
1827.499	3310
1829.63	3267
1831.756	3195
1833.882	3287
1836.007	3254
1838.132	3294
1840.26	3190
1842.384	3246
1844.507	3276
1846.63	3251
1848.752	3299
1850.875	3205
1852.996	3230
1855.118	3192
1857.238	3194
1859.358	3220
1861.477	3160
1863.597	3187
1865.715	3280
1867.832	3255
1869.948	3241
1872.064	3234
1874.181	3334
1876.297	3184
1878.411	3350
1880.526	3256
1882.639	3188
1884.752	3240
1886.865	3303
1888.977	3246
1891.089	3192
1893.2	3273
1895.308	3264
1897.42	3305
1899.53	3196
1901.639	3276
1903.745	3195
1905.853	3316
1907.962	3191
1910.067	3212
1912.174	3334
1914.278	3281
1916.383	3333
1918.486	3239
1920.592	3246
1922.694	3337
1924.797	3294
1926.898	3300
1929	3380
1931.102	3259
1933.203	3272
1935.301	3339
1937.401	3273
1939.499	3296
1941.598	3295
1943.697	3334
1945.793	3244
1947.888	3245
1949.985	3339
1952.08	3364
1954.176	3246
1956.269	3299
1958.364	3310
1960.457	3290
1962.549	3310
1964.642	3374
1966.733	3301
1968.823	3343
1970.913	3323
1973.005	3314
1975.093	3276
1977.184	3286
1979.271	3273
1981.359	3260
1983.446	3254
1985.532	3309
1987.619	3366
1989.705	3216
1991.789	3213
1993.874	3274
1995.956	3293
1998.041	3274
2000.123	3210
2002.206	3299
2004.287	3282
2006.368	3278
2008.449	3266
2010.529	3280
2012.609	3289
2014.688	3201
2016.766	3308
2018.843	3312
2020.922	3321
2022.999	3274
2025.074	3253
2027.15	3251
2029.225	3268
2031.299	3286
2033.375	3299
2035.447	3349
2037.52	3266
2039.592	3261
2041.664	3264
2043.736	3251
2045.807	3231
2047.876	3248
2049.947	3329
2052.015	3335
2054.086	3236
2056.153	3339
2058.221	3221
2060.288	3332
2062.353	3356
2064.42	3311
2066.486	3274
2068.55	3326
2070.614	3289
2072.678	3226
2074.741	3356
2076.805	3302
2078.866	3298
2080.929	3289
2082.99	3286
2085.049	3228
2087.109	3262
2089.17	3295
2091.228	3218
2093.286	3255
2095.344	3310
2097.4	3291
2099.46	3274
2101.516	3322
2103.572	3301
2105.626	3242
2107.679	3339
2109.735	3296
2111.788	3340
2113.841	3214
2115.894	3276
2117.945	3318
2119.997	3278
2122.049	3252
2124.1	3300
2126.148	3252
2128.197	3301
2130.246	3313
2132.296	3301
2134.342	3233
2136.39	3269
2138.437	3224
2140.483	3331
2142.527	3332
2144.574	3286
2146.619	3333
2148.661	3348
2150.705	3245
2152.747	3259
2154.792	3265
2156.832	3282
2158.874	3258
2160.915	3213
2162.954	3282
2164.995	3365
2167.034	3281
2169.072	3206
2171.111	3252
2173.148	3313
2175.186	3296
2177.223	3274
2179.258	3235
2181.294	3212
2183.328	3253
2185.362	3210
2187.398	3271
2189.431	3263
2191.463	3232
2193.495	3238
2195.528	3292
2197.56	3254
2199.59	3233
2201.62	3237
2203.649	3243
2205.678	3301
2207.708	3217
2209.737	3229
2211.764	3235
2213.791	3223
2215.817	3222
2217.843	3218
2219.87	3209
2221.895	3222
2223.919	3240
2225.942	3272
2227.966	3281
2229.988	3287
2232.012	3209
2234.032	3265
2236.054	3158
2238.074	3185
2240.095	3282
2242.116	3212
2244.135	3224
2246.153	3177
2248.171	3213
2250.188	3230
2252.208	3247
2254.223	3217
2256.239	3267
2258.255	3222
2260.269	3200
2262.283	3286
2264.3	3243
2266.312	3173
2268.325	3205
2270.336	3248
2272.349	3216
2274.362	3240
2276.372	3212
2278.383	3209
2280.392	3269
2282.402	3218
2284.409	3271
2286.418	3146
2288.427	3339
2290.433	3213
2292.441	3238
2294.446	3248
2296.453	3238
2298.459	3263
2300.463	3246
2302.466	3255
2304.471	3261
2306.475	3204
2308.477	3159
2310.478	3253
2312.481	3163
2314.481	3184
2316.481	3194
2318.482	3203
2320.482	3156
2322.48	3235
2324.48	3211
2326.478	3142
2328.476	3219
2330.473	3156
2332.469	3214
2334.465	3216
2336.46	3200
2338.454	3185
2340.45	3205
2342.444	3161
2344.437	3182
2346.43	3134
2348.421	3164
2350.414	3124
2352.405	3218
2354.396	3174
2356.386	3202
2358.376	3126
2360.366	3150
2362.355	3199
2364.343	3178
2366.331	3210
2368.317	3174
2370.304	3196
2372.292	3174
2374.278	3119
2376.262	3132
2378.247	3176
2380.23	3187
2382.216	3077
2384.199	3155
2386.181	3279
2388.163	3191
2390.144	3152
2392.127	3163
2394.107	3195
2396.087	3103
2398.066	3147
2400.046	3273
2402.023	3172
2404.004	3132
2405.981	3145
2407.957	3096
2409.934	3170
2411.91	3118
2413.886	3128
2415.862	3103
2417.836	3173
2419.809	3138
2421.784	3163
2423.756	3093
2425.73	3115
2427.701	3178
2429.672	3097
2431.644	3132
2433.615	3106
2435.586	3151
2437.555	3228
2439.523	3119
2441.491	3133
2443.459	3150
2445.428	3151
2447.395	3103
2449.361	3190
2451.327	3090
2453.292	3117
2455.257	3119
2457.223	3116
2459.187	3208
2461.15	3137
2463.113	3121
2465.076	3037
2467.039	3168
2468.999	3047
2470.96	3047
2472.921	3149
2474.881	3069
2476.841	3115
2478.8	3124
2480.759	3115
2482.717	3050
2484.675	3090
2486.63	3091
2488.589	3108
2490.545	3017
2492.5	3190
2494.455	3107
2496.408	3141
2498.364	3072
2500.318	3184
2502.27	3050
2504.223	3118
2506.174	3158
2508.126	3110
2510.078	3053
2512.03	3054
2513.979	3096
2515.927	3068
2517.877	3119
2519.826	3125
2521.775	3068
2523.722	3133
2525.668	3117
2527.616	3057
2529.561	3076
2531.508	3013
2533.452	3103
2535.398	3096
2537.342	3115
2539.284	3099
2541.229	3071
2543.173	3091
2545.114	3109
2547.055	3096
2548.996	3010
2550.938	3086
2552.878	3105
2554.817	3141
2556.756	3135
2558.695	3099
2560.633	3083
2562.572	3178
2564.509	3006
2566.445	3050
2568.382	3134
2570.317	3067
2572.254	3014
2574.189	3130
2576.123	3097
2578.057	3135
2579.99	3120
2581.923	3140
2583.855	3036
2585.788	3118
2587.719	3048
2589.65	3085
2591.579	3059
2593.511	3137
2595.44	3179
2597.37	3090
2599.297	3106
2601.225	3101
2603.153	3016
2605.08	3140
2607.007	3170
2608.932	3065
2610.858	3029
2612.782	3096
2614.709	3125
2616.632	3091
2618.556	3093
2620.478	3164
2622.401	3058
2624.324	3128
2626.247	3173
2628.167	3054
2630.088	3163
2632.008	3169
2633.928	3135
2635.848	3077
2637.766	3065
2639.684	3125
2641.603	3103
2643.519	3132
2645.437	3114
2647.353	3118
2649.27	3058
2651.184	3161
2653.099	3170
2655.014	3101
2656.928	3034
2658.842	3148
2660.755	3130
2662.667	3113
2664.579	3104
2666.491	3090
2668.402	3080
2670.312	3076
2672.222	3083
2674.132	3138
2676.042	3136
2677.951	3086
2679.859	3043
2681.766	2995
2683.674	3089
2685.582	3119
2687.488	3062
2689.392	3055
2691.298	3052
2693.202	3124
2695.107	3094
2697.012	3105
2698.914	3044
2700.817	3027
2702.72	3006
2704.622	3046
2706.524	3065
2708.425	3066
2710.326	3102
2712.225	3098
2714.125	3130
2716.024	3050
2717.923	3096
2719.822	3025
2721.719	3057
2723.616	3073
2725.512	3079
2727.41	3080
2729.305	3004
2731.201	3066
2733.095	3066
2734.99	3059
2736.884	3126
2738.778	3004
2740.67	3078
2742.562	3079
2744.455	3092
2746.346	2997
2748.238	3042
2750.129	3065
2752.018	3027
2753.907	3008
2755.797	3076
2757.687	3097
2759.575	3042
2761.462	3055
2763.349	3079
2765.237	3142
2767.124	3082
2769.009	3082
2770.894	3025
2772.779	3054
2774.663	3007
2776.547	3061
2778.431	3030
2780.314	3100
2782.197	3038
2784.078	3086
2785.96	3021
2787.842	3091
2789.723	3037
2791.603	3031
2793.483	2940
2795.362	2993
2797.241	3045
2799.121	3053
2800.997	3028
2802.874	3009
2804.751	3008
2806.628	2988
2808.506	3092
2810.38	3040
2812.255	3033
2814.13	3061
2816.003	3043
2817.878	3005
2819.752	3069
2821.623	3015
2823.496	3003
2825.368	3061
2827.238	3045
2829.111	3070
2830.98	3048
2832.851	3087
2834.719	3067
2836.589	3092
2838.458	3117
2840.327	3090
2842.193	3072
2844.061	3103
2845.927	3100
2847.794	3097
2849.66	3022
2851.525	3172
2853.39	3138
2855.254	3130
2857.117	3126
2858.983	3160
2860.845	3171
2862.707	3111
2864.569	3232
2866.431	3190
2868.293	3187
2870.154	3278
2872.013	3326
2873.873	3319
2875.733	3217
2877.592	3327
2879.451	3370
2881.309	3356
2883.166	3429
2885.022	3446
2886.879	3424
2888.736	3416
2890.591	3437
2892.446	3512
2894.301	3435
2896.155	3587
2898.009	3457
2899.863	3499
2901.716	3458
2903.568	3475
2905.419	3522
2907.27	3479
2909.123	3545
2910.973	3502
2912.824	3474
2914.673	3538
2916.521	3642
2918.372	3675
2920.22	3697
2922.067	3646
2923.914	3771
2925.761	3789
2927.607	3726
2929.455	3818
2931.301	3842
2933.144	3953
2934.99	3863
2936.833	3961
2938.678	3937
2940.522	4040
2942.364	3975
2944.207	4147
2946.048	4078
2947.891	4180
2949.731	4081
2951.571	4148
2953.412	4170
2955.25	4112
2957.09	4143
2958.93	3997
2960.767	4097
2962.606	3945
2964.443	3917
2966.279	3869
2968.116	3801
2969.953	3778
2971.788	3732
2973.623	3720
2975.457	3695
2977.292	3689
2979.127	3598
2980.959	3576
2982.792	3564
2984.624	3602
2986.455	3529
2988.288	3604
2990.119	3538
2991.949	3365
2993.779	3463
2995.608	3422
2997.439	3335
2999.268	3361
3001.096	3352
3002.923	3261
3004.751	3254
3006.578	3160
3008.406	3205
3010.232	3213
3012.057	3214
3013.883	3113
3015.706	3185
3017.532	3104
3019.356	3201
3021.179	3031
3023.002	3062
3024.823	3028
3026.646	3034
3028.469	2904
3030.289	3005
3032.11	2992
3033.93	2962
3035.749	2944
3037.57	2941
3039.39	2983
3041.207	2942
3043.026	2959
3044.842	3009
3046.661	2915
3048.477	2975
3050.294	2999
3052.109	2951
3053.925	2902
3055.739	2982
3057.555	2946
3059.368	2956
3061.181	2936
3062.995	2958
3064.807	3002
3066.62	2889
3068.433	2961
3070.243	3001
3072.054	2954
3073.865	2952
3075.675	2977
3077.485	2907
3079.293	2952
3081.102	2907
3082.911	2868
3084.719	2873
3086.527	2852
3088.333	2888
3090.139	2859
3091.945	2904
3093.75	2927
3095.557	2816
3097.361	2835
3099.165	2881
3100.969	2912
3102.772	2874
3104.575	2856
3106.379	2826
3108.181	2902
3109.982	2869
3111.783	2809
3113.584	2793
3115.386	2864
3117.186	2842
3118.985	2798
3120.783	2821
3122.582	2874
3124.381	2806
3126.179	2884
3127.975	2828
3129.772	2778
3131.569	2849
3133.365	2870
3135.161	2852
3136.956	2877
3138.751	2815
3140.544	2757
3142.338	2839
3144.132	2866
3145.925	2763
3147.717	2829
3149.509	2794
3151.301	2798
3153.091	2821
3154.884	2770
3156.673	2833
3158.462	2849
3160.252	2748
3162.041	2776
3163.831	2754
3165.618	2804
3167.405	2795
3169.193	2767
3170.979	2826
3172.767	2828
3174.553	2811
3176.338	2825
3178.123	2763
3179.907	2777
3181.692	2785
3183.477	2779
3185.259	2775
3187.042	2776
3188.824	2792
3190.607	2783
3192.389	2771
3194.17	2783
3195.951	2743
3197.73	2841
3199.51	2858
3201.289	2725
3203.07	2774
3204.848	2839
3206.626	2809
3208.403	2756
3210.18	2825
3211.959	2795
3213.735	2799
3215.511	2793
3217.285	2806
3219.06	2788
3220.836	2873
3222.611	2754
3224.384	2844
3226.158	2822
3227.929	2807
3229.702	2792
3231.476	2723
3233.248	2880
3235.018	2714
3236.789	2745
3238.56	2758
3240.33	2824
3242.1	2767
3243.869	2839
3245.637	2783
3247.405	2752
3249.172	2703
3250.941	2787
3252.707	2736
3254.474	2826
3256.24	2770
3258.006	2815
3259.772	2750
3261.537	2792
3263.301	2765
3265.065	2794
3266.828	2817
3268.592	2789
3270.355	2829
3272.117	2850
3273.878	2848
3275.64	2817
3277.401	2908
3279.162	2827
3280.922	2791
3282.682	2825
3284.441	2799
3286.199	2830
3287.959	2794
3289.716	2774
3291.475	2871
3293.232	2734
3294.988	2789
3296.744	2818
3298.501	2795
3300.256	2796
3302.011	2769
3303.766	2754
3305.52	2778
3307.275	2740
3309.028	2806
3310.781	2796
3312.533	2852
3314.285	2827
3316.038	2805
3317.789	2867
3319.54	2827
3321.289	2842
3323.039	2808
3324.789	2773
3326.539	2835
3328.288	2812
3330.035	2762
3331.783	2782
3333.531	2776
3335.28	2769
3337.025	2766
3338.771	2796
3340.518	2802
3342.262	2745
3344.009	2778
3345.753	2717
3347.497	2758
3349.24	2776
3350.983	2830
3352.726	2703
3354.469	2781
3356.212	2761
3357.952	2732
3359.694	2826
3361.434	2770
3363.176	2725
3364.916	2769
3366.654	2643
3368.394	2697
3370.132	2829
3371.871	2717
3373.61	2689
3375.346	2763
3377.083	2736
3378.82	2757
3380.556	2765
3382.292	2747
3384.027	2618
3385.763	2709
3387.497	2710
3389.231	2697
3390.965	2749
3392.698	2649
3394.431	2766
3396.164	2699
3397.896	2672
3399.627	2731
3401.36	2661
3403.09	2683
3404.82	2698
3406.55	2722
3408.279	2702
3410.01	2729
3411.738	2634
3413.467	2731
3415.194	2777
3416.92	2661
3418.647	2680
3420.375	2679
3422.102	2730
3423.827	2696
3425.553	2615
3427.277	2704
3429.003	2650
3430.727	2614
3432.451	2608
3434.173	2619
3435.896	2686
3437.62	2604
3439.343	2636
3441.063	2593
3442.785	2604
3444.505	2626
3446.226	2599
3447.948	2676
3449.666	2636
3451.386	2586
3453.104	2617
3454.823	2672
3456.541	2623
3458.259	2571
3459.976	2613
3461.693	2585
3463.408	2600
3465.125	2522
3466.841	2512
3468.556	2615
3470.271	2558
3471.985	2624
3473.698	2627
3475.414	2601
3477.126	2574
3478.838	2562
3480.55	2621
3482.263	2552
3483.975	2573
3485.686	2567
3487.396	2477
3489.106	2536
3490.817	2555
3492.526	2522
3494.236	2558
3495.944	2536
3497.652	2513
3499.359	2545
3501.066	2524
3502.775	2498
3504.481	2541
3506.187	2507
3507.893	2482
3509.598	2498
3511.304	2475
3513.009	2503
3514.713	2515
3516.417	2480
3518.12	2485
3519.821	2495
3521.525	2484
3523.228	2457
3524.929	2496
3526.631	2465
3528.33	2489
3530.032	2516
3531.733	2479
3533.433	2456
3535.131	2449
3536.83	2428
3538.529	2498
3540.227	2479
3541.925	2505
3543.623	2474
3545.319	2418
3547.016	2459
3548.712	2432
3550.408	2454
3552.103	2385
3553.798	2399
3555.491	2371
3557.188	2371
3558.88	2431
3560.574	2365
3562.266	2401
3563.959	2398
3565.651	2436
3567.343	2458
3569.035	2412
3570.725	2439
3572.415	2434
3574.106	2504
3575.797	2449
3577.485	2406
3579.174	2358
3580.863	2391
3582.551	2399
3584.238	2403
3585.926	2342
3587.613	2358
3589.3	2338
3590.986	2281
3592.671	2376
3594.357	2355
3596.042	2349
3597.726	2400
3599.41	2337
3601.094	2335
3602.778	2371
3604.461	2319
3606.143	2299
3607.825	2308
3609.507	2290
3611.188	2299
3612.87	2301
3614.551	2379
3616.229	2337
3617.909	2265
3619.589	2323
3621.269	2337
3622.948	2273
3624.625	2241
3626.302	2330
3627.98	2335
3629.657	2269
3631.334	2276
3633.01	2248
3634.686	2269
3636.361	2347
3638.036	2279
3639.712	2278
3641.385	2193
3643.06	2279
3644.732	2270
3646.405	2248
3648.08	2281
3649.751	2204
3651.424	2225
3653.094	2194
3654.766	2198
3656.436	2241
3658.106	2255
3659.777	2226
3661.446	2271
3663.115	2210
3664.783	2201
3666.452	2267
3668.121	2186
3669.788	2258
3671.454	2219
3673.121	2191
3674.789	2224
3676.455	2234
3678.12	2256
3679.784	2265
3681.45	2178
3683.114	2214
3684.779	2238
3686.442	2191
3688.105	2224
3689.768	2203
3691.43	2212
3693.093	2151
3694.754	2179
3696.415	2141
3698.076	2190
3699.736	2197
3701.396	2191
3703.057	2256
3704.716	2197
3706.375	2194
3708.034	2194
3709.692	2178
3711.351	2167
3713.008	2205
3714.665	2164
3716.321	2107
3717.977	2124
3719.634	2167
3721.29	2223
3722.945	2154
3724.598	2176
3726.253	2218
3727.907	2173
3729.561	2157
3731.214	2158
3732.867	2130
3734.518	2163
3736.171	2152
3737.824	2122
3739.474	2103
3741.125	2124
3742.775	2201
3744.425	2121
3746.074	2178
3747.725	2133
3749.373	2123
3751.022	2123
3752.669	2107
3754.318	2157
3755.966	2098
3757.612	2166
3759.259	2075
3760.905	2101
3762.55	2159
3764.197	2125
3765.842	2102
3767.486	2105
3769.131	2130
3770.774	2114
3772.417	2069
3774.061	2134
3775.705	2134
3777.347	2128
3778.988	2128
3780.629	2091
3782.271	2152
3783.912	2106
3785.552	2122
3787.192	2121
3788.831	2093
3790.472	2125
3792.112	2086
3793.75	2121
3795.388	2128
3797.024	2129
3798.661	2100
3800.3	2080
3801.936	2043
3803.572	2108
3805.208	2080
3806.844	2054
3808.48	2129
3810.115	2012
3811.748	2029
3813.382	2152
3815.016	2077
3816.649	2045
3818.283	2070
3819.914	2066
3821.547	2062
3823.178	2037
3824.809	2087
3826.441	2032
3828.072	2093
3829.701	2047
3831.331	2021
3832.96	2031
3834.591	2067
3836.219	2001
3837.847	2022
3839.475	2031
3841.102	2038
3842.729	1998
3844.357	2062
3845.984	2037
3847.609	2038
3849.234	1981
3850.86	2051
3852.485	1973
3854.11	1960
3855.734	2034
3857.357	2046
3858.981	1999
3860.603	2021
3862.227	2041
3863.848	1972
3865.471	1997
3867.092	2077
3868.713	1954
3870.334	2037
3871.954	1996
3873.575	2004
3875.194	2004
3876.813	1976
3878.433	1970
3880.051	2031
3881.669	2049
3883.286	1932
3884.904	1993
3886.52	2008
3888.138	1976
3889.754	1980
3891.37	2012
3892.985	1978
3894.6	1996
3896.216	1982
3897.831	2006
3899.444	1942
3901.058	2026
3902.67	1970
3904.283	1968
3905.897	1969
3907.509	2001
3909.121	2000
3910.731	1962
3912.342	1931
3913.954	1978
3915.563	1964
3917.174	1948
3918.783	1978
3920.391	1929
3922.002	1969
3923.611	1976
3925.218	1952
3926.826	2004
3928.432	1963
3930.039	1933
3931.647	1953
3933.253	1973
3934.859	1997
3936.464	1944
3938.068	1966
3939.675	1961
3941.278	1964
3942.883	1982
3944.486	1923
3946.089	1965
3947.692	1986
3949.295	1968
3950.898	1934
3952.499	1989
3954.1	1924
3955.7	1919
3957.303	1947
3958.903	1968
3960.502	1877
3962.101	1945
3963.7	1951
3965.301	1910
3966.899	1890
3968.497	1943
3970.094	1933
3971.691	1927
3973.288	1902
3974.885	1899
3976.481	1935
3978.077	1914
3979.672	1920
3981.267	1864
3982.863	1918
3984.457	1934
3986.051	1879
3987.645	1915
3989.238	1928
3990.831	1904
3992.425	1904
3994.017	1850
3995.607	1876
3997.199	1880
3998.79	1879
4000.382	1955
4001.973	1864
4003.561	1881
4005.151	1886
4006.741	1929
4008.331	1896
4009.918	1893
4011.507	1875
4013.095	1849
4014.681	1890
4016.269	1837
4017.856	1835
4019.443	1871
4021.028	1845
4022.614	1884
4024.199	1834
4025.785	1825
4027.37	1856
4028.953	1868
4030.536	1856
4032.12	1893
4033.704	1839
4035.287	1799
4036.869	1874
4038.45	1862
4040.032	1789
4041.613	1887
4043.195	1821
4044.776	1791
4046.356	1849
4047.935	1814
4049.515	1856
4051.095	1822
4052.674	1859
4054.251	1810
4055.829	1765
4057.406	1774
4058.985	1861
4060.562	1820
4062.139	1757
4063.715	1814
4065.29	1803
4066.865	1774
4068.442	1777
4070.016	1809
4071.59	1771
4073.164	1792
4074.738	1815
4076.312	1832
4077.885	1795
4079.458	1824
4081.03	1791
4082.602	1796
4084.173	1772
4085.745	1754
4087.315	1769
4088.886	1751
4090.456	1805
4092.026	1791
4093.596	1743
4095.165	1782
4096.734	1799
4098.301	1803
4099.869	1762
4101.437	1791
4103.006	1783
4104.572	1785
4106.139	1802
4107.704	1805
4109.27	1753
4110.837	1764
4112.401	1773
4113.966	1822
4115.53	1768
4117.094	1751
4118.659	1735
4120.223	1764
4121.785	1738
4123.347	1777
4124.909	1781
4126.471	1783
4128.034	1779
4129.595	1818
4131.155	1738
4132.716	1732
4134.275	1729
4135.836	1738
4137.395	1778
4138.955	1691
4140.513	1765
4142.071	1807
4143.628	1727
4145.188	1727
4146.745	1721
4148.302	1738
4149.858	1721
4151.414	1759
4152.971	1760
4154.526	1721
4156.081	1729
4157.635	1746
4159.189	1700
4160.745	1752
4162.298	1688
4163.852	1727
4165.405	1701
4166.957	1700
4168.51	1687
4170.063	1750
4171.614	1697
4173.166	1673
4174.717	1667
4176.267	1722
4177.817	1759
4179.368	1687
4180.917	1693
4182.466	1674
4184.016	1689
4185.564	1671
4187.112	1664
4188.66	1643
4190.207	1703
4191.754	1682
4193.301	1682
4194.848	1692
4196.394	1714
4197.94	1703
4199.484	1658
4201.03	1689
4202.575	1623
4204.12	1660
4205.663	1716
4207.207	1658
4208.75	1679
4210.292	1687
4211.836	1699
4213.378	1676
4214.92	1670
4216.46	1677
4218.002	1707
4219.544	1668
4221.083	1660
4222.625	1702
4224.164	1685
4225.703	1667
4227.244	1672
4228.782	1651
4230.32	1635
4231.857	1668
4233.395	1682
4234.933	1693
4236.471	1656
4238.007	1620
4239.542	1699
4241.078	1634
4242.614	1657
4244.15	1671
4245.685	1656
4247.219	1715
4248.753	1615
4250.287	1617
4251.82	1649
4253.354	1605
4254.887	1642
4256.419	1615
4257.951	1647
4259.483	1639
4261.016	1619
4262.547	1581
4264.078	1670
4265.608	1639
4267.137	1637
4268.668	1608
4270.197	1612
4271.727	1601
4273.254	1609
4274.783	1690
4276.311	1585
4277.84	1643
4279.366	1621
4280.894	1578
4282.42	1575
4283.946	1597
4285.473	1569
4286.998	1581
4288.523	1592
4290.047	1626
4291.572	1639
4293.096	1640
4294.622	1605
4296.144	1595
4297.668	1602
4299.19	1618
4300.713	1605
4302.236	1581
4303.758	1585
4305.279	1580
4306.799	1565
4308.321	1561
4309.842	1561
4311.361	1645
4312.882	1590
4314.401	1607
