400.0961	2271
402.6185	2292
405.1424	2280
407.6635	2280
410.1838	2329
412.7035	2307
415.2225	2318
417.7388	2344
420.2585	2350
422.7754	2321
425.2917	2407
427.8072	2394
430.3221	2457
432.8363	2496
435.3498	2488
437.8626	2444
440.3727	2481
442.8841	2451
445.3969	2413
447.907	2474
450.4142	2474
452.9229	2415
455.4289	2401
457.9362	2428
460.4449	2385
462.9488	2366
465.454	2408
467.9566	2413
470.4604	2454
472.9637	2412
475.4662	2336
477.966	2438
480.4671	2353
482.9656	2363
485.4633	2384
487.9645	2396
490.4608	2360
492.9566	2403
495.4536	2423
497.948	2462
500.4437	2448
502.9387	2472
505.431	2327
507.9226	2408
510.4136	2424
512.9079	2456
515.3975	2475
517.8864	2530
520.3746	2428
522.8622	2458
525.3491	2406
527.8394	2443
530.3249	2465
532.8098	2491
535.2939	2478
537.7774	2501
540.2623	2494
542.7444	2444
545.2259	2428
547.7067	2421
550.1868	2473
552.6683	2462
555.147	2469
557.6231	2494
560.1005	2502
562.5773	2452
565.0534	2469
567.5308	2523
570.0056	2482
572.4776	2510
574.951	2557
577.4237	2597
579.8978	2568
582.3671	2594
584.8378	2600
587.3079	2600
589.7773	2552
592.244	2567
594.714	2567
597.1793	2591
599.6461	2575
602.1121	2525
604.5754	2538
607.0421	2546
609.5042	2521
611.9675	2609
614.4282	2562
616.8902	2515
619.3515	2569
621.8122	2539
624.2702	2501
626.7296	2455
629.1863	2526
631.6423	2527
634.1017	2507
636.5563	2556
639.0104	2516
641.4658	2489
643.9185	2461
646.3725	2465
648.8239	2630
651.2766	2591
653.7266	2532
656.176	2520
658.6247	2535
661.0748	2527
663.5242	2597
665.9709	2481
668.417	2553
670.8624	2530
673.3092	2591
675.7533	2552
678.1968	2629
680.6395	2575
683.0817	2529
685.5251	2647
687.9659	2523
690.4061	2602
692.8456	2589
695.2844	2584
697.7226	2608
700.1621	2623
702.599	2637
705.0332	2599
707.4688	2617
709.9036	2613
712.3399	2652
714.7735	2625
717.2044	2637
719.6367	2695
722.0683	2659
724.4993	2594
726.9296	2638
729.3593	2636
731.7883	2659
734.2147	2656
736.6423	2694
739.0714	2664
741.4958	2729
743.9216	2745
746.3447	2723
748.7691	2635
751.1929	2781
753.616	2753
756.0366	2716
758.4584	2700
760.8776	2795
763.2982	2817
765.718	2774
768.1373	2711
770.5539	2682
772.9698	2712
775.3871	2712
777.8038	2714
780.2178	2742
782.6332	2768
785.0459	2762
787.458	2833
789.8714	2802
792.2842	2754
794.6943	2676
797.1038	2820
799.5127	2800
801.9209	2764
804.3324	2755
806.7393	2791
809.1456	2759
811.5513	2805
813.9562	2810
816.3625	2929
818.7663	2846
821.1693	2783
823.5718	2807
825.9735	2783
828.3746	2861
830.7771	2769
833.177	2843
835.5762	2774
837.9747	2823
840.3727	2876
842.772	2861
845.1666	2872
847.5626	2950
849.958	2882
852.3527	2846
854.7488	2937
857.1403	2918
859.5331	2952
861.9253	3009
864.3168	2870
866.7057	2958
869.098	2946
871.4876	2900
873.8746	2903
876.263	2844
878.6487	2840
881.0378	2905
883.4243	2854
885.8081	2930
888.1933	2919
890.5759	2857
892.9598	2875
895.343	2887
897.7256	2832
900.1057	2848
902.4871	2898
904.8659	2908
907.246	2912
909.6254	2953
912.0023	2866
914.3786	2946
916.7562	2913
919.1331	3064
921.5074	3067
923.8831	3108
926.2562	3057
928.6287	3040
931.0005	3045
933.3757	3110
935.7462	3121
938.1162	3073
940.4855	3155
942.8542	3215
945.2242	3250
947.5916	3275
949.9584	3449
952.3266	3461
954.6921	3802
957.0571	3937
959.4233	4140
961.787	4239
964.15	4163
966.5125	4114
968.8742	3886
971.2354	3575
973.5959	3429
975.9559	3323
978.3151	3198
980.6738	3090
983.0338	3112
985.3912	3042
987.7461	2985
990.1022	2973
992.4578	3032
994.8127	2978
997.1689	2994
999.5207	2984
1001.874	2995
1004.226	3007
1006.576	2956
1008.929	3047
1011.28	3055
1013.628	2955
1015.977	2974
1018.324	3038
1020.674	3055
1023.019	2994
1025.366	2993
1027.713	3106
1030.056	3056
1032.399	3126
1034.746	3142
1037.087	3163
1039.431	3124
1041.771	3078
1044.113	3141
1046.454	3119
1048.793	3212
1051.133	3104
1053.471	3103
1055.807	3053
1058.146	3137
1060.483	3074
1062.818	3159
1065.153	3156
1067.489	3162
1069.822	3169
1072.156	3301
1074.488	3205
1076.82	3213
1079.15	3192
1081.48	3178
1083.814	3167
1086.143	3121
1088.471	3072
1090.799	3098
1093.126	3053
1095.452	3039
1097.78	3010
1100.105	3069
1102.43	3101
1104.754	3097
1107.077	2996
1109.4	3131
1111.722	3108
1114.044	3076
1116.365	3057
1118.685	3067
1121.005	3046
1123.324	3107
1125.643	3011
1127.961	3017
1130.278	3019
1132.595	3099
1134.911	3054
1137.226	3087
1139.541	3052
1141.854	3060
1144.167	3026
1146.482	3041
1148.793	3076
1151.105	3047
1153.414	3040
1155.725	3049
1158.033	3098
1160.344	3036
1162.651	3065
1164.959	3037
1167.265	3089
1169.572	3065
1171.878	3074
1174.184	3102
1176.488	3132
1178.79	3013
1181.094	3057
1183.396	3106
1185.699	3060
1188.001	3054
1190.301	3107
1192.6	3139
1194.9	3029
1197.2	3027
1199.497	3120
1201.794	3089
1204.09	3040
1206.387	3043
1208.684	3063
1210.978	3057
1213.272	3059
1215.565	3065
1217.858	3114
1220.15	3144
1222.443	3117
1224.734	3055
1227.024	3176
1229.313	3129
1231.602	3173
1233.892	3176
1236.18	3207
1238.467	3163
1240.754	3281
1243.04	3303
1245.325	3235
1247.612	3239
1249.896	3240
1252.178	3272
1254.461	3248
1256.743	3226
1259.027	3265
1261.308	3207
1263.587	3299
1265.867	3275
1268.146	3224
1270.425	3237
1272.703	3299
1274.981	3292
1277.256	3287
1279.532	3244
1281.808	3191
1284.083	3233
1286.358	3245
1288.63	3238
1290.904	3245
1293.175	3212
1295.449	3210
1297.719	3287
1299.99	3154
1302.259	3184
1304.529	3197
1306.798	3163
1309.065	3180
1311.333	3244
1313.599	3162
1315.866	3201
1318.131	3111
1320.396	3180
1322.66	3267
1324.925	3232
1327.187	3182
1329.448	3237
1331.711	3224
1333.974	3202
1336.234	3137
1338.493	3175
1340.752	3155
1343.01	3159
1345.269	3132
1347.526	3223
1349.784	3156
1352.04	3137
1354.295	3218
1356.552	3161
1358.806	3177
1361.059	3227
1363.312	3140
1365.564	3128
1367.818	3188
1370.069	3206
1372.318	3172
1374.568	3234
1376.817	3191
1379.066	3216
1381.316	3204
1383.564	3262
1385.809	3198
1388.056	3240
1390.301	3256
1392.549	3223
1394.793	3312
1397.036	3286
1399.279	3210
1401.522	3223
1403.763	3231
1406.007	3311
1408.248	3241
1410.487	3286
1412.727	3354
1414.965	3252
1417.205	3297
1419.442	3286
1421.68	3350
1423.915	3311
1426.152	3340
1428.388	3288
1430.623	3293
1432.857	3330
1435.091	3311
1437.323	3313
1439.556	3306
1441.789	3306
1444.019	3340
1446.25	3378
1448.48	3429
1450.708	3453
1452.938	3447
1455.167	3342
1457.394	3377
1459.62	3395
1461.846	3380
1464.073	3424
1466.299	3356
1468.523	3307
1470.746	3318
1472.969	3345
1475.191	3362
1477.415	3289
1479.636	3210
1481.858	3238
1484.078	3282
1486.298	3244
1488.518	3212
1490.736	3198
1492.954	3221
1495.169	3265
1497.386	3247
1499.602	3143
1501.819	3110
1504.034	3188
1506.248	3156
1508.462	3097
1510.675	3206
1512.888	3183
1515.1	3207
1517.311	3233
1519.522	3211
1521.732	3251
1523.942	3210
1526.151	3221
1528.36	3200
1530.566	3135
1532.773	3231
1534.98	3149
1537.187	3124
1539.392	3092
1541.596	3263
1543.801	3251
1546.005	3191
1548.208	3134
1550.411	3210
1552.612	3204
1554.814	3189
1557.013	3219
1559.212	3224
1561.414	3308
1563.612	3264
1565.811	3268
1568.007	3282
1570.203	3299
1572.403	3232
1574.598	3219
1576.792	3197
1578.988	3201
1581.181	3210
1583.376	3305
1585.568	3269
1587.761	3220
1589.952	3258
1592.143	3290
1594.333	3287
1596.524	3279
1598.715	3254
1600.903	3292
1603.091	3319
1605.278	3326
1607.466	3282
1609.652	3316
1611.838	3412
1614.023	3275
1616.207	3378
1618.391	3283
1620.576	3364
1622.759	3341
1624.941	3273
1627.123	3398
1629.304	3366
1631.484	3321
1633.664	3338
1635.844	3454
1638.022	3344
1640.201	3419
1642.38	3362
1644.556	3358
1646.732	3332
1648.908	3375
1651.084	3420
1653.257	3383
1655.433	3507
1657.607	3387
1659.779	3493
1661.951	3436
1664.122	3473
1666.295	3410
1668.467	3428
1670.635	3446
1672.805	3421
1674.973	3424
1677.142	3501
1679.31	3471
1681.478	3425
1683.644	3383
1685.81	3450
1687.975	3460
1690.142	3420
1692.305	3375
1694.468	3426
1696.632	3391
1698.794	3401
1700.957	3371
1703.119	3355
1705.279	3346
1707.439	3282
1709.598	3353
1711.758	3335
1713.917	3254
1716.075	3337
1718.231	3257
1720.388	3289
1722.543	3261
1724.702	3281
1726.856	3283
1729.01	3297
1731.164	3206
1733.317	3280
1735.471	3322
1737.623	3311
1739.774	3294
1741.925	3288
1744.075	3265
1746.225	3333
1748.376	3252
1750.524	3259
1752.672	3254
1754.82	3359
1756.965	3375
1759.113	3311
1761.259	3332
1763.405	3315
1765.549	3332
1767.694	3392
1769.836	3270
1771.981	3330
1774.123	3322
1776.264	3274
1778.405	3380
1780.546	3319
1782.687	3301
1784.827	3299
1786.966	3363
1789.103	3311
1791.242	3364
1793.381	3311
1795.517	3357
1797.653	3308
1799.788	3343
1801.923	3371
1804.057	3295
1806.193	3284
1808.326	3307
1810.457	3284
1812.59	3342
1814.721	3361
1816.855	3321
1818.984	3268
1821.113	3318
1823.244	3307
1825.372	3323
1827.499	3286
1829.63	3338
1831.756	3319
1833.882	3350
1836.007	3307
1838.132	3369
1840.26	3280
1842.384	3290
1844.507	3206
1846.63	3327
1848.752	3302
1850.875	3303
1852.996	3371
1855.118	3310
1857.238	3313
1859.358	3319
1861.477	3271
1863.597	3416
1865.715	3332
1867.832	3278
1869.948	3265
1872.064	3347
1874.181	3350
1876.297	3349
1878.411	3314
1880.526	3441
1882.639	3349
1884.752	3314
1886.865	3301
1888.977	3298
1891.089	3335
1893.2	3339
1895.308	3311
1897.42	3317
1899.53	3319
1901.639	3330
1903.745	3401
1905.853	3344
1907.962	3317
1910.067	3411
1912.174	3433
1914.278	3367
1916.383	3389
1918.486	3395
1920.592	3364
1922.694	3345
1924.797	3321
1926.898	3321
1929	3382
1931.102	3381
1933.203	3403
1935.301	3346
1937.401	3390
1939.499	3436
1941.598	3380
1943.697	3332
1945.793	3381
1947.888	3416
1949.985	3372
1952.08	3430
1954.176	3329
1956.269	3349
1958.364	3378
1960.457	3458
1962.549	3393
1964.642	3324
1966.733	3377
1968.823	3386
1970.913	3415
1973.005	3397
1975.093	3377
1977.184	3443
1979.271	3369
1981.359	3421
1983.446	3369
1985.532	3393
1987.619	3298
1989.705	3353
1991.789	3320
1993.874	3383
1995.956	3400
1998.041	3379
2000.123	3408
2002.206	3376
2004.287	3370
2006.368	3286
2008.449	3289
2010.529	3347
2012.609	3379
2014.688	3355
2016.766	3338
2018.843	3260
2020.922	3389
2022.999	3343
2025.074	3342
2027.15	3256
2029.225	3309
2031.299	3370
2033.375	3351
2035.447	3400
2037.52	3261
2039.592	3343
2041.664	3366
2043.736	3303
2045.807	3356
2047.876	3388
2049.947	3286
2052.015	3346
2054.086	3372
2056.153	3374
2058.221	3316
2060.288	3390
2062.353	3400
2064.42	3300
2066.486	3371
2068.55	3346
2070.614	3380
2072.678	3403
2074.741	3365
2076.805	3452
2078.866	3372
2080.929	3318
2082.99	3409
2085.049	3336
2087.109	3440
2089.17	3360
2091.228	3338
2093.286	3312
2095.344	3370
2097.4	3360
2099.46	3376
2101.516	3312
2103.572	3412
2105.626	3444
2107.679	3389
2109.735	3324
2111.788	3303
2113.841	3349
2115.894	3371
2117.945	3361
2119.997	3327
2122.049	3357
2124.1	3377
2126.148	3297
2128.197	3326
2130.246	3331
2132.296	3366
2134.342	3319
2136.39	3356
2138.437	3372
2140.483	3369
2142.527	3275
2144.574	3382
2146.619	3308
2148.661	3373
2150.705	3304
2152.747	3349
2154.792	3371
2156.832	3366
2158.874	3384
2160.915	3328
2162.954	3348
2164.995	3307
2167.034	3333
2169.072	3300
2171.111	3333
2173.148	3302
2175.186	3382
2177.223	3308
2179.258	3428
2181.294	3310
2183.328	3387
2185.362	3343
2187.398	3275
2189.431	3306
2191.463	3306
2193.495	3319
2195.528	3311
2197.56	3328
2199.59	3317
2201.62	3310
2203.649	3278
2205.678	3296
2207.708	3295
2209.737	3316
2211.764	3332
2213.791	3274
2215.817	3265
2217.843	3344
2219.87	3274
2221.895	3307
2223.919	3261
2225.942	3306
2227.966	3309
2229.988	3368
2232.012	3322
2234.032	3357
2236.054	3280
2238.074	3292
2240.095	3311
2242.116	3329
2244.135	3337
2246.153	3314
2248.171	3220
2250.188	3251
2252.208	3289
2254.223	3274
2256.239	3340
2258.255	3228
2260.269	3411
2262.283	3219
2264.3	3326
2266.312	3242
2268.325	3309
2270.336	3351
2272.349	3208
2274.362	3375
2276.372	3340
2278.383	3272
2280.392	3299
2282.402	3281
2284.409	3327
2286.418	3293
2288.427	3373
2290.433	3247
2292.441	3293
2294.446	3282
2296.453	3274
2298.459	3244
2300.463	3349
2302.466	3274
2304.471	3338
2306.475	3313
2308.477	3285
2310.478	3407
2312.481	3266
2314.481	3243
2316.481	3352
2318.482	3340
2320.482	3394
2322.48	3285
2324.48	3276
2326.478	3335
2328.476	3320
2330.473	3297
2332.469	3305
2334.465	3281
2336.46	3198
2338.454	3335
2340.45	3332
2342.444	3234
2344.437	3206
2346.43	3305
2348.421	3258
2350.414	3266
2352.405	3242
2354.396	3237
2356.386	3209
2358.376	3208
2360.366	3227
2362.355	3209
2364.343	3228
2366.331	3220
2368.317	3187
2370.304	3188
2372.292	3284
2374.278	3272
2376.262	3266
2378.247	3260
2380.23	3254
2382.216	3248
2384.199	3315
2386.181	3257
2388.163	3279
2390.144	3236
2392.127	3289
2394.107	3219
2396.087	3217
2398.066	3254
2400.046	3239
2402.023	3208
2404.004	3192
2405.981	3169
2407.957	3169
2409.934	3237
2411.91	3174
2413.886	3313
2415.862	3168
2417.836	3224
2419.809	3214
2421.784	3166
2423.756	3278
2425.73	3242
2427.701	3212
2429.672	3217
2431.644	3147
2433.615	3232
2435.586	3183
2437.555	3187
2439.523	3258
2441.491	3152
2443.459	3262
2445.428	3196
2447.395	3228
2449.361	3197
2451.327	3208
2453.292	3226
2455.257	3228
2457.223	3252
2459.187	3285
2461.15	3255
2463.113	3229
2465.076	3225
2467.039	3184
2468.999	3185
2470.96	3216
2472.921	3150
2474.881	3233
2476.841	3239
2478.8	3235
2480.759	3159
2482.717	3148
2484.675	3183
2486.63	3144
2488.589	3200
2490.545	3191
2492.5	3173
2494.455	3178
2496.408	3098
2498.364	3182
2500.318	3168
2502.27	3183
2504.223	3148
2506.174	3218
2508.126	3161
2510.078	3169
2512.03	3216
2513.979	3221
2515.927	3162
2517.877	3183
2519.826	3193
2521.775	3249
2523.722	3110
2525.668	3211
2527.616	3227
2529.561	3159
2531.508	3239
2533.452	3197
2535.398	3205
2537.342	3198
2539.284	3171
2541.229	3186
2543.173	3063
2545.114	3174
2547.055	3152
2548.996	3229
2550.938	3183
2552.878	3163
2554.817	3197
2556.756	3189
2558.695	3136
2560.633	3137
2562.572	3138
2564.509	3128
2566.445	3149
2568.382	3144
2570.317	3191
2572.254	3170
2574.189	3170
2576.123	3140
2578.057	3124
2579.99	3247
2581.923	3206
2583.855	3191
2585.788	3134
2587.719	3219
2589.65	3252
2591.579	3227
2593.511	3162
2595.44	3239
2597.37	3212
2599.297	3224
2601.225	3188
2603.153	3153
2605.08	3078
2607.007	3208
2608.932	3165
2610.858	3171
2612.782	3165
2614.709	3212
2616.632	3189
2618.556	3253
2620.478	3217
2622.401	3181
2624.324	3219
2626.247	3210
2628.167	3205
2630.088	3225
2632.008	3152
2633.928	3195
2635.848	3127
2637.766	3230
2639.684	3169
2641.603	3213
2643.519	3255
2645.437	3201
2647.353	3245
2649.27	3127
2651.184	3197
2653.099	3221
2655.014	3225
2656.928	3191
2658.842	3254
2660.755	3173
2662.667	3220
2664.579	3207
2666.491	3106
2668.402	3156
2670.312	3245
2672.222	3250
2674.132	3106
2676.042	3171
2677.951	3266
2679.859	3134
2681.766	3289
2683.674	3185
2685.582	3179
2687.488	3176
2689.392	3132
2691.298	3069
2693.202	3160
2695.107	3169
2697.012	3187
2698.914	3229
2700.817	3164
2702.72	3153
2704.622	3138
2706.524	3189
2708.425	3150
2710.326	3141
2712.225	3175
2714.125	3146
2716.024	3198
2717.923	3125
2719.822	3141
2721.719	3083
2723.616	3175
2725.512	3138
2727.41	3077
2729.305	3150
2731.201	3150
2733.095	3126
2734.99	3154
2736.884	3252
2738.778	3130
2740.67	3164
2742.562	3186
2744.455	3156
2746.346	3174
2748.238	3138
2750.129	3191
2752.018	3199
2753.907	3167
2755.797	3099
2757.687	3173
2759.575	3076
2761.462	3098
2763.349	3148
2765.237	3152
2767.124	3120
2769.009	3090
2770.894	3156
2772.779	3081
2774.663	3191
2776.547	3085
2778.431	3149
2780.314	3195
2782.197	3131
2784.078	3160
2785.96	3104
2787.842	3056
2789.723	3097
2791.603	3154
2793.483	3202
2795.362	3170
2797.241	3109
2799.121	3147
2800.997	3101
2802.874	3104
2804.751	3175
2806.628	3141
2808.506	3111
2810.38	3076
2812.255	3089
2814.13	3086
2816.003	3042
2817.878	3075
2819.752	3116
2821.623	3173
2823.496	3134
2825.368	3131
2827.238	3184
2829.111	3155
2830.98	3079
2832.851	3187
2834.719	3175
2836.589	3126
2838.458	3144
2840.327	3071
2842.193	3160
2844.061	3124
2845.927	3176
2847.794	3139
2849.66	3117
2851.525	3147
2853.39	3101
2855.254	3190
2857.117	3147
2858.983	3199
2860.845	3192
2862.707	3203
2864.569	3247
2866.431	3246
2868.293	3372
2870.154	3314
2872.013	3261
2873.873	3380
2875.733	3357
2877.592	3490
2879.451	3452
2881.309	3544
2883.166	3494
2885.022	3532
2886.879	3509
2888.736	3456
2890.591	3481
2892.446	3563
2894.301	3530
2896.155	3568
2898.009	3566
2899.863	3514
2901.716	3457
2903.568	3558
2905.419	3561
2907.27	3636
2909.123	3581
2910.973	3515
2912.824	3539
2914.673	3716
2916.521	3669
2918.372	3821
2920.22	3795
2922.067	3759
2923.914	3846
2925.761	3955
2927.607	3949
2929.455	3887
2931.301	4003
2933.144	3964
2934.99	4016
2936.833	4069
2938.678	4159
2940.522	4201
2942.364	4211
2944.207	4318
2946.048	4260
2947.891	4280
2949.731	4178
2951.571	4260
2953.412	4297
2955.25	4194
2957.09	4101
2958.93	4041
2960.767	4093
2962.606	4016
2964.443	3943
2966.279	3942
2968.116	3851
2969.953	3895
2971.788	3859
2973.623	3769
2975.457	3769
2977.292	3727
2979.127	3732
2980.959	3762
2982.792	3716
2984.624	3603
2986.455	3680
2988.288	3621
2990.119	3679
2991.949	3599
2993.779	3587
2995.608	3567
2997.439	3437
2999.268	3516
3001.096	3516
3002.923	3358
3004.751	3333
3006.578	3312
3008.406	3361
3010.232	3257
3012.057	3314
3013.883	3148
3015.706	3244
3017.532	3179
3019.356	3243
3021.179	3147
3023.002	3157
3024.823	3181
3026.646	3096
3028.469	3131
3030.289	3113
3032.11	3109
3033.93	3124
3035.749	3056
3037.57	3068
3039.39	3069
3041.207	3080
3043.026	3051
3044.842	3088
3046.661	3012
3048.477	2997
3050.294	3064
3052.109	3031
3053.925	3033
3055.739	2999
3057.555	3044
3059.368	3083
3061.181	3010
3062.995	3061
3064.807	3062
3066.62	3031
3068.433	2994
3070.243	2991
3072.054	3019
3073.865	3033
3075.675	3020
3077.485	3074
3079.293	3037
3081.102	2939
3082.911	3041
3084.719	3067
3086.527	3044
3088.333	2951
3090.139	3050
3091.945	2933
3093.75	2936
3095.557	2957
3097.361	3056
3099.165	2966
3100.969	2952
3102.772	2927
3104.575	3046
3106.379	2931
3108.181	2928
3109.982	2934
3111.783	2933
3113.584	2856
3115.386	2837
3117.186	2942
3118.985	2922
3120.783	2867
3122.582	2883
3124.381	2988
3126.179	2921
3127.975	2945
3129.772	2891
3131.569	2918
3133.365	2919
3135.161	2884
3136.956	2906
3138.751	2924
3140.544	2898
3142.338	2947
3144.132	2927
3145.925	2891
3147.717	2889
3149.509	2919
3151.301	2885
3153.091	2886
3154.884	2919
3156.673	2882
3158.462	2893
3160.252	2887
3162.041	2887
3163.831	2904
3165.618	2897
3167.405	2934
3169.193	2915
3170.979	2916
3172.767	2919
3174.553	2897
3176.338	2893
3178.123	2868
3179.907	2837
3181.692	2871
3183.477	2882
3185.259	2892
3187.042	2853
3188.824	2850
3190.607	2903
3192.389	2935
3194.17	2887
3195.951	2817
3197.73	2892
3199.51	2862
3201.289	2948
3203.07	2843
3204.848	2935
3206.626	2920
3208.403	2853
3210.18	2904
3211.959	2839
3213.735	2849
3215.511	2851
3217.285	2849
3219.06	2885
3220.836	2923
3222.611	2952
3224.384	2900
3226.158	2800
3227.929	2894
3229.702	2888
3231.476	2890
3233.248	2907
3235.018	2863
3236.789	2813
3238.56	2913
3240.33	2874
3242.1	2916
3243.869	2880
3245.637	2892
3247.405	2874
3249.172	2837
3250.941	2851
3252.707	2942
3254.474	2901
3256.24	2907
3258.006	2858
3259.772	2855
3261.537	2953
3263.301	2863
3265.065	2904
3266.828	2841
3268.592	2970
3270.355	2940
3272.117	2927
3273.878	2950
3275.64	2898
3277.401	2922
3279.162	2887
3280.922	2929
3282.682	2907
3284.441	2895
3286.199	2908
3287.959	2922
3289.716	2871
3291.475	2913
3293.232	2937
3294.988	2915
3296.744	2923
3298.501	2872
3300.256	2884
3302.011	2947
3303.766	2884
3305.52	2986
3307.275	2880
3309.028	2995
3310.781	2949
3312.533	2882
3314.285	2894
3316.038	2857
3317.789	2920
3319.54	2950
3321.289	2986
3323.039	2917
3324.789	2920
3326.539	2890
3328.288	2956
3330.035	2918
3331.783	2899
3333.531	2923
3335.28	2882
3337.025	2935
3338.771	2886
3340.518	2874
3342.262	2953
3344.009	2926
3345.753	2929
3347.497	2933
3349.24	2882
3350.983	2830
3352.726	2908
3354.469	2931
3356.212	2920
3357.952	2893
3359.694	2825
3361.434	2863
3363.176	2838
3364.916	2954
3366.654	2825
3368.394	2880
3370.132	2816
3371.871	2813
3373.61	2862
3375.346	2789
3377.083	2807
3378.82	2775
3380.556	2887
3382.292	2826
3384.027	2848
3385.763	2825
3387.497	2868
3389.231	2815
3390.965	2845
3392.698	2774
3394.431	2793
3396.164	2846
3397.896	2862
3399.627	2828
3401.36	2801
3403.09	2770
3404.82	2749
3406.55	2821
3408.279	2831
3410.01	2856
3411.738	2872
3413.467	2804
3415.194	2810
3416.92	2801
3418.647	2762
3420.375	2765
3422.102	2808
3423.827	2728
3425.553	2770
3427.277	2803
3429.003	2808
3430.727	2746
3432.451	2809
3434.173	2759
3435.896	2703
3437.62	2741
3439.343	2717
3441.063	2874
3442.785	2736
3444.505	2712
3446.226	2800
3447.948	2743
3449.666	2713
3451.386	2735
3453.104	2776
3454.823	2764
3456.541	2697
3458.259	2718
3459.976	2673
3461.693	2673
3463.408	2661
3465.125	2756
3466.841	2730
3468.556	2644
3470.271	2711
3471.985	2680
3473.698	2696
3475.414	2695
3477.126	2757
3478.838	2703
3480.55	2705
3482.263	2664
3483.975	2657
3485.686	2616
3487.396	2615
3489.106	2581
3490.817	2665
3492.526	2606
3494.236	2578
3495.944	2658
3497.652	2668
3499.359	2627
3501.066	2694
3502.775	2664
3504.481	2679
3506.187	2703
3507.893	2624
3509.598	2611
3511.304	2631
3513.009	2648
3514.713	2597
3516.417	2609
3518.12	2616
3519.821	2585
3521.525	2541
3523.228	2563
3524.929	2628
3526.631	2582
3528.33	2552
3530.032	2578
3531.733	2549
3533.433	2651
3535.131	2612
3536.83	2567
3538.529	2510
3540.227	2531
3541.925	2539
3543.623	2573
3545.319	2566
3547.016	2615
3548.712	2515
3550.408	2559
3552.103	2510
3553.798	2600
3555.491	2522
3557.188	2592
3558.88	2563
3560.574	2491
3562.266	2536
3563.959	2541
3565.651	2567
3567.343	2554
3569.035	2494
3570.725	2492
3572.415	2486
3574.106	2464
3575.797	2542
3577.485	2521
3579.174	2542
3580.863	2558
3582.551	2480
3584.238	2512
3585.926	2448
3587.613	2446
3589.3	2475
3590.986	2388
3592.671	2463
3594.357	2466
3596.042	2502
3597.726	2410
3599.41	2462
3601.094	2441
3602.778	2413
3604.461	2382
3606.143	2375
3607.825	2392
3609.507	2463
3611.188	2384
3612.87	2392
3614.551	2476
3616.229	2377
3617.909	2393
3619.589	2422
3621.269	2375
3622.948	2374
3624.625	2385
3626.302	2383
3627.98	2410
3629.657	2396
3631.334	2389
3633.01	2380
3634.686	2378
3636.361	2343
3638.036	2344
3639.712	2385
3641.385	2358
3643.06	2397
3644.732	2367
3646.405	2379
3648.08	2309
3649.751	2367
3651.424	2354
3653.094	2327
3654.766	2297
3656.436	2383
3658.106	2256
3659.777	2292
3661.446	2291
3663.115	2358
3664.783	2333
3666.452	2343
3668.121	2333
3669.788	2300
3671.454	2329
3673.121	2268
3674.789	2275
3676.455	2296
3678.12	2228
3679.784	2331
3681.45	2305
3683.114	2313
3684.779	2278
3686.442	2263
3688.105	2293
3689.768	2302
3691.43	2304
3693.093	2329
3694.754	2220
3696.415	2279
3698.076	2302
3699.736	2271
3701.396	2302
3703.057	2240
3704.716	2308
3706.375	2259
3708.034	2264
3709.692	2234
3711.351	2310
3713.008	2257
3714.665	2287
3716.321	2237
3717.977	2267
3719.634	2279
3721.29	2289
3722.945	2289
3724.598	2224
3726.253	2266
3727.907	2258
3729.561	2215
3731.214	2187
3732.867	2176
3734.518	2179
3736.171	2226
3737.824	2268
3739.474	2243
3741.125	2208
3742.775	2180
3744.425	2278
3746.074	2207
3747.725	2254
3749.373	2233
3751.022	2213
3752.669	2181
3754.318	2215
3755.966	2257
3757.612	2271
3759.259	2231
3760.905	2130
3762.55	2195
3764.197	2185
3765.842	2232
3767.486	2189
3769.131	2250
3770.774	2191
3772.417	2267
3774.061	2206
3775.705	2240
3777.347	2164
3778.988	2248
3780.629	2152
3782.271	2227
3783.912	2176
3785.552	2202
3787.192	2232
3788.831	2171
3790.472	2205
3792.112	2152
3793.75	2171
3795.388	2226
3797.024	2170
3798.661	2126
3800.3	2166
3801.936	2180
3803.572	2191
3805.208	2169
3806.844	2178
3808.48	2153
3810.115	2245
3811.748	2159
3813.382	2148
3815.016	2196
3816.649	2155
3818.283	2167
3819.914	2122
3821.547	2065
3823.178	2191
3824.809	2146
3826.441	2093
3828.072	2163
3829.701	2136
3831.331	2070
3832.96	2138
3834.591	2179
3836.219	2119
3837.847	2159
3839.475	2150
3841.102	2122
3842.729	2117
3844.357	2161
3845.984	2054
3847.609	2144
3849.234	2085
3850.86	2088
3852.485	2106
3854.11	2141
3855.734	2083
3857.357	2123
3858.981	2121
3860.603	2118
3862.227	2090
3863.848	2127
3865.471	2096
3867.092	2113
3868.713	2093
3870.334	2103
3871.954	2083
3873.575	2056
3875.194	2135
3876.813	2105
3878.433	2038
3880.051	2071
3881.669	2066
3883.286	1999
3884.904	2085
3886.52	2059
3888.138	2064
3889.754	2149
3891.37	2123
3892.985	2061
3894.6	2077
3896.216	2100
3897.831	2059
3899.444	2068
3901.058	2096
3902.67	2044
3904.283	2073
3905.897	2033
3907.509	2061
3909.121	2041
3910.731	2074
3912.342	2087
3913.954	2001
3915.563	2091
3917.174	2122
3918.783	2051
3920.391	2076
3922.002	2014
3923.611	2072
3925.218	2004
3926.826	2068
3928.432	2046
3930.039	2063
3931.647	2062
3933.253	2067
3934.859	2012
3936.464	2038
3938.068	2129
3939.675	2051
3941.278	2028
3942.883	2026
3944.486	2030
3946.089	2065
3947.692	2035
3949.295	2011
3950.898	2064
3952.499	2050
3954.1	2024
3955.7	2036
3957.303	2052
3958.903	2049
3960.502	2050
3962.101	2020
3963.7	2002
3965.301	2038
3966.899	2018
3968.497	2052
3970.094	1990
3971.691	1976
3973.288	2061
3974.885	2011
3976.481	2010
3978.077	1908
3979.672	1997
3981.267	1966
3982.863	1993
3984.457	2019
3986.051	1971
3987.645	1965
3989.238	2033
3990.831	1976
3992.425	1983
3994.017	2048
3995.607	1959
3997.199	1927
3998.79	1999
4000.382	1961
4001.973	1921
4003.561	1988
4005.151	1993
4006.741	1949
4008.331	1978
4009.918	1964
4011.507	1981
4013.095	1984
4014.681	1976
4016.269	1960
4017.856	1925
4019.443	1960
4021.028	1955
4022.614	1894
4024.199	1942
4025.785	1938
4027.37	1961
4028.953	1954
4030.536	1920
4032.12	1970
4033.704	1949
4035.287	1880
4036.869	1918
4038.45	1865
4040.032	1942
4041.613	1944
4043.195	1878
4044.776	1902
4046.356	1902
4047.935	1968
4049.515	1890
4051.095	1953
4052.674	1869
4054.251	1934
4055.829	1908
4057.406	1921
4058.985	1906
4060.562	1907
4062.139	1897
4063.715	1920
4065.29	1920
4066.865	1937
4068.442	1855
4070.016	1883
4071.59	1945
4073.164	1879
4074.738	1830
4076.312	1877
4077.885	1880
4079.458	1882
4081.03	1873
4082.602	1861
4084.173	1859
4085.745	1888
4087.315	1882
4088.886	1853
4090.456	1847
4092.026	1922
4093.596	1865
4095.165	1873
4096.734	1895
4098.301	1895
4099.869	1862
4101.437	1883
4103.006	1970
4104.572	1848
4106.139	1844
4107.704	1868
4109.27	1870
4110.837	1852
4112.401	1849
4113.966	1846
4115.53	1869
4117.094	1853
4118.659	1858
4120.223	1921
4121.785	1835
4123.347	1886
4124.909	1786
4126.471	1862
4128.034	1846
4129.595	1895
4131.155	1800
4132.716	1834
4134.275	1852
4135.836	1802
4137.395	1819
4138.955	1841
4140.513	1836
4142.071	1800
4143.628	1814
4145.188	1815
4146.745	1913
4148.302	1842
4149.858	1779
4151.414	1824
4152.971	1824
4154.526	1797
4156.081	1858
4157.635	1800
4159.189	1758
4160.745	1794
4162.298	1806
4163.852	1778
4165.405	1783
4166.957	1813
4168.51	1789
4170.063	1781
4171.614	1785
4173.166	1794
4174.717	1787
4176.267	1853
4177.817	1780
4179.368	1813
4180.917	1800
4182.466	1737
4184.016	1738
4185.564	1803
4187.112	1772
4188.66	1840
4190.207	1754
4191.754	1819
4193.301	1787
4194.848	1753
4196.394	1763
4197.94	1721
4199.484	1754
4201.03	1750
4202.575	1734
4204.12	1747
4205.663	1768
4207.207	1757
4208.75	1787
4210.292	1726
4211.836	1796
4213.378	1760
4214.92	1704
4216.46	1718
4218.002	1767
4219.544	1734
4221.083	1722
4222.625	1770
4224.164	1715
4225.703	1775
4227.244	1739
4228.782	1715
4230.32	1752
4231.857	1739
4233.395	1691
4234.933	1770
4236.471	1739
4238.007	1739
4239.542	1734
4241.078	1739
4242.614	1755
4244.15	1679
4245.685	1714
4247.219	1736
4248.753	1746
4250.287	1723
4251.82	1727
4253.354	1685
4254.887	1716
4256.419	1703
4257.951	1801
4259.483	1697
4261.016	1716
4262.547	1712
4264.078	1722
4265.608	1727
4267.137	1733
4268.668	1714
4270.197	1695
4271.727	1687
4273.254	1745
4274.783	1738
4276.311	1729
4277.84	1728
4279.366	1727
4280.894	1649
4282.42	1770
4283.946	1709
4285.473	1698
4286.998	1712
4288.523	1686
4290.047	1680
4291.572	1693
4293.096	1718
4294.622	1667
4296.144	1713
4297.668	1719
4299.19	1677
4300.713	1714
4302.236	1674
4303.758	1667
4305.279	1723
4306.799	1670
4308.321	1660
4309.842	1651
4311.361	1615
4312.882	1665
4314.401	1644
