400.0961	2400
402.6185	2416
405.1424	2323
407.6635	2340
410.1838	2409
412.7035	2412
415.2225	2374
417.7388	2382
420.2585	2429
422.7754	2476
425.2917	2483
427.8072	2497
430.3221	2552
432.8363	2519
435.3498	2587
437.8626	2531
440.3727	2472
442.8841	2563
445.3969	2569
447.907	2504
450.4142	2640
452.9229	2489
455.4289	2560
457.9362	2538
460.4449	2525
462.9488	2594
465.454	2497
467.9566	2480
470.4604	2464
472.9637	2466
475.4662	2448
477.966	2480
480.4671	2489
482.9656	2479
485.4633	2539
487.9645	2515
490.4608	2607
492.9566	2518
495.4536	2586
497.948	2559
500.4437	2664
502.9387	2612
505.431	2578
507.9226	2567
510.4136	2535
512.9079	2600
515.3975	2551
517.8864	2580
520.3746	2570
522.8622	2598
525.3491	2616
527.8394	2607
530.3249	2545
532.8098	2573
535.2939	2570
537.7774	2596
540.2623	2630
542.7444	2636
545.2259	2674
547.7067	2583
550.1868	2643
552.6683	2595
555.147	2667
557.6231	2608
560.1005	2612
562.5773	2697
565.0534	2625
567.5308	2670
570.0056	2624
572.4776	2657
574.951	2673
577.4237	2673
579.8978	2695
582.3671	2830
584.8378	2728
587.3079	2749
589.7773	2688
592.244	2718
594.714	2637
597.1793	2768
599.6461	2702
602.1121	2663
604.5754	2720
607.0421	2764
609.5042	2659
611.9675	2757
614.4282	2718
616.8902	2738
619.3515	2595
621.8122	2611
624.2702	2749
626.7296	2644
629.1863	2652
631.6423	2636
634.1017	2717
636.5563	2637
639.0104	2638
641.4658	2719
643.9185	2698
646.3725	2637
648.8239	2656
651.2766	2732
653.7266	2610
656.176	2684
658.6247	2630
661.0748	2712
663.5242	2729
665.9709	2704
668.417	2738
670.8624	2667
673.3092	2761
675.7533	2734
678.1968	2701
680.6395	2761
683.0817	2706
685.5251	2714
687.9659	2748
690.4061	2808
692.8456	2730
695.2844	2717
697.7226	2738
700.1621	2741
702.599	2760
705.0332	2786
707.4688	2852
709.9036	2801
712.3399	2826
714.7735	2792
717.2044	2740
719.6367	2864
722.0683	2818
724.4993	2827
726.9296	2788
729.3593	2775
731.7883	2791
734.2147	2900
736.6423	2865
739.0714	2833
741.4958	2824
743.9216	2874
746.3447	2866
748.7691	2879
751.1929	2832
753.616	2900
756.0366	2868
758.4584	2969
760.8776	2877
763.2982	2984
765.718	2856
768.1373	2963
770.5539	2948
772.9698	2891
775.3871	2904
777.8038	2920
780.2178	2968
782.6332	2967
785.0459	2942
787.458	2831
789.8714	2911
792.2842	2994
794.6943	2884
797.1038	2906
799.5127	3006
801.9209	2935
804.3324	2909
806.7393	2987
809.1456	2886
811.5513	2889
813.9562	2957
816.3625	2970
818.7663	2991
821.1693	2969
823.5718	2955
825.9735	3028
828.3746	3009
830.7771	3000
833.177	2994
835.5762	2975
837.9747	2972
840.3727	2969
842.772	3026
845.1666	2955
847.5626	3000
849.958	3044
852.3527	2973
854.7488	3033
857.1403	3043
859.5331	3051
861.9253	3005
864.3168	3027
866.7057	3000
869.098	3057
871.4876	2990
873.8746	3032
876.263	3030
878.6487	3085
881.0378	3069
883.4243	3063
885.8081	3042
888.1933	2973
890.5759	3009
892.9598	2995
895.343	3044
897.7256	3129
900.1057	3038
902.4871	3070
904.8659	3151
907.246	3006
909.6254	3104
912.0023	3050
914.3786	3068
916.7562	3038
919.1331	3182
921.5074	3234
923.8831	3208
926.2562	3173
928.6287	3194
931.0005	3149
933.3757	3247
935.7462	3218
938.1162	3212
940.4855	3323
942.8542	3265
945.2242	3351
947.5916	3379
949.9584	3514
952.3266	3547
954.6921	3714
957.0571	3920
959.4233	3952
961.787	4109
964.15	4129
966.5125	3933
968.8742	3725
971.2354	3620
973.5959	3482
975.9559	3349
978.3151	3307
980.6738	3140
983.0338	3159
985.3912	3189
987.7461	3178
990.1022	3078
992.4578	3123
994.8127	3064
997.1689	3083
999.5207	3104
1001.874	3219
1004.226	3265
1006.576	3128
1008.929	3195
1011.28	3154
1013.628	3135
1015.977	3165
1018.324	3137
1020.674	3160
1023.019	3199
1025.366	3166
1027.713	3231
1030.056	3159
1032.399	3222
1034.746	3167
1037.087	3155
1039.431	3214
1041.771	3214
1044.113	3235
1046.454	3308
1048.793	3204
1051.133	3208
1053.471	3132
1055.807	3214
1058.146	3240
1060.483	3155
1062.818	3262
1065.153	3291
1067.489	3289
1069.822	3318
1072.156	3334
1074.488	3265
1076.82	3308
1079.15	3273
1081.48	3402
1083.814	3291
1086.143	3289
1088.471	3287
1090.799	3223
1093.126	3187
1095.452	3275
1097.78	3199
1100.105	3217
1102.43	3256
1104.754	3207
1107.077	3265
1109.4	3241
1111.722	3235
1114.044	3204
1116.365	3279
1118.685	3231
1121.005	3224
1123.324	3266
1125.643	3262
1127.961	3221
1130.278	3286
1132.595	3151
1134.911	3259
1137.226	3190
1139.541	3248
1141.854	3235
1144.167	3188
1146.482	3221
1148.793	3246
1151.105	3222
1153.414	3274
1155.725	3175
1158.033	3221
1160.344	3247
1162.651	3233
1164.959	3259
1167.265	3218
1169.572	3221
1171.878	3239
1174.184	3191
1176.488	3246
1178.79	3345
1181.094	3275
1183.396	3258
1185.699	3250
1188.001	3225
1190.301	3200
1192.6	3165
1194.9	3186
1197.2	3281
1199.497	3258
1201.794	3237
1204.09	3288
1206.387	3259
1208.684	3293
1210.978	3234
1213.272	3288
1215.565	3316
1217.858	3167
1220.15	3293
1222.443	3344
1224.734	3329
1227.024	3323
1229.313	3362
1231.602	3367
1233.892	3303
1236.18	3356
1238.467	3355
1240.754	3281
1243.04	3353
1245.325	3376
1247.612	3421
1249.896	3404
1252.178	3434
1254.461	3372
1256.743	3408
1259.027	3371
1261.308	3364
1263.587	3384
1265.867	3438
1268.146	3415
1270.425	3414
1272.703	3400
1274.981	3362
1277.256	3442
1279.532	3405
1281.808	3368
1284.083	3412
1286.358	3343
1288.63	3361
1290.904	3387
1293.175	3385
1295.449	3374
1297.719	3461
1299.99	3323
1302.259	3279
1304.529	3358
1306.798	3366
1309.065	3310
1311.333	3383
1313.599	3250
1315.866	3323
1318.131	3420
1320.396	3415
1322.66	3327
1324.925	3395
1327.187	3364
1329.448	3353
1331.711	3378
1333.974	3385
1336.234	3355
1338.493	3395
1340.752	3319
1343.01	3301
1345.269	3388
1347.526	3303
1349.784	3437
1352.04	3358
1354.295	3252
1356.552	3359
1358.806	3302
1361.059	3354
1363.312	3402
1365.564	3388
1367.818	3364
1370.069	3363
1372.318	3344
1374.568	3316
1376.817	3403
1379.066	3391
1381.316	3341
1383.564	3468
1385.809	3394
1388.056	3373
1390.301	3340
1392.549	3425
1394.793	3343
1397.036	3457
1399.279	3373
1401.522	3423
1403.763	3488
1406.007	3461
1408.248	3396
1410.487	3415
1412.727	3439
1414.965	3431
1417.205	3423
1419.442	3529
1421.68	3479
1423.915	3511
1426.152	3487
1428.388	3527
1430.623	3405
1432.857	3563
1435.091	3497
1437.323	3502
1439.556	3534
1441.789	3580
1444.019	3474
1446.25	3471
1448.48	3578
1450.708	3543
1452.938	3633
1455.167	3612
1457.394	3607
1459.62	3515
1461.846	3586
1464.073	3523
1466.299	3541
1468.523	3534
1470.746	3503
1472.969	3497
1475.191	3482
1477.415	3413
1479.636	3471
1481.858	3424
1484.078	3407
1486.298	3457
1488.518	3398
1490.736	3392
1492.954	3378
1495.169	3338
1497.386	3325
1499.602	3381
1501.819	3401
1504.034	3353
1506.248	3365
1508.462	3422
1510.675	3352
1512.888	3333
1515.1	3274
1517.311	3396
1519.522	3422
1521.732	3320
1523.942	3426
1526.151	3382
1528.36	3416
1530.566	3372
1532.773	3358
1534.98	3467
1537.187	3354
1539.392	3439
1541.596	3407
1543.801	3365
1546.005	3391
1548.208	3390
1550.411	3475
1552.612	3337
1554.814	3421
1557.013	3437
1559.212	3406
1561.414	3408
1563.612	3407
1565.811	3440
1568.007	3436
1570.203	3439
1572.403	3478
1574.598	3418
1576.792	3554
1578.988	3475
1581.181	3444
1583.376	3555
1585.568	3510
1587.761	3499
1589.952	3549
1592.143	3470
1594.333	3537
1596.524	3516
1598.715	3432
1600.903	3518
1603.091	3506
1605.278	3486
1607.466	3527
1609.652	3522
1611.838	3517
1614.023	3503
1616.207	3496
1618.391	3484
1620.576	3391
1622.759	3467
1624.941	3627
1627.123	3523
1629.304	3570
1631.484	3568
1633.664	3579
1635.844	3520
1638.022	3554
1640.201	3580
1642.38	3638
1644.556	3555
1646.732	3572
1648.908	3561
1651.084	3542
1653.257	3579
1655.433	3573
1657.607	3606
1659.779	3601
1661.951	3512
1664.122	3626
1666.295	3618
1668.467	3582
1670.635	3693
1672.805	3596
1674.973	3600
1677.142	3599
1679.31	3585
1681.478	3509
1683.644	3589
1685.81	3531
1687.975	3587
1690.142	3568
1692.305	3565
1694.468	3525
1696.632	3528
1698.794	3543
1700.957	3572
1703.119	3624
1705.279	3539
1707.439	3507
1709.598	3582
1711.758	3492
1713.917	3542
1716.075	3527
1718.231	3573
1720.388	3513
1722.543	3424
1724.702	3528
1726.856	3417
1729.01	3490
1731.164	3520
1733.317	3496
1735.471	3513
1737.623	3444
1739.774	3459
1741.925	3513
1744.075	3482
1746.225	3513
1748.376	3528
1750.524	3550
1752.672	3470
1754.82	3529
1756.965	3541
1759.113	3502
1761.259	3529
1763.405	3454
1765.549	3488
1767.694	3527
1769.836	3545
1771.981	3571
1774.123	3516
1776.264	3564
1778.405	3589
1780.546	3580
1782.687	3646
1784.827	3566
1786.966	3516
1789.103	3581
1791.242	3545
1793.381	3571
1795.517	3569
1797.653	3560
1799.788	3501
1801.923	3591
1804.057	3624
1806.193	3605
1808.326	3506
1810.457	3573
1812.59	3473
1814.721	3571
1816.855	3605
1818.984	3575
1821.113	3527
1823.244	3605
1825.372	3540
1827.499	3505
1829.63	3558
1831.756	3542
1833.882	3572
1836.007	3583
1838.132	3471
1840.26	3533
1842.384	3460
1844.507	3601
1846.63	3479
1848.752	3519
1850.875	3471
1852.996	3402
1855.118	3584
1857.238	3535
1859.358	3566
1861.477	3478
1863.597	3483
1865.715	3504
1867.832	3554
1869.948	3545
1872.064	3491
1874.181	3471
1876.297	3558
1878.411	3521
1880.526	3518
1882.639	3634
1884.752	3540
1886.865	3584
1888.977	3547
1891.089	3509
1893.2	3576
1895.308	3496
1897.42	3532
1899.53	3492
1901.639	3544
1903.745	3580
1905.853	3587
1907.962	3573
1910.067	3621
1912.174	3601
1914.278	3531
1916.383	3613
1918.486	3607
1920.592	3632
1922.694	3601
1924.797	3585
1926.898	3553
1929	3604
1931.102	3566
1933.203	3583
1935.301	3583
1937.401	3629
1939.499	3604
1941.598	3613
1943.697	3610
1945.793	3680
1947.888	3631
1949.985	3650
1952.08	3591
1954.176	3495
1956.269	3579
1958.364	3555
1960.457	3664
1962.549	3552
1964.642	3547
1966.733	3657
1968.823	3602
1970.913	3613
1973.005	3549
1975.093	3621
1977.184	3523
1979.271	3532
1981.359	3652
1983.446	3517
1985.532	3662
1987.619	3633
1989.705	3547
1991.789	3585
1993.874	3564
1995.956	3585
1998.041	3556
2000.123	3631
2002.206	3575
2004.287	3681
2006.368	3550
2008.449	3608
2010.529	3567
2012.609	3621
2014.688	3551
2016.766	3567
2018.843	3538
2020.922	3537
2022.999	3588
2025.074	3593
2027.15	3585
2029.225	3613
2031.299	3521
2033.375	3639
2035.447	3579
2037.52	3515
2039.592	3593
2041.664	3570
2043.736	3624
2045.807	3519
2047.876	3640
2049.947	3496
2052.015	3624
2054.086	3615
2056.153	3516
2058.221	3615
2060.288	3604
2062.353	3614
2064.42	3574
2066.486	3554
2068.55	3556
2070.614	3564
2072.678	3598
2074.741	3600
2076.805	3647
2078.866	3629
2080.929	3546
2082.99	3541
2085.049	3514
2087.109	3604
2089.17	3600
2091.228	3604
2093.286	3639
2095.344	3587
2097.4	3692
2099.46	3633
2101.516	3571
2103.572	3629
2105.626	3584
2107.679	3551
2109.735	3592
2111.788	3504
2113.841	3599
2115.894	3537
2117.945	3547
2119.997	3643
2122.049	3562
2124.1	3547
2126.148	3645
2128.197	3613
2130.246	3556
2132.296	3484
2134.342	3502
2136.39	3625
2138.437	3559
2140.483	3626
2142.527	3623
2144.574	3555
2146.619	3555
2148.661	3657
2150.705	3493
2152.747	3559
2154.792	3540
2156.832	3592
2158.874	3585
2160.915	3591
2162.954	3613
2164.995	3557
2167.034	3595
2169.072	3543
2171.111	3542
2173.148	3572
2175.186	3565
2177.223	3547
2179.258	3595
2181.294	3561
2183.328	3540
2185.362	3608
2187.398	3541
2189.431	3481
2191.463	3547
2193.495	3529
2195.528	3561
2197.56	3558
2199.59	3450
2201.62	3501
2203.649	3573
2205.678	3585
2207.708	3479
2209.737	3588
2211.764	3471
2213.791	3555
2215.817	3565
2217.843	3533
2219.87	3520
2221.895	3564
2223.919	3520
2225.942	3509
2227.966	3425
2229.988	3558
2232.012	3411
2234.032	3518
2236.054	3578
2238.074	3530
2240.095	3590
2242.116	3483
2244.135	3555
2246.153	3496
2248.171	3523
2250.188	3548
2252.208	3538
2254.223	3545
2256.239	3618
2258.255	3534
2260.269	3434
2262.283	3547
2264.3	3447
2266.312	3548
2268.325	3398
2270.336	3546
2272.349	3447
2274.362	3475
2276.372	3432
2278.383	3570
2280.392	3564
2282.402	3526
2284.409	3523
2286.418	3467
2288.427	3464
2290.433	3432
2292.441	3523
2294.446	3543
2296.453	3563
2298.459	3527
2300.463	3548
2302.466	3448
2304.471	3482
2306.475	3538
2308.477	3528
2310.478	3513
2312.481	3547
2314.481	3545
2316.481	3443
2318.482	3447
2320.482	3499
2322.48	3487
2324.48	3500
2326.478	3445
2328.476	3514
2330.473	3497
2332.469	3506
2334.465	3520
2336.46	3445
2338.454	3512
2340.45	3434
2342.444	3406
2344.437	3514
2346.43	3495
2348.421	3417
2350.414	3489
2352.405	3474
2354.396	3425
2356.386	3498
2358.376	3602
2360.366	3484
2362.355	3483
2364.343	3446
2366.331	3439
2368.317	3348
2370.304	3399
2372.292	3457
2374.278	3477
2376.262	3469
2378.247	3485
2380.23	3362
2382.216	3517
2384.199	3424
2386.181	3494
2388.163	3404
2390.144	3430
2392.127	3399
2394.107	3424
2396.087	3427
2398.066	3473
2400.046	3542
2402.023	3419
2404.004	3367
2405.981	3416
2407.957	3347
2409.934	3421
2411.91	3395
2413.886	3406
2415.862	3426
2417.836	3447
2419.809	3429
2421.784	3388
2423.756	3435
2425.73	3460
2427.701	3444
2429.672	3436
2431.644	3423
2433.615	3398
2435.586	3397
2437.555	3445
2439.523	3433
2441.491	3454
2443.459	3407
2445.428	3516
2447.395	3404
2449.361	3477
2451.327	3440
2453.292	3457
2455.257	3394
2457.223	3429
2459.187	3460
2461.15	3460
2463.113	3466
2465.076	3356
2467.039	3426
2468.999	3344
2470.96	3433
2472.921	3340
2474.881	3369
2476.841	3417
2478.8	3448
2480.759	3464
2482.717	3339
2484.675	3354
2486.63	3305
2488.589	3446
2490.545	3462
2492.5	3432
2494.455	3322
2496.408	3432
2498.364	3379
2500.318	3394
2502.27	3407
2504.223	3495
2506.174	3335
2508.126	3337
2510.078	3400
2512.03	3317
2513.979	3347
2515.927	3343
2517.877	3432
2519.826	3412
2521.775	3419
2523.722	3332
2525.668	3314
2527.616	3411
2529.561	3371
2531.508	3310
2533.452	3352
2535.398	3355
2537.342	3339
2539.284	3341
2541.229	3430
2543.173	3339
2545.114	3341
2547.055	3341
2548.996	3443
2550.938	3422
2552.878	3367
2554.817	3421
2556.756	3404
2558.695	3414
2560.633	3387
2562.572	3376
2564.509	3333
2566.445	3412
2568.382	3429
2570.317	3391
2572.254	3358
2574.189	3411
2576.123	3332
2578.057	3395
2579.99	3385
2581.923	3364
2583.855	3306
2585.788	3349
2587.719	3374
2589.65	3382
2591.579	3460
2593.511	3370
2595.44	3357
2597.37	3369
2599.297	3394
2601.225	3409
2603.153	3371
2605.08	3392
2607.007	3375
2608.932	3420
2610.858	3426
2612.782	3309
2614.709	3499
2616.632	3395
2618.556	3404
2620.478	3440
2622.401	3402
2624.324	3318
2626.247	3352
2628.167	3422
2630.088	3357
2632.008	3452
2633.928	3337
2635.848	3397
2637.766	3394
2639.684	3471
2641.603	3454
2643.519	3537
2645.437	3442
2647.353	3400
2649.27	3441
2651.184	3402
2653.099	3363
2655.014	3302
2656.928	3403
2658.842	3431
2660.755	3383
2662.667	3437
2664.579	3377
2666.491	3376
2668.402	3343
2670.312	3427
2672.222	3384
2674.132	3339
2676.042	3458
2677.951	3417
2679.859	3436
2681.766	3365
2683.674	3439
2685.582	3426
2687.488	3420
2689.392	3348
2691.298	3399
2693.202	3401
2695.107	3388
2697.012	3319
2698.914	3357
2700.817	3366
2702.72	3385
2704.622	3349
2706.524	3449
2708.425	3412
2710.326	3369
2712.225	3404
2714.125	3355
2716.024	3370
2717.923	3346
2719.822	3430
2721.719	3393
2723.616	3329
2725.512	3329
2727.41	3405
2729.305	3383
2731.201	3303
2733.095	3367
2734.99	3363
2736.884	3301
2738.778	3327
2740.67	3315
2742.562	3343
2744.455	3362
2746.346	3374
2748.238	3364
2750.129	3460
2752.018	3362
2753.907	3367
2755.797	3398
2757.687	3425
2759.575	3348
2761.462	3373
2763.349	3369
2765.237	3336
2767.124	3355
2769.009	3273
2770.894	3297
2772.779	3401
2774.663	3406
2776.547	3343
2778.431	3334
2780.314	3276
2782.197	3342
2784.078	3307
2785.96	3321
2787.842	3309
2789.723	3267
2791.603	3393
2793.483	3355
2795.362	3433
2797.241	3389
2799.121	3362
2800.997	3297
2802.874	3377
2804.751	3329
2806.628	3312
2808.506	3327
2810.38	3344
2812.255	3369
2814.13	3285
2816.003	3381
2817.878	3331
2819.752	3300
2821.623	3348
2823.496	3298
2825.368	3392
2827.238	3278
2829.111	3342
2830.98	3338
2832.851	3297
2834.719	3287
2836.589	3414
2838.458	3376
2840.327	3354
2842.193	3413
2844.061	3411
2845.927	3426
2847.794	3396
2849.66	3408
2851.525	3437
2853.39	3379
2855.254	3384
2857.117	3460
2858.983	3421
2860.845	3488
2862.707	3441
2864.569	3464
2866.431	3425
2868.293	3459
2870.154	3608
2872.013	3515
2873.873	3565
2875.733	3608
2877.592	3523
2879.451	3634
2881.309	3650
2883.166	3703
2885.022	3705
2886.879	3724
2888.736	3711
2890.591	3694
2892.446	3835
2894.301	3723
2896.155	3752
2898.009	3752
2899.863	3815
2901.716	3654
2903.568	3741
2905.419	3673
2907.27	3665
2909.123	3752
2910.973	3767
2912.824	3660
2914.673	3711
2916.521	3687
2918.372	3799
2920.22	3866
2922.067	3874
2923.914	3908
2925.761	3907
2927.607	3890
2929.455	3919
2931.301	3922
2933.144	3979
2934.99	4041
2936.833	4008
2938.678	4025
2940.522	4158
2942.364	4110
2944.207	4147
2946.048	4215
2947.891	4183
2949.731	4221
2951.571	4210
2953.412	4199
2955.25	4083
2957.09	4162
2958.93	4155
2960.767	4104
2962.606	4033
2964.443	4116
2966.279	4031
2968.116	3880
2969.953	3981
2971.788	4015
2973.623	3887
2975.457	3779
2977.292	3787
2979.127	3791
2980.959	3794
2982.792	3680
2984.624	3778
2986.455	3766
2988.288	3711
2990.119	3662
2991.949	3694
2993.779	3661
2995.608	3612
2997.439	3564
2999.268	3558
3001.096	3531
3002.923	3503
3004.751	3548
3006.578	3417
3008.406	3437
3010.232	3432
3012.057	3476
3013.883	3398
3015.706	3303
3017.532	3309
3019.356	3311
3021.179	3360
3023.002	3359
3024.823	3292
3026.646	3286
3028.469	3299
3030.289	3262
3032.11	3263
3033.93	3301
3035.749	3209
3037.57	3233
3039.39	3203
3041.207	3306
3043.026	3233
3044.842	3261
3046.661	3249
3048.477	3272
3050.294	3316
3052.109	3256
3053.925	3264
3055.739	3254
3057.555	3262
3059.368	3218
3061.181	3214
3062.995	3267
3064.807	3185
3066.62	3201
3068.433	3226
3070.243	3254
3072.054	3159
3073.865	3229
3075.675	3217
3077.485	3254
3079.293	3194
3081.102	3225
3082.911	3181
3084.719	3093
3086.527	3210
3088.333	3173
3090.139	3188
3091.945	3062
3093.75	3187
3095.557	3178
3097.361	3229
3099.165	3212
3100.969	3194
3102.772	3083
3104.575	3112
3106.379	3162
3108.181	3164
3109.982	3109
3111.783	3112
3113.584	3148
3115.386	3150
3117.186	3216
3118.985	3156
3120.783	3075
3122.582	3107
3124.381	3136
3126.179	3174
3127.975	3154
3129.772	3159
3131.569	3139
3133.365	3051
3135.161	3035
3136.956	3087
3138.751	3070
3140.544	3055
3142.338	3134
3144.132	3085
3145.925	3104
3147.717	3076
3149.509	3086
3151.301	3001
3153.091	3064
3154.884	3104
3156.673	3109
3158.462	3110
3160.252	3099
3162.041	3068
3163.831	3046
3165.618	3041
3167.405	3097
3169.193	3065
3170.979	3028
3172.767	3016
3174.553	3108
3176.338	3046
3178.123	3050
3179.907	3034
3181.692	3007
3183.477	2971
3185.259	3023
3187.042	3058
3188.824	3071
3190.607	3025
3192.389	3024
3194.17	3083
3195.951	3079
3197.73	3024
3199.51	3059
3201.289	3021
3203.07	3010
3204.848	3054
3206.626	3037
3208.403	3110
3210.18	3079
3211.959	3035
3213.735	3052
3215.511	3071
3217.285	3047
3219.06	3010
3220.836	3095
3222.611	3018
3224.384	3031
3226.158	2998
3227.929	3083
3229.702	3052
3231.476	2995
3233.248	3042
3235.018	2996
3236.789	3126
3238.56	3082
3240.33	3030
3242.1	3022
3243.869	3064
3245.637	3011
3247.405	3064
3249.172	3083
3250.941	3075
3252.707	3030
3254.474	3064
3256.24	3091
3258.006	3078
3259.772	3067
3261.537	3025
3263.301	3078
3265.065	2985
3266.828	3031
3268.592	3069
3270.355	3099
3272.117	2944
3273.878	3005
3275.64	3003
3277.401	3110
3279.162	3049
3280.922	3058
3282.682	3021
3284.441	3046
3286.199	3072
3287.959	3119
3289.716	2962
3291.475	3027
3293.232	3041
3294.988	3065
3296.744	3079
3298.501	3074
3300.256	3068
3302.011	3074
3303.766	3064
3305.52	3138
3307.275	3106
3309.028	3020
3310.781	3107
3312.533	3018
3314.285	3138
3316.038	3062
3317.789	3016
3319.54	3118
3321.289	3138
3323.039	3052
3324.789	3067
3326.539	3060
3328.288	3064
3330.035	3047
3331.783	3016
3333.531	3069
3335.28	3012
3337.025	3049
3338.771	2937
3340.518	3084
3342.262	2973
3344.009	3082
3345.753	3102
3347.497	3046
3349.24	3080
3350.983	2968
3352.726	2997
3354.469	2999
3356.212	3026
3357.952	3104
3359.694	3006
3361.434	3070
3363.176	3023
3364.916	3021
3366.654	2993
3368.394	3139
3370.132	3029
3371.871	2982
3373.61	3044
3375.346	3074
3377.083	3017
3378.82	2877
3380.556	2948
3382.292	2968
3384.027	2943
3385.763	2968
3387.497	3020
3389.231	2985
3390.965	3034
3392.698	2990
3394.431	2949
3396.164	2944
3397.896	2969
3399.627	2981
3401.36	2965
3403.09	2988
3404.82	3030
3406.55	2961
3408.279	2903
3410.01	2959
3411.738	2921
3413.467	3010
3415.194	2944
3416.92	2951
3418.647	2990
3420.375	2926
3422.102	2906
3423.827	2881
3425.553	2912
3427.277	2938
3429.003	2970
3430.727	2948
3432.451	2927
3434.173	2945
3435.896	2958
3437.62	2921
3439.343	2932
3441.063	2887
3442.785	2929
3444.505	2894
3446.226	2908
3447.948	2968
3449.666	2839
3451.386	2943
3453.104	2877
3454.823	2888
3456.541	2901
3458.259	2925
3459.976	2913
3461.693	2855
3463.408	2886
3465.125	2846
3466.841	2813
3468.556	2814
3470.271	2898
3471.985	2807
3473.698	2841
3475.414	2844
3477.126	2853
3478.838	2845
3480.55	2823
3482.263	2763
3483.975	2867
3485.686	2806
3487.396	2849
3489.106	2781
3490.817	2879
3492.526	2848
3494.236	2750
3495.944	2823
3497.652	2808
3499.359	2743
3501.066	2820
3502.775	2780
3504.481	2799
3506.187	2764
3507.893	2801
3509.598	2817
3511.304	2803
3513.009	2702
3514.713	2785
3516.417	2755
3518.12	2737
3519.821	2794
3521.525	2745
3523.228	2714
3524.929	2777
3526.631	2711
3528.33	2803
3530.032	2711
3531.733	2744
3533.433	2793
3535.131	2702
3536.83	2774
3538.529	2713
3540.227	2813
3541.925	2693
3543.623	2741
3545.319	2741
3547.016	2728
3548.712	2780
3550.408	2768
3552.103	2728
3553.798	2645
3555.491	2725
3557.188	2773
3558.88	2646
3560.574	2638
3562.266	2761
3563.959	2760
3565.651	2710
3567.343	2688
3569.035	2695
3570.725	2690
3572.415	2652
3574.106	2688
3575.797	2632
3577.485	2724
3579.174	2699
3580.863	2724
3582.551	2614
3584.238	2753
3585.926	2716
3587.613	2720
3589.3	2713
3590.986	2712
3592.671	2688
3594.357	2686
3596.042	2593
3597.726	2614
3599.41	2647
3601.094	2598
3602.778	2694
3604.461	2648
3606.143	2649
3607.825	2602
3609.507	2670
3611.188	2613
3612.87	2628
3614.551	2608
3616.229	2597
3617.909	2645
3619.589	2599
3621.269	2638
3622.948	2543
3624.625	2551
3626.302	2650
3627.98	2566
3629.657	2603
3631.334	2632
3633.01	2500
3634.686	2610
3636.361	2573
3638.036	2555
3639.712	2603
3641.385	2507
3643.06	2633
3644.732	2614
3646.405	2480
3648.08	2588
3649.751	2550
3651.424	2503
3653.094	2581
3654.766	2555
3656.436	2573
3658.106	2533
3659.777	2598
3661.446	2508
3663.115	2485
3664.783	2544
3666.452	2524
3668.121	2457
3669.788	2473
3671.454	2513
3673.121	2466
3674.789	2542
3676.455	2575
3678.12	2524
3679.784	2558
3681.45	2550
3683.114	2560
3684.779	2583
3686.442	2540
3688.105	2528
3689.768	2483
3691.43	2501
3693.093	2480
3694.754	2528
3696.415	2549
3698.076	2503
3699.736	2427
3701.396	2492
3703.057	2483
3704.716	2546
3706.375	2439
3708.034	2507
3709.692	2536
3711.351	2493
3713.008	2507
3714.665	2502
3716.321	2528
3717.977	2452
3719.634	2481
3721.29	2492
3722.945	2474
3724.598	2470
3726.253	2494
3727.907	2457
3729.561	2527
3731.214	2524
3732.867	2516
3734.518	2523
3736.171	2520
3737.824	2420
3739.474	2443
3741.125	2459
3742.775	2438
3744.425	2483
3746.074	2444
3747.725	2463
3749.373	2432
3751.022	2427
3752.669	2428
3754.318	2387
3755.966	2452
3757.612	2421
3759.259	2502
3760.905	2397
3762.55	2516
3764.197	2436
3765.842	2462
3767.486	2433
3769.131	2465
3770.774	2457
3772.417	2416
3774.061	2420
3775.705	2444
3777.347	2379
3778.988	2405
3780.629	2393
3782.271	2405
3783.912	2415
3785.552	2424
3787.192	2442
3788.831	2371
3790.472	2354
3792.112	2413
3793.75	2371
3795.388	2410
3797.024	2387
3798.661	2410
3800.3	2388
3801.936	2352
3803.572	2448
3805.208	2356
3806.844	2431
3808.48	2343
3810.115	2367
3811.748	2320
3813.382	2369
3815.016	2406
3816.649	2365
3818.283	2465
3819.914	2390
3821.547	2372
3823.178	2316
3824.809	2347
3826.441	2382
3828.072	2358
3829.701	2390
3831.331	2318
3832.96	2345
3834.591	2382
3836.219	2276
3837.847	2353
3839.475	2317
3841.102	2405
3842.729	2408
3844.357	2374
3845.984	2351
3847.609	2384
3849.234	2312
3850.86	2388
3852.485	2408
3854.11	2287
3855.734	2416
3857.357	2396
3858.981	2357
3860.603	2345
3862.227	2360
3863.848	2394
3865.471	2327
3867.092	2378
3868.713	2353
3870.334	2320
3871.954	2288
3873.575	2328
3875.194	2350
3876.813	2296
3878.433	2308
3880.051	2281
3881.669	2369
3883.286	2335
3884.904	2320
3886.52	2298
3888.138	2322
3889.754	2314
3891.37	2377
3892.985	2311
3894.6	2360
3896.216	2326
3897.831	2303
3899.444	2346
3901.058	2367
3902.67	2246
3904.283	2362
3905.897	2282
3907.509	2329
3909.121	2296
3910.731	2307
3912.342	2335
3913.954	2305
3915.563	2380
3917.174	2332
3918.783	2301
3920.391	2313
3922.002	2395
3923.611	2328
3925.218	2331
3926.826	2333
3928.432	2318
3930.039	2379
3931.647	2283
3933.253	2291
3934.859	2314
3936.464	2237
3938.068	2254
3939.675	2328
3941.278	2237
3942.883	2297
3944.486	2320
3946.089	2308
3947.692	2312
3949.295	2264
3950.898	2292
3952.499	2241
3954.1	2292
3955.7	2251
3957.303	2294
3958.903	2296
3960.502	2275
3962.101	2300
3963.7	2255
3965.301	2285
3966.899	2274
3968.497	2267
3970.094	2263
3971.691	2264
3973.288	2261
3974.885	2252
3976.481	2246
3978.077	2256
3979.672	2295
3981.267	2293
3982.863	2272
3984.457	2263
3986.051	2265
3987.645	2215
3989.238	2255
3990.831	2309
3992.425	2254
3994.017	2296
3995.607	2237
3997.199	2238
3998.79	2271
4000.382	2196
4001.973	2160
4003.561	2237
4005.151	2235
4006.741	2214
4008.331	2227
4009.918	2278
4011.507	2270
4013.095	2206
4014.681	2205
4016.269	2209
4017.856	2168
4019.443	2182
4021.028	2259
4022.614	2247
4024.199	2232
4025.785	2255
4027.37	2154
4028.953	2146
4030.536	2216
4032.12	2204
4033.704	2177
4035.287	2167
4036.869	2201
4038.45	2168
4040.032	2178
4041.613	2206
4043.195	2165
4044.776	2138
4046.356	2173
4047.935	2166
4049.515	2158
4051.095	2130
4052.674	2188
4054.251	2095
4055.829	2205
4057.406	2134
4058.985	2219
4060.562	2145
4062.139	2140
4063.715	2198
4065.29	2157
4066.865	2177
4068.442	2167
4070.016	2180
4071.59	2147
4073.164	2202
4074.738	2152
4076.312	2159
4077.885	2114
4079.458	2131
4081.03	2146
4082.602	2188
4084.173	2198
4085.745	2112
4087.315	2120
4088.886	2128
4090.456	2128
4092.026	2167
4093.596	2160
4095.165	2143
4096.734	2149
4098.301	2158
4099.869	2126
4101.437	2182
4103.006	2153
4104.572	2122
4106.139	2167
4107.704	2132
4109.27	2194
4110.837	2148
4112.401	2196
4113.966	2092
4115.53	2129
4117.094	2143
4118.659	2203
4120.223	2104
4121.785	2126
4123.347	2141
4124.909	2140
4126.471	2133
4128.034	2151
4129.595	2191
4131.155	2113
4132.716	2081
4134.275	2098
4135.836	2104
4137.395	2132
4138.955	2173
4140.513	2103
4142.071	2164
4143.628	2052
4145.188	2090
4146.745	2074
4148.302	2115
4149.858	2024
4151.414	2072
4152.971	2085
4154.526	2010
4156.081	2074
4157.635	2110
4159.189	2117
4160.745	2100
4162.298	2055
4163.852	2051
4165.405	2050
4166.957	2106
4168.51	2057
4170.063	2047
4171.614	2079
4173.166	2049
4174.717	2083
4176.267	2024
4177.817	2058
4179.368	2014
4180.917	2065
4182.466	2060
4184.016	2083
4185.564	2058
4187.112	2064
4188.66	2055
4190.207	2059
4191.754	2032
4193.301	2059
4194.848	2057
4196.394	2062
4197.94	2052
4199.484	2050
4201.03	2068
4202.575	2067
4204.12	2065
4205.663	2078
4207.207	2050
4208.75	2025
4210.292	2023
4211.836	2039
4213.378	2056
4214.92	2053
4216.46	2034
4218.002	2095
4219.544	2029
4221.083	2055
4222.625	2035
4224.164	2066
4225.703	1980
4227.244	2033
4228.782	2031
4230.32	2056
4231.857	2008
4233.395	2038
4234.933	2038
4236.471	2013
4238.007	2024
4239.542	2021
4241.078	2019
4242.614	1980
4244.15	2014
4245.685	2055
4247.219	1965
4248.753	2007
4250.287	2038
4251.82	2014
4253.354	2025
4254.887	1995
4256.419	1988
4257.951	2047
4259.483	1987
4261.016	2033
4262.547	2003
4264.078	2021
4265.608	1989
4267.137	2040
4268.668	1945
4270.197	2021
4271.727	2027
4273.254	2025
4274.783	2035
4276.311	2004
4277.84	1982
4279.366	2041
4280.894	2013
4282.42	2009
4283.946	2022
4285.473	2022
4286.998	1985
4288.523	2001
4290.047	2020
4291.572	2003
4293.096	2029
4294.622	1995
4296.144	1967
4297.668	1989
4299.19	1985
4300.713	1992
4302.236	1964
4303.758	2011
4305.279	1990
4306.799	2011
4308.321	2031
4309.842	1970
4311.361	1949
4312.882	1956
4314.401	1951
