400.0961	2484
402.6185	2481
405.1424	2464
407.6635	2476
410.1838	2464
412.7035	2488
415.2225	2572
417.7388	2491
420.2585	2583
422.7754	2510
425.2917	2650
427.8072	2640
430.3221	2682
432.8363	2667
435.3498	2684
437.8626	2617
440.3727	2627
442.8841	2659
445.3969	2683
447.907	2714
450.4142	2680
452.9229	2678
455.4289	2626
457.9362	2615
460.4449	2649
462.9488	2640
465.454	2617
467.9566	2600
470.4604	2540
472.9637	2569
475.4662	2616
477.966	2577
480.4671	2554
482.9656	2500
485.4633	2621
487.9645	2575
490.4608	2593
492.9566	2655
495.4536	2607
497.948	2632
500.4437	2635
502.9387	2608
505.431	2553
507.9226	2549
510.4136	2675
512.9079	2573
515.3975	2703
517.8864	2603
520.3746	2637
522.8622	2626
525.3491	2685
527.8394	2659
530.3249	2692
532.8098	2653
535.2939	2616
537.7774	2695
540.2623	2695
542.7444	2631
545.2259	2627
547.7067	2638
550.1868	2757
552.6683	2584
555.147	2672
557.6231	2703
560.1005	2731
562.5773	2786
565.0534	2733
567.5308	2789
570.0056	2728
572.4776	2779
574.951	2783
577.4237	2777
579.8978	2770
582.3671	2812
584.8378	2787
587.3079	2825
589.7773	2852
592.244	2809
594.714	2879
597.1793	2809
599.6461	2801
602.1121	2777
604.5754	2760
607.0421	2756
609.5042	2767
611.9675	2799
614.4282	2792
616.8902	2841
619.3515	2769
621.8122	2750
624.2702	2698
626.7296	2754
629.1863	2686
631.6423	2724
634.1017	2708
636.5563	2691
639.0104	2706
641.4658	2664
643.9185	2705
646.3725	2733
648.8239	2755
651.2766	2782
653.7266	2739
656.176	2759
658.6247	2760
661.0748	2787
663.5242	2793
665.9709	2774
668.417	2731
670.8624	2709
673.3092	2757
675.7533	2739
678.1968	2800
680.6395	2848
683.0817	2800
685.5251	2747
687.9659	2748
690.4061	2788
692.8456	2807
695.2844	2797
697.7226	2837
700.1621	2812
702.599	2796
705.0332	2817
707.4688	2840
709.9036	2771
712.3399	2899
714.7735	2816
717.2044	2753
719.6367	2925
722.0683	2884
724.4993	2887
726.9296	2835
729.3593	2874
731.7883	2830
734.2147	2900
736.6423	2896
739.0714	2897
741.4958	2885
743.9216	2982
746.3447	2908
748.7691	2966
751.1929	2988
753.616	2958
756.0366	2978
758.4584	2944
760.8776	3023
763.2982	2944
765.718	2942
768.1373	3036
770.5539	2963
772.9698	3021
775.3871	3041
777.8038	2969
780.2178	2954
782.6332	3015
785.0459	3074
787.458	3023
789.8714	2982
792.2842	2979
794.6943	2999
797.1038	2965
799.5127	3035
801.9209	2991
804.3324	3032
806.7393	3030
809.1456	3039
811.5513	3070
813.9562	3020
816.3625	3077
818.7663	2955
821.1693	3028
823.5718	3072
825.9735	3024
828.3746	3027
830.7771	3029
833.177	3113
835.5762	3033
837.9747	3076
840.3727	3049
842.772	3131
845.1666	3076
847.5626	3136
849.958	3094
852.3527	3073
854.7488	3189
857.1403	3202
859.5331	3187
861.9253	3178
864.3168	3166
866.7057	3118
869.098	3110
871.4876	3149
873.8746	3113
876.263	3235
878.6487	3199
881.0378	3132
883.4243	3059
885.8081	3128
888.1933	3149
890.5759	3066
892.9598	3092
895.343	3066
897.7256	3093
900.1057	3122
902.4871	3106
904.8659	3111
907.246	3142
909.6254	3151
912.0023	3151
914.3786	3238
916.7562	3280
919.1331	3264
921.5074	3315
923.8831	3370
926.2562	3411
928.6287	3346
931.0005	3314
933.3757	3284
935.7462	3390
938.1162	3384
940.4855	3390
942.8542	3471
945.2242	3610
947.5916	3647
949.9584	3802
952.3266	3947
954.6921	4269
957.0571	4403
959.4233	4739
961.787	4664
964.15	4649
966.5125	4557
968.8742	4299
971.2354	4016
973.5959	3739
975.9559	3586
978.3151	3453
980.6738	3416
983.0338	3301
985.3912	3340
987.7461	3293
990.1022	3267
992.4578	3282
994.8127	3256
997.1689	3319
999.5207	3231
1001.874	3256
1004.226	3299
1006.576	3272
1008.929	3263
1011.28	3263
1013.628	3258
1015.977	3328
1018.324	3295
1020.674	3344
1023.019	3301
1025.366	3410
1027.713	3279
1030.056	3436
1032.399	3370
1034.746	3274
1037.087	3353
1039.431	3316
1041.771	3343
1044.113	3387
1046.454	3359
1048.793	3414
1051.133	3443
1053.471	3397
1055.807	3302
1058.146	3347
1060.483	3449
1062.818	3369
1065.153	3432
1067.489	3469
1069.822	3563
1072.156	3500
1074.488	3472
1076.82	3552
1079.15	3443
1081.48	3517
1083.814	3396
1086.143	3367
1088.471	3331
1090.799	3335
1093.126	3342
1095.452	3295
1097.78	3368
1100.105	3334
1102.43	3295
1104.754	3394
1107.077	3336
1109.4	3315
1111.722	3281
1114.044	3303
1116.365	3245
1118.685	3324
1121.005	3348
1123.324	3284
1125.643	3389
1127.961	3275
1130.278	3317
1132.595	3297
1134.911	3271
1137.226	3335
1139.541	3331
1141.854	3263
1144.167	3300
1146.482	3255
1148.793	3223
1151.105	3369
1153.414	3343
1155.725	3359
1158.033	3323
1160.344	3261
1162.651	3299
1164.959	3321
1167.265	3251
1169.572	3296
1171.878	3308
1174.184	3288
1176.488	3401
1178.79	3283
1181.094	3395
1183.396	3334
1185.699	3349
1188.001	3284
1190.301	3290
1192.6	3233
1194.9	3261
1197.2	3320
1199.497	3308
1201.794	3227
1204.09	3319
1206.387	3339
1208.684	3343
1210.978	3229
1213.272	3349
1215.565	3357
1217.858	3359
1220.15	3420
1222.443	3319
1224.734	3277
1227.024	3430
1229.313	3394
1231.602	3440
1233.892	3413
1236.18	3461
1238.467	3489
1240.754	3479
1243.04	3517
1245.325	3536
1247.612	3525
1249.896	3525
1252.178	3527
1254.461	3519
1256.743	3572
1259.027	3553
1261.308	3542
1263.587	3542
1265.867	3504
1268.146	3600
1270.425	3563
1272.703	3459
1274.981	3521
1277.256	3608
1279.532	3425
1281.808	3426
1284.083	3505
1286.358	3527
1288.63	3488
1290.904	3370
1293.175	3467
1295.449	3448
1297.719	3416
1299.99	3467
1302.259	3442
1304.529	3444
1306.798	3425
1309.065	3409
1311.333	3486
1313.599	3369
1315.866	3478
1318.131	3436
1320.396	3469
1322.66	3418
1324.925	3447
1327.187	3422
1329.448	3466
1331.711	3425
1333.974	3454
1336.234	3406
1338.493	3438
1340.752	3401
1343.01	3404
1345.269	3467
1347.526	3377
1349.784	3337
1352.04	3448
1354.295	3470
1356.552	3439
1358.806	3473
1361.059	3467
1363.312	3416
1365.564	3415
1367.818	3492
1370.069	3420
1372.318	3469
1374.568	3474
1376.817	3462
1379.066	3440
1381.316	3507
1383.564	3474
1385.809	3527
1388.056	3539
1390.301	3555
1392.549	3452
1394.793	3639
1397.036	3562
1399.279	3596
1401.522	3605
1403.763	3579
1406.007	3578
1408.248	3558
1410.487	3489
1412.727	3591
1414.965	3624
1417.205	3600
1419.442	3534
1421.68	3547
1423.915	3631
1426.152	3532
1428.388	3592
1430.623	3590
1432.857	3543
1435.091	3629
1437.323	3541
1439.556	3693
1441.789	3620
1444.019	3640
1446.25	3669
1448.48	3638
1450.708	3654
1452.938	3711
1455.167	3701
1457.394	3721
1459.62	3735
1461.846	3647
1464.073	3703
1466.299	3617
1468.523	3699
1470.746	3571
1472.969	3653
1475.191	3570
1477.415	3563
1479.636	3513
1481.858	3478
1484.078	3449
1486.298	3552
1488.518	3489
1490.736	3477
1492.954	3386
1495.169	3472
1497.386	3406
1499.602	3395
1501.819	3386
1504.034	3427
1506.248	3345
1508.462	3420
1510.675	3407
1512.888	3433
1515.1	3394
1517.311	3384
1519.522	3395
1521.732	3399
1523.942	3408
1526.151	3312
1528.36	3338
1530.566	3432
1532.773	3437
1534.98	3443
1537.187	3388
1539.392	3444
1541.596	3488
1543.801	3402
1546.005	3393
1548.208	3512
1550.411	3456
1552.612	3488
1554.814	3465
1557.013	3505
1559.212	3467
1561.414	3452
1563.612	3493
1565.811	3474
1568.007	3562
1570.203	3501
1572.403	3566
1574.598	3437
1576.792	3479
1578.988	3506
1581.181	3478
1583.376	3530
1585.568	3508
1587.761	3506
1589.952	3573
1592.143	3583
1594.333	3491
1596.524	3437
1598.715	3643
1600.903	3632
1603.091	3541
1605.278	3512
1607.466	3586
1609.652	3559
1611.838	3621
1614.023	3556
1616.207	3621
1618.391	3585
1620.576	3628
1622.759	3587
1624.941	3616
1627.123	3601
1629.304	3614
1631.484	3638
1633.664	3565
1635.844	3699
1638.022	3638
1640.201	3669
1642.38	3666
1644.556	3668
1646.732	3694
1648.908	3650
1651.084	3766
1653.257	3693
1655.433	3682
1657.607	3826
1659.779	3723
1661.951	3664
1664.122	3709
1666.295	3661
1668.467	3756
1670.635	3815
1672.805	3787
1674.973	3747
1677.142	3772
1679.31	3710
1681.478	3793
1683.644	3672
1685.81	3680
1687.975	3652
1690.142	3760
1692.305	3719
1694.468	3682
1696.632	3724
1698.794	3658
1700.957	3558
1703.119	3653
1705.279	3542
1707.439	3566
1709.598	3581
1711.758	3531
1713.917	3561
1716.075	3492
1718.231	3522
1720.388	3499
1722.543	3566
1724.702	3516
1726.856	3524
1729.01	3582
1731.164	3497
1733.317	3553
1735.471	3662
1737.623	3561
1739.774	3601
1741.925	3552
1744.075	3566
1746.225	3557
1748.376	3559
1750.524	3666
1752.672	3510
1754.82	3498
1756.965	3580
1759.113	3544
1761.259	3463
1763.405	3587
1765.549	3585
1767.694	3519
1769.836	3544
1771.981	3526
1774.123	3577
1776.264	3609
1778.405	3564
1780.546	3567
1782.687	3563
1784.827	3636
1786.966	3603
1789.103	3570
1791.242	3566
1793.381	3569
1795.517	3554
1797.653	3595
1799.788	3495
1801.923	3646
1804.057	3539
1806.193	3541
1808.326	3603
1810.457	3685
1812.59	3520
1814.721	3574
1816.855	3585
1818.984	3510
1821.113	3527
1823.244	3632
1825.372	3626
1827.499	3560
1829.63	3448
1831.756	3617
1833.882	3532
1836.007	3560
1838.132	3535
1840.26	3585
1842.384	3495
1844.507	3523
1846.63	3532
1848.752	3576
1850.875	3547
1852.996	3602
1855.118	3515
1857.238	3526
1859.358	3520
1861.477	3535
1863.597	3552
1865.715	3541
1867.832	3563
1869.948	3535
1872.064	3588
1874.181	3577
1876.297	3582
1878.411	3571
1880.526	3562
1882.639	3505
1884.752	3541
1886.865	3598
1888.977	3565
1891.089	3614
1893.2	3598
1895.308	3581
1897.42	3565
1899.53	3545
1901.639	3588
1903.745	3577
1905.853	3639
1907.962	3562
1910.067	3592
1912.174	3625
1914.278	3562
1916.383	3644
1918.486	3541
1920.592	3583
1922.694	3529
1924.797	3646
1926.898	3601
1929	3598
1931.102	3617
1933.203	3614
1935.301	3661
1937.401	3663
1939.499	3589
1941.598	3645
1943.697	3577
1945.793	3578
1947.888	3661
1949.985	3673
1952.08	3644
1954.176	3657
1956.269	3623
1958.364	3612
1960.457	3525
1962.549	3647
1964.642	3557
1966.733	3626
1968.823	3665
1970.913	3647
1973.005	3605
1975.093	3651
1977.184	3615
1979.271	3576
1981.359	3595
1983.446	3509
1985.532	3564
1987.619	3590
1989.705	3547
1991.789	3593
1993.874	3682
1995.956	3569
1998.041	3559
2000.123	3566
2002.206	3553
2004.287	3634
2006.368	3580
2008.449	3517
2010.529	3573
2012.609	3528
2014.688	3559
2016.766	3467
2018.843	3655
2020.922	3552
2022.999	3601
2025.074	3530
2027.15	3561
2029.225	3675
2031.299	3623
2033.375	3584
2035.447	3516
2037.52	3534
2039.592	3563
2041.664	3637
2043.736	3673
2045.807	3636
2047.876	3619
2049.947	3588
2052.015	3667
2054.086	3662
2056.153	3630
2058.221	3587
2060.288	3574
2062.353	3641
2064.42	3630
2066.486	3535
2068.55	3570
2070.614	3443
2072.678	3643
2074.741	3562
2076.805	3491
2078.866	3608
2080.929	3599
2082.99	3675
2085.049	3587
2087.109	3663
2089.17	3557
2091.228	3514
2093.286	3596
2095.344	3557
2097.4	3574
2099.46	3537
2101.516	3619
2103.572	3569
2105.626	3590
2107.679	3541
2109.735	3584
2111.788	3591
2113.841	3575
2115.894	3660
2117.945	3658
2119.997	3613
2122.049	3549
2124.1	3632
2126.148	3711
2128.197	3508
2130.246	3612
2132.296	3570
2134.342	3586
2136.39	3551
2138.437	3615
2140.483	3599
2142.527	3482
2144.574	3587
2146.619	3520
2148.661	3532
2150.705	3641
2152.747	3593
2154.792	3549
2156.832	3588
2158.874	3534
2160.915	3556
2162.954	3519
2164.995	3610
2167.034	3637
2169.072	3635
2171.111	3555
2173.148	3579
2175.186	3597
2177.223	3601
2179.258	3564
2181.294	3602
2183.328	3538
2185.362	3500
2187.398	3531
2189.431	3644
2191.463	3584
2193.495	3548
2195.528	3525
2197.56	3476
2199.59	3534
2201.62	3604
2203.649	3573
2205.678	3594
2207.708	3512
2209.737	3546
2211.764	3456
2213.791	3593
2215.817	3544
2217.843	3520
2219.87	3527
2221.895	3559
2223.919	3602
2225.942	3540
2227.966	3592
2229.988	3626
2232.012	3535
2234.032	3509
2236.054	3556
2238.074	3521
2240.095	3586
2242.116	3539
2244.135	3506
2246.153	3535
2248.171	3563
2250.188	3533
2252.208	3598
2254.223	3532
2256.239	3559
2258.255	3547
2260.269	3559
2262.283	3509
2264.3	3517
2266.312	3569
2268.325	3523
2270.336	3593
2272.349	3560
2274.362	3511
2276.372	3531
2278.383	3489
2280.392	3512
2282.402	3592
2284.409	3577
2286.418	3542
2288.427	3483
2290.433	3504
2292.441	3528
2294.446	3622
2296.453	3513
2298.459	3509
2300.463	3501
2302.466	3530
2304.471	3576
2306.475	3523
2308.477	3555
2310.478	3495
2312.481	3547
2314.481	3509
2316.481	3561
2318.482	3470
2320.482	3471
2322.48	3593
2324.48	3501
2326.478	3484
2328.476	3507
2330.473	3571
2332.469	3474
2334.465	3503
2336.46	3499
2338.454	3499
2340.45	3594
2342.444	3488
2344.437	3542
2346.43	3446
2348.421	3449
2350.414	3467
2352.405	3463
2354.396	3560
2356.386	3436
2358.376	3476
2360.366	3516
2362.355	3508
2364.343	3488
2366.331	3545
2368.317	3549
2370.304	3486
2372.292	3467
2374.278	3415
2376.262	3487
2378.247	3399
2380.23	3475
2382.216	3400
2384.199	3426
2386.181	3431
2388.163	3394
2390.144	3405
2392.127	3505
2394.107	3430
2396.087	3388
2398.066	3452
2400.046	3531
2402.023	3411
2404.004	3407
2405.981	3428
2407.957	3502
2409.934	3459
2411.91	3432
2413.886	3492
2415.862	3359
2417.836	3369
2419.809	3455
2421.784	3420
2423.756	3412
2425.73	3439
2427.701	3433
2429.672	3527
2431.644	3441
2433.615	3432
2435.586	3481
2437.555	3430
2439.523	3496
2441.491	3420
2443.459	3411
2445.428	3480
2447.395	3388
2449.361	3404
2451.327	3344
2453.292	3378
2455.257	3389
2457.223	3467
2459.187	3388
2461.15	3375
2463.113	3394
2465.076	3364
2467.039	3453
2468.999	3420
2470.96	3385
2472.921	3389
2474.881	3405
2476.841	3376
2478.8	3354
2480.759	3370
2482.717	3399
2484.675	3372
2486.63	3373
2488.589	3414
2490.545	3328
2492.5	3447
2494.455	3448
2496.408	3362
2498.364	3431
2500.318	3398
2502.27	3312
2504.223	3316
2506.174	3355
2508.126	3444
2510.078	3408
2512.03	3367
2513.979	3409
2515.927	3342
2517.877	3437
2519.826	3314
2521.775	3386
2523.722	3352
2525.668	3403
2527.616	3361
2529.561	3382
2531.508	3345
2533.452	3356
2535.398	3365
2537.342	3344
2539.284	3363
2541.229	3379
2543.173	3296
2545.114	3346
2547.055	3329
2548.996	3366
2550.938	3420
2552.878	3375
2554.817	3457
2556.756	3395
2558.695	3376
2560.633	3314
2562.572	3398
2564.509	3430
2566.445	3358
2568.382	3347
2570.317	3411
2572.254	3350
2574.189	3380
2576.123	3330
2578.057	3416
2579.99	3396
2581.923	3345
2583.855	3436
2585.788	3335
2587.719	3310
2589.65	3343
2591.579	3396
2593.511	3385
2595.44	3364
2597.37	3446
2599.297	3392
2601.225	3425
2603.153	3313
2605.08	3367
2607.007	3355
2608.932	3363
2610.858	3374
2612.782	3363
2614.709	3414
2616.632	3358
2618.556	3341
2620.478	3403
2622.401	3393
2624.324	3380
2626.247	3343
2628.167	3375
2630.088	3411
2632.008	3449
2633.928	3346
2635.848	3451
2637.766	3325
2639.684	3440
2641.603	3441
2643.519	3411
2645.437	3400
2647.353	3357
2649.27	3436
2651.184	3391
2653.099	3385
2655.014	3429
2656.928	3330
2658.842	3387
2660.755	3382
2662.667	3425
2664.579	3429
2666.491	3350
2668.402	3394
2670.312	3363
2672.222	3384
2674.132	3353
2676.042	3319
2677.951	3372
2679.859	3443
2681.766	3341
2683.674	3278
2685.582	3448
2687.488	3340
2689.392	3298
2691.298	3412
2693.202	3367
2695.107	3371
2697.012	3280
2698.914	3318
2700.817	3384
2702.72	3349
2704.622	3406
2706.524	3413
2708.425	3361
2710.326	3362
2712.225	3357
2714.125	3371
2716.024	3376
2717.923	3358
2719.822	3324
2721.719	3388
2723.616	3386
2725.512	3318
2727.41	3340
2729.305	3385
2731.201	3340
2733.095	3330
2734.99	3392
2736.884	3261
2738.778	3311
2740.67	3342
2742.562	3321
2744.455	3351
2746.346	3347
2748.238	3242
2750.129	3284
2752.018	3316
2753.907	3280
2755.797	3345
2757.687	3366
2759.575	3316
2761.462	3289
2763.349	3398
2765.237	3393
2767.124	3316
2769.009	3295
2770.894	3416
2772.779	3346
2774.663	3304
2776.547	3354
2778.431	3308
2780.314	3356
2782.197	3358
2784.078	3353
2785.96	3316
2787.842	3250
2789.723	3395
2791.603	3320
2793.483	3307
2795.362	3343
2797.241	3303
2799.121	3290
2800.997	3312
2802.874	3267
2804.751	3301
2806.628	3277
2808.506	3338
2810.38	3324
2812.255	3309
2814.13	3356
2816.003	3249
2817.878	3268
2819.752	3320
2821.623	3279
2823.496	3266
2825.368	3349
2827.238	3309
2829.111	3352
2830.98	3303
2832.851	3353
2834.719	3314
2836.589	3226
2838.458	3361
2840.327	3287
2842.193	3271
2844.061	3417
2845.927	3357
2847.794	3364
2849.66	3437
2851.525	3367
2853.39	3351
2855.254	3327
2857.117	3359
2858.983	3392
2860.845	3460
2862.707	3462
2864.569	3463
2866.431	3506
2868.293	3524
2870.154	3543
2872.013	3631
2873.873	3590
2875.733	3676
2877.592	3627
2879.451	3677
2881.309	3826
2883.166	3822
2885.022	3825
2886.879	3851
2888.736	3778
2890.591	3846
2892.446	3909
2894.301	3841
2896.155	3892
2898.009	3860
2899.863	3907
2901.716	3776
2903.568	3791
2905.419	3805
2907.27	3833
2909.123	3823
2910.973	3877
2912.824	3959
2914.673	3927
2916.521	3918
2918.372	3997
2920.22	4092
2922.067	4109
2923.914	4161
2925.761	4174
2927.607	4249
2929.455	4242
2931.301	4245
2933.144	4393
2934.99	4371
2936.833	4453
2938.678	4491
2940.522	4621
2942.364	4710
2944.207	4570
2946.048	4661
2947.891	4677
2949.731	4713
2951.571	4654
2953.412	4672
2955.25	4684
2957.09	4577
2958.93	4447
2960.767	4447
2962.606	4280
2964.443	4347
2966.279	4265
2968.116	4264
2969.953	4178
2971.788	4167
2973.623	4153
2975.457	4043
2977.292	4018
2979.127	3998
2980.959	4129
2982.792	3981
2984.624	4088
2986.455	3989
2988.288	3981
2990.119	3947
2991.949	3873
2993.779	3931
2995.608	3895
2997.439	3868
2999.268	3727
3001.096	3681
3002.923	3673
3004.751	3714
3006.578	3638
3008.406	3484
3010.232	3541
3012.057	3502
3013.883	3387
3015.706	3425
3017.532	3454
3019.356	3369
3021.179	3414
3023.002	3386
3024.823	3395
3026.646	3320
3028.469	3277
3030.289	3255
3032.11	3249
3033.93	3278
3035.749	3266
3037.57	3269
3039.39	3234
3041.207	3296
3043.026	3257
3044.842	3291
3046.661	3272
3048.477	3220
3050.294	3095
3052.109	3206
3053.925	3241
3055.739	3190
3057.555	3225
3059.368	3241
3061.181	3289
3062.995	3223
3064.807	3234
3066.62	3265
3068.433	3248
3070.243	3313
3072.054	3238
3073.865	3279
3075.675	3220
3077.485	3241
3079.293	3263
3081.102	3157
3082.911	3214
3084.719	3191
3086.527	3254
3088.333	3214
3090.139	3171
3091.945	3115
3093.75	3168
3095.557	3138
3097.361	3186
3099.165	3212
3100.969	3140
3102.772	3121
3104.575	3156
3106.379	3115
3108.181	3083
3109.982	3071
3111.783	3155
3113.584	3132
3115.386	3078
3117.186	3231
3118.985	3127
3120.783	3099
3122.582	3085
3124.381	3082
3126.179	3113
3127.975	3117
3129.772	3095
3131.569	3098
3133.365	3146
3135.161	3044
3136.956	3022
3138.751	3102
3140.544	3101
3142.338	3090
3144.132	3099
3145.925	3041
3147.717	3073
3149.509	3082
3151.301	3072
3153.091	3049
3154.884	3120
3156.673	3048
3158.462	3081
3160.252	3020
3162.041	3037
3163.831	3046
3165.618	3035
3167.405	3142
3169.193	3082
3170.979	3136
3172.767	3101
3174.553	3116
3176.338	3070
3178.123	3089
3179.907	3096
3181.692	3046
3183.477	3095
3185.259	3063
3187.042	3018
3188.824	3012
3190.607	3110
3192.389	3084
3194.17	3050
3195.951	3108
3197.73	3033
3199.51	3071
3201.289	3064
3203.07	3120
3204.848	3088
3206.626	3024
3208.403	3057
3210.18	3070
3211.959	2985
3213.735	2994
3215.511	3040
3217.285	3104
3219.06	3086
3220.836	3061
3222.611	3040
3224.384	3067
3226.158	3084
3227.929	3072
3229.702	3044
3231.476	3076
3233.248	3084
3235.018	3031
3236.789	3117
3238.56	3036
3240.33	3010
3242.1	3104
3243.869	3085
3245.637	3097
3247.405	3044
3249.172	3038
3250.941	3052
3252.707	3087
3254.474	3073
3256.24	3091
3258.006	3126
3259.772	3074
3261.537	3106
3263.301	3078
3265.065	2990
3266.828	3050
3268.592	3088
3270.355	3200
3272.117	3108
3273.878	3072
3275.64	3102
3277.401	3099
3279.162	3152
3280.922	3130
3282.682	2990
3284.441	3101
3286.199	3175
3287.959	3149
3289.716	3123
3291.475	3090
3293.232	3150
3294.988	3102
3296.744	3068
3298.501	3155
3300.256	3175
3302.011	3132
3303.766	3128
3305.52	3055
3307.275	3056
3309.028	3168
3310.781	3100
3312.533	3175
3314.285	3135
3316.038	3143
3317.789	3115
3319.54	3213
3321.289	3031
3323.039	3078
3324.789	3116
3326.539	3078
3328.288	3074
3330.035	3165
3331.783	3096
3333.531	3084
3335.28	3101
3337.025	3024
3338.771	3134
3340.518	3038
3342.262	3154
3344.009	3131
3345.753	3124
3347.497	3033
3349.24	3030
3350.983	3064
3352.726	3063
3354.469	3050
3356.212	3067
3357.952	2983
3359.694	3040
3361.434	3016
3363.176	3020
3364.916	3110
3366.654	2968
3368.394	3055
3370.132	3039
3371.871	3034
3373.61	3004
3375.346	3029
3377.083	3020
3378.82	2996
3380.556	3016
3382.292	2951
3384.027	2945
3385.763	3012
3387.497	3041
3389.231	2884
3390.965	2977
3392.698	3016
3394.431	2975
3396.164	2919
3397.896	2950
3399.627	3024
3401.36	2947
3403.09	3016
3404.82	2973
3406.55	3009
3408.279	2950
3410.01	2954
3411.738	2938
3413.467	2967
3415.194	3035
3416.92	2880
3418.647	2979
3420.375	2931
3422.102	2955
3423.827	2974
3425.553	2918
3427.277	3018
3429.003	2982
3430.727	2986
3432.451	2952
3434.173	3018
3435.896	2955
3437.62	2888
3439.343	2950
3441.063	2867
3442.785	2915
3444.505	2914
3446.226	2886
3447.948	2931
3449.666	2873
3451.386	2877
3453.104	2833
3454.823	2901
3456.541	2848
3458.259	2919
3459.976	2879
3461.693	2926
3463.408	3002
3465.125	2854
3466.841	2880
3468.556	2847
3470.271	2820
3471.985	2836
3473.698	2792
3475.414	2841
3477.126	2818
3478.838	2778
3480.55	2848
3482.263	2877
3483.975	2755
3485.686	2799
3487.396	2811
3489.106	2780
3490.817	2809
3492.526	2768
3494.236	2830
3495.944	2751
3497.652	2733
3499.359	2811
3501.066	2787
3502.775	2736
3504.481	2747
3506.187	2776
3507.893	2757
3509.598	2700
3511.304	2788
3513.009	2660
3514.713	2727
3516.417	2761
3518.12	2737
3519.821	2674
3521.525	2631
3523.228	2750
3524.929	2733
3526.631	2691
3528.33	2770
3530.032	2699
3531.733	2678
3533.433	2668
3535.131	2667
3536.83	2708
3538.529	2675
3540.227	2667
3541.925	2764
3543.623	2672
3545.319	2643
3547.016	2711
3548.712	2652
3550.408	2628
3552.103	2666
3553.798	2647
3555.491	2707
3557.188	2740
3558.88	2701
3560.574	2613
3562.266	2618
3563.959	2733
3565.651	2672
3567.343	2606
3569.035	2560
3570.725	2614
3572.415	2745
3574.106	2609
3575.797	2650
3577.485	2654
3579.174	2665
3580.863	2586
3582.551	2609
3584.238	2591
3585.926	2649
3587.613	2657
3589.3	2650
3590.986	2653
3592.671	2563
3594.357	2623
3596.042	2529
3597.726	2569
3599.41	2561
3601.094	2544
3602.778	2599
3604.461	2558
3606.143	2637
3607.825	2559
3609.507	2521
3611.188	2542
3612.87	2473
3614.551	2481
3616.229	2522
3617.909	2468
3619.589	2521
3621.269	2514
3622.948	2498
3624.625	2467
3626.302	2485
3627.98	2515
3629.657	2535
3631.334	2490
3633.01	2452
3634.686	2428
3636.361	2478
3638.036	2467
3639.712	2428
3641.385	2465
3643.06	2463
3644.732	2518
3646.405	2478
3648.08	2414
3649.751	2443
3651.424	2469
3653.094	2519
3654.766	2425
3656.436	2471
3658.106	2370
3659.777	2406
3661.446	2400
3663.115	2460
3664.783	2351
3666.452	2412
3668.121	2360
3669.788	2425
3671.454	2396
3673.121	2452
3674.789	2431
3676.455	2390
3678.12	2401
3679.784	2382
3681.45	2392
3683.114	2429
3684.779	2371
3686.442	2368
3688.105	2334
3689.768	2394
3691.43	2400
3693.093	2279
3694.754	2406
3696.415	2351
3698.076	2352
3699.736	2423
3701.396	2389
3703.057	2414
3704.716	2349
3706.375	2329
3708.034	2355
3709.692	2318
3711.351	2320
3713.008	2362
3714.665	2333
3716.321	2347
3717.977	2381
3719.634	2345
3721.29	2312
3722.945	2336
3724.598	2320
3726.253	2370
3727.907	2317
3729.561	2311
3731.214	2327
3732.867	2395
3734.518	2317
3736.171	2337
3737.824	2348
3739.474	2282
3741.125	2272
3742.775	2334
3744.425	2321
3746.074	2297
3747.725	2307
3749.373	2296
3751.022	2252
3752.669	2286
3754.318	2331
3755.966	2293
3757.612	2330
3759.259	2325
3760.905	2212
3762.55	2361
3764.197	2276
3765.842	2305
3767.486	2242
3769.131	2345
3770.774	2256
3772.417	2264
3774.061	2358
3775.705	2246
3777.347	2303
3778.988	2338
3780.629	2275
3782.271	2277
3783.912	2257
3785.552	2306
3787.192	2312
3788.831	2260
3790.472	2256
3792.112	2272
3793.75	2246
3795.388	2295
3797.024	2222
3798.661	2261
3800.3	2267
3801.936	2292
3803.572	2225
3805.208	2252
3806.844	2255
3808.48	2252
3810.115	2204
3811.748	2239
3813.382	2220
3815.016	2218
3816.649	2202
3818.283	2194
3819.914	2245
3821.547	2212
3823.178	2280
3824.809	2211
3826.441	2293
3828.072	2229
3829.701	2242
3831.331	2199
3832.96	2265
3834.591	2161
3836.219	2202
3837.847	2222
3839.475	2239
3841.102	2194
3842.729	2199
3844.357	2225
3845.984	2222
3847.609	2221
3849.234	2207
3850.86	2196
3852.485	2115
3854.11	2189
3855.734	2159
3857.357	2170
3858.981	2125
3860.603	2209
3862.227	2202
3863.848	2198
3865.471	2158
3867.092	2169
3868.713	2144
3870.334	2127
3871.954	2131
3873.575	2201
3875.194	2187
3876.813	2147
3878.433	2136
3880.051	2148
3881.669	2150
3883.286	2188
3884.904	2194
3886.52	2158
3888.138	2179
3889.754	2160
3891.37	2181
3892.985	2160
3894.6	2137
3896.216	2165
3897.831	2110
3899.444	2134
3901.058	2125
3902.67	2168
3904.283	2150
3905.897	2143
3907.509	2216
3909.121	2118
3910.731	2162
3912.342	2101
3913.954	2161
3915.563	2162
3917.174	2085
3918.783	2191
3920.391	2120
3922.002	2158
3923.611	2124
3925.218	2133
3926.826	2162
3928.432	2144
3930.039	2061
3931.647	2079
3933.253	2165
3934.859	2152
3936.464	2134
3938.068	2104
3939.675	2132
3941.278	2129
3942.883	2119
3944.486	2107
3946.089	2141
3947.692	2131
3949.295	2095
3950.898	2190
3952.499	2101
3954.1	2130
3955.7	2065
3957.303	2153
3958.903	2121
3960.502	2100
3962.101	2075
3963.7	2074
3965.301	2150
3966.899	2068
3968.497	2096
3970.094	2075
3971.691	2100
3973.288	2089
3974.885	2153
3976.481	2044
3978.077	2079
3979.672	2094
3981.267	2028
3982.863	2084
3984.457	2049
3986.051	2070
3987.645	2103
3989.238	2051
3990.831	2022
3992.425	2062
3994.017	2067
3995.607	2046
3997.199	2035
3998.79	2042
4000.382	2009
4001.973	2007
4003.561	2136
4005.151	2041
4006.741	2029
4008.331	2019
4009.918	1979
4011.507	2059
4013.095	2029
4014.681	2029
4016.269	2053
4017.856	2028
4019.443	2086
4021.028	2052
4022.614	2016
4024.199	2056
4025.785	1994
4027.37	2001
4028.953	1963
4030.536	2023
4032.12	1989
4033.704	1974
4035.287	2012
4036.869	2020
4038.45	1913
4040.032	1962
4041.613	1969
4043.195	1997
4044.776	2026
4046.356	1966
4047.935	1965
4049.515	2000
4051.095	2004
4052.674	1934
4054.251	1938
4055.829	1955
4057.406	1963
4058.985	1992
4060.562	1947
4062.139	1948
4063.715	1939
4065.29	1949
4066.865	1958
4068.442	1963
4070.016	1946
4071.59	1947
4073.164	1920
4074.738	1859
4076.312	1975
4077.885	1955
4079.458	1918
4081.03	1940
4082.602	1963
4084.173	1948
4085.745	1957
4087.315	1935
4088.886	1976
4090.456	1919
4092.026	1925
4093.596	1896
4095.165	1908
4096.734	1936
4098.301	1907
4099.869	1917
4101.437	1954
4103.006	1998
4104.572	1956
4106.139	1904
4107.704	1875
4109.27	1913
4110.837	1923
4112.401	1897
4113.966	1945
4115.53	1905
4117.094	1920
4118.659	1945
4120.223	1878
4121.785	1879
4123.347	1888
4124.909	1900
4126.471	1897
4128.034	1936
4129.595	1891
4131.155	1865
4132.716	1882
4134.275	1871
4135.836	1888
4137.395	1856
4138.955	1844
4140.513	1847
4142.071	1825
4143.628	1896
4145.188	1932
4146.745	1843
4148.302	1895
4149.858	1864
4151.414	1886
4152.971	1939
4154.526	1907
4156.081	1846
4157.635	1878
4159.189	1857
4160.745	1804
4162.298	1889
4163.852	1909
4165.405	1860
4166.957	1860
4168.51	1868
4170.063	1848
4171.614	1867
4173.166	1824
4174.717	1839
4176.267	1828
4177.817	1801
4179.368	1824
4180.917	1850
4182.466	1826
4184.016	1788
4185.564	1849
4187.112	1836
4188.66	1803
4190.207	1897
4191.754	1804
4193.301	1836
4194.848	1820
4196.394	1827
4197.94	1854
4199.484	1826
4201.03	1840
4202.575	1796
4204.12	1815
4205.663	1818
4207.207	1800
4208.75	1815
4210.292	1806
4211.836	1756
4213.378	1781
4214.92	1817
4216.46	1817
4218.002	1799
4219.544	1832
4221.083	1818
4222.625	1777
4224.164	1795
4225.703	1799
4227.244	1814
4228.782	1814
4230.32	1758
4231.857	1787
4233.395	1809
4234.933	1760
4236.471	1812
4238.007	1774
4239.542	1733
4241.078	1793
4242.614	1774
4244.15	1777
4245.685	1799
4247.219	1775
4248.753	1763
4250.287	1742
4251.82	1779
4253.354	1809
4254.887	1776
4256.419	1745
4257.951	1739
4259.483	1808
4261.016	1764
4262.547	1770
4264.078	1703
4265.608	1794
4267.137	1800
4268.668	1758
4270.197	1778
4271.727	1774
4273.254	1730
4274.783	1747
4276.311	1762
4277.84	1669
4279.366	1818
4280.894	1751
4282.42	1770
4283.946	1756
4285.473	1783
4286.998	1779
4288.523	1721
4290.047	1774
4291.572	1754
4293.096	1779
4294.622	1763
4296.144	1733
4297.668	1705
4299.19	1727
4300.713	1708
4302.236	1707
4303.758	1730
4305.279	1740
4306.799	1714
4308.321	1675
4309.842	1715
4311.361	1730
4312.882	1660
4314.401	1719
