400.0961	2445
402.6185	2378
405.1424	2466
407.6635	2463
410.1838	2500
412.7035	2527
415.2225	2502
417.7388	2563
420.2585	2585
422.7754	2563
425.2917	2669
427.8072	2646
430.3221	2624
432.8363	2631
435.3498	2651
437.8626	2684
440.3727	2658
442.8841	2680
445.3969	2682
447.907	2646
450.4142	2617
452.9229	2631
455.4289	2651
457.9362	2644
460.4449	2655
462.9488	2586
465.454	2608
467.9566	2610
470.4604	2609
472.9637	2660
475.4662	2647
477.966	2654
480.4671	2530
482.9656	2647
485.4633	2628
487.9645	2616
490.4608	2592
492.9566	2673
495.4536	2689
497.948	2660
500.4437	2606
502.9387	2701
505.431	2644
507.9226	2693
510.4136	2665
512.9079	2622
515.3975	2723
517.8864	2615
520.3746	2618
522.8622	2653
525.3491	2581
527.8394	2662
530.3249	2651
532.8098	2681
535.2939	2691
537.7774	2764
540.2623	2692
542.7444	2672
545.2259	2686
547.7067	2668
550.1868	2737
552.6683	2685
555.147	2700
557.6231	2740
560.1005	2809
562.5773	2649
565.0534	2719
567.5308	2805
570.0056	2760
572.4776	2768
574.951	2831
577.4237	2792
579.8978	2834
582.3671	2817
584.8378	2853
587.3079	2786
589.7773	2842
592.244	2811
594.714	2889
597.1793	2816
599.6461	2858
602.1121	2767
604.5754	2709
607.0421	2769
609.5042	2858
611.9675	2807
614.4282	2801
616.8902	2769
619.3515	2748
621.8122	2802
624.2702	2750
626.7296	2723
629.1863	2779
631.6423	2799
634.1017	2772
636.5563	2821
639.0104	2777
641.4658	2741
643.9185	2729
646.3725	2813
648.8239	2790
651.2766	2773
653.7266	2749
656.176	2773
658.6247	2812
661.0748	2850
663.5242	2775
665.9709	2863
668.417	2782
670.8624	2797
673.3092	2823
675.7533	2861
678.1968	2832
680.6395	2808
683.0817	2816
685.5251	2831
687.9659	2853
690.4061	2914
692.8456	2909
695.2844	2888
697.7226	2871
700.1621	2914
702.599	2835
705.0332	2897
707.4688	2879
709.9036	2833
712.3399	2902
714.7735	2942
717.2044	2914
719.6367	2915
722.0683	2896
724.4993	2904
726.9296	2869
729.3593	2888
731.7883	2919
734.2147	2976
736.6423	2943
739.0714	2929
741.4958	2920
743.9216	2953
746.3447	3056
748.7691	3025
751.1929	2964
753.616	2946
756.0366	3043
758.4584	2980
760.8776	3009
763.2982	3123
765.718	3043
768.1373	2955
770.5539	2999
772.9698	3001
775.3871	3016
777.8038	3030
780.2178	3079
782.6332	3040
785.0459	2943
787.458	3062
789.8714	3055
792.2842	3046
794.6943	3123
797.1038	3122
799.5127	3025
801.9209	3083
804.3324	3027
806.7393	3039
809.1456	3060
811.5513	3121
813.9562	3031
816.3625	3063
818.7663	3059
821.1693	3151
823.5718	3067
825.9735	3067
828.3746	3142
830.7771	3062
833.177	3049
835.5762	3166
837.9747	3059
840.3727	3101
842.772	3086
845.1666	3072
847.5626	3222
849.958	3145
852.3527	3193
854.7488	3180
857.1403	3147
859.5331	3170
861.9253	3203
864.3168	3113
866.7057	3082
869.098	3188
871.4876	3153
873.8746	3142
876.263	3215
878.6487	3168
881.0378	3146
883.4243	3143
885.8081	3101
888.1933	3145
890.5759	3146
892.9598	3055
895.343	3106
897.7256	3234
900.1057	3135
902.4871	3151
904.8659	3268
907.246	3178
909.6254	3195
912.0023	3204
914.3786	3242
916.7562	3244
919.1331	3261
921.5074	3304
923.8831	3366
926.2562	3307
928.6287	3301
931.0005	3372
933.3757	3424
935.7462	3395
938.1162	3283
940.4855	3393
942.8542	3471
945.2242	3520
947.5916	3616
949.9584	3644
952.3266	3840
954.6921	3948
957.0571	4135
959.4233	4321
961.787	4466
964.15	4308
966.5125	4246
968.8742	4032
971.2354	3778
973.5959	3678
975.9559	3502
978.3151	3438
980.6738	3301
983.0338	3371
985.3912	3318
987.7461	3266
990.1022	3284
992.4578	3283
994.8127	3290
997.1689	3235
999.5207	3221
1001.874	3312
1004.226	3265
1006.576	3324
1008.929	3291
1011.28	3322
1013.628	3300
1015.977	3271
1018.324	3310
1020.674	3274
1023.019	3353
1025.366	3312
1027.713	3239
1030.056	3380
1032.399	3283
1034.746	3383
1037.087	3334
1039.431	3331
1041.771	3404
1044.113	3393
1046.454	3400
1048.793	3341
1051.133	3377
1053.471	3444
1055.807	3383
1058.146	3365
1060.483	3379
1062.818	3464
1065.153	3374
1067.489	3501
1069.822	3463
1072.156	3401
1074.488	3459
1076.82	3446
1079.15	3503
1081.48	3417
1083.814	3317
1086.143	3437
1088.471	3395
1090.799	3422
1093.126	3397
1095.452	3376
1097.78	3385
1100.105	3342
1102.43	3406
1104.754	3320
1107.077	3310
1109.4	3378
1111.722	3356
1114.044	3388
1116.365	3358
1118.685	3342
1121.005	3366
1123.324	3351
1125.643	3311
1127.961	3379
1130.278	3405
1132.595	3352
1134.911	3419
1137.226	3391
1139.541	3351
1141.854	3352
1144.167	3338
1146.482	3309
1148.793	3361
1151.105	3339
1153.414	3351
1155.725	3331
1158.033	3398
1160.344	3370
1162.651	3392
1164.959	3403
1167.265	3397
1169.572	3389
1171.878	3365
1174.184	3416
1176.488	3418
1178.79	3355
1181.094	3461
1183.396	3387
1185.699	3363
1188.001	3403
1190.301	3316
1192.6	3395
1194.9	3395
1197.2	3352
1199.497	3312
1201.794	3341
1204.09	3314
1206.387	3395
1208.684	3316
1210.978	3376
1213.272	3438
1215.565	3418
1217.858	3377
1220.15	3436
1222.443	3418
1224.734	3400
1227.024	3405
1229.313	3449
1231.602	3489
1233.892	3463
1236.18	3497
1238.467	3468
1240.754	3476
1243.04	3525
1245.325	3557
1247.612	3446
1249.896	3516
1252.178	3503
1254.461	3575
1256.743	3558
1259.027	3572
1261.308	3574
1263.587	3572
1265.867	3555
1268.146	3492
1270.425	3544
1272.703	3564
1274.981	3523
1277.256	3512
1279.532	3563
1281.808	3525
1284.083	3486
1286.358	3464
1288.63	3471
1290.904	3423
1293.175	3481
1295.449	3458
1297.719	3503
1299.99	3454
1302.259	3393
1304.529	3451
1306.798	3468
1309.065	3375
1311.333	3454
1313.599	3392
1315.866	3521
1318.131	3499
1320.396	3406
1322.66	3508
1324.925	3510
1327.187	3457
1329.448	3503
1331.711	3448
1333.974	3466
1336.234	3444
1338.493	3470
1340.752	3487
1343.01	3474
1345.269	3442
1347.526	3434
1349.784	3558
1352.04	3456
1354.295	3504
1356.552	3399
1358.806	3581
1361.059	3438
1363.312	3502
1365.564	3503
1367.818	3469
1370.069	3492
1372.318	3497
1374.568	3525
1376.817	3565
1379.066	3465
1381.316	3420
1383.564	3509
1385.809	3503
1388.056	3543
1390.301	3555
1392.549	3497
1394.793	3562
1397.036	3552
1399.279	3558
1401.522	3625
1403.763	3609
1406.007	3623
1408.248	3525
1410.487	3575
1412.727	3691
1414.965	3587
1417.205	3670
1419.442	3614
1421.68	3593
1423.915	3681
1426.152	3566
1428.388	3690
1430.623	3592
1432.857	3629
1435.091	3668
1437.323	3625
1439.556	3702
1441.789	3638
1444.019	3660
1446.25	3751
1448.48	3574
1450.708	3660
1452.938	3769
1455.167	3708
1457.394	3728
1459.62	3615
1461.846	3705
1464.073	3697
1466.299	3661
1468.523	3639
1470.746	3623
1472.969	3620
1475.191	3627
1477.415	3587
1479.636	3624
1481.858	3566
1484.078	3478
1486.298	3517
1488.518	3550
1490.736	3563
1492.954	3498
1495.169	3543
1497.386	3526
1499.602	3491
1501.819	3539
1504.034	3541
1506.248	3482
1508.462	3442
1510.675	3496
1512.888	3554
1515.1	3473
1517.311	3522
1519.522	3437
1521.732	3442
1523.942	3511
1526.151	3484
1528.36	3464
1530.566	3479
1532.773	3508
1534.98	3483
1537.187	3540
1539.392	3459
1541.596	3508
1543.801	3472
1546.005	3544
1548.208	3520
1550.411	3576
1552.612	3528
1554.814	3560
1557.013	3460
1559.212	3501
1561.414	3571
1563.612	3511
1565.811	3549
1568.007	3570
1570.203	3550
1572.403	3583
1574.598	3540
1576.792	3576
1578.988	3545
1581.181	3610
1583.376	3579
1585.568	3580
1587.761	3578
1589.952	3606
1592.143	3615
1594.333	3579
1596.524	3574
1598.715	3650
1600.903	3566
1603.091	3676
1605.278	3626
1607.466	3639
1609.652	3543
1611.838	3641
1614.023	3562
1616.207	3616
1618.391	3655
1620.576	3638
1622.759	3657
1624.941	3669
1627.123	3644
1629.304	3646
1631.484	3720
1633.664	3625
1635.844	3682
1638.022	3716
1640.201	3648
1642.38	3647
1644.556	3728
1646.732	3738
1648.908	3704
1651.084	3627
1653.257	3700
1655.433	3719
1657.607	3631
1659.779	3797
1661.951	3660
1664.122	3733
1666.295	3798
1668.467	3763
1670.635	3804
1672.805	3753
1674.973	3723
1677.142	3804
1679.31	3673
1681.478	3691
1683.644	3764
1685.81	3664
1687.975	3696
1690.142	3718
1692.305	3671
1694.468	3641
1696.632	3718
1698.794	3722
1700.957	3614
1703.119	3688
1705.279	3661
1707.439	3664
1709.598	3684
1711.758	3624
1713.917	3602
1716.075	3622
1718.231	3705
1720.388	3592
1722.543	3569
1724.702	3583
1726.856	3602
1729.01	3633
1731.164	3542
1733.317	3587
1735.471	3707
1737.623	3613
1739.774	3628
1741.925	3667
1744.075	3654
1746.225	3650
1748.376	3618
1750.524	3609
1752.672	3598
1754.82	3625
1756.965	3680
1759.113	3662
1761.259	3604
1763.405	3598
1765.549	3619
1767.694	3653
1769.836	3655
1771.981	3620
1774.123	3588
1776.264	3695
1778.405	3701
1780.546	3630
1782.687	3668
1784.827	3686
1786.966	3678
1789.103	3644
1791.242	3651
1793.381	3688
1795.517	3651
1797.653	3683
1799.788	3670
1801.923	3624
1804.057	3636
1806.193	3679
1808.326	3609
1810.457	3657
1812.59	3609
1814.721	3600
1816.855	3604
1818.984	3644
1821.113	3652
1823.244	3678
1825.372	3693
1827.499	3691
1829.63	3658
1831.756	3586
1833.882	3588
1836.007	3643
1838.132	3684
1840.26	3665
1842.384	3694
1844.507	3748
1846.63	3705
1848.752	3658
1850.875	3705
1852.996	3687
1855.118	3629
1857.238	3717
1859.358	3620
1861.477	3701
1863.597	3654
1865.715	3574
1867.832	3695
1869.948	3563
1872.064	3630
1874.181	3675
1876.297	3577
1878.411	3677
1880.526	3634
1882.639	3668
1884.752	3639
1886.865	3647
1888.977	3626
1891.089	3617
1893.2	3611
1895.308	3624
1897.42	3728
1899.53	3678
1901.639	3651
1903.745	3595
1905.853	3680
1907.962	3669
1910.067	3684
1912.174	3628
1914.278	3722
1916.383	3726
1918.486	3679
1920.592	3678
1922.694	3664
1924.797	3696
1926.898	3647
1929	3809
1931.102	3753
1933.203	3677
1935.301	3698
1937.401	3655
1939.499	3705
1941.598	3698
1943.697	3704
1945.793	3705
1947.888	3659
1949.985	3741
1952.08	3697
1954.176	3699
1956.269	3678
1958.364	3692
1960.457	3710
1962.549	3790
1964.642	3813
1966.733	3745
1968.823	3669
1970.913	3696
1973.005	3598
1975.093	3688
1977.184	3701
1979.271	3728
1981.359	3700
1983.446	3651
1985.532	3706
1987.619	3720
1989.705	3564
1991.789	3660
1993.874	3702
1995.956	3733
1998.041	3664
2000.123	3646
2002.206	3725
2004.287	3640
2006.368	3703
2008.449	3649
2010.529	3708
2012.609	3613
2014.688	3649
2016.766	3662
2018.843	3649
2020.922	3638
2022.999	3721
2025.074	3677
2027.15	3632
2029.225	3722
2031.299	3639
2033.375	3660
2035.447	3691
2037.52	3727
2039.592	3640
2041.664	3736
2043.736	3644
2045.807	3672
2047.876	3603
2049.947	3681
2052.015	3653
2054.086	3677
2056.153	3621
2058.221	3649
2060.288	3700
2062.353	3682
2064.42	3660
2066.486	3688
2068.55	3769
2070.614	3761
2072.678	3633
2074.741	3722
2076.805	3573
2078.866	3688
2080.929	3690
2082.99	3662
2085.049	3661
2087.109	3719
2089.17	3773
2091.228	3662
2093.286	3716
2095.344	3695
2097.4	3651
2099.46	3657
2101.516	3792
2103.572	3696
2105.626	3666
2107.679	3646
2109.735	3633
2111.788	3666
2113.841	3656
2115.894	3620
2117.945	3742
2119.997	3636
2122.049	3679
2124.1	3660
2126.148	3670
2128.197	3653
2130.246	3684
2132.296	3676
2134.342	3682
2136.39	3692
2138.437	3682
2140.483	3631
2142.527	3646
2144.574	3673
2146.619	3620
2148.661	3693
2150.705	3651
2152.747	3690
2154.792	3651
2156.832	3748
2158.874	3655
2160.915	3651
2162.954	3663
2164.995	3652
2167.034	3615
2169.072	3622
2171.111	3645
2173.148	3619
2175.186	3700
2177.223	3658
2179.258	3614
2181.294	3678
2183.328	3600
2185.362	3622
2187.398	3678
2189.431	3657
2191.463	3621
2193.495	3644
2195.528	3668
2197.56	3619
2199.59	3624
2201.62	3494
2203.649	3651
2205.678	3669
2207.708	3542
2209.737	3635
2211.764	3663
2213.791	3625
2215.817	3606
2217.843	3595
2219.87	3615
2221.895	3554
2223.919	3608
2225.942	3615
2227.966	3714
2229.988	3626
2232.012	3529
2234.032	3634
2236.054	3550
2238.074	3610
2240.095	3619
2242.116	3650
2244.135	3606
2246.153	3609
2248.171	3662
2250.188	3538
2252.208	3501
2254.223	3615
2256.239	3617
2258.255	3541
2260.269	3574
2262.283	3618
2264.3	3691
2266.312	3573
2268.325	3660
2270.336	3526
2272.349	3571
2274.362	3644
2276.372	3619
2278.383	3599
2280.392	3574
2282.402	3563
2284.409	3690
2286.418	3579
2288.427	3657
2290.433	3553
2292.441	3717
2294.446	3661
2296.453	3562
2298.459	3607
2300.463	3620
2302.466	3557
2304.471	3605
2306.475	3624
2308.477	3574
2310.478	3532
2312.481	3645
2314.481	3606
2316.481	3540
2318.482	3581
2320.482	3595
2322.48	3616
2324.48	3606
2326.478	3561
2328.476	3523
2330.473	3555
2332.469	3561
2334.465	3600
2336.46	3568
2338.454	3526
2340.45	3581
2342.444	3609
2344.437	3528
2346.43	3592
2348.421	3543
2350.414	3558
2352.405	3636
2354.396	3477
2356.386	3522
2358.376	3548
2360.366	3532
2362.355	3567
2364.343	3579
2366.331	3551
2368.317	3574
2370.304	3620
2372.292	3537
2374.278	3463
2376.262	3548
2378.247	3539
2380.23	3461
2382.216	3472
2384.199	3529
2386.181	3514
2388.163	3484
2390.144	3464
2392.127	3537
2394.107	3453
2396.087	3555
2398.066	3493
2400.046	3556
2402.023	3541
2404.004	3512
2405.981	3495
2407.957	3525
2409.934	3498
2411.91	3582
2413.886	3364
2415.862	3469
2417.836	3440
2419.809	3528
2421.784	3506
2423.756	3480
2425.73	3487
2427.701	3512
2429.672	3551
2431.644	3468
2433.615	3482
2435.586	3442
2437.555	3412
2439.523	3551
2441.491	3488
2443.459	3433
2445.428	3402
2447.395	3434
2449.361	3489
2451.327	3487
2453.292	3537
2455.257	3453
2457.223	3522
2459.187	3431
2461.15	3502
2463.113	3495
2465.076	3472
2467.039	3405
2468.999	3505
2470.96	3473
2472.921	3441
2474.881	3507
2476.841	3452
2478.8	3499
2480.759	3404
2482.717	3451
2484.675	3448
2486.63	3485
2488.589	3524
2490.545	3438
2492.5	3464
2494.455	3527
2496.408	3430
2498.364	3453
2500.318	3391
2502.27	3408
2504.223	3512
2506.174	3484
2508.126	3509
2510.078	3415
2512.03	3435
2513.979	3485
2515.927	3429
2517.877	3460
2519.826	3387
2521.775	3479
2523.722	3452
2525.668	3405
2527.616	3465
2529.561	3474
2531.508	3431
2533.452	3425
2535.398	3487
2537.342	3464
2539.284	3437
2541.229	3427
2543.173	3426
2545.114	3380
2547.055	3478
2548.996	3423
2550.938	3464
2552.878	3481
2554.817	3472
2556.756	3458
2558.695	3414
2560.633	3503
2562.572	3433
2564.509	3337
2566.445	3447
2568.382	3424
2570.317	3422
2572.254	3445
2574.189	3428
2576.123	3419
2578.057	3384
2579.99	3438
2581.923	3423
2583.855	3364
2585.788	3399
2587.719	3435
2589.65	3481
2591.579	3429
2593.511	3458
2595.44	3440
2597.37	3407
2599.297	3470
2601.225	3386
2603.153	3465
2605.08	3417
2607.007	3440
2608.932	3432
2610.858	3412
2612.782	3382
2614.709	3456
2616.632	3491
2618.556	3411
2620.478	3480
2622.401	3490
2624.324	3422
2626.247	3433
2628.167	3392
2630.088	3451
2632.008	3441
2633.928	3462
2635.848	3466
2637.766	3476
2639.684	3465
2641.603	3455
2643.519	3439
2645.437	3436
2647.353	3363
2649.27	3461
2651.184	3450
2653.099	3422
2655.014	3399
2656.928	3503
2658.842	3471
2660.755	3447
2662.667	3481
2664.579	3468
2666.491	3435
2668.402	3441
2670.312	3372
2672.222	3446
2674.132	3393
2676.042	3509
2677.951	3380
2679.859	3359
2681.766	3451
2683.674	3455
2685.582	3513
2687.488	3437
2689.392	3489
2691.298	3486
2693.202	3427
2695.107	3435
2697.012	3464
2698.914	3476
2700.817	3375
2702.72	3359
2704.622	3403
2706.524	3335
2708.425	3445
2710.326	3432
2712.225	3456
2714.125	3370
2716.024	3423
2717.923	3372
2719.822	3405
2721.719	3450
2723.616	3433
2725.512	3378
2727.41	3534
2729.305	3396
2731.201	3404
2733.095	3447
2734.99	3355
2736.884	3408
2738.778	3458
2740.67	3408
2742.562	3364
2744.455	3371
2746.346	3373
2748.238	3319
2750.129	3419
2752.018	3305
2753.907	3407
2755.797	3407
2757.687	3378
2759.575	3352
2761.462	3400
2763.349	3334
2765.237	3389
2767.124	3378
2769.009	3361
2770.894	3336
2772.779	3368
2774.663	3310
2776.547	3369
2778.431	3386
2780.314	3449
2782.197	3324
2784.078	3387
2785.96	3439
2787.842	3377
2789.723	3380
2791.603	3378
2793.483	3335
2795.362	3261
2797.241	3326
2799.121	3360
2800.997	3381
2802.874	3314
2804.751	3298
2806.628	3355
2808.506	3359
2810.38	3310
2812.255	3410
2814.13	3312
2816.003	3368
2817.878	3358
2819.752	3287
2821.623	3419
2823.496	3304
2825.368	3380
2827.238	3306
2829.111	3353
2830.98	3363
2832.851	3389
2834.719	3363
2836.589	3387
2838.458	3471
2840.327	3386
2842.193	3419
2844.061	3394
2845.927	3401
2847.794	3387
2849.66	3424
2851.525	3460
2853.39	3489
2855.254	3396
2857.117	3434
2858.983	3448
2860.845	3522
2862.707	3477
2864.569	3487
2866.431	3567
2868.293	3539
2870.154	3541
2872.013	3669
2873.873	3571
2875.733	3615
2877.592	3675
2879.451	3694
2881.309	3753
2883.166	3608
2885.022	3709
2886.879	3825
2888.736	3789
2890.591	3719
2892.446	3776
2894.301	3698
2896.155	3737
2898.009	3710
2899.863	3721
2901.716	3678
2903.568	3780
2905.419	3711
2907.27	3741
2909.123	3785
2910.973	3811
2912.824	3765
2914.673	3755
2916.521	3826
2918.372	3818
2920.22	3832
2922.067	3864
2923.914	3923
2925.761	3953
2927.607	4010
2929.455	4015
2931.301	4006
2933.144	4052
2934.99	4113
2936.833	4091
2938.678	4208
2940.522	4225
2942.364	4265
2944.207	4209
2946.048	4281
2947.891	4314
2949.731	4285
2951.571	4316
2953.412	4228
2955.25	4193
2957.09	4190
2958.93	4161
2960.767	4182
2962.606	4138
2964.443	4092
2966.279	4077
2968.116	4011
2969.953	3902
2971.788	3964
2973.623	3887
2975.457	3920
2977.292	3839
2979.127	3871
2980.959	3916
2982.792	3776
2984.624	3815
2986.455	3791
2988.288	3791
2990.119	3853
2991.949	3686
2993.779	3737
2995.608	3662
2997.439	3685
2999.268	3608
3001.096	3695
3002.923	3547
3004.751	3627
3006.578	3504
3008.406	3515
3010.232	3461
3012.057	3417
3013.883	3449
3015.706	3366
3017.532	3351
3019.356	3269
3021.179	3406
3023.002	3333
3024.823	3314
3026.646	3344
3028.469	3257
3030.289	3347
3032.11	3310
3033.93	3351
3035.749	3214
3037.57	3255
3039.39	3248
3041.207	3324
3043.026	3192
3044.842	3260
3046.661	3261
3048.477	3207
3050.294	3223
3052.109	3217
3053.925	3229
3055.739	3230
3057.555	3205
3059.368	3277
3061.181	3291
3062.995	3225
3064.807	3247
3066.62	3251
3068.433	3195
3070.243	3261
3072.054	3225
3073.865	3196
3075.675	3118
3077.485	3232
3079.293	3159
3081.102	3106
3082.911	3154
3084.719	3194
3086.527	3145
3088.333	3206
3090.139	3276
3091.945	3126
3093.75	3192
3095.557	3155
3097.361	3212
3099.165	3164
3100.969	3225
3102.772	3128
3104.575	3083
3106.379	3158
3108.181	3101
3109.982	3151
3111.783	3102
3113.584	3148
3115.386	3096
3117.186	3019
3118.985	3115
3120.783	3162
3122.582	3113
3124.381	3109
3126.179	3148
3127.975	3153
3129.772	3070
3131.569	3174
3133.365	3091
3135.161	3118
3136.956	3101
3138.751	3063
3140.544	3014
3142.338	3098
3144.132	3071
3145.925	3111
3147.717	3062
3149.509	3089
3151.301	3079
3153.091	3030
3154.884	3036
3156.673	3068
3158.462	3118
3160.252	3103
3162.041	3112
3163.831	3081
3165.618	3077
3167.405	3052
3169.193	3019
3170.979	3110
3172.767	3039
3174.553	3048
3176.338	2972
3178.123	3087
3179.907	3032
3181.692	3171
3183.477	3074
3185.259	3091
3187.042	3074
3188.824	3104
3190.607	3109
3192.389	3020
3194.17	3022
3195.951	3035
3197.73	3039
3199.51	3091
3201.289	3112
3203.07	3123
3204.848	3098
3206.626	3077
3208.403	3057
3210.18	3075
3211.959	3118
3213.735	2956
3215.511	3035
3217.285	3024
3219.06	3070
3220.836	3006
3222.611	3066
3224.384	3063
3226.158	3054
3227.929	3050
3229.702	3016
3231.476	3113
3233.248	2984
3235.018	3028
3236.789	3060
3238.56	3031
3240.33	3060
3242.1	3113
3243.869	2990
3245.637	3043
3247.405	3013
3249.172	3036
3250.941	3070
3252.707	3029
3254.474	3106
3256.24	3113
3258.006	3059
3259.772	3094
3261.537	3101
3263.301	3064
3265.065	3008
3266.828	3066
3268.592	2972
3270.355	3076
3272.117	3009
3273.878	3061
3275.64	3059
3277.401	2993
3279.162	3075
3280.922	3074
3282.682	3075
3284.441	3008
3286.199	3099
3287.959	3126
3289.716	3091
3291.475	3022
3293.232	2902
3294.988	3070
3296.744	3074
3298.501	3056
3300.256	3051
3302.011	3059
3303.766	3054
3305.52	2985
3307.275	3046
3309.028	3066
3310.781	3103
3312.533	3012
3314.285	3096
3316.038	3024
3317.789	3099
3319.54	2996
3321.289	3094
3323.039	3081
3324.789	3047
3326.539	3053
3328.288	3077
3330.035	3025
3331.783	3034
3333.531	3020
3335.28	2963
3337.025	3104
3338.771	3068
3340.518	3088
3342.262	2990
3344.009	3039
3345.753	3007
3347.497	2941
3349.24	2987
3350.983	2975
3352.726	2952
3354.469	2954
3356.212	3009
3357.952	3006
3359.694	2981
3361.434	3011
3363.176	2999
3364.916	3002
3366.654	2907
3368.394	2973
3370.132	2996
3371.871	2978
3373.61	3012
3375.346	2979
3377.083	3004
3378.82	2972
3380.556	2950
3382.292	2952
3384.027	2895
3385.763	2930
3387.497	3052
3389.231	2937
3390.965	2972
3392.698	2925
3394.431	2918
3396.164	2886
3397.896	2918
3399.627	2962
3401.36	3055
3403.09	2912
3404.82	2960
3406.55	2947
3408.279	2906
3410.01	2847
3411.738	2902
3413.467	2972
3415.194	2897
3416.92	2892
3418.647	2876
3420.375	2821
3422.102	2881
3423.827	2925
3425.553	2866
3427.277	2923
3429.003	2905
3430.727	2944
3432.451	2888
3434.173	2957
3435.896	2909
3437.62	2819
3439.343	2917
3441.063	2836
3442.785	2872
3444.505	2842
3446.226	2924
3447.948	2939
3449.666	2759
3451.386	2769
3453.104	2825
3454.823	2810
3456.541	2837
3458.259	2818
3459.976	2839
3461.693	2859
3463.408	2816
3465.125	2858
3466.841	2800
3468.556	2839
3470.271	2856
3471.985	2792
3473.698	2844
3475.414	2827
3477.126	2770
3478.838	2816
3480.55	2836
3482.263	2765
3483.975	2761
3485.686	2765
3487.396	2750
3489.106	2724
3490.817	2797
3492.526	2713
3494.236	2746
3495.944	2690
3497.652	2827
3499.359	2713
3501.066	2774
3502.775	2744
3504.481	2680
3506.187	2743
3507.893	2798
3509.598	2737
3511.304	2741
3513.009	2719
3514.713	2716
3516.417	2730
3518.12	2678
3519.821	2724
3521.525	2770
3523.228	2725
3524.929	2633
3526.631	2711
3528.33	2697
3530.032	2717
3531.733	2639
3533.433	2706
3535.131	2657
3536.83	2673
3538.529	2699
3540.227	2675
3541.925	2642
3543.623	2645
3545.319	2709
3547.016	2652
3548.712	2659
3550.408	2707
3552.103	2696
3553.798	2623
3555.491	2668
3557.188	2703
3558.88	2610
3560.574	2630
3562.266	2711
3563.959	2628
3565.651	2623
3567.343	2603
3569.035	2582
3570.725	2655
3572.415	2592
3574.106	2694
3575.797	2595
3577.485	2570
3579.174	2614
3580.863	2628
3582.551	2593
3584.238	2520
3585.926	2597
3587.613	2583
3589.3	2577
3590.986	2570
3592.671	2575
3594.357	2603
3596.042	2636
3597.726	2614
3599.41	2602
3601.094	2501
3602.778	2588
3604.461	2570
3606.143	2584
3607.825	2549
3609.507	2484
3611.188	2559
3612.87	2543
3614.551	2525
3616.229	2510
3617.909	2510
3619.589	2513
3621.269	2536
3622.948	2497
3624.625	2476
3626.302	2491
3627.98	2537
3629.657	2520
3631.334	2467
3633.01	2483
3634.686	2487
3636.361	2457
3638.036	2503
3639.712	2452
3641.385	2490
3643.06	2489
3644.732	2441
3646.405	2486
3648.08	2429
3649.751	2473
3651.424	2421
3653.094	2479
3654.766	2477
3656.436	2406
3658.106	2372
3659.777	2432
3661.446	2450
3663.115	2430
3664.783	2440
3666.452	2451
3668.121	2431
3669.788	2429
3671.454	2373
3673.121	2417
3674.789	2390
3676.455	2444
3678.12	2361
3679.784	2444
3681.45	2424
3683.114	2426
3684.779	2385
3686.442	2353
3688.105	2438
3689.768	2338
3691.43	2410
3693.093	2443
3694.754	2389
3696.415	2380
3698.076	2411
3699.736	2427
3701.396	2367
3703.057	2341
3704.716	2360
3706.375	2412
3708.034	2362
3709.692	2371
3711.351	2368
3713.008	2369
3714.665	2402
3716.321	2404
3717.977	2376
3719.634	2422
3721.29	2362
3722.945	2347
3724.598	2341
3726.253	2402
3727.907	2356
3729.561	2397
3731.214	2343
3732.867	2301
3734.518	2398
3736.171	2345
3737.824	2364
3739.474	2375
3741.125	2326
3742.775	2345
3744.425	2299
3746.074	2378
3747.725	2337
3749.373	2365
3751.022	2345
3752.669	2300
3754.318	2329
3755.966	2388
3757.612	2307
3759.259	2353
3760.905	2317
3762.55	2326
3764.197	2307
3765.842	2324
3767.486	2277
3769.131	2253
3770.774	2300
3772.417	2309
3774.061	2273
3775.705	2281
3777.347	2329
3778.988	2262
3780.629	2260
3782.271	2259
3783.912	2312
3785.552	2287
3787.192	2270
3788.831	2313
3790.472	2305
3792.112	2298
3793.75	2264
3795.388	2233
3797.024	2311
3798.661	2289
3800.3	2324
3801.936	2247
3803.572	2304
3805.208	2249
3806.844	2207
3808.48	2229
3810.115	2235
3811.748	2231
3813.382	2327
3815.016	2237
3816.649	2226
3818.283	2242
3819.914	2228
3821.547	2194
3823.178	2243
3824.809	2229
3826.441	2240
3828.072	2226
3829.701	2260
3831.331	2193
3832.96	2246
3834.591	2171
3836.219	2192
3837.847	2213
3839.475	2157
3841.102	2134
3842.729	2249
3844.357	2180
3845.984	2175
3847.609	2178
3849.234	2142
3850.86	2280
3852.485	2195
3854.11	2139
3855.734	2203
3857.357	2212
3858.981	2174
3860.603	2249
3862.227	2174
3863.848	2190
3865.471	2193
3867.092	2218
3868.713	2245
3870.334	2107
3871.954	2177
3873.575	2249
3875.194	2226
3876.813	2237
3878.433	2165
3880.051	2142
3881.669	2200
3883.286	2209
3884.904	2216
3886.52	2168
3888.138	2173
3889.754	2113
3891.37	2172
3892.985	2168
3894.6	2165
3896.216	2161
3897.831	2162
3899.444	2136
3901.058	2148
3902.67	2137
3904.283	2183
3905.897	2156
3907.509	2159
3909.121	2182
3910.731	2135
3912.342	2200
3913.954	2212
3915.563	2136
3917.174	2101
3918.783	2124
3920.391	2116
3922.002	2176
3923.611	2165
3925.218	2111
3926.826	2108
3928.432	2133
3930.039	2116
3931.647	2168
3933.253	2118
3934.859	2128
3936.464	2193
3938.068	2123
3939.675	2175
3941.278	2115
3942.883	2146
3944.486	2174
3946.089	2138
3947.692	2126
3949.295	2111
3950.898	2102
3952.499	2148
3954.1	2114
3955.7	2196
3957.303	2125
3958.903	2161
3960.502	2104
3962.101	2080
3963.7	2109
3965.301	2122
3966.899	2112
3968.497	2123
3970.094	2053
3971.691	2058
3973.288	2071
3974.885	2120
3976.481	2059
3978.077	2102
3979.672	2194
3981.267	2076
3982.863	2079
3984.457	2073
3986.051	2072
3987.645	2003
3989.238	2075
3990.831	2101
3992.425	2050
3994.017	2020
3995.607	2044
3997.199	2039
3998.79	2072
4000.382	2023
4001.973	2064
4003.561	2083
4005.151	2056
4006.741	2046
4008.331	2042
4009.918	2036
4011.507	2006
4013.095	2049
4014.681	2048
4016.269	2050
4017.856	2013
4019.443	2004
4021.028	2050
4022.614	1982
4024.199	2003
4025.785	2054
4027.37	2013
4028.953	2045
4030.536	2017
4032.12	2017
4033.704	2009
4035.287	2013
4036.869	1999
4038.45	1981
4040.032	1922
4041.613	1959
4043.195	2010
4044.776	1973
4046.356	1995
4047.935	1984
4049.515	1994
4051.095	1932
4052.674	1983
4054.251	1965
4055.829	1988
4057.406	1974
4058.985	1989
4060.562	1951
4062.139	1956
4063.715	1958
4065.29	2029
4066.865	1981
4068.442	1965
4070.016	1977
4071.59	1978
4073.164	2017
4074.738	2001
4076.312	1949
4077.885	1951
4079.458	1972
4081.03	1947
4082.602	2006
4084.173	1917
4085.745	1890
4087.315	1971
4088.886	1976
4090.456	1933
4092.026	1880
4093.596	1990
4095.165	1957
4096.734	1876
4098.301	1938
4099.869	1899
4101.437	1911
4103.006	1932
4104.572	1894
4106.139	1906
4107.704	1928
4109.27	1915
4110.837	1914
4112.401	1899
4113.966	1922
4115.53	1956
4117.094	1891
4118.659	1880
4120.223	1914
4121.785	1903
4123.347	1941
4124.909	1894
4126.471	1885
4128.034	1857
4129.595	1863
4131.155	1894
4132.716	1861
4134.275	1860
4135.836	1904
4137.395	1885
4138.955	1896
4140.513	1951
4142.071	1866
4143.628	1880
4145.188	1867
4146.745	1889
4148.302	1867
4149.858	1889
4151.414	1853
4152.971	1913
4154.526	1859
4156.081	1871
4157.635	1811
4159.189	1828
4160.745	1863
4162.298	1847
4163.852	1800
4165.405	1866
4166.957	1813
4168.51	1829
4170.063	1894
4171.614	1912
4173.166	1830
4174.717	1808
4176.267	1802
4177.817	1850
4179.368	1822
4180.917	1842
4182.466	1814
4184.016	1875
4185.564	1831
4187.112	1875
4188.66	1871
4190.207	1828
4191.754	1803
4193.301	1853
4194.848	1802
4196.394	1797
4197.94	1812
4199.484	1806
4201.03	1808
4202.575	1787
4204.12	1807
4205.663	1822
4207.207	1793
4208.75	1794
4210.292	1833
4211.836	1793
4213.378	1804
4214.92	1831
4216.46	1802
4218.002	1836
4219.544	1800
4221.083	1825
4222.625	1808
4224.164	1769
4225.703	1839
4227.244	1828
4228.782	1794
4230.32	1796
4231.857	1754
4233.395	1781
4234.933	1800
4236.471	1775
4238.007	1816
4239.542	1775
4241.078	1810
4242.614	1768
4244.15	1743
4245.685	1780
4247.219	1770
4248.753	1816
4250.287	1765
4251.82	1783
4253.354	1814
4254.887	1811
4256.419	1788
4257.951	1791
4259.483	1765
4261.016	1791
4262.547	1795
4264.078	1736
4265.608	1736
4267.137	1791
4268.668	1725
4270.197	1750
4271.727	1748
4273.254	1732
4274.783	1764
4276.311	1761
4277.84	1781
4279.366	1787
4280.894	1758
4282.42	1720
4283.946	1753
4285.473	1729
4286.998	1724
4288.523	1746
4290.047	1758
4291.572	1723
4293.096	1755
4294.622	1715
4296.144	1769
4297.668	1711
4299.19	1720
4300.713	1743
4302.236	1735
4303.758	1744
4305.279	1699
4306.799	1701
4308.321	1812
4309.842	1734
4311.361	1768
4312.882	1745
4314.401	1714
