400.0961	3374
402.6185	3466
405.1424	3421
407.6635	3413
410.1838	3445
412.7035	3458
415.2225	3465
417.7388	3547
420.2585	3557
422.7754	3602
425.2917	3589
427.8072	3596
430.3221	3714
432.8363	3666
435.3498	3643
437.8626	3749
440.3727	3610
442.8841	3730
445.3969	3756
447.907	3609
450.4142	3736
452.9229	3724
455.4289	3652
457.9362	3668
460.4449	3613
462.9488	3615
465.454	3604
467.9566	3683
470.4604	3687
472.9637	3611
475.4662	3696
477.966	3688
480.4671	3610
482.9656	3647
485.4633	3665
487.9645	3720
490.4608	3685
492.9566	3656
495.4536	3709
497.948	3748
500.4437	3674
502.9387	3728
505.431	3709
507.9226	3795
510.4136	3697
512.9079	3754
515.3975	3741
517.8864	3809
520.3746	3757
522.8622	3676
525.3491	3804
527.8394	3780
530.3249	3774
532.8098	3757
535.2939	3710
537.7774	3783
540.2623	3811
542.7444	3753
545.2259	3823
547.7067	3827
550.1868	3780
552.6683	3843
555.147	3846
557.6231	3710
560.1005	3790
562.5773	3741
565.0534	3782
567.5308	3816
570.0056	3824
572.4776	3802
574.951	3926
577.4237	3925
579.8978	3919
582.3671	4003
584.8378	3944
587.3079	3875
589.7773	4046
592.244	3940
594.714	3931
597.1793	3891
599.6461	3918
602.1121	3940
604.5754	3943
607.0421	3961
609.5042	3861
611.9675	3937
614.4282	3836
616.8902	3947
619.3515	3906
621.8122	3831
624.2702	3938
626.7296	3846
629.1863	3845
631.6423	3783
634.1017	3898
636.5563	3886
639.0104	3905
641.4658	3931
643.9185	3886
646.3725	3914
648.8239	3834
651.2766	3939
653.7266	3897
656.176	3869
658.6247	3963
661.0748	3896
663.5242	3920
665.9709	3943
668.417	4014
670.8624	3942
673.3092	4072
675.7533	3982
678.1968	4031
680.6395	4015
683.0817	4085
685.5251	3998
687.9659	4009
690.4061	4073
692.8456	4000
695.2844	3985
697.7226	4041
700.1621	4030
702.599	4054
705.0332	4094
707.4688	4135
709.9036	4043
712.3399	4076
714.7735	4144
717.2044	4114
719.6367	4180
722.0683	4103
724.4993	4097
726.9296	4138
729.3593	4111
731.7883	4152
734.2147	4202
736.6423	4189
739.0714	4197
741.4958	4170
743.9216	4260
746.3447	4162
748.7691	4280
751.1929	4181
753.616	4225
756.0366	4240
758.4584	4265
760.8776	4335
763.2982	4230
765.718	4319
768.1373	4343
770.5539	4279
772.9698	4350
775.3871	4284
777.8038	4314
780.2178	4306
782.6332	4386
785.0459	4262
787.458	4256
789.8714	4336
792.2842	4274
794.6943	4353
797.1038	4224
799.5127	4283
801.9209	4313
804.3324	4353
806.7393	4318
809.1456	4352
811.5513	4358
813.9562	4405
816.3625	4421
818.7663	4373
821.1693	4263
823.5718	4374
825.9735	4420
828.3746	4325
830.7771	4344
833.177	4388
835.5762	4366
837.9747	4343
840.3727	4406
842.772	4496
845.1666	4471
847.5626	4480
849.958	4449
852.3527	4514
854.7488	4398
857.1403	4572
859.5331	4471
861.9253	4505
864.3168	4371
866.7057	4540
869.098	4422
871.4876	4440
873.8746	4454
876.263	4488
878.6487	4487
881.0378	4435
883.4243	4543
885.8081	4396
888.1933	4464
890.5759	4505
892.9598	4457
895.343	4489
897.7256	4448
900.1057	4487
902.4871	4459
904.8659	4514
907.246	4424
909.6254	4534
912.0023	4513
914.3786	4573
916.7562	4618
919.1331	4596
921.5074	4747
923.8831	4725
926.2562	4701
928.6287	4666
931.0005	4630
933.3757	4730
935.7462	4748
938.1162	4772
940.4855	4856
942.8542	4764
945.2242	4831
947.5916	4948
949.9584	5099
952.3266	5154
954.6921	5341
957.0571	5653
959.4233	5756
961.787	5806
964.15	5820
966.5125	5705
968.8742	5343
971.2354	5288
973.5959	4990
975.9559	4901
978.3151	4841
980.6738	4734
983.0338	4678
985.3912	4715
987.7461	4648
990.1022	4578
992.4578	4669
994.8127	4570
997.1689	4593
999.5207	4639
1001.874	4640
1004.226	4659
1006.576	4576
1008.929	4687
1011.28	4596
1013.628	4683
1015.977	4570
1018.324	4649
1020.674	4680
1023.019	4663
1025.366	4600
1027.713	4679
1030.056	4696
1032.399	4682
1034.746	4767
1037.087	4661
1039.431	4790
1041.771	4802
1044.113	4753
1046.454	4696
1048.793	4759
1051.133	4579
1053.471	4714
1055.807	4588
1058.146	4733
1060.483	4774
1062.818	4684
1065.153	4792
1067.489	4643
1069.822	4897
1072.156	4879
1074.488	4871
1076.82	4809
1079.15	4784
1081.48	4786
1083.814	4833
1086.143	4819
1088.471	4724
1090.799	4724
1093.126	4732
1095.452	4722
1097.78	4772
1100.105	4813
1102.43	4784
1104.754	4702
1107.077	4757
1109.4	4699
1111.722	4770
1114.044	4776
1116.365	4708
1118.685	4786
1121.005	4768
1123.324	4737
1125.643	4670
1127.961	4797
1130.278	4753
1132.595	4694
1134.911	4750
1137.226	4711
1139.541	4708
1141.854	4785
1144.167	4829
1146.482	4693
1148.793	4728
1151.105	4751
1153.414	4667
1155.725	4704
1158.033	4727
1160.344	4844
1162.651	4776
1164.959	4726
1167.265	4831
1169.572	4789
1171.878	4754
1174.184	4744
1176.488	4724
1178.79	4829
1181.094	4851
1183.396	4692
1185.699	4687
1188.001	4668
1190.301	4807
1192.6	4748
1194.9	4844
1197.2	4801
1199.497	4762
1201.794	4794
1204.09	4871
1206.387	4844
1208.684	4762
1210.978	4778
1213.272	4804
1215.565	4828
1217.858	4775
1220.15	4753
1222.443	4727
1224.734	4864
1227.024	4922
1229.313	4849
1231.602	4880
1233.892	4889
1236.18	4925
1238.467	4950
1240.754	4924
1243.04	4949
1245.325	4961
1247.612	5054
1249.896	4994
1252.178	4876
1254.461	4922
1256.743	4993
1259.027	4968
1261.308	4966
1263.587	4923
1265.867	4959
1268.146	4960
1270.425	5006
1272.703	5021
1274.981	5044
1277.256	5010
1279.532	5089
1281.808	4930
1284.083	4949
1286.358	4953
1288.63	4933
1290.904	4933
1293.175	4867
1295.449	4846
1297.719	4886
1299.99	4937
1302.259	4786
1304.529	4990
1306.798	4926
1309.065	4903
1311.333	4891
1313.599	4863
1315.866	4904
1318.131	4906
1320.396	4938
1322.66	4848
1324.925	4844
1327.187	4826
1329.448	4926
1331.711	4856
1333.974	5000
1336.234	4925
1338.493	4975
1340.752	4910
1343.01	4943
1345.269	4905
1347.526	4968
1349.784	4898
1352.04	4852
1354.295	4802
1356.552	4910
1358.806	4873
1361.059	4939
1363.312	4844
1365.564	4888
1367.818	4996
1370.069	4901
1372.318	4926
1374.568	4962
1376.817	5007
1379.066	5014
1381.316	4934
1383.564	4997
1385.809	5001
1388.056	5070
1390.301	5007
1392.549	4996
1394.793	5026
1397.036	5083
1399.279	5107
1401.522	5113
1403.763	5130
1406.007	5097
1408.248	5019
1410.487	5097
1412.727	5042
1414.965	5018
1417.205	5116
1419.442	4998
1421.68	5094
1423.915	5031
1426.152	5162
1428.388	5026
1430.623	5082
1432.857	5134
1435.091	5133
1437.323	5155
1439.556	5244
1441.789	5171
1444.019	5185
1446.25	5213
1448.48	5138
1450.708	5203
1452.938	5304
1455.167	5382
1457.394	5203
1459.62	5264
1461.846	5254
1464.073	5204
1466.299	5195
1468.523	5208
1470.746	5114
1472.969	5060
1475.191	4984
1477.415	5112
1479.636	5033
1481.858	5048
1484.078	4924
1486.298	4976
1488.518	4969
1490.736	4973
1492.954	4955
1495.169	5035
1497.386	4916
1499.602	5043
1501.819	4937
1504.034	4989
1506.248	5050
1508.462	4961
1510.675	4895
1512.888	4981
1515.1	4929
1517.311	4983
1519.522	4945
1521.732	4848
1523.942	4913
1526.151	4952
1528.36	4893
1530.566	4936
1532.773	4931
1534.98	4830
1537.187	4925
1539.392	5105
1541.596	4922
1543.801	4927
1546.005	5023
1548.208	4908
1550.411	4932
1552.612	5061
1554.814	4948
1557.013	5066
1559.212	5029
1561.414	5051
1563.612	4932
1565.811	5113
1568.007	5004
1570.203	5141
1572.403	5034
1574.598	5069
1576.792	5051
1578.988	5148
1581.181	5046
1583.376	5064
1585.568	5063
1587.761	5057
1589.952	5148
1592.143	5133
1594.333	5068
1596.524	5136
1598.715	5060
1600.903	5161
1603.091	5032
1605.278	5148
1607.466	5032
1609.652	5165
1611.838	5156
1614.023	5242
1616.207	5132
1618.391	5275
1620.576	5180
1622.759	5195
1624.941	5191
1627.123	5095
1629.304	5223
1631.484	5134
1633.664	5259
1635.844	5238
1638.022	5157
1640.201	5324
1642.38	5186
1644.556	5241
1646.732	5240
1648.908	5134
1651.084	5242
1653.257	5110
1655.433	5208
1657.607	5153
1659.779	5281
1661.951	5271
1664.122	5262
1666.295	5157
1668.467	5254
1670.635	5331
1672.805	5286
1674.973	5300
1677.142	5256
1679.31	5309
1681.478	5186
1683.644	5293
1685.81	5323
1687.975	5253
1690.142	5237
1692.305	5293
1694.468	5218
1696.632	5221
1698.794	5178
1700.957	5115
1703.119	5109
1705.279	5137
1707.439	5113
1709.598	5139
1711.758	5148
1713.917	5190
1716.075	5065
1718.231	5233
1720.388	5098
1722.543	5178
1724.702	5126
1726.856	5174
1729.01	5205
1731.164	5201
1733.317	5148
1735.471	5104
1737.623	5092
1739.774	5032
1741.925	5053
1744.075	5143
1746.225	5162
1748.376	5111
1750.524	5105
1752.672	5135
1754.82	5162
1756.965	5102
1759.113	5097
1761.259	5203
1763.405	5151
1765.549	5169
1767.694	5037
1769.836	5216
1771.981	5085
1774.123	5225
1776.264	5183
1778.405	5161
1780.546	5208
1782.687	5240
1784.827	5202
1786.966	5118
1789.103	5169
1791.242	5121
1793.381	5159
1795.517	5174
1797.653	5184
1799.788	5151
1801.923	5178
1804.057	5157
1806.193	5074
1808.326	5213
1810.457	5218
1812.59	5183
1814.721	5019
1816.855	5181
1818.984	5218
1821.113	5199
1823.244	5250
1825.372	5210
1827.499	5206
1829.63	4981
1831.756	5270
1833.882	5230
1836.007	5119
1838.132	5081
1840.26	5175
1842.384	5173
1844.507	5064
1846.63	5185
1848.752	5022
1850.875	5111
1852.996	5174
1855.118	5187
1857.238	5147
1859.358	4986
1861.477	5089
1863.597	5051
1865.715	5130
1867.832	5057
1869.948	5121
1872.064	5098
1874.181	5185
1876.297	5088
1878.411	5125
1880.526	5021
1882.639	5198
1884.752	5103
1886.865	5181
1888.977	5166
1891.089	5139
1893.2	5196
1895.308	5016
1897.42	5194
1899.53	5193
1901.639	5229
1903.745	5121
1905.853	5160
1907.962	5246
1910.067	5138
1912.174	5175
1914.278	5220
1916.383	5248
1918.486	5139
1920.592	5230
1922.694	5169
1924.797	5305
1926.898	5274
1929	5189
1931.102	5265
1933.203	5159
1935.301	5176
1937.401	5204
1939.499	5226
1941.598	5162
1943.697	5250
1945.793	5127
1947.888	5367
1949.985	5167
1952.08	5239
1954.176	5180
1956.269	5257
1958.364	5167
1960.457	5145
1962.549	5251
1964.642	5178
1966.733	5206
1968.823	5206
1970.913	5152
1973.005	5197
1975.093	5220
1977.184	5225
1979.271	5146
1981.359	5213
1983.446	5209
1985.532	5080
1987.619	5202
1989.705	5151
1991.789	5150
1993.874	5083
1995.956	5087
1998.041	5132
2000.123	5161
2002.206	5163
2004.287	5215
2006.368	5135
2008.449	5259
2010.529	5184
2012.609	5045
2014.688	5198
2016.766	5179
2018.843	5165
2020.922	5200
2022.999	5159
2025.074	5206
2027.15	5327
2029.225	5196
2031.299	5089
2033.375	5130
2035.447	5180
2037.52	5095
2039.592	5245
2041.664	5144
2043.736	5270
2045.807	5126
2047.876	5151
2049.947	5088
2052.015	5229
2054.086	5175
2056.153	5203
2058.221	5297
2060.288	5202
2062.353	5128
2064.42	5140
2066.486	5097
2068.55	5226
2070.614	5176
2072.678	5148
2074.741	5142
2076.805	5137
2078.866	5158
2080.929	5142
2082.99	5174
2085.049	5239
2087.109	5208
2089.17	5214
2091.228	5287
2093.286	5195
2095.344	5211
2097.4	5173
2099.46	5114
2101.516	5161
2103.572	5179
2105.626	5093
2107.679	5136
2109.735	5124
2111.788	5112
2113.841	5220
2115.894	5165
2117.945	5201
2119.997	5072
2122.049	5134
2124.1	5202
2126.148	5231
2128.197	5192
2130.246	5090
2132.296	5225
2134.342	5256
2136.39	5147
2138.437	5181
2140.483	5194
2142.527	5114
2144.574	5170
2146.619	5072
2148.661	5194
2150.705	5142
2152.747	5116
2154.792	5111
2156.832	5126
2158.874	5159
2160.915	5255
2162.954	5115
2164.995	5168
2167.034	5125
2169.072	5142
2171.111	5189
2173.148	5147
2175.186	5121
2177.223	5041
2179.258	5140
2181.294	5083
2183.328	5186
2185.362	5131
2187.398	5114
2189.431	4986
2191.463	5144
2193.495	5081
2195.528	5071
2197.56	5031
2199.59	5069
2201.62	5007
2203.649	5056
2205.678	4969
2207.708	5063
2209.737	5074
2211.764	5063
2213.791	5063
2215.817	5059
2217.843	4913
2219.87	5037
2221.895	5012
2223.919	5100
2225.942	5052
2227.966	5071
2229.988	5015
2232.012	4996
2234.032	5051
2236.054	4971
2238.074	5085
2240.095	5001
2242.116	5053
2244.135	5093
2246.153	5077
2248.171	5114
2250.188	5096
2252.208	5016
2254.223	4990
2256.239	5105
2258.255	5028
2260.269	5029
2262.283	4985
2264.3	5034
2266.312	5060
2268.325	5017
2270.336	4967
2272.349	5103
2274.362	5138
2276.372	4912
2278.383	5047
2280.392	5091
2282.402	5083
2284.409	5137
2286.418	5030
2288.427	4982
2290.433	5055
2292.441	4976
2294.446	4960
2296.453	5056
2298.459	5125
2300.463	4979
2302.466	5028
2304.471	5033
2306.475	5036
2308.477	5045
2310.478	4947
2312.481	5094
2314.481	5049
2316.481	5020
2318.482	4982
2320.482	5040
2322.48	4993
2324.48	5054
2326.478	5022
2328.476	4972
2330.473	4936
2332.469	4973
2334.465	5045
2336.46	4889
2338.454	4849
2340.45	5021
2342.444	4989
2344.437	4972
2346.43	4880
2348.421	5003
2350.414	4877
2352.405	4957
2354.396	4969
2356.386	4873
2358.376	4881
2360.366	5004
2362.355	4935
2364.343	4950
2366.331	4781
2368.317	5012
2370.304	4882
2372.292	4877
2374.278	4885
2376.262	4921
2378.247	4853
2380.23	4904
2382.216	4894
2384.199	4882
2386.181	4922
2388.163	4867
2390.144	4949
2392.127	4905
2394.107	4872
2396.087	4908
2398.066	4812
2400.046	4884
2402.023	4918
2404.004	4912
2405.981	4928
2407.957	4883
2409.934	4885
2411.91	4803
2413.886	4950
2415.862	4822
2417.836	4892
2419.809	4868
2421.784	4904
2423.756	4920
2425.73	4864
2427.701	4842
2429.672	4849
2431.644	4867
2433.615	4912
2435.586	4844
2437.555	4895
2439.523	4850
2441.491	4885
2443.459	4934
2445.428	4886
2447.395	4916
2449.361	4867
2451.327	4874
2453.292	4954
2455.257	4882
2457.223	4777
2459.187	4827
2461.15	4768
2463.113	4797
2465.076	4809
2467.039	4851
2468.999	4815
2470.96	4830
2472.921	4789
2474.881	4842
2476.841	4774
2478.8	4775
2480.759	4873
2482.717	4809
2484.675	4808
2486.63	4880
2488.589	4864
2490.545	4785
2492.5	4848
2494.455	4805
2496.408	4889
2498.364	4815
2500.318	4720
2502.27	4783
2504.223	4773
2506.174	4767
2508.126	4822
2510.078	4788
2512.03	4793
2513.979	4905
2515.927	4780
2517.877	4746
2519.826	4742
2521.775	4789
2523.722	4827
2525.668	4814
2527.616	4678
2529.561	4781
2531.508	4818
2533.452	4786
2535.398	4792
2537.342	4809
2539.284	4698
2541.229	4755
2543.173	4831
2545.114	4707
2547.055	4785
2548.996	4881
2550.938	4760
2552.878	4761
2554.817	4735
2556.756	4800
2558.695	4732
2560.633	4706
2562.572	4790
2564.509	4776
2566.445	4740
2568.382	4719
2570.317	4813
2572.254	4705
2574.189	4810
2576.123	4788
2578.057	4738
2579.99	4816
2581.923	4790
2583.855	4822
2585.788	4797
2587.719	4771
2589.65	4775
2591.579	4678
2593.511	4798
2595.44	4821
2597.37	4696
2599.297	4806
2601.225	4818
2603.153	4757
2605.08	4693
2607.007	4822
2608.932	4863
2610.858	4775
2612.782	4813
2614.709	4777
2616.632	4748
2618.556	4770
2620.478	4768
2622.401	4790
2624.324	4766
2626.247	4784
2628.167	4772
2630.088	4780
2632.008	4799
2633.928	4682
2635.848	4802
2637.766	4788
2639.684	4755
2641.603	4780
2643.519	4834
2645.437	4787
2647.353	4827
2649.27	4816
2651.184	4832
2653.099	4695
2655.014	4819
2656.928	4661
2658.842	4863
2660.755	4823
2662.667	4816
2664.579	4796
2666.491	4822
2668.402	4767
2670.312	4701
2672.222	4732
2674.132	4777
2676.042	4722
2677.951	4764
2679.859	4765
2681.766	4718
2683.674	4773
2685.582	4706
2687.488	4797
2689.392	4764
2691.298	4655
2693.202	4729
2695.107	4650
2697.012	4681
2698.914	4735
2700.817	4691
2702.72	4711
2704.622	4522
2706.524	4710
2708.425	4751
2710.326	4643
2712.225	4680
2714.125	4677
2716.024	4764
2717.923	4687
2719.822	4742
2721.719	4622
2723.616	4636
2725.512	4654
2727.41	4643
2729.305	4638
2731.201	4679
2733.095	4609
2734.99	4698
2736.884	4712
2738.778	4710
2740.67	4759
2742.562	4632
2744.455	4705
2746.346	4630
2748.238	4682
2750.129	4699
2752.018	4659
2753.907	4708
2755.797	4661
2757.687	4708
2759.575	4593
2761.462	4697
2763.349	4643
2765.237	4666
2767.124	4684
2769.009	4658
2770.894	4732
2772.779	4684
2774.663	4695
2776.547	4632
2778.431	4541
2780.314	4639
2782.197	4652
2784.078	4572
2785.96	4707
2787.842	4680
2789.723	4675
2791.603	4658
2793.483	4632
2795.362	4586
2797.241	4668
2799.121	4690
2800.997	4587
2802.874	4625
2804.751	4662
2806.628	4654
2808.506	4599
2810.38	4603
2812.255	4602
2814.13	4610
2816.003	4619
2817.878	4598
2819.752	4539
2821.623	4614
2823.496	4554
2825.368	4581
2827.238	4473
2829.111	4621
2830.98	4621
2832.851	4674
2834.719	4678
2836.589	4654
2838.458	4633
2840.327	4652
2842.193	4647
2844.061	4743
2845.927	4610
2847.794	4628
2849.66	4681
2851.525	4550
2853.39	4663
2855.254	4720
2857.117	4694
2858.983	4706
2860.845	4720
2862.707	4677
2864.569	4805
2866.431	4848
2868.293	4761
2870.154	4859
2872.013	4893
2873.873	4829
2875.733	4879
2877.592	4929
2879.451	4970
2881.309	5034
2883.166	5033
2885.022	5179
2886.879	5107
2888.736	4994
2890.591	5048
2892.446	5225
2894.301	5148
2896.155	5110
2898.009	5046
2899.863	5030
2901.716	5216
2903.568	5136
2905.419	5025
2907.27	5059
2909.123	5083
2910.973	5165
2912.824	5074
2914.673	5112
2916.521	5219
2918.372	5219
2920.22	5303
2922.067	5197
2923.914	5194
2925.761	5262
2927.607	5328
2929.455	5305
2931.301	5486
2933.144	5421
2934.99	5361
2936.833	5458
2938.678	5444
2940.522	5566
2942.364	5591
2944.207	5694
2946.048	5563
2947.891	5766
2949.731	5642
2951.571	5728
2953.412	5706
2955.25	5709
2957.09	5784
2958.93	5576
2960.767	5628
2962.606	5533
2964.443	5422
2966.279	5379
2968.116	5396
2969.953	5337
2971.788	5292
2973.623	5160
2975.457	5176
2977.292	5069
2979.127	5104
2980.959	4988
2982.792	5086
2984.624	5132
2986.455	4998
2988.288	5083
2990.119	4971
2991.949	4978
2993.779	4936
2995.608	4915
2997.439	4887
2999.268	4866
3001.096	4797
3002.923	4803
3004.751	4720
3006.578	4669
3008.406	4651
3010.232	4690
3012.057	4644
3013.883	4572
3015.706	4554
3017.532	4621
3019.356	4630
3021.179	4527
3023.002	4377
3024.823	4526
3026.646	4501
3028.469	4425
3030.289	4518
3032.11	4443
3033.93	4463
3035.749	4444
3037.57	4383
3039.39	4466
3041.207	4393
3043.026	4455
3044.842	4442
3046.661	4355
3048.477	4356
3050.294	4351
3052.109	4353
3053.925	4492
3055.739	4427
3057.555	4463
3059.368	4331
3061.181	4395
3062.995	4304
3064.807	4297
3066.62	4365
3068.433	4445
3070.243	4348
3072.054	4337
3073.865	4253
3075.675	4309
3077.485	4407
3079.293	4360
3081.102	4415
3082.911	4257
3084.719	4362
3086.527	4289
3088.333	4335
3090.139	4385
3091.945	4259
3093.75	4266
3095.557	4310
3097.361	4312
3099.165	4268
3100.969	4279
3102.772	4168
3104.575	4318
3106.379	4231
3108.181	4297
3109.982	4150
3111.783	4250
3113.584	4317
3115.386	4230
3117.186	4224
3118.985	4234
3120.783	4328
3122.582	4174
3124.381	4285
3126.179	4196
3127.975	4233
3129.772	4212
3131.569	4257
3133.365	4278
3135.161	4251
3136.956	4255
3138.751	4292
3140.544	4252
3142.338	4284
3144.132	4217
3145.925	4150
3147.717	4156
3149.509	4227
3151.301	4092
3153.091	4131
3154.884	4234
3156.673	4173
3158.462	4208
3160.252	4204
3162.041	4149
3163.831	4079
3165.618	4157
3167.405	4168
3169.193	4137
3170.979	4238
3172.767	4143
3174.553	4180
3176.338	4179
3178.123	4197
3179.907	4146
3181.692	4205
3183.477	4119
3185.259	4190
3187.042	4141
3188.824	4057
3190.607	4118
3192.389	4140
3194.17	4220
3195.951	4097
3197.73	4069
3199.51	4138
3201.289	4116
3203.07	4053
3204.848	4127
3206.626	4130
3208.403	4017
3210.18	4093
3211.959	4105
3213.735	4142
3215.511	4143
3217.285	4118
3219.06	4126
3220.836	4098
3222.611	4116
3224.384	4175
3226.158	4118
3227.929	4094
3229.702	4153
3231.476	4059
3233.248	4030
3235.018	4082
3236.789	4144
3238.56	4125
3240.33	4170
3242.1	4025
3243.869	4121
3245.637	4104
3247.405	4097
3249.172	4150
3250.941	4187
3252.707	4114
3254.474	4118
3256.24	4175
3258.006	4059
3259.772	4144
3261.537	4084
3263.301	4030
3265.065	4106
3266.828	4119
3268.592	4049
3270.355	4054
3272.117	4070
3273.878	4179
3275.64	4123
3277.401	4183
3279.162	4104
3280.922	4134
3282.682	4060
3284.441	4117
3286.199	4138
3287.959	4048
3289.716	4035
3291.475	4193
3293.232	4096
3294.988	4085
3296.744	4089
3298.501	4160
3300.256	4140
3302.011	4083
3303.766	4055
3305.52	4105
3307.275	4101
3309.028	4067
3310.781	4056
3312.533	4151
3314.285	4116
3316.038	4077
3317.789	4165
3319.54	4090
3321.289	4088
3323.039	4209
3324.789	4038
3326.539	4047
3328.288	4045
3330.035	4027
3331.783	4070
3333.531	4053
3335.28	4089
3337.025	4046
3338.771	3986
3340.518	4085
3342.262	4030
3344.009	4124
3345.753	4047
3347.497	4015
3349.24	4077
3350.983	4018
3352.726	4054
3354.469	4000
3356.212	4050
3357.952	3891
3359.694	3965
3361.434	3984
3363.176	3989
3364.916	4067
3366.654	3939
3368.394	3967
3370.132	3906
3371.871	3984
3373.61	3909
3375.346	3995
3377.083	4027
3378.82	3995
3380.556	3955
3382.292	3940
3384.027	3884
3385.763	3899
3387.497	3923
3389.231	4031
3390.965	3949
3392.698	4034
3394.431	3825
3396.164	3960
3397.896	3952
3399.627	3926
3401.36	3963
3403.09	3941
3404.82	3938
3406.55	3959
3408.279	3903
3410.01	3890
3411.738	3892
3413.467	3872
3415.194	3898
3416.92	3854
3418.647	3875
3420.375	3892
3422.102	3853
3423.827	3844
3425.553	3852
3427.277	3920
3429.003	3890
3430.727	3879
3432.451	3857
3434.173	3968
3435.896	3897
3437.62	3895
3439.343	3797
3441.063	3779
3442.785	3800
3444.505	3756
3446.226	3795
3447.948	3819
3449.666	3828
3451.386	3813
3453.104	3762
3454.823	3796
3456.541	3866
3458.259	3763
3459.976	3775
3461.693	3727
3463.408	3792
3465.125	3747
3466.841	3804
3468.556	3794
3470.271	3748
3471.985	3808
3473.698	3763
3475.414	3748
3477.126	3657
3478.838	3646
3480.55	3753
3482.263	3675
3483.975	3732
3485.686	3774
3487.396	3680
3489.106	3635
3490.817	3744
3492.526	3777
3494.236	3591
3495.944	3683
3497.652	3722
3499.359	3732
3501.066	3687
3502.775	3672
3504.481	3635
3506.187	3651
3507.893	3756
3509.598	3567
3511.304	3724
3513.009	3575
3514.713	3683
3516.417	3600
3518.12	3601
3519.821	3629
3521.525	3570
3523.228	3627
3524.929	3617
3526.631	3631
3528.33	3541
3530.032	3615
3531.733	3606
3533.433	3564
3535.131	3585
3536.83	3521
3538.529	3574
3540.227	3595
3541.925	3521
3543.623	3631
3545.319	3619
3547.016	3587
3548.712	3492
3550.408	3608
3552.103	3497
3553.798	3557
3555.491	3548
3557.188	3571
3558.88	3483
3560.574	3607
3562.266	3526
3563.959	3425
3565.651	3621
3567.343	3439
3569.035	3551
3570.725	3448
3572.415	3539
3574.106	3526
3575.797	3544
3577.485	3497
3579.174	3489
3580.863	3459
3582.551	3465
3584.238	3432
3585.926	3494
3587.613	3519
3589.3	3401
3590.986	3455
3592.671	3379
3594.357	3469
3596.042	3390
3597.726	3497
3599.41	3447
3601.094	3432
3602.778	3384
3604.461	3391
3606.143	3360
3607.825	3357
3609.507	3411
3611.188	3338
3612.87	3320
3614.551	3391
3616.229	3418
3617.909	3374
3619.589	3338
3621.269	3361
3622.948	3337
3624.625	3387
3626.302	3342
3627.98	3340
3629.657	3375
3631.334	3338
3633.01	3342
3634.686	3337
3636.361	3325
3638.036	3238
3639.712	3268
3641.385	3277
3643.06	3274
3644.732	3256
3646.405	3297
3648.08	3294
3649.751	3250
3651.424	3210
3653.094	3255
3654.766	3258
3656.436	3266
3658.106	3185
3659.777	3278
3661.446	3282
3663.115	3281
3664.783	3260
3666.452	3250
3668.121	3318
3669.788	3325
3671.454	3218
3673.121	3225
3674.789	3256
3676.455	3221
3678.12	3257
3679.784	3197
3681.45	3197
3683.114	3235
3684.779	3245
3686.442	3226
3688.105	3195
3689.768	3217
3691.43	3235
3693.093	3202
3694.754	3229
3696.415	3149
3698.076	3243
3699.736	3164
3701.396	3193
3703.057	3214
3704.716	3193
3706.375	3183
3708.034	3126
3709.692	3165
3711.351	3131
3713.008	3155
3714.665	3147
3716.321	3141
3717.977	3192
3719.634	3177
3721.29	3130
3722.945	3218
3724.598	3198
3726.253	3121
3727.907	3184
3729.561	3175
3731.214	3174
3732.867	3145
3734.518	3164
3736.171	3123
3737.824	3122
3739.474	3111
3741.125	3080
3742.775	3087
3744.425	3083
3746.074	3137
3747.725	3013
3749.373	3096
3751.022	3170
3752.669	3167
3754.318	3117
3755.966	3146
3757.612	3133
3759.259	3046
3760.905	3110
3762.55	3085
3764.197	3074
3765.842	3147
3767.486	3092
3769.131	3105
3770.774	3062
3772.417	3122
3774.061	3102
3775.705	3164
3777.347	3131
3778.988	2993
3780.629	3093
3782.271	3105
3783.912	3051
3785.552	3138
3787.192	3080
3788.831	3015
3790.472	3007
3792.112	3018
3793.75	2987
3795.388	3049
3797.024	3045
3798.661	3011
3800.3	3022
3801.936	3023
3803.572	3011
3805.208	3033
3806.844	3027
3808.48	2997
3810.115	2997
3811.748	2962
3813.382	3009
3815.016	3019
3816.649	3029
3818.283	2952
3819.914	2986
3821.547	3033
3823.178	3005
3824.809	3031
3826.441	2913
3828.072	2901
3829.701	3006
3831.331	3017
3832.96	3003
3834.591	2949
3836.219	3046
3837.847	2951
3839.475	2914
3841.102	2913
3842.729	2914
3844.357	2967
3845.984	2852
3847.609	2969
3849.234	2956
3850.86	2942
3852.485	2992
3854.11	2938
3855.734	2909
3857.357	2978
3858.981	2944
3860.603	2958
3862.227	2948
3863.848	3018
3865.471	2913
3867.092	2875
3868.713	2906
3870.334	2920
3871.954	2931
3873.575	2940
3875.194	2896
3876.813	2912
3878.433	2857
3880.051	2873
3881.669	2836
3883.286	2912
3884.904	2924
3886.52	2824
3888.138	2943
3889.754	2833
3891.37	2865
3892.985	2867
3894.6	2887
3896.216	2892
3897.831	2902
3899.444	2866
3901.058	2894
3902.67	2889
3904.283	2905
3905.897	2861
3907.509	2863
3909.121	2870
3910.731	2861
3912.342	2852
3913.954	2809
3915.563	2765
3917.174	2850
3918.783	2844
3920.391	2842
3922.002	2840
3923.611	2860
3925.218	2777
3926.826	2877
3928.432	2859
3930.039	2899
3931.647	2892
3933.253	2854
3934.859	2828
3936.464	2826
3938.068	2780
3939.675	2780
3941.278	2802
3942.883	2845
3944.486	2789
3946.089	2864
3947.692	2844
3949.295	2857
3950.898	2855
3952.499	2774
3954.1	2805
3955.7	2833
3957.303	2809
3958.903	2774
3960.502	2825
3962.101	2783
3963.7	2786
3965.301	2759
3966.899	2772
3968.497	2792
3970.094	2815
3971.691	2740
3973.288	2772
3974.885	2852
3976.481	2739
3978.077	2758
3979.672	2805
3981.267	2793
3982.863	2709
3984.457	2803
3986.051	2698
3987.645	2773
3989.238	2805
3990.831	2745
3992.425	2734
3994.017	2732
3995.607	2713
3997.199	2708
3998.79	2734
4000.382	2698
4001.973	2642
4003.561	2758
4005.151	2691
4006.741	2658
4008.331	2694
4009.918	2680
4011.507	2660
4013.095	2644
4014.681	2664
4016.269	2689
4017.856	2678
4019.443	2698
4021.028	2692
4022.614	2626
4024.199	2672
4025.785	2646
4027.37	2680
4028.953	2627
4030.536	2693
4032.12	2648
4033.704	2628
4035.287	2694
4036.869	2690
4038.45	2670
4040.032	2650
4041.613	2688
4043.195	2579
4044.776	2709
4046.356	2686
4047.935	2613
4049.515	2579
4051.095	2642
4052.674	2605
4054.251	2604
4055.829	2562
4057.406	2593
4058.985	2618
4060.562	2606
4062.139	2648
4063.715	2595
4065.29	2589
4066.865	2557
4068.442	2621
4070.016	2596
4071.59	2619
4073.164	2593
4074.738	2580
4076.312	2647
4077.885	2583
4079.458	2610
4081.03	2563
4082.602	2593
4084.173	2559
4085.745	2552
4087.315	2576
4088.886	2607
4090.456	2528
4092.026	2518
4093.596	2612
4095.165	2582
4096.734	2618
4098.301	2572
4099.869	2580
4101.437	2574
4103.006	2553
4104.572	2540
4106.139	2587
4107.704	2553
4109.27	2477
4110.837	2525
4112.401	2468
4113.966	2540
4115.53	2523
4117.094	2510
4118.659	2558
4120.223	2527
4121.785	2551
4123.347	2509
4124.909	2430
4126.471	2475
4128.034	2449
4129.595	2529
4131.155	2474
4132.716	2442
4134.275	2506
4135.836	2501
4137.395	2503
4138.955	2501
4140.513	2499
4142.071	2511
4143.628	2425
4145.188	2416
4146.745	2397
4148.302	2474
4149.858	2498
4151.414	2520
4152.971	2454
4154.526	2461
4156.081	2458
4157.635	2449
4159.189	2473
4160.745	2412
4162.298	2455
4163.852	2478
4165.405	2439
4166.957	2414
4168.51	2425
4170.063	2479
4171.614	2419
4173.166	2417
4174.717	2445
4176.267	2404
4177.817	2423
4179.368	2349
4180.917	2457
4182.466	2390
4184.016	2384
4185.564	2425
4187.112	2411
4188.66	2438
4190.207	2446
4191.754	2372
4193.301	2374
4194.848	2359
4196.394	2386
4197.94	2377
4199.484	2373
4201.03	2356
4202.575	2352
4204.12	2349
4205.663	2350
4207.207	2369
4208.75	2328
4210.292	2390
4211.836	2312
4213.378	2384
4214.92	2316
4216.46	2330
4218.002	2323
4219.544	2396
4221.083	2337
4222.625	2316
4224.164	2398
4225.703	2347
4227.244	2340
4228.782	2299
4230.32	2292
4231.857	2337
4233.395	2338
4234.933	2293
4236.471	2355
4238.007	2298
4239.542	2278
4241.078	2336
4242.614	2303
4244.15	2276
4245.685	2330
4247.219	2297
4248.753	2264
4250.287	2302
4251.82	2333
4253.354	2310
4254.887	2347
4256.419	2340
4257.951	2248
4259.483	2367
4261.016	2255
4262.547	2312
4264.078	2272
4265.608	2231
4267.137	2299
4268.668	2327
4270.197	2337
4271.727	2323
4273.254	2298
4274.783	2275
4276.311	2283
4277.84	2295
4279.366	2292
4280.894	2330
4282.42	2357
4283.946	2245
4285.473	2357
4286.998	2345
4288.523	2265
4290.047	2292
4291.572	2283
4293.096	2247
4294.622	2286
4296.144	2300
4297.668	2305
4299.19	2227
4300.713	2297
4302.236	2217
4303.758	2280
4305.279	2315
4306.799	2231
4308.321	2226
4309.842	2215
4311.361	2288
4312.882	2232
4314.401	2243
