400.0961	2485
402.6185	2448
405.1424	2439
407.6635	2437
410.1838	2434
412.7035	2516
415.2225	2491
417.7388	2527
420.2585	2470
422.7754	2586
425.2917	2561
427.8072	2656
430.3221	2644
432.8363	2617
435.3498	2658
437.8626	2595
440.3727	2588
442.8841	2620
445.3969	2597
447.907	2607
450.4142	2587
452.9229	2622
455.4289	2632
457.9362	2661
460.4449	2588
462.9488	2646
465.454	2581
467.9566	2636
470.4604	2544
472.9637	2614
475.4662	2514
477.966	2611
480.4671	2639
482.9656	2673
485.4633	2474
487.9645	2661
490.4608	2602
492.9566	2658
495.4536	2576
497.948	2589
500.4437	2634
502.9387	2593
505.431	2594
507.9226	2630
510.4136	2686
512.9079	2598
515.3975	2657
517.8864	2662
520.3746	2617
522.8622	2663
525.3491	2630
527.8394	2662
530.3249	2642
532.8098	2645
535.2939	2656
537.7774	2720
540.2623	2649
542.7444	2644
545.2259	2620
547.7067	2684
550.1868	2725
552.6683	2679
555.147	2663
557.6231	2661
560.1005	2677
562.5773	2713
565.0534	2647
567.5308	2719
570.0056	2742
572.4776	2779
574.951	2713
577.4237	2764
579.8978	2804
582.3671	2780
584.8378	2784
587.3079	2830
589.7773	2838
592.244	2789
594.714	2778
597.1793	2831
599.6461	2795
602.1121	2710
604.5754	2747
607.0421	2812
609.5042	2769
611.9675	2787
614.4282	2786
616.8902	2839
619.3515	2762
621.8122	2704
624.2702	2752
626.7296	2797
629.1863	2711
631.6423	2739
634.1017	2742
636.5563	2793
639.0104	2711
641.4658	2734
643.9185	2729
646.3725	2746
648.8239	2799
651.2766	2819
653.7266	2741
656.176	2797
658.6247	2779
661.0748	2797
663.5242	2726
665.9709	2836
668.417	2787
670.8624	2847
673.3092	2779
675.7533	2798
678.1968	2812
680.6395	2772
683.0817	2838
685.5251	2834
687.9659	2842
690.4061	2820
692.8456	2831
695.2844	2843
697.7226	2874
700.1621	2803
702.599	2826
705.0332	2872
707.4688	2895
709.9036	2823
712.3399	2885
714.7735	2842
717.2044	2917
719.6367	2866
722.0683	2890
724.4993	2890
726.9296	2891
729.3593	2845
731.7883	2878
734.2147	2958
736.6423	2871
739.0714	2924
741.4958	2998
743.9216	2900
746.3447	2947
748.7691	3003
751.1929	2987
753.616	2910
756.0366	2957
758.4584	2985
760.8776	2948
763.2982	3004
765.718	3032
768.1373	3046
770.5539	3081
772.9698	3022
775.3871	3030
777.8038	2971
780.2178	2958
782.6332	3035
785.0459	3035
787.458	2991
789.8714	3018
792.2842	2970
794.6943	3008
797.1038	3030
799.5127	3040
801.9209	3036
804.3324	2994
806.7393	2982
809.1456	3045
811.5513	2986
813.9562	3087
816.3625	3015
818.7663	3044
821.1693	3047
823.5718	3092
825.9735	3042
828.3746	3070
830.7771	3023
833.177	3020
835.5762	3080
837.9747	3045
840.3727	3114
842.772	3083
845.1666	3130
847.5626	3198
849.958	3127
852.3527	3069
854.7488	3092
857.1403	3120
859.5331	3147
861.9253	3157
864.3168	3212
866.7057	3130
869.098	3112
871.4876	3103
873.8746	3145
876.263	3166
878.6487	3129
881.0378	3147
883.4243	3099
885.8081	3118
888.1933	3161
890.5759	3113
892.9598	3125
895.343	3118
897.7256	3226
900.1057	3127
902.4871	3195
904.8659	3178
907.246	3186
909.6254	3144
912.0023	3160
914.3786	3258
916.7562	3307
919.1331	3219
921.5074	3296
923.8831	3239
926.2562	3321
928.6287	3266
931.0005	3287
933.3757	3214
935.7462	3287
938.1162	3298
940.4855	3401
942.8542	3428
945.2242	3461
947.5916	3570
949.9584	3590
952.3266	3740
954.6921	3881
957.0571	4014
959.4233	4265
961.787	4277
964.15	4299
966.5125	4090
968.8742	4018
971.2354	3729
973.5959	3597
975.9559	3481
978.3151	3407
980.6738	3365
983.0338	3255
985.3912	3338
987.7461	3259
990.1022	3297
992.4578	3260
994.8127	3290
997.1689	3289
999.5207	3196
1001.874	3269
1004.226	3253
1006.576	3290
1008.929	3354
1011.28	3273
1013.628	3214
1015.977	3249
1018.324	3287
1020.674	3270
1023.019	3361
1025.366	3257
1027.713	3326
1030.056	3328
1032.399	3291
1034.746	3371
1037.087	3305
1039.431	3321
1041.771	3360
1044.113	3287
1046.454	3368
1048.793	3345
1051.133	3249
1053.471	3429
1055.807	3399
1058.146	3390
1060.483	3325
1062.818	3385
1065.153	3465
1067.489	3375
1069.822	3404
1072.156	3441
1074.488	3403
1076.82	3460
1079.15	3449
1081.48	3336
1083.814	3473
1086.143	3413
1088.471	3405
1090.799	3363
1093.126	3363
1095.452	3403
1097.78	3273
1100.105	3378
1102.43	3313
1104.754	3411
1107.077	3275
1109.4	3410
1111.722	3262
1114.044	3243
1116.365	3334
1118.685	3291
1121.005	3252
1123.324	3400
1125.643	3271
1127.961	3320
1130.278	3358
1132.595	3348
1134.911	3366
1137.226	3371
1139.541	3337
1141.854	3368
1144.167	3365
1146.482	3344
1148.793	3308
1151.105	3364
1153.414	3322
1155.725	3336
1158.033	3335
1160.344	3358
1162.651	3339
1164.959	3305
1167.265	3392
1169.572	3328
1171.878	3281
1174.184	3344
1176.488	3372
1178.79	3311
1181.094	3301
1183.396	3357
1185.699	3360
1188.001	3349
1190.301	3339
1192.6	3278
1194.9	3400
1197.2	3335
1199.497	3344
1201.794	3317
1204.09	3391
1206.387	3397
1208.684	3333
1210.978	3337
1213.272	3396
1215.565	3344
1217.858	3384
1220.15	3340
1222.443	3390
1224.734	3290
1227.024	3346
1229.313	3449
1231.602	3432
1233.892	3399
1236.18	3455
1238.467	3493
1240.754	3467
1243.04	3497
1245.325	3547
1247.612	3524
1249.896	3508
1252.178	3443
1254.461	3501
1256.743	3551
1259.027	3491
1261.308	3470
1263.587	3522
1265.867	3523
1268.146	3498
1270.425	3522
1272.703	3512
1274.981	3536
1277.256	3528
1279.532	3512
1281.808	3541
1284.083	3517
1286.358	3514
1288.63	3391
1290.904	3499
1293.175	3505
1295.449	3428
1297.719	3477
1299.99	3465
1302.259	3473
1304.529	3495
1306.798	3492
1309.065	3414
1311.333	3455
1313.599	3521
1315.866	3565
1318.131	3433
1320.396	3466
1322.66	3471
1324.925	3491
1327.187	3404
1329.448	3489
1331.711	3543
1333.974	3482
1336.234	3441
1338.493	3509
1340.752	3408
1343.01	3502
1345.269	3418
1347.526	3477
1349.784	3420
1352.04	3462
1354.295	3413
1356.552	3339
1358.806	3493
1361.059	3523
1363.312	3468
1365.564	3389
1367.818	3494
1370.069	3505
1372.318	3491
1374.568	3452
1376.817	3480
1379.066	3457
1381.316	3533
1383.564	3591
1385.809	3425
1388.056	3449
1390.301	3469
1392.549	3479
1394.793	3486
1397.036	3516
1399.279	3520
1401.522	3533
1403.763	3540
1406.007	3527
1408.248	3590
1410.487	3591
1412.727	3605
1414.965	3575
1417.205	3562
1419.442	3607
1421.68	3511
1423.915	3616
1426.152	3588
1428.388	3541
1430.623	3554
1432.857	3622
1435.091	3523
1437.323	3655
1439.556	3697
1441.789	3675
1444.019	3645
1446.25	3659
1448.48	3649
1450.708	3748
1452.938	3721
1455.167	3716
1457.394	3765
1459.62	3664
1461.846	3606
1464.073	3591
1466.299	3637
1468.523	3621
1470.746	3658
1472.969	3499
1475.191	3544
1477.415	3613
1479.636	3558
1481.858	3484
1484.078	3573
1486.298	3550
1488.518	3497
1490.736	3464
1492.954	3498
1495.169	3558
1497.386	3363
1499.602	3576
1501.819	3555
1504.034	3487
1506.248	3549
1508.462	3429
1510.675	3549
1512.888	3463
1515.1	3457
1517.311	3438
1519.522	3507
1521.732	3407
1523.942	3385
1526.151	3499
1528.36	3501
1530.566	3431
1532.773	3476
1534.98	3477
1537.187	3469
1539.392	3495
1541.596	3530
1543.801	3527
1546.005	3472
1548.208	3440
1550.411	3489
1552.612	3592
1554.814	3564
1557.013	3564
1559.212	3553
1561.414	3526
1563.612	3490
1565.811	3600
1568.007	3554
1570.203	3539
1572.403	3614
1574.598	3578
1576.792	3588
1578.988	3545
1581.181	3517
1583.376	3610
1585.568	3542
1587.761	3561
1589.952	3598
1592.143	3575
1594.333	3547
1596.524	3677
1598.715	3642
1600.903	3516
1603.091	3688
1605.278	3647
1607.466	3642
1609.652	3589
1611.838	3646
1614.023	3688
1616.207	3687
1618.391	3645
1620.576	3584
1622.759	3588
1624.941	3593
1627.123	3734
1629.304	3742
1631.484	3627
1633.664	3635
1635.844	3685
1638.022	3678
1640.201	3665
1642.38	3703
1644.556	3693
1646.732	3683
1648.908	3771
1651.084	3607
1653.257	3653
1655.433	3695
1657.607	3679
1659.779	3835
1661.951	3664
1664.122	3686
1666.295	3737
1668.467	3656
1670.635	3719
1672.805	3670
1674.973	3705
1677.142	3733
1679.31	3724
1681.478	3604
1683.644	3691
1685.81	3640
1687.975	3694
1690.142	3639
1692.305	3675
1694.468	3582
1696.632	3633
1698.794	3678
1700.957	3506
1703.119	3593
1705.279	3641
1707.439	3673
1709.598	3619
1711.758	3653
1713.917	3517
1716.075	3650
1718.231	3571
1720.388	3536
1722.543	3515
1724.702	3553
1726.856	3532
1729.01	3561
1731.164	3583
1733.317	3533
1735.471	3673
1737.623	3537
1739.774	3635
1741.925	3637
1744.075	3563
1746.225	3604
1748.376	3599
1750.524	3608
1752.672	3604
1754.82	3620
1756.965	3640
1759.113	3591
1761.259	3639
1763.405	3618
1765.549	3687
1767.694	3673
1769.836	3619
1771.981	3605
1774.123	3650
1776.264	3628
1778.405	3582
1780.546	3631
1782.687	3681
1784.827	3584
1786.966	3629
1789.103	3568
1791.242	3632
1793.381	3675
1795.517	3678
1797.653	3686
1799.788	3702
1801.923	3661
1804.057	3668
1806.193	3667
1808.326	3590
1810.457	3581
1812.59	3698
1814.721	3712
1816.855	3647
1818.984	3676
1821.113	3638
1823.244	3658
1825.372	3692
1827.499	3626
1829.63	3653
1831.756	3634
1833.882	3683
1836.007	3617
1838.132	3527
1840.26	3573
1842.384	3624
1844.507	3592
1846.63	3625
1848.752	3615
1850.875	3689
1852.996	3591
1855.118	3610
1857.238	3616
1859.358	3638
1861.477	3528
1863.597	3629
1865.715	3610
1867.832	3571
1869.948	3640
1872.064	3593
1874.181	3646
1876.297	3624
1878.411	3633
1880.526	3593
1882.639	3655
1884.752	3593
1886.865	3522
1888.977	3622
1891.089	3666
1893.2	3699
1895.308	3573
1897.42	3578
1899.53	3658
1901.639	3603
1903.745	3612
1905.853	3638
1907.962	3677
1910.067	3608
1912.174	3673
1914.278	3701
1916.383	3691
1918.486	3674
1920.592	3654
1922.694	3694
1924.797	3692
1926.898	3661
1929	3647
1931.102	3621
1933.203	3647
1935.301	3730
1937.401	3631
1939.499	3640
1941.598	3637
1943.697	3727
1945.793	3617
1947.888	3651
1949.985	3701
1952.08	3705
1954.176	3609
1956.269	3612
1958.364	3622
1960.457	3716
1962.549	3749
1964.642	3693
1966.733	3691
1968.823	3630
1970.913	3661
1973.005	3731
1975.093	3688
1977.184	3670
1979.271	3506
1981.359	3618
1983.446	3626
1985.532	3708
1987.619	3641
1989.705	3709
1991.789	3608
1993.874	3679
1995.956	3642
1998.041	3631
2000.123	3694
2002.206	3656
2004.287	3640
2006.368	3619
2008.449	3581
2010.529	3558
2012.609	3661
2014.688	3664
2016.766	3620
2018.843	3656
2020.922	3658
2022.999	3691
2025.074	3563
2027.15	3580
2029.225	3670
2031.299	3582
2033.375	3615
2035.447	3619
2037.52	3614
2039.592	3681
2041.664	3684
2043.736	3765
2045.807	3635
2047.876	3581
2049.947	3593
2052.015	3575
2054.086	3670
2056.153	3647
2058.221	3689
2060.288	3674
2062.353	3693
2064.42	3659
2066.486	3650
2068.55	3697
2070.614	3673
2072.678	3719
2074.741	3647
2076.805	3679
2078.866	3711
2080.929	3581
2082.99	3736
2085.049	3684
2087.109	3633
2089.17	3693
2091.228	3635
2093.286	3673
2095.344	3649
2097.4	3650
2099.46	3665
2101.516	3637
2103.572	3723
2105.626	3571
2107.679	3596
2109.735	3671
2111.788	3562
2113.841	3655
2115.894	3581
2117.945	3674
2119.997	3654
2122.049	3583
2124.1	3684
2126.148	3640
2128.197	3658
2130.246	3609
2132.296	3551
2134.342	3683
2136.39	3674
2138.437	3680
2140.483	3603
2142.527	3681
2144.574	3578
2146.619	3556
2148.661	3637
2150.705	3580
2152.747	3644
2154.792	3694
2156.832	3585
2158.874	3638
2160.915	3684
2162.954	3636
2164.995	3614
2167.034	3634
2169.072	3550
2171.111	3638
2173.148	3637
2175.186	3694
2177.223	3689
2179.258	3577
2181.294	3693
2183.328	3568
2185.362	3623
2187.398	3547
2189.431	3532
2191.463	3585
2193.495	3559
2195.528	3538
2197.56	3497
2199.59	3567
2201.62	3497
2203.649	3552
2205.678	3662
2207.708	3654
2209.737	3618
2211.764	3635
2213.791	3490
2215.817	3540
2217.843	3549
2219.87	3632
2221.895	3555
2223.919	3598
2225.942	3628
2227.966	3554
2229.988	3572
2232.012	3536
2234.032	3577
2236.054	3628
2238.074	3583
2240.095	3591
2242.116	3523
2244.135	3582
2246.153	3591
2248.171	3503
2250.188	3545
2252.208	3584
2254.223	3569
2256.239	3622
2258.255	3555
2260.269	3610
2262.283	3614
2264.3	3625
2266.312	3549
2268.325	3647
2270.336	3638
2272.349	3580
2274.362	3558
2276.372	3600
2278.383	3557
2280.392	3565
2282.402	3552
2284.409	3608
2286.418	3475
2288.427	3546
2290.433	3533
2292.441	3600
2294.446	3568
2296.453	3618
2298.459	3587
2300.463	3700
2302.466	3480
2304.471	3538
2306.475	3508
2308.477	3569
2310.478	3551
2312.481	3529
2314.481	3565
2316.481	3557
2318.482	3498
2320.482	3559
2322.48	3539
2324.48	3591
2326.478	3516
2328.476	3644
2330.473	3516
2332.469	3498
2334.465	3564
2336.46	3501
2338.454	3512
2340.45	3584
2342.444	3481
2344.437	3548
2346.43	3498
2348.421	3442
2350.414	3467
2352.405	3502
2354.396	3568
2356.386	3558
2358.376	3484
2360.366	3496
2362.355	3493
2364.343	3521
2366.331	3525
2368.317	3527
2370.304	3456
2372.292	3506
2374.278	3530
2376.262	3502
2378.247	3526
2380.23	3472
2382.216	3590
2384.199	3472
2386.181	3476
2388.163	3531
2390.144	3450
2392.127	3524
2394.107	3466
2396.087	3463
2398.066	3431
2400.046	3456
2402.023	3427
2404.004	3525
2405.981	3490
2407.957	3504
2409.934	3461
2411.91	3439
2413.886	3405
2415.862	3435
2417.836	3432
2419.809	3470
2421.784	3500
2423.756	3421
2425.73	3403
2427.701	3413
2429.672	3415
2431.644	3460
2433.615	3416
2435.586	3454
2437.555	3512
2439.523	3479
2441.491	3418
2443.459	3506
2445.428	3439
2447.395	3426
2449.361	3459
2451.327	3455
2453.292	3420
2455.257	3411
2457.223	3487
2459.187	3516
2461.15	3446
2463.113	3415
2465.076	3444
2467.039	3406
2468.999	3477
2470.96	3359
2472.921	3501
2474.881	3398
2476.841	3439
2478.8	3456
2480.759	3376
2482.717	3393
2484.675	3373
2486.63	3463
2488.589	3465
2490.545	3459
2492.5	3385
2494.455	3472
2496.408	3431
2498.364	3451
2500.318	3382
2502.27	3481
2504.223	3395
2506.174	3459
2508.126	3377
2510.078	3409
2512.03	3386
2513.979	3384
2515.927	3338
2517.877	3363
2519.826	3407
2521.775	3394
2523.722	3373
2525.668	3494
2527.616	3394
2529.561	3349
2531.508	3380
2533.452	3409
2535.398	3388
2537.342	3351
2539.284	3360
2541.229	3445
2543.173	3380
2545.114	3413
2547.055	3460
2548.996	3401
2550.938	3429
2552.878	3424
2554.817	3384
2556.756	3381
2558.695	3318
2560.633	3398
2562.572	3306
2564.509	3498
2566.445	3375
2568.382	3415
2570.317	3319
2572.254	3418
2574.189	3327
2576.123	3371
2578.057	3364
2579.99	3493
2581.923	3364
2583.855	3409
2585.788	3385
2587.719	3405
2589.65	3480
2591.579	3402
2593.511	3398
2595.44	3461
2597.37	3434
2599.297	3338
2601.225	3425
2603.153	3400
2605.08	3412
2607.007	3360
2608.932	3511
2610.858	3391
2612.782	3392
2614.709	3405
2616.632	3474
2618.556	3381
2620.478	3347
2622.401	3482
2624.324	3359
2626.247	3454
2628.167	3390
2630.088	3373
2632.008	3424
2633.928	3398
2635.848	3380
2637.766	3396
2639.684	3426
2641.603	3406
2643.519	3446
2645.437	3401
2647.353	3356
2649.27	3410
2651.184	3370
2653.099	3440
2655.014	3398
2656.928	3405
2658.842	3425
2660.755	3395
2662.667	3388
2664.579	3411
2666.491	3326
2668.402	3400
2670.312	3361
2672.222	3357
2674.132	3311
2676.042	3402
2677.951	3394
2679.859	3326
2681.766	3362
2683.674	3312
2685.582	3394
2687.488	3382
2689.392	3373
2691.298	3415
2693.202	3433
2695.107	3352
2697.012	3372
2698.914	3367
2700.817	3373
2702.72	3475
2704.622	3368
2706.524	3387
2708.425	3329
2710.326	3343
2712.225	3401
2714.125	3261
2716.024	3369
2717.923	3356
2719.822	3322
2721.719	3340
2723.616	3399
2725.512	3312
2727.41	3313
2729.305	3359
2731.201	3362
2733.095	3375
2734.99	3415
2736.884	3292
2738.778	3358
2740.67	3299
2742.562	3375
2744.455	3395
2746.346	3343
2748.238	3267
2750.129	3413
2752.018	3343
2753.907	3230
2755.797	3330
2757.687	3322
2759.575	3359
2761.462	3333
2763.349	3351
2765.237	3363
2767.124	3279
2769.009	3391
2770.894	3329
2772.779	3269
2774.663	3352
2776.547	3345
2778.431	3346
2780.314	3359
2782.197	3332
2784.078	3308
2785.96	3375
2787.842	3370
2789.723	3277
2791.603	3330
2793.483	3380
2795.362	3354
2797.241	3305
2799.121	3338
2800.997	3329
2802.874	3253
2804.751	3345
2806.628	3272
2808.506	3313
2810.38	3264
2812.255	3316
2814.13	3331
2816.003	3346
2817.878	3314
2819.752	3291
2821.623	3242
2823.496	3250
2825.368	3258
2827.238	3276
2829.111	3325
2830.98	3240
2832.851	3296
2834.719	3370
2836.589	3296
2838.458	3315
2840.327	3312
2842.193	3314
2844.061	3300
2845.927	3308
2847.794	3307
2849.66	3254
2851.525	3303
2853.39	3302
2855.254	3322
2857.117	3281
2858.983	3320
2860.845	3411
2862.707	3360
2864.569	3311
2866.431	3369
2868.293	3361
2870.154	3511
2872.013	3440
2873.873	3496
2875.733	3598
2877.592	3514
2879.451	3513
2881.309	3598
2883.166	3527
2885.022	3652
2886.879	3581
2888.736	3576
2890.591	3611
2892.446	3627
2894.301	3557
2896.155	3669
2898.009	3557
2899.863	3562
2901.716	3528
2903.568	3582
2905.419	3531
2907.27	3660
2909.123	3602
2910.973	3606
2912.824	3720
2914.673	3715
2916.521	3655
2918.372	3705
2920.22	3728
2922.067	3755
2923.914	3860
2925.761	3772
2927.607	3913
2929.455	3839
2931.301	3924
2933.144	4029
2934.99	4008
2936.833	4046
2938.678	3957
2940.522	3941
2942.364	4068
2944.207	4105
2946.048	4151
2947.891	4090
2949.731	4088
2951.571	4015
2953.412	4019
2955.25	4018
2957.09	4058
2958.93	4048
2960.767	3942
2962.606	3870
2964.443	3850
2966.279	3848
2968.116	3780
2969.953	3765
2971.788	3751
2973.623	3665
2975.457	3710
2977.292	3743
2979.127	3746
2980.959	3779
2982.792	3639
2984.624	3663
2986.455	3724
2988.288	3607
2990.119	3589
2991.949	3575
2993.779	3602
2995.608	3528
2997.439	3509
2999.268	3546
3001.096	3454
3002.923	3523
3004.751	3458
3006.578	3491
3008.406	3387
3010.232	3340
3012.057	3342
3013.883	3312
3015.706	3299
3017.532	3302
3019.356	3224
3021.179	3273
3023.002	3274
3024.823	3202
3026.646	3206
3028.469	3260
3030.289	3235
3032.11	3125
3033.93	3207
3035.749	3171
3037.57	3171
3039.39	3132
3041.207	3206
3043.026	3178
3044.842	3146
3046.661	3171
3048.477	3204
3050.294	3173
3052.109	3194
3053.925	3093
3055.739	3143
3057.555	3176
3059.368	3187
3061.181	3269
3062.995	3121
3064.807	3131
3066.62	3172
3068.433	3237
3070.243	3114
3072.054	3141
3073.865	3115
3075.675	3154
3077.485	3149
3079.293	3154
3081.102	3136
3082.911	3155
3084.719	3086
3086.527	3148
3088.333	3131
3090.139	3079
3091.945	3052
3093.75	3068
3095.557	3105
3097.361	3044
3099.165	3136
3100.969	3081
3102.772	3088
3104.575	3079
3106.379	3092
3108.181	3065
3109.982	3061
3111.783	3072
3113.584	3075
3115.386	3062
3117.186	3031
3118.985	3061
3120.783	3055
3122.582	3042
3124.381	3126
3126.179	3044
3127.975	3132
3129.772	3049
3131.569	3057
3133.365	3046
3135.161	3039
3136.956	3100
3138.751	2932
3140.544	2915
3142.338	3006
3144.132	3033
3145.925	3036
3147.717	2987
3149.509	3063
3151.301	3085
3153.091	2989
3154.884	2959
3156.673	3063
3158.462	3050
3160.252	2982
3162.041	3021
3163.831	2996
3165.618	3002
3167.405	3025
3169.193	2952
3170.979	3037
3172.767	2984
3174.553	2985
3176.338	3091
3178.123	2985
3179.907	2971
3181.692	2972
3183.477	2943
3185.259	2961
3187.042	2964
3188.824	2989
3190.607	3039
3192.389	2970
3194.17	3004
3195.951	2988
3197.73	2990
3199.51	3020
3201.289	3009
3203.07	2964
3204.848	3043
3206.626	3008
3208.403	3009
3210.18	2950
3211.959	2979
3213.735	2940
3215.511	2946
3217.285	3022
3219.06	2930
3220.836	2947
3222.611	2900
3224.384	2992
3226.158	3032
3227.929	2951
3229.702	2970
3231.476	2932
3233.248	2946
3235.018	2966
3236.789	3020
3238.56	2903
3240.33	2950
3242.1	2951
3243.869	2991
3245.637	2996
3247.405	2953
3249.172	2905
3250.941	3007
3252.707	2994
3254.474	2936
3256.24	3009
3258.006	2946
3259.772	2941
3261.537	2909
3263.301	2959
3265.065	2904
3266.828	2917
3268.592	2989
3270.355	2927
3272.117	2961
3273.878	2977
3275.64	3034
3277.401	2903
3279.162	2901
3280.922	3045
3282.682	2960
3284.441	3000
3286.199	2920
3287.959	2941
3289.716	2961
3291.475	2986
3293.232	2942
3294.988	2961
3296.744	2938
3298.501	2928
3300.256	2944
3302.011	2980
3303.766	2951
3305.52	2939
3307.275	2973
3309.028	2960
3310.781	2985
3312.533	2900
3314.285	2987
3316.038	2973
3317.789	2951
3319.54	2905
3321.289	3042
3323.039	2970
3324.789	3034
3326.539	2983
3328.288	2930
3330.035	2867
3331.783	2985
3333.531	2977
3335.28	2975
3337.025	2880
3338.771	2912
3340.518	2983
3342.262	2995
3344.009	2974
3345.753	2973
3347.497	2984
3349.24	2941
3350.983	2971
3352.726	2897
3354.469	2963
3356.212	2842
3357.952	2923
3359.694	2910
3361.434	2958
3363.176	2880
3364.916	2836
3366.654	2893
3368.394	2918
3370.132	2905
3371.871	2841
3373.61	2831
3375.346	2921
3377.083	2906
3378.82	2873
3380.556	2890
3382.292	2887
3384.027	2909
3385.763	2874
3387.497	2918
3389.231	2912
3390.965	2961
3392.698	2834
3394.431	2893
3396.164	2849
3397.896	2795
3399.627	2952
3401.36	2816
3403.09	2903
3404.82	2843
3406.55	2896
3408.279	2835
3410.01	2835
3411.738	2866
3413.467	2788
3415.194	2859
3416.92	2790
3418.647	2815
3420.375	2800
3422.102	2873
3423.827	2819
3425.553	2878
3427.277	2783
3429.003	2831
3430.727	2780
3432.451	2779
3434.173	2790
3435.896	2776
3437.62	2792
3439.343	2818
3441.063	2852
3442.785	2823
3444.505	2839
3446.226	2825
3447.948	2798
3449.666	2839
3451.386	2695
3453.104	2770
3454.823	2808
3456.541	2823
3458.259	2784
3459.976	2766
3461.693	2774
3463.408	2775
3465.125	2756
3466.841	2798
3468.556	2693
3470.271	2761
3471.985	2742
3473.698	2789
3475.414	2741
3477.126	2689
3478.838	2701
3480.55	2727
3482.263	2738
3483.975	2706
3485.686	2732
3487.396	2712
3489.106	2669
3490.817	2714
3492.526	2749
3494.236	2735
3495.944	2685
3497.652	2678
3499.359	2662
3501.066	2691
3502.775	2579
3504.481	2646
3506.187	2640
3507.893	2694
3509.598	2660
3511.304	2685
3513.009	2646
3514.713	2647
3516.417	2601
3518.12	2717
3519.821	2652
3521.525	2646
3523.228	2634
3524.929	2682
3526.631	2646
3528.33	2588
3530.032	2626
3531.733	2662
3533.433	2610
3535.131	2609
3536.83	2686
3538.529	2665
3540.227	2646
3541.925	2596
3543.623	2622
3545.319	2601
3547.016	2567
3548.712	2588
3550.408	2612
3552.103	2577
3553.798	2606
3555.491	2519
3557.188	2594
3558.88	2521
3560.574	2558
3562.266	2584
3563.959	2590
3565.651	2555
3567.343	2588
3569.035	2519
3570.725	2562
3572.415	2571
3574.106	2529
3575.797	2560
3577.485	2532
3579.174	2513
3580.863	2516
3582.551	2525
3584.238	2519
3585.926	2527
3587.613	2538
3589.3	2479
3590.986	2499
3592.671	2514
3594.357	2428
3596.042	2523
3597.726	2484
3599.41	2453
3601.094	2479
3602.778	2466
3604.461	2473
3606.143	2500
3607.825	2482
3609.507	2506
3611.188	2374
3612.87	2449
3614.551	2447
3616.229	2471
3617.909	2423
3619.589	2431
3621.269	2461
3622.948	2443
3624.625	2439
3626.302	2437
3627.98	2511
3629.657	2477
3631.334	2368
3633.01	2447
3634.686	2416
3636.361	2409
3638.036	2407
3639.712	2440
3641.385	2377
3643.06	2417
3644.732	2410
3646.405	2384
3648.08	2372
3649.751	2370
3651.424	2354
3653.094	2437
3654.766	2403
3656.436	2397
3658.106	2429
3659.777	2429
3661.446	2382
3663.115	2375
3664.783	2381
3666.452	2309
3668.121	2352
3669.788	2311
3671.454	2369
3673.121	2389
3674.789	2337
3676.455	2324
3678.12	2345
3679.784	2374
3681.45	2293
3683.114	2323
3684.779	2368
3686.442	2350
3688.105	2323
3689.768	2320
3691.43	2322
3693.093	2339
3694.754	2328
3696.415	2356
3698.076	2366
3699.736	2349
3701.396	2320
3703.057	2359
3704.716	2294
3706.375	2394
3708.034	2315
3709.692	2364
3711.351	2300
3713.008	2329
3714.665	2321
3716.321	2321
3717.977	2313
3719.634	2373
3721.29	2300
3722.945	2305
3724.598	2315
3726.253	2249
3727.907	2277
3729.561	2281
3731.214	2312
3732.867	2326
3734.518	2327
3736.171	2331
3737.824	2283
3739.474	2291
3741.125	2278
3742.775	2271
3744.425	2260
3746.074	2302
3747.725	2239
3749.373	2313
3751.022	2274
3752.669	2285
3754.318	2287
3755.966	2287
3757.612	2302
3759.259	2269
3760.905	2269
3762.55	2324
3764.197	2289
3765.842	2275
3767.486	2298
3769.131	2242
3770.774	2308
3772.417	2278
3774.061	2319
3775.705	2277
3777.347	2256
3778.988	2247
3780.629	2278
3782.271	2274
3783.912	2211
3785.552	2225
3787.192	2244
3788.831	2292
3790.472	2257
3792.112	2238
3793.75	2207
3795.388	2126
3797.024	2153
3798.661	2200
3800.3	2261
3801.936	2217
3803.572	2214
3805.208	2125
3806.844	2247
3808.48	2269
3810.115	2198
3811.748	2298
3813.382	2222
3815.016	2223
3816.649	2284
3818.283	2223
3819.914	2226
3821.547	2201
3823.178	2142
3824.809	2250
3826.441	2208
3828.072	2204
3829.701	2164
3831.331	2165
3832.96	2167
3834.591	2218
3836.219	2127
3837.847	2202
3839.475	2121
3841.102	2255
3842.729	2150
3844.357	2219
3845.984	2135
3847.609	2172
3849.234	2166
3850.86	2139
3852.485	2124
3854.11	2170
3855.734	2236
3857.357	2169
3858.981	2156
3860.603	2147
3862.227	2155
3863.848	2142
3865.471	2143
3867.092	2132
3868.713	2154
3870.334	2136
3871.954	2128
3873.575	2143
3875.194	2134
3876.813	2077
3878.433	2156
3880.051	2110
3881.669	2137
3883.286	2118
3884.904	2084
3886.52	2104
3888.138	2128
3889.754	2119
3891.37	2120
3892.985	2104
3894.6	2172
3896.216	2068
3897.831	2148
3899.444	2181
3901.058	2104
3902.67	2112
3904.283	2093
3905.897	2148
3907.509	2127
3909.121	2102
3910.731	2157
3912.342	2096
3913.954	2127
3915.563	2045
3917.174	2131
3918.783	2097
3920.391	2132
3922.002	2074
3923.611	2063
3925.218	2106
3926.826	2051
3928.432	2093
3930.039	2122
3931.647	2122
3933.253	2090
3934.859	2097
3936.464	2126
3938.068	2063
3939.675	2130
3941.278	2088
3942.883	2070
3944.486	2103
3946.089	2162
3947.692	2104
3949.295	2117
3950.898	2014
3952.499	2086
3954.1	2088
3955.7	2121
3957.303	2029
3958.903	2007
3960.502	2131
3962.101	2087
3963.7	2050
3965.301	2104
3966.899	2096
3968.497	2058
3970.094	2021
3971.691	2082
3973.288	2087
3974.885	2072
3976.481	2017
3978.077	1998
3979.672	2043
3981.267	2044
3982.863	2078
3984.457	2077
3986.051	2006
3987.645	2023
3989.238	2040
3990.831	2024
3992.425	1998
3994.017	2007
3995.607	2052
3997.199	2016
3998.79	2012
4000.382	2013
4001.973	2057
4003.561	2009
4005.151	2004
4006.741	1973
4008.331	1965
4009.918	2017
4011.507	1899
4013.095	1994
4014.681	1973
4016.269	1970
4017.856	1998
4019.443	1998
4021.028	1958
4022.614	1989
4024.199	2024
4025.785	1947
4027.37	1979
4028.953	1999
4030.536	1917
4032.12	2009
4033.704	1992
4035.287	1986
4036.869	1954
4038.45	1977
4040.032	2023
4041.613	1993
4043.195	1935
4044.776	2040
4046.356	1974
4047.935	1930
4049.515	1922
4051.095	2001
4052.674	1912
4054.251	1971
4055.829	1943
4057.406	1909
4058.985	1899
4060.562	1954
4062.139	1938
4063.715	1926
4065.29	1950
4066.865	1924
4068.442	1936
4070.016	1904
4071.59	1955
4073.164	1934
4074.738	1939
4076.312	1918
4077.885	1952
4079.458	1913
4081.03	1925
4082.602	1889
4084.173	1936
4085.745	1860
4087.315	1900
4088.886	1900
4090.456	1955
4092.026	1983
4093.596	1907
4095.165	1937
4096.734	1907
4098.301	1906
4099.869	1818
4101.437	1895
4103.006	1931
4104.572	1854
4106.139	1862
4107.704	1940
4109.27	1918
4110.837	1854
4112.401	1859
4113.966	1878
4115.53	1880
4117.094	1828
4118.659	1900
4120.223	1921
4121.785	1934
4123.347	1895
4124.909	1861
4126.471	1845
4128.034	1891
4129.595	1873
4131.155	1856
4132.716	1876
4134.275	1908
4135.836	1899
4137.395	1894
4138.955	1833
4140.513	1867
4142.071	1857
4143.628	1808
4145.188	1872
4146.745	1856
4148.302	1905
4149.858	1850
4151.414	1881
4152.971	1838
4154.526	1824
4156.081	1819
4157.635	1855
4159.189	1806
4160.745	1824
4162.298	1816
4163.852	1816
4165.405	1805
4166.957	1814
4168.51	1856
4170.063	1811
4171.614	1790
4173.166	1840
4174.717	1807
4176.267	1800
4177.817	1786
4179.368	1799
4180.917	1810
4182.466	1785
4184.016	1868
4185.564	1832
4187.112	1816
4188.66	1868
4190.207	1819
4191.754	1802
4193.301	1817
4194.848	1780
4196.394	1804
4197.94	1776
4199.484	1794
4201.03	1801
4202.575	1723
4204.12	1749
4205.663	1798
4207.207	1781
4208.75	1766
4210.292	1745
4211.836	1768
4213.378	1744
4214.92	1700
4216.46	1769
4218.002	1798
4219.544	1793
4221.083	1712
4222.625	1746
4224.164	1757
4225.703	1765
4227.244	1776
4228.782	1786
4230.32	1756
4231.857	1732
4233.395	1770
4234.933	1757
4236.471	1777
4238.007	1768
4239.542	1758
4241.078	1813
4242.614	1711
4244.15	1761
4245.685	1730
4247.219	1722
4248.753	1736
4250.287	1765
4251.82	1739
4253.354	1683
4254.887	1688
4256.419	1764
4257.951	1684
4259.483	1699
4261.016	1752
4262.547	1755
4264.078	1734
4265.608	1717
4267.137	1688
4268.668	1774
4270.197	1719
4271.727	1748
4273.254	1738
4274.783	1701
4276.311	1714
4277.84	1662
4279.366	1689
4280.894	1728
4282.42	1690
4283.946	1758
4285.473	1741
4286.998	1703
4288.523	1687
4290.047	1691
4291.572	1662
4293.096	1697
4294.622	1724
4296.144	1746
4297.668	1678
4299.19	1711
4300.713	1674
4302.236	1676
4303.758	1678
4305.279	1692
4306.799	1690
4308.321	1656
4309.842	1671
4311.361	1700
4312.882	1695
4314.401	1680
