400.0961	2440
402.6185	2450
405.1424	2435
407.6635	2498
410.1838	2474
412.7035	2474
415.2225	2532
417.7388	2593
420.2585	2612
422.7754	2630
425.2917	2624
427.8072	2656
430.3221	2659
432.8363	2713
435.3498	2675
437.8626	2730
440.3727	2693
442.8841	2690
445.3969	2632
447.907	2685
450.4142	2683
452.9229	2720
455.4289	2677
457.9362	2599
460.4449	2665
462.9488	2656
465.454	2579
467.9566	2662
470.4604	2617
472.9637	2618
475.4662	2575
477.966	2611
480.4671	2594
482.9656	2635
485.4633	2566
487.9645	2594
490.4608	2645
492.9566	2605
495.4536	2627
497.948	2626
500.4437	2572
502.9387	2673
505.431	2658
507.9226	2691
510.4136	2663
512.9079	2599
515.3975	2679
517.8864	2654
520.3746	2653
522.8622	2625
525.3491	2652
527.8394	2675
530.3249	2673
532.8098	2592
535.2939	2687
537.7774	2640
540.2623	2647
542.7444	2657
545.2259	2740
547.7067	2695
550.1868	2745
552.6683	2702
555.147	2690
557.6231	2753
560.1005	2719
562.5773	2711
565.0534	2795
567.5308	2715
570.0056	2745
572.4776	2754
574.951	2743
577.4237	2854
579.8978	2860
582.3671	2864
584.8378	2840
587.3079	2855
589.7773	2861
592.244	2865
594.714	2823
597.1793	2833
599.6461	2845
602.1121	2891
604.5754	2818
607.0421	2721
609.5042	2813
611.9675	2794
614.4282	2755
616.8902	2716
619.3515	2745
621.8122	2761
624.2702	2695
626.7296	2757
629.1863	2735
631.6423	2751
634.1017	2764
636.5563	2705
639.0104	2717
641.4658	2715
643.9185	2810
646.3725	2670
648.8239	2856
651.2766	2712
653.7266	2714
656.176	2727
658.6247	2791
661.0748	2721
663.5242	2855
665.9709	2905
668.417	2803
670.8624	2787
673.3092	2777
675.7533	2800
678.1968	2816
680.6395	2803
683.0817	2819
685.5251	2774
687.9659	2825
690.4061	2901
692.8456	2852
695.2844	2809
697.7226	2830
700.1621	2790
702.599	2794
705.0332	2804
707.4688	2812
709.9036	2855
712.3399	2884
714.7735	2913
717.2044	2919
719.6367	2922
722.0683	2844
724.4993	2847
726.9296	2952
729.3593	2899
731.7883	2941
734.2147	2918
736.6423	2895
739.0714	2954
741.4958	2926
743.9216	2921
746.3447	2962
748.7691	2970
751.1929	3009
753.616	2996
756.0366	2999
758.4584	3027
760.8776	2990
763.2982	2992
765.718	2990
768.1373	3036
770.5539	3077
772.9698	3015
775.3871	2979
777.8038	2995
780.2178	2946
782.6332	3070
785.0459	2911
787.458	2970
789.8714	2997
792.2842	3041
794.6943	3045
797.1038	3011
799.5127	3049
801.9209	3022
804.3324	3039
806.7393	3028
809.1456	3034
811.5513	2995
813.9562	3030
816.3625	3091
818.7663	3034
821.1693	3092
823.5718	3027
825.9735	3053
828.3746	3054
830.7771	3010
833.177	3077
835.5762	2974
837.9747	3073
840.3727	3082
842.772	3132
845.1666	3111
847.5626	3161
849.958	3240
852.3527	3111
854.7488	3279
857.1403	3189
859.5331	3242
861.9253	3124
864.3168	3157
866.7057	3111
869.098	3128
871.4876	3145
873.8746	3173
876.263	3168
878.6487	3186
881.0378	3079
883.4243	3178
885.8081	3168
888.1933	3167
890.5759	3142
892.9598	3116
895.343	3117
897.7256	3148
900.1057	3130
902.4871	3090
904.8659	3120
907.246	3216
909.6254	3132
912.0023	3180
914.3786	3288
916.7562	3296
919.1331	3331
921.5074	3344
923.8831	3388
926.2562	3399
928.6287	3404
931.0005	3345
933.3757	3396
935.7462	3343
938.1162	3416
940.4855	3520
942.8542	3504
945.2242	3491
947.5916	3660
949.9584	3715
952.3266	3950
954.6921	4187
957.0571	4335
959.4233	4595
961.787	4674
964.15	4683
966.5125	4544
968.8742	4145
971.2354	3919
973.5959	3774
975.9559	3559
978.3151	3507
980.6738	3303
983.0338	3318
985.3912	3349
987.7461	3292
990.1022	3308
992.4578	3264
994.8127	3274
997.1689	3194
999.5207	3339
1001.874	3323
1004.226	3384
1006.576	3287
1008.929	3323
1011.28	3356
1013.628	3339
1015.977	3353
1018.324	3322
1020.674	3364
1023.019	3282
1025.366	3301
1027.713	3337
1030.056	3376
1032.399	3397
1034.746	3368
1037.087	3465
1039.431	3437
1041.771	3330
1044.113	3388
1046.454	3344
1048.793	3326
1051.133	3369
1053.471	3401
1055.807	3267
1058.146	3396
1060.483	3422
1062.818	3426
1065.153	3449
1067.489	3470
1069.822	3448
1072.156	3492
1074.488	3503
1076.82	3498
1079.15	3413
1081.48	3427
1083.814	3429
1086.143	3380
1088.471	3396
1090.799	3386
1093.126	3378
1095.452	3327
1097.78	3338
1100.105	3351
1102.43	3354
1104.754	3271
1107.077	3361
1109.4	3342
1111.722	3342
1114.044	3350
1116.365	3373
1118.685	3348
1121.005	3387
1123.324	3298
1125.643	3416
1127.961	3288
1130.278	3378
1132.595	3315
1134.911	3428
1137.226	3269
1139.541	3330
1141.854	3339
1144.167	3271
1146.482	3316
1148.793	3320
1151.105	3307
1153.414	3387
1155.725	3370
1158.033	3309
1160.344	3340
1162.651	3345
1164.959	3287
1167.265	3390
1169.572	3300
1171.878	3249
1174.184	3430
1176.488	3401
1178.79	3386
1181.094	3357
1183.396	3356
1185.699	3322
1188.001	3421
1190.301	3374
1192.6	3331
1194.9	3270
1197.2	3409
1199.497	3382
1201.794	3420
1204.09	3305
1206.387	3396
1208.684	3430
1210.978	3436
1213.272	3360
1215.565	3255
1217.858	3311
1220.15	3417
1222.443	3356
1224.734	3440
1227.024	3398
1229.313	3504
1231.602	3417
1233.892	3413
1236.18	3488
1238.467	3482
1240.754	3502
1243.04	3564
1245.325	3562
1247.612	3570
1249.896	3493
1252.178	3564
1254.461	3563
1256.743	3590
1259.027	3528
1261.308	3641
1263.587	3492
1265.867	3580
1268.146	3529
1270.425	3572
1272.703	3556
1274.981	3463
1277.256	3521
1279.532	3577
1281.808	3499
1284.083	3527
1286.358	3466
1288.63	3557
1290.904	3472
1293.175	3495
1295.449	3418
1297.719	3498
1299.99	3427
1302.259	3470
1304.529	3421
1306.798	3492
1309.065	3453
1311.333	3425
1313.599	3411
1315.866	3544
1318.131	3477
1320.396	3404
1322.66	3499
1324.925	3481
1327.187	3498
1329.448	3496
1331.711	3583
1333.974	3538
1336.234	3477
1338.493	3428
1340.752	3553
1343.01	3480
1345.269	3473
1347.526	3506
1349.784	3565
1352.04	3468
1354.295	3417
1356.552	3445
1358.806	3415
1361.059	3388
1363.312	3464
1365.564	3486
1367.818	3468
1370.069	3464
1372.318	3382
1374.568	3468
1376.817	3513
1379.066	3477
1381.316	3579
1383.564	3458
1385.809	3473
1388.056	3468
1390.301	3524
1392.549	3582
1394.793	3529
1397.036	3647
1399.279	3546
1401.522	3633
1403.763	3639
1406.007	3552
1408.248	3581
1410.487	3641
1412.727	3680
1414.965	3597
1417.205	3683
1419.442	3694
1421.68	3645
1423.915	3634
1426.152	3585
1428.388	3587
1430.623	3665
1432.857	3611
1435.091	3683
1437.323	3628
1439.556	3699
1441.789	3670
1444.019	3632
1446.25	3710
1448.48	3673
1450.708	3769
1452.938	3826
1455.167	3812
1457.394	3640
1459.62	3678
1461.846	3783
1464.073	3687
1466.299	3713
1468.523	3606
1470.746	3608
1472.969	3653
1475.191	3719
1477.415	3635
1479.636	3542
1481.858	3446
1484.078	3586
1486.298	3443
1488.518	3501
1490.736	3517
1492.954	3574
1495.169	3456
1497.386	3394
1499.602	3522
1501.819	3436
1504.034	3481
1506.248	3479
1508.462	3445
1510.675	3474
1512.888	3447
1515.1	3445
1517.311	3379
1519.522	3491
1521.732	3458
1523.942	3543
1526.151	3460
1528.36	3469
1530.566	3531
1532.773	3476
1534.98	3502
1537.187	3484
1539.392	3439
1541.596	3471
1543.801	3473
1546.005	3522
1548.208	3440
1550.411	3515
1552.612	3501
1554.814	3443
1557.013	3536
1559.212	3523
1561.414	3573
1563.612	3583
1565.811	3590
1568.007	3625
1570.203	3572
1572.403	3600
1574.598	3601
1576.792	3657
1578.988	3534
1581.181	3593
1583.376	3596
1585.568	3531
1587.761	3636
1589.952	3634
1592.143	3671
1594.333	3575
1596.524	3603
1598.715	3688
1600.903	3572
1603.091	3634
1605.278	3662
1607.466	3608
1609.652	3653
1611.838	3711
1614.023	3651
1616.207	3651
1618.391	3611
1620.576	3658
1622.759	3649
1624.941	3760
1627.123	3697
1629.304	3660
1631.484	3598
1633.664	3723
1635.844	3814
1638.022	3732
1640.201	3760
1642.38	3764
1644.556	3748
1646.732	3786
1648.908	3744
1651.084	3752
1653.257	3744
1655.433	3810
1657.607	3706
1659.779	3741
1661.951	3749
1664.122	3802
1666.295	3921
1668.467	3843
1670.635	3843
1672.805	3792
1674.973	3743
1677.142	3797
1679.31	3814
1681.478	3838
1683.644	3758
1685.81	3852
1687.975	3678
1690.142	3740
1692.305	3725
1694.468	3749
1696.632	3767
1698.794	3749
1700.957	3709
1703.119	3667
1705.279	3704
1707.439	3775
1709.598	3702
1711.758	3698
1713.917	3638
1716.075	3593
1718.231	3693
1720.388	3611
1722.543	3631
1724.702	3662
1726.856	3622
1729.01	3700
1731.164	3649
1733.317	3607
1735.471	3640
1737.623	3707
1739.774	3687
1741.925	3674
1744.075	3621
1746.225	3658
1748.376	3638
1750.524	3645
1752.672	3638
1754.82	3635
1756.965	3721
1759.113	3694
1761.259	3707
1763.405	3656
1765.549	3669
1767.694	3682
1769.836	3767
1771.981	3709
1774.123	3658
1776.264	3751
1778.405	3777
1780.546	3686
1782.687	3653
1784.827	3699
1786.966	3728
1789.103	3726
1791.242	3739
1793.381	3747
1795.517	3781
1797.653	3764
1799.788	3745
1801.923	3742
1804.057	3781
1806.193	3799
1808.326	3818
1810.457	3769
1812.59	3781
1814.721	3671
1816.855	3721
1818.984	3786
1821.113	3738
1823.244	3719
1825.372	3744
1827.499	3765
1829.63	3787
1831.756	3724
1833.882	3748
1836.007	3733
1838.132	3742
1840.26	3823
1842.384	3741
1844.507	3730
1846.63	3771
1848.752	3758
1850.875	3740
1852.996	3836
1855.118	3760
1857.238	3796
1859.358	3713
1861.477	3804
1863.597	3780
1865.715	3694
1867.832	3850
1869.948	3704
1872.064	3716
1874.181	3763
1876.297	3772
1878.411	3729
1880.526	3822
1882.639	3829
1884.752	3748
1886.865	3757
1888.977	3800
1891.089	3851
1893.2	3933
1895.308	3864
1897.42	3864
1899.53	3849
1901.639	3849
1903.745	3913
1905.853	3902
1907.962	3867
1910.067	3953
1912.174	3887
1914.278	3875
1916.383	3910
1918.486	3838
1920.592	3901
1922.694	3991
1924.797	3989
1926.898	4041
1929	3929
1931.102	3958
1933.203	4031
1935.301	3910
1937.401	3975
1939.499	3954
1941.598	4038
1943.697	4025
1945.793	4003
1947.888	3973
1949.985	3942
1952.08	3994
1954.176	3989
1956.269	3976
1958.364	4004
1960.457	4048
1962.549	4043
1964.642	3943
1966.733	4012
1968.823	3958
1970.913	3984
1973.005	3956
1975.093	3993
1977.184	4016
1979.271	4016
1981.359	4012
1983.446	3953
1985.532	3976
1987.619	4016
1989.705	3937
1991.789	4000
1993.874	3953
1995.956	4021
1998.041	4071
2000.123	3998
2002.206	4074
2004.287	4060
2006.368	3968
2008.449	3985
2010.529	3966
2012.609	4042
2014.688	3923
2016.766	4012
2018.843	3987
2020.922	4048
2022.999	4022
2025.074	4058
2027.15	4060
2029.225	4070
2031.299	4024
2033.375	4016
2035.447	4042
2037.52	4008
2039.592	4042
2041.664	4021
2043.736	4017
2045.807	4057
2047.876	4113
2049.947	4083
2052.015	4097
2054.086	4129
2056.153	4021
2058.221	4077
2060.288	3943
2062.353	4104
2064.42	4019
2066.486	4095
2068.55	4065
2070.614	4098
2072.678	4141
2074.741	4001
2076.805	4031
2078.866	4190
2080.929	4172
2082.99	4074
2085.049	4049
2087.109	4039
2089.17	4094
2091.228	4083
2093.286	4159
2095.344	4047
2097.4	4081
2099.46	4058
2101.516	4100
2103.572	4121
2105.626	4076
2107.679	4117
2109.735	4063
2111.788	4042
2113.841	4053
2115.894	4120
2117.945	4169
2119.997	4041
2122.049	4157
2124.1	4072
2126.148	3956
2128.197	4036
2130.246	4027
2132.296	4073
2134.342	4112
2136.39	4048
2138.437	4139
2140.483	4051
2142.527	4160
2144.574	4106
2146.619	4038
2148.661	4129
2150.705	4009
2152.747	4119
2154.792	4053
2156.832	3995
2158.874	4086
2160.915	4006
2162.954	4041
2164.995	4069
2167.034	4077
2169.072	4066
2171.111	4059
2173.148	4076
2175.186	4003
2177.223	4002
2179.258	3976
2181.294	4028
2183.328	4058
2185.362	4053
2187.398	3987
2189.431	3943
2191.463	3952
2193.495	4002
2195.528	3982
2197.56	4015
2199.59	3957
2201.62	4025
2203.649	4014
2205.678	3909
2207.708	3877
2209.737	3977
2211.764	3978
2213.791	3961
2215.817	3923
2217.843	3894
2219.87	3905
2221.895	3987
2223.919	3978
2225.942	4016
2227.966	3937
2229.988	3946
2232.012	3919
2234.032	3887
2236.054	3986
2238.074	3919
2240.095	3932
2242.116	3931
2244.135	3901
2246.153	3935
2248.171	3938
2250.188	3897
2252.208	3981
2254.223	3962
2256.239	3943
2258.255	4051
2260.269	3925
2262.283	3886
2264.3	3914
2266.312	4002
2268.325	3910
2270.336	3928
2272.349	3970
2274.362	3971
2276.372	3904
2278.383	3921
2280.392	3923
2282.402	4004
2284.409	4037
2286.418	3911
2288.427	3903
2290.433	3858
2292.441	3920
2294.446	3938
2296.453	3884
2298.459	3898
2300.463	3880
2302.466	3969
2304.471	3960
2306.475	3937
2308.477	3926
2310.478	3947
2312.481	3950
2314.481	3898
2316.481	3893
2318.482	3906
2320.482	3921
2322.48	3957
2324.48	3857
2326.478	3910
2328.476	3882
2330.473	3907
2332.469	3900
2334.465	3841
2336.46	3780
2338.454	3874
2340.45	3882
2342.444	3879
2344.437	3924
2346.43	3955
2348.421	3873
2350.414	3927
2352.405	3822
2354.396	3813
2356.386	3761
2358.376	3821
2360.366	3879
2362.355	3923
2364.343	3818
2366.331	3891
2368.317	3863
2370.304	3940
2372.292	3922
2374.278	3868
2376.262	3868
2378.247	3856
2380.23	3859
2382.216	3856
2384.199	3799
2386.181	3960
2388.163	3850
2390.144	3886
2392.127	3870
2394.107	3928
2396.087	3788
2398.066	3845
2400.046	3827
2402.023	3899
2404.004	3782
2405.981	3916
2407.957	3858
2409.934	3754
2411.91	3953
2413.886	3857
2415.862	3782
2417.836	3864
2419.809	3944
2421.784	3844
2423.756	3822
2425.73	3794
2427.701	3879
2429.672	3880
2431.644	3909
2433.615	3871
2435.586	3810
2437.555	3894
2439.523	3889
2441.491	3893
2443.459	3871
2445.428	3889
2447.395	3853
2449.361	3877
2451.327	3772
2453.292	3819
2455.257	3892
2457.223	3916
2459.187	3869
2461.15	3863
2463.113	3900
2465.076	3839
2467.039	3754
2468.999	3862
2470.96	3790
2472.921	3776
2474.881	3915
2476.841	3806
2478.8	3865
2480.759	3901
2482.717	3875
2484.675	3852
2486.63	3787
2488.589	3820
2490.545	3843
2492.5	3844
2494.455	3899
2496.408	3844
2498.364	3827
2500.318	3873
2502.27	3888
2504.223	3856
2506.174	3805
2508.126	3919
2510.078	3848
2512.03	3843
2513.979	3927
2515.927	3808
2517.877	3901
2519.826	3852
2521.775	3826
2523.722	3865
2525.668	3930
2527.616	3909
2529.561	3924
2531.508	3861
2533.452	3851
2535.398	3889
2537.342	3912
2539.284	3895
2541.229	3973
2543.173	4011
2545.114	3835
2547.055	3910
2548.996	3858
2550.938	3925
2552.878	3863
2554.817	3795
2556.756	3910
2558.695	3951
2560.633	3846
2562.572	3831
2564.509	3915
2566.445	3926
2568.382	3912
2570.317	3881
2572.254	3857
2574.189	3888
2576.123	3836
2578.057	3860
2579.99	3864
2581.923	3949
2583.855	3928
2585.788	3848
2587.719	3890
2589.65	3891
2591.579	3793
2593.511	4011
2595.44	3850
2597.37	3910
2599.297	3998
2601.225	3930
2603.153	3858
2605.08	3961
2607.007	3957
2608.932	3913
2610.858	3883
2612.782	4004
2614.709	3892
2616.632	3936
2618.556	3970
2620.478	3896
2622.401	3965
2624.324	3936
2626.247	3922
2628.167	3922
2630.088	3921
2632.008	4077
2633.928	3972
2635.848	3898
2637.766	3966
2639.684	3994
2641.603	3954
2643.519	3993
2645.437	4013
2647.353	3994
2649.27	3908
2651.184	4072
2653.099	3899
2655.014	4020
2656.928	3961
2658.842	4055
2660.755	3984
2662.667	4012
2664.579	4019
2666.491	4041
2668.402	4041
2670.312	3924
2672.222	4107
2674.132	4036
2676.042	3934
2677.951	3974
2679.859	3994
2681.766	3996
2683.674	4022
2685.582	3986
2687.488	3928
2689.392	3916
2691.298	3922
2693.202	3993
2695.107	3966
2697.012	4053
2698.914	4052
2700.817	3941
2702.72	4036
2704.622	4112
2706.524	4029
2708.425	4069
2710.326	3931
2712.225	3966
2714.125	3907
2716.024	4046
2717.923	3960
2719.822	4002
2721.719	3998
2723.616	3952
2725.512	4060
2727.41	3972
2729.305	4024
2731.201	4043
2733.095	3991
2734.99	4084
2736.884	3966
2738.778	4108
2740.67	4015
2742.562	3993
2744.455	4029
2746.346	4016
2748.238	3973
2750.129	4094
2752.018	4045
2753.907	4023
2755.797	3963
2757.687	3988
2759.575	4015
2761.462	4065
2763.349	3967
2765.237	4081
2767.124	3963
2769.009	4000
2770.894	4067
2772.779	4088
2774.663	4016
2776.547	3973
2778.431	4071
2780.314	3999
2782.197	4091
2784.078	4076
2785.96	4046
2787.842	4058
2789.723	4047
2791.603	3953
2793.483	4089
2795.362	4054
2797.241	4049
2799.121	4104
2800.997	4130
2802.874	4042
2804.751	4040
2806.628	3988
2808.506	4180
2810.38	4066
2812.255	4064
2814.13	4067
2816.003	4104
2817.878	4047
2819.752	4199
2821.623	4026
2823.496	4005
2825.368	4197
2827.238	4170
2829.111	4116
2830.98	4099
2832.851	4116
2834.719	4047
2836.589	4099
2838.458	4131
2840.327	4076
2842.193	4093
2844.061	4110
2845.927	4173
2847.794	4165
2849.66	4175
2851.525	4212
2853.39	4164
2855.254	4244
2857.117	4172
2858.983	4275
2860.845	4259
2862.707	4184
2864.569	4310
2866.431	4280
2868.293	4256
2870.154	4365
2872.013	4452
2873.873	4419
2875.733	4473
2877.592	4534
2879.451	4595
2881.309	4574
2883.166	4570
2885.022	4558
2886.879	4728
2888.736	4706
2890.591	4693
2892.446	4678
2894.301	4607
2896.155	4684
2898.009	4771
2899.863	4695
2901.716	4689
2903.568	4655
2905.419	4562
2907.27	4704
2909.123	4559
2910.973	4695
2912.824	4782
2914.673	4785
2916.521	4807
2918.372	4840
2920.22	4818
2922.067	4845
2923.914	5001
2925.761	5027
2927.607	5104
2929.455	5087
2931.301	5227
2933.144	5274
2934.99	5133
2936.833	5294
2938.678	5316
2940.522	5404
2942.364	5383
2944.207	5435
2946.048	5445
2947.891	5521
2949.731	5469
2951.571	5395
2953.412	5494
2955.25	5446
2957.09	5478
2958.93	5388
2960.767	5339
2962.606	5297
2964.443	5297
2966.279	5124
2968.116	5077
2969.953	5126
2971.788	5172
2973.623	5016
2975.457	4931
2977.292	5024
2979.127	5015
2980.959	5018
2982.792	4893
2984.624	4872
2986.455	4941
2988.288	4854
2990.119	4813
2991.949	4881
2993.779	4785
2995.608	4893
2997.439	4764
2999.268	4772
3001.096	4650
3002.923	4730
3004.751	4628
3006.578	4597
3008.406	4605
3010.232	4524
3012.057	4516
3013.883	4463
3015.706	4482
3017.532	4489
3019.356	4430
3021.179	4437
3023.002	4411
3024.823	4392
3026.646	4430
3028.469	4411
3030.289	4410
3032.11	4406
3033.93	4291
3035.749	4420
3037.57	4281
3039.39	4381
3041.207	4317
3043.026	4297
3044.842	4355
3046.661	4434
3048.477	4364
3050.294	4382
3052.109	4414
3053.925	4326
3055.739	4389
3057.555	4445
3059.368	4471
3061.181	4335
3062.995	4501
3064.807	4396
3066.62	4444
3068.433	4378
3070.243	4376
3072.054	4437
3073.865	4398
3075.675	4335
3077.485	4294
3079.293	4392
3081.102	4338
3082.911	4391
3084.719	4384
3086.527	4303
3088.333	4302
3090.139	4377
3091.945	4185
3093.75	4357
3095.557	4425
3097.361	4461
3099.165	4427
3100.969	4398
3102.772	4381
3104.575	4349
3106.379	4331
3108.181	4391
3109.982	4304
3111.783	4375
3113.584	4365
3115.386	4392
3117.186	4429
3118.985	4388
3120.783	4350
3122.582	4239
3124.381	4337
3126.179	4418
3127.975	4406
3129.772	4310
3131.569	4417
3133.365	4266
3135.161	4342
3136.956	4320
3138.751	4392
3140.544	4370
3142.338	4330
3144.132	4303
3145.925	4411
3147.717	4346
3149.509	4394
3151.301	4509
3153.091	4441
3154.884	4426
3156.673	4405
3158.462	4451
3160.252	4394
3162.041	4339
3163.831	4360
3165.618	4530
3167.405	4461
3169.193	4576
3170.979	4397
3172.767	4505
3174.553	4386
3176.338	4382
3178.123	4572
3179.907	4435
3181.692	4397
3183.477	4445
3185.259	4339
3187.042	4474
3188.824	4470
3190.607	4414
3192.389	4496
3194.17	4464
3195.951	4460
3197.73	4353
3199.51	4399
3201.289	4463
3203.07	4552
3204.848	4569
3206.626	4558
3208.403	4408
3210.18	4503
3211.959	4454
3213.735	4539
3215.511	4497
3217.285	4527
3219.06	4590
3220.836	4547
3222.611	4535
3224.384	4433
3226.158	4550
3227.929	4547
3229.702	4613
3231.476	4501
3233.248	4503
3235.018	4668
3236.789	4513
3238.56	4612
3240.33	4591
3242.1	4570
3243.869	4551
3245.637	4594
3247.405	4545
3249.172	4472
3250.941	4634
3252.707	4615
3254.474	4633
3256.24	4628
3258.006	4618
3259.772	4699
3261.537	4623
3263.301	4681
3265.065	4641
3266.828	4642
3268.592	4679
3270.355	4717
3272.117	4706
3273.878	4633
3275.64	4705
3277.401	4660
3279.162	4725
3280.922	4736
3282.682	4647
3284.441	4766
3286.199	4777
3287.959	4727
3289.716	4718
3291.475	4775
3293.232	4737
3294.988	4766
3296.744	4774
3298.501	4779
3300.256	4716
3302.011	4787
3303.766	4800
3305.52	4816
3307.275	4740
3309.028	4753
3310.781	4813
3312.533	4807
3314.285	4837
3316.038	4716
3317.789	4858
3319.54	4759
3321.289	4775
3323.039	4769
3324.789	4742
3326.539	4789
3328.288	4893
3330.035	4776
3331.783	4775
3333.531	4802
3335.28	4843
3337.025	4842
3338.771	4932
3340.518	4874
3342.262	4697
3344.009	4824
3345.753	4823
3347.497	4799
3349.24	4886
3350.983	4710
3352.726	4979
3354.469	4826
3356.212	4838
3357.952	4906
3359.694	4840
3361.434	4870
3363.176	4867
3364.916	4807
3366.654	4863
3368.394	4832
3370.132	4896
3371.871	4743
3373.61	4849
3375.346	4855
3377.083	4833
3378.82	4910
3380.556	4844
3382.292	4826
3384.027	4902
3385.763	4912
3387.497	4814
3389.231	4867
3390.965	4857
3392.698	4887
3394.431	4918
3396.164	4861
3397.896	4941
3399.627	4938
3401.36	4888
3403.09	4935
3404.82	4844
3406.55	4934
3408.279	4859
3410.01	4857
3411.738	4980
3413.467	4943
3415.194	4934
3416.92	4916
3418.647	5031
3420.375	4868
3422.102	4794
3423.827	5015
3425.553	4900
3427.277	4937
3429.003	4925
3430.727	4876
3432.451	5038
3434.173	4951
3435.896	4954
3437.62	4908
3439.343	4876
3441.063	4963
3442.785	4870
3444.505	4815
3446.226	4921
3447.948	4879
3449.666	4942
3451.386	4840
3453.104	4985
3454.823	5006
3456.541	4882
3458.259	4922
3459.976	4889
3461.693	4937
3463.408	4920
3465.125	4880
3466.841	4891
3468.556	4911
3470.271	4916
3471.985	4954
3473.698	4829
3475.414	4991
3477.126	4860
3478.838	4941
3480.55	4884
3482.263	4893
3483.975	4825
3485.686	4844
3487.396	4886
3489.106	4943
3490.817	4899
3492.526	4925
3494.236	4895
3495.944	4896
3497.652	4846
3499.359	4922
3501.066	4812
3502.775	4825
3504.481	4844
3506.187	4936
3507.893	4899
3509.598	4893
3511.304	5031
3513.009	4903
3514.713	4830
3516.417	4838
3518.12	4951
3519.821	4825
3521.525	4860
3523.228	4881
3524.929	4919
3526.631	4882
3528.33	4854
3530.032	4862
3531.733	4914
3533.433	4905
3535.131	4935
3536.83	4893
3538.529	4922
3540.227	4874
3541.925	4891
3543.623	4925
3545.319	4880
3547.016	4933
3548.712	4835
3550.408	4939
3552.103	4775
3553.798	4911
3555.491	4847
3557.188	4843
3558.88	4982
3560.574	4892
3562.266	4862
3563.959	4935
3565.651	4825
3567.343	4978
3569.035	4873
3570.725	4960
3572.415	4846
3574.106	4895
3575.797	4944
3577.485	4879
3579.174	4872
3580.863	4900
3582.551	4890
3584.238	4931
3585.926	4997
3587.613	4933
3589.3	4913
3590.986	4936
3592.671	4817
3594.357	4899
3596.042	4851
3597.726	4894
3599.41	4823
3601.094	4975
3602.778	4936
3604.461	4748
3606.143	4974
3607.825	5007
3609.507	4946
3611.188	4859
3612.87	4815
3614.551	4840
3616.229	4825
3617.909	4855
3619.589	4811
3621.269	4896
3622.948	4887
3624.625	4948
3626.302	4914
3627.98	4832
3629.657	4857
3631.334	4962
3633.01	4963
3634.686	4936
3636.361	4737
3638.036	4909
3639.712	4854
3641.385	4950
3643.06	4828
3644.732	4793
3646.405	4795
3648.08	4933
3649.751	4952
3651.424	4769
3653.094	4923
3654.766	4780
3656.436	4839
3658.106	4914
3659.777	4870
3661.446	4845
3663.115	4856
3664.783	4898
3666.452	4985
3668.121	4897
3669.788	4839
3671.454	4859
3673.121	4914
3674.789	4877
3676.455	4886
3678.12	4802
3679.784	4886
3681.45	4817
3683.114	4913
3684.779	4894
3686.442	4903
3688.105	4822
3689.768	4932
3691.43	4927
3693.093	4909
3694.754	5002
3696.415	4846
3698.076	5055
3699.736	4935
3701.396	4972
3703.057	4977
3704.716	4839
3706.375	4912
3708.034	4888
3709.692	4924
3711.351	4827
3713.008	4886
3714.665	4923
3716.321	4917
3717.977	4893
3719.634	5027
3721.29	4868
3722.945	4911
3724.598	4982
3726.253	4938
3727.907	4895
3729.561	4930
3731.214	4797
3732.867	4912
3734.518	4917
3736.171	4893
3737.824	4908
3739.474	4971
3741.125	4908
3742.775	4859
3744.425	5021
3746.074	4881
3747.725	4999
3749.373	4897
3751.022	4957
3752.669	5008
3754.318	4982
3755.966	4895
3757.612	4971
3759.259	4901
3760.905	5027
3762.55	5013
3764.197	5003
3765.842	4973
3767.486	5048
3769.131	4908
3770.774	5005
3772.417	4862
3774.061	4973
3775.705	4955
3777.347	5029
3778.988	5017
3780.629	5002
3782.271	4988
3783.912	4967
3785.552	4958
3787.192	4914
3788.831	5114
3790.472	4981
3792.112	5016
3793.75	5016
3795.388	4922
3797.024	4996
3798.661	5079
3800.3	4967
3801.936	4987
3803.572	4960
3805.208	4906
3806.844	5000
3808.48	4846
3810.115	5008
3811.748	4966
3813.382	5016
3815.016	4961
3816.649	5003
3818.283	5074
3819.914	4981
3821.547	5014
3823.178	5012
3824.809	5045
3826.441	4965
3828.072	5007
3829.701	4996
3831.331	5060
3832.96	5106
3834.591	5053
3836.219	5038
3837.847	5012
3839.475	4911
3841.102	5112
3842.729	5008
3844.357	5110
3845.984	5038
3847.609	5025
3849.234	5019
3850.86	5183
3852.485	5070
3854.11	5017
3855.734	5010
3857.357	5102
3858.981	5142
3860.603	5027
3862.227	5068
3863.848	4986
3865.471	5149
3867.092	5021
3868.713	5059
3870.334	5083
3871.954	5103
3873.575	5057
3875.194	5139
3876.813	5091
3878.433	5058
3880.051	5081
3881.669	4952
3883.286	5084
3884.904	5109
3886.52	5086
3888.138	5011
3889.754	4949
3891.37	5055
3892.985	5126
3894.6	5060
3896.216	5024
3897.831	5051
3899.444	5105
3901.058	5075
3902.67	5061
3904.283	5131
3905.897	5119
3907.509	5059
3909.121	5092
3910.731	5060
3912.342	5131
3913.954	5130
3915.563	5057
3917.174	5093
3918.783	5223
3920.391	5085
3922.002	5130
3923.611	5154
3925.218	5147
3926.826	5284
3928.432	5069
3930.039	5135
3931.647	5095
3933.253	5139
3934.859	5124
3936.464	5129
3938.068	5186
3939.675	5079
3941.278	5210
3942.883	5243
3944.486	5108
3946.089	5238
3947.692	5130
3949.295	5214
3950.898	5094
3952.499	5114
3954.1	5132
3955.7	5182
3957.303	5193
3958.903	5143
3960.502	5130
3962.101	5125
3963.7	5099
3965.301	5092
3966.899	5072
3968.497	5047
3970.094	5199
3971.691	5184
3973.288	5185
3974.885	5158
3976.481	5094
3978.077	5119
3979.672	5048
3981.267	5148
3982.863	5167
3984.457	5092
3986.051	5063
3987.645	5133
3989.238	5059
3990.831	5110
3992.425	5114
3994.017	5110
3995.607	5215
3997.199	5106
3998.79	5131
4000.382	5087
4001.973	5160
4003.561	5170
4005.151	5148
4006.741	5124
4008.331	5145
4009.918	5148
4011.507	5104
4013.095	5077
4014.681	5059
4016.269	5211
4017.856	5058
4019.443	5210
4021.028	5122
4022.614	5190
4024.199	5142
4025.785	5171
4027.37	5133
4028.953	5101
4030.536	5093
4032.12	5088
4033.704	5170
4035.287	5218
4036.869	5086
4038.45	5219
4040.032	5150
4041.613	5111
4043.195	5070
4044.776	5155
4046.356	5202
4047.935	5139
4049.515	5239
4051.095	5071
4052.674	5174
4054.251	5171
4055.829	5090
4057.406	5195
4058.985	5101
4060.562	5160
4062.139	5080
4063.715	5120
4065.29	5138
4066.865	5168
4068.442	5152
4070.016	5192
4071.59	5169
4073.164	5092
4074.738	5034
4076.312	5231
4077.885	5148
4079.458	5121
4081.03	5239
4082.602	5145
4084.173	5114
4085.745	5159
4087.315	5125
4088.886	5143
4090.456	5209
4092.026	5170
4093.596	5166
4095.165	5178
4096.734	5095
4098.301	5147
4099.869	5152
4101.437	5189
4103.006	5199
4104.572	5172
4106.139	5168
4107.704	5205
4109.27	5129
4110.837	5216
4112.401	5143
4113.966	5185
4115.53	5159
4117.094	5098
4118.659	5202
4120.223	5172
4121.785	5151
4123.347	5197
4124.909	5137
4126.471	5215
4128.034	5222
4129.595	5151
4131.155	5098
4132.716	5042
4134.275	5153
4135.836	5232
4137.395	5185
4138.955	5057
4140.513	5221
4142.071	5085
4143.628	5170
4145.188	5128
4146.745	5159
4148.302	5169
4149.858	5158
4151.414	5121
4152.971	5095
4154.526	5138
4156.081	5150
4157.635	5169
4159.189	5241
4160.745	5080
4162.298	5083
4163.852	5134
4165.405	5210
4166.957	5112
4168.51	5090
4170.063	5090
4171.614	5123
4173.166	5189
4174.717	5077
4176.267	5169
4177.817	5157
4179.368	5085
4180.917	5124
4182.466	5127
4184.016	5153
4185.564	5211
4187.112	5204
4188.66	5146
4190.207	5121
4191.754	5025
4193.301	5133
4194.848	5115
4196.394	5047
4197.94	5082
4199.484	5100
4201.03	5058
4202.575	5064
4204.12	5146
4205.663	5136
4207.207	5149
4208.75	5187
4210.292	5170
4211.836	5198
4213.378	5141
4214.92	5202
4216.46	5181
4218.002	5175
4219.544	5149
4221.083	5058
4222.625	5165
4224.164	5218
4225.703	5142
4227.244	5146
4228.782	5170
4230.32	5170
4231.857	5160
4233.395	5096
4234.933	5137
4236.471	5152
4238.007	5141
4239.542	5126
4241.078	5257
4242.614	5169
4244.15	5193
4245.685	5192
4247.219	5210
4248.753	5240
4250.287	5161
4251.82	5293
4253.354	5133
4254.887	5195
4256.419	5202
4257.951	5163
4259.483	5224
4261.016	5146
4262.547	5193
4264.078	5200
4265.608	5157
4267.137	5244
4268.668	5199
4270.197	5067
4271.727	5258
4273.254	5283
4274.783	5102
4276.311	5279
4277.84	5168
4279.366	5208
4280.894	5050
4282.42	5167
4283.946	5211
4285.473	5139
4286.998	5180
4288.523	5217
4290.047	5189
4291.572	5239
4293.096	5239
4294.622	5148
4296.144	5161
4297.668	5136
4299.19	5129
4300.713	5167
4302.236	5155
4303.758	5269
4305.279	5132
4306.799	5165
4308.321	5126
4309.842	5244
4311.361	5224
4312.882	5159
4314.401	5220
