400.0961	2588
402.6185	2609
405.1424	2625
407.6635	2612
410.1838	2600
412.7035	2661
415.2225	2648
417.7388	2626
420.2585	2660
422.7754	2684
425.2917	2722
427.8072	2769
430.3221	2828
432.8363	2781
435.3498	2781
437.8626	2777
440.3727	2729
442.8841	2785
445.3969	2738
447.907	2757
450.4142	2753
452.9229	2763
455.4289	2745
457.9362	2759
460.4449	2750
462.9488	2731
465.454	2721
467.9566	2724
470.4604	2748
472.9637	2723
475.4662	2711
477.966	2677
480.4671	2673
482.9656	2676
485.4633	2689
487.9645	2666
490.4608	2732
492.9566	2692
495.4536	2691
497.948	2718
500.4437	2695
502.9387	2719
505.431	2737
507.9226	2712
510.4136	2754
512.9079	2685
515.3975	2677
517.8864	2827
520.3746	2790
522.8622	2738
525.3491	2805
527.8394	2721
530.3249	2793
532.8098	2800
535.2939	2796
537.7774	2865
540.2623	2785
542.7444	2783
545.2259	2784
547.7067	2784
550.1868	2821
552.6683	2875
555.147	2797
557.6231	2750
560.1005	2839
562.5773	2860
565.0534	2846
567.5308	2819
570.0056	2925
572.4776	2897
574.951	2849
577.4237	2941
579.8978	2881
582.3671	2962
584.8378	2930
587.3079	2951
589.7773	2935
592.244	3019
594.714	2963
597.1793	2866
599.6461	2974
602.1121	2887
604.5754	2902
607.0421	2887
609.5042	2988
611.9675	2917
614.4282	2906
616.8902	2955
619.3515	2886
621.8122	2864
624.2702	2803
626.7296	2825
629.1863	2863
631.6423	2909
634.1017	2820
636.5563	2874
639.0104	2862
641.4658	2901
643.9185	2830
646.3725	2837
648.8239	2841
651.2766	2866
653.7266	2848
656.176	2833
658.6247	2819
661.0748	2832
663.5242	2921
665.9709	2860
668.417	2884
670.8624	2960
673.3092	2899
675.7533	2878
678.1968	2870
680.6395	2909
683.0817	2884
685.5251	2960
687.9659	2880
690.4061	2907
692.8456	2899
695.2844	2919
697.7226	2966
700.1621	2969
702.599	3030
705.0332	2960
707.4688	2969
709.9036	2999
712.3399	2994
714.7735	2961
717.2044	2982
719.6367	3042
722.0683	2899
724.4993	2968
726.9296	3019
729.3593	3008
731.7883	3016
734.2147	3035
736.6423	3068
739.0714	3089
741.4958	3056
743.9216	3047
746.3447	3070
748.7691	3174
751.1929	3065
753.616	3133
756.0366	3051
758.4584	3136
760.8776	3066
763.2982	3179
765.718	3129
768.1373	3211
770.5539	3130
772.9698	3164
775.3871	3157
777.8038	3098
780.2178	3169
782.6332	3169
785.0459	3172
787.458	3125
789.8714	3128
792.2842	3119
794.6943	3127
797.1038	3135
799.5127	3064
801.9209	3180
804.3324	3055
806.7393	3164
809.1456	3154
811.5513	3129
813.9562	3224
816.3625	3177
818.7663	3168
821.1693	3138
823.5718	3228
825.9735	3211
828.3746	3221
830.7771	3174
833.177	3275
835.5762	3200
837.9747	3192
840.3727	3148
842.772	3192
845.1666	3304
847.5626	3272
849.958	3259
852.3527	3323
854.7488	3289
857.1403	3232
859.5331	3377
861.9253	3287
864.3168	3322
866.7057	3315
869.098	3277
871.4876	3387
873.8746	3279
876.263	3236
878.6487	3228
881.0378	3315
883.4243	3296
885.8081	3228
888.1933	3295
890.5759	3297
892.9598	3294
895.343	3271
897.7256	3257
900.1057	3275
902.4871	3288
904.8659	3307
907.246	3288
909.6254	3333
912.0023	3268
914.3786	3392
916.7562	3421
919.1331	3547
921.5074	3480
923.8831	3462
926.2562	3520
928.6287	3527
931.0005	3469
933.3757	3584
935.7462	3558
938.1162	3518
940.4855	3621
942.8542	3715
945.2242	3664
947.5916	3797
949.9584	3975
952.3266	4138
954.6921	4273
957.0571	4684
959.4233	4851
961.787	4896
964.15	4919
966.5125	4709
968.8742	4392
971.2354	4119
973.5959	3929
975.9559	3746
978.3151	3580
980.6738	3595
983.0338	3448
985.3912	3451
987.7461	3434
990.1022	3457
992.4578	3446
994.8127	3388
997.1689	3468
999.5207	3465
1001.874	3409
1004.226	3484
1006.576	3431
1008.929	3446
1011.28	3399
1013.628	3443
1015.977	3361
1018.324	3421
1020.674	3421
1023.019	3486
1025.366	3501
1027.713	3408
1030.056	3539
1032.399	3532
1034.746	3538
1037.087	3523
1039.431	3467
1041.771	3563
1044.113	3579
1046.454	3552
1048.793	3485
1051.133	3487
1053.471	3460
1055.807	3519
1058.146	3603
1060.483	3570
1062.818	3478
1065.153	3598
1067.489	3661
1069.822	3650
1072.156	3653
1074.488	3664
1076.82	3603
1079.15	3578
1081.48	3584
1083.814	3648
1086.143	3552
1088.471	3510
1090.799	3497
1093.126	3526
1095.452	3527
1097.78	3542
1100.105	3473
1102.43	3518
1104.754	3501
1107.077	3442
1109.4	3541
1111.722	3527
1114.044	3495
1116.365	3456
1118.685	3454
1121.005	3476
1123.324	3495
1125.643	3460
1127.961	3543
1130.278	3402
1132.595	3472
1134.911	3489
1137.226	3497
1139.541	3422
1141.854	3483
1144.167	3488
1146.482	3434
1148.793	3407
1151.105	3426
1153.414	3414
1155.725	3502
1158.033	3476
1160.344	3456
1162.651	3530
1164.959	3467
1167.265	3485
1169.572	3496
1171.878	3551
1174.184	3488
1176.488	3494
1178.79	3511
1181.094	3527
1183.396	3590
1185.699	3470
1188.001	3459
1190.301	3462
1192.6	3538
1194.9	3488
1197.2	3482
1199.497	3450
1201.794	3545
1204.09	3472
1206.387	3459
1208.684	3574
1210.978	3523
1213.272	3559
1215.565	3550
1217.858	3470
1220.15	3554
1222.443	3414
1224.734	3529
1227.024	3593
1229.313	3577
1231.602	3587
1233.892	3552
1236.18	3591
1238.467	3555
1240.754	3647
1243.04	3718
1245.325	3707
1247.612	3743
1249.896	3585
1252.178	3724
1254.461	3650
1256.743	3650
1259.027	3681
1261.308	3682
1263.587	3705
1265.867	3683
1268.146	3652
1270.425	3736
1272.703	3681
1274.981	3705
1277.256	3675
1279.532	3621
1281.808	3603
1284.083	3638
1286.358	3628
1288.63	3697
1290.904	3621
1293.175	3564
1295.449	3608
1297.719	3576
1299.99	3549
1302.259	3580
1304.529	3633
1306.798	3640
1309.065	3556
1311.333	3605
1313.599	3564
1315.866	3627
1318.131	3579
1320.396	3556
1322.66	3634
1324.925	3614
1327.187	3650
1329.448	3578
1331.711	3581
1333.974	3564
1336.234	3491
1338.493	3657
1340.752	3582
1343.01	3623
1345.269	3535
1347.526	3623
1349.784	3653
1352.04	3524
1354.295	3633
1356.552	3641
1358.806	3544
1361.059	3648
1363.312	3618
1365.564	3568
1367.818	3662
1370.069	3604
1372.318	3600
1374.568	3647
1376.817	3656
1379.066	3628
1381.316	3710
1383.564	3663
1385.809	3690
1388.056	3621
1390.301	3675
1392.549	3758
1394.793	3695
1397.036	3734
1399.279	3686
1401.522	3742
1403.763	3770
1406.007	3635
1408.248	3789
1410.487	3798
1412.727	3715
1414.965	3723
1417.205	3809
1419.442	3693
1421.68	3708
1423.915	3781
1426.152	3748
1428.388	3818
1430.623	3725
1432.857	3761
1435.091	3817
1437.323	3762
1439.556	3806
1441.789	3838
1444.019	3784
1446.25	3793
1448.48	3806
1450.708	3837
1452.938	3884
1455.167	3830
1457.394	3825
1459.62	3828
1461.846	3808
1464.073	3818
1466.299	3906
1468.523	3825
1470.746	3801
1472.969	3699
1475.191	3791
1477.415	3669
1479.636	3805
1481.858	3665
1484.078	3627
1486.298	3639
1488.518	3684
1490.736	3615
1492.954	3646
1495.169	3566
1497.386	3570
1499.602	3651
1501.819	3616
1504.034	3557
1506.248	3526
1508.462	3547
1510.675	3526
1512.888	3613
1515.1	3564
1517.311	3592
1519.522	3632
1521.732	3639
1523.942	3565
1526.151	3550
1528.36	3519
1530.566	3583
1532.773	3630
1534.98	3599
1537.187	3671
1539.392	3581
1541.596	3602
1543.801	3591
1546.005	3678
1548.208	3643
1550.411	3665
1552.612	3610
1554.814	3676
1557.013	3708
1559.212	3641
1561.414	3721
1563.612	3696
1565.811	3634
1568.007	3753
1570.203	3741
1572.403	3638
1574.598	3675
1576.792	3699
1578.988	3720
1581.181	3684
1583.376	3687
1585.568	3658
1587.761	3721
1589.952	3670
1592.143	3660
1594.333	3726
1596.524	3697
1598.715	3749
1600.903	3792
1603.091	3792
1605.278	3735
1607.466	3640
1609.652	3806
1611.838	3736
1614.023	3711
1616.207	3705
1618.391	3768
1620.576	3707
1622.759	3797
1624.941	3739
1627.123	3702
1629.304	3826
1631.484	3869
1633.664	3802
1635.844	3752
1638.022	3909
1640.201	3842
1642.38	3840
1644.556	3887
1646.732	3817
1648.908	3806
1651.084	3884
1653.257	3812
1655.433	3870
1657.607	3798
1659.779	3887
1661.951	3945
1664.122	3939
1666.295	3880
1668.467	3953
1670.635	3895
1672.805	3913
1674.973	3900
1677.142	3904
1679.31	3943
1681.478	3843
1683.644	3862
1685.81	3829
1687.975	3875
1690.142	3875
1692.305	3742
1694.468	3845
1696.632	3783
1698.794	3808
1700.957	3740
1703.119	3748
1705.279	3787
1707.439	3748
1709.598	3711
1711.758	3707
1713.917	3752
1716.075	3691
1718.231	3724
1720.388	3754
1722.543	3776
1724.702	3718
1726.856	3814
1729.01	3690
1731.164	3641
1733.317	3730
1735.471	3662
1737.623	3735
1739.774	3802
1741.925	3752
1744.075	3636
1746.225	3695
1748.376	3765
1750.524	3771
1752.672	3704
1754.82	3684
1756.965	3787
1759.113	3742
1761.259	3786
1763.405	3707
1765.549	3774
1767.694	3694
1769.836	3756
1771.981	3749
1774.123	3768
1776.264	3725
1778.405	3743
1780.546	3698
1782.687	3810
1784.827	3726
1786.966	3694
1789.103	3747
1791.242	3779
1793.381	3761
1795.517	3779
1797.653	3829
1799.788	3749
1801.923	3869
1804.057	3782
1806.193	3835
1808.326	3780
1810.457	3775
1812.59	3811
1814.721	3776
1816.855	3779
1818.984	3764
1821.113	3721
1823.244	3763
1825.372	3779
1827.499	3761
1829.63	3793
1831.756	3702
1833.882	3809
1836.007	3797
1838.132	3698
1840.26	3724
1842.384	3765
1844.507	3754
1846.63	3726
1848.752	3766
1850.875	3675
1852.996	3683
1855.118	3671
1857.238	3750
1859.358	3732
1861.477	3706
1863.597	3742
1865.715	3755
1867.832	3727
1869.948	3737
1872.064	3707
1874.181	3823
1876.297	3706
1878.411	3750
1880.526	3731
1882.639	3782
1884.752	3826
1886.865	3709
1888.977	3730
1891.089	3719
1893.2	3741
1895.308	3724
1897.42	3790
1899.53	3744
1901.639	3726
1903.745	3818
1905.853	3704
1907.962	3678
1910.067	3769
1912.174	3775
1914.278	3756
1916.383	3732
1918.486	3819
1920.592	3716
1922.694	3796
1924.797	3774
1926.898	3842
1929	3855
1931.102	3837
1933.203	3798
1935.301	3859
1937.401	3794
1939.499	3813
1941.598	3837
1943.697	3801
1945.793	3881
1947.888	3864
1949.985	3852
1952.08	3878
1954.176	3815
1956.269	3820
1958.364	3728
1960.457	3867
1962.549	3833
1964.642	3816
1966.733	3832
1968.823	3768
1970.913	3803
1973.005	3776
1975.093	3784
1977.184	3703
1979.271	3869
1981.359	3779
1983.446	3819
1985.532	3761
1987.619	3769
1989.705	3771
1991.789	3793
1993.874	3752
1995.956	3839
1998.041	3841
2000.123	3708
2002.206	3752
2004.287	3743
2006.368	3735
2008.449	3701
2010.529	3805
2012.609	3755
2014.688	3828
2016.766	3688
2018.843	3723
2020.922	3708
2022.999	3745
2025.074	3757
2027.15	3777
2029.225	3819
2031.299	3756
2033.375	3807
2035.447	3797
2037.52	3766
2039.592	3799
2041.664	3747
2043.736	3808
2045.807	3745
2047.876	3769
2049.947	3699
2052.015	3747
2054.086	3782
2056.153	3804
2058.221	3747
2060.288	3806
2062.353	3832
2064.42	3738
2066.486	3787
2068.55	3856
2070.614	3762
2072.678	3737
2074.741	3792
2076.805	3831
2078.866	3800
2080.929	3779
2082.99	3837
2085.049	3747
2087.109	3854
2089.17	3781
2091.228	3760
2093.286	3801
2095.344	3754
2097.4	3755
2099.46	3734
2101.516	3855
2103.572	3781
2105.626	3838
2107.679	3731
2109.735	3792
2111.788	3811
2113.841	3802
2115.894	3743
2117.945	3780
2119.997	3698
2122.049	3779
2124.1	3808
2126.148	3759
2128.197	3789
2130.246	3670
2132.296	3811
2134.342	3725
2136.39	3766
2138.437	3694
2140.483	3768
2142.527	3733
2144.574	3880
2146.619	3801
2148.661	3786
2150.705	3851
2152.747	3838
2154.792	3729
2156.832	3732
2158.874	3718
2160.915	3800
2162.954	3702
2164.995	3787
2167.034	3815
2169.072	3747
2171.111	3753
2173.148	3722
2175.186	3745
2177.223	3781
2179.258	3726
2181.294	3785
2183.328	3685
2185.362	3745
2187.398	3640
2189.431	3704
2191.463	3704
2193.495	3740
2195.528	3730
2197.56	3679
2199.59	3692
2201.62	3710
2203.649	3681
2205.678	3632
2207.708	3751
2209.737	3659
2211.764	3719
2213.791	3669
2215.817	3696
2217.843	3705
2219.87	3723
2221.895	3695
2223.919	3758
2225.942	3666
2227.966	3699
2229.988	3708
2232.012	3783
2234.032	3757
2236.054	3692
2238.074	3630
2240.095	3703
2242.116	3697
2244.135	3650
2246.153	3639
2248.171	3723
2250.188	3663
2252.208	3719
2254.223	3696
2256.239	3649
2258.255	3690
2260.269	3647
2262.283	3784
2264.3	3788
2266.312	3670
2268.325	3683
2270.336	3626
2272.349	3667
2274.362	3756
2276.372	3609
2278.383	3746
2280.392	3740
2282.402	3675
2284.409	3632
2286.418	3725
2288.427	3668
2290.433	3724
2292.441	3744
2294.446	3736
2296.453	3704
2298.459	3783
2300.463	3759
2302.466	3712
2304.471	3687
2306.475	3730
2308.477	3663
2310.478	3655
2312.481	3661
2314.481	3681
2316.481	3652
2318.482	3680
2320.482	3622
2322.48	3639
2324.48	3593
2326.478	3700
2328.476	3695
2330.473	3691
2332.469	3627
2334.465	3642
2336.46	3681
2338.454	3675
2340.45	3624
2342.444	3647
2344.437	3697
2346.43	3629
2348.421	3552
2350.414	3630
2352.405	3665
2354.396	3617
2356.386	3707
2358.376	3587
2360.366	3629
2362.355	3625
2364.343	3607
2366.331	3549
2368.317	3578
2370.304	3608
2372.292	3676
2374.278	3620
2376.262	3603
2378.247	3671
2380.23	3609
2382.216	3640
2384.199	3575
2386.181	3536
2388.163	3673
2390.144	3599
2392.127	3592
2394.107	3610
2396.087	3608
2398.066	3629
2400.046	3636
2402.023	3579
2404.004	3612
2405.981	3630
2407.957	3670
2409.934	3581
2411.91	3624
2413.886	3534
2415.862	3540
2417.836	3563
2419.809	3624
2421.784	3606
2423.756	3513
2425.73	3526
2427.701	3559
2429.672	3557
2431.644	3626
2433.615	3621
2435.586	3623
2437.555	3614
2439.523	3627
2441.491	3457
2443.459	3601
2445.428	3597
2447.395	3599
2449.361	3699
2451.327	3591
2453.292	3623
2455.257	3605
2457.223	3620
2459.187	3612
2461.15	3563
2463.113	3531
2465.076	3595
2467.039	3576
2468.999	3617
2470.96	3533
2472.921	3609
2474.881	3603
2476.841	3651
2478.8	3554
2480.759	3539
2482.717	3548
2484.675	3505
2486.63	3517
2488.589	3686
2490.545	3531
2492.5	3600
2494.455	3573
2496.408	3546
2498.364	3500
2500.318	3547
2502.27	3667
2504.223	3508
2506.174	3577
2508.126	3565
2510.078	3564
2512.03	3606
2513.979	3601
2515.927	3457
2517.877	3530
2519.826	3478
2521.775	3534
2523.722	3527
2525.668	3479
2527.616	3457
2529.561	3574
2531.508	3521
2533.452	3536
2535.398	3503
2537.342	3530
2539.284	3544
2541.229	3491
2543.173	3599
2545.114	3483
2547.055	3504
2548.996	3544
2550.938	3495
2552.878	3549
2554.817	3502
2556.756	3561
2558.695	3524
2560.633	3471
2562.572	3526
2564.509	3511
2566.445	3524
2568.382	3597
2570.317	3552
2572.254	3626
2574.189	3591
2576.123	3621
2578.057	3540
2579.99	3516
2581.923	3579
2583.855	3546
2585.788	3545
2587.719	3533
2589.65	3557
2591.579	3616
2593.511	3544
2595.44	3535
2597.37	3506
2599.297	3541
2601.225	3504
2603.153	3600
2605.08	3512
2607.007	3546
2608.932	3522
2610.858	3590
2612.782	3466
2614.709	3601
2616.632	3564
2618.556	3484
2620.478	3538
2622.401	3616
2624.324	3567
2626.247	3575
2628.167	3575
2630.088	3570
2632.008	3521
2633.928	3583
2635.848	3570
2637.766	3641
2639.684	3557
2641.603	3616
2643.519	3545
2645.437	3561
2647.353	3542
2649.27	3483
2651.184	3497
2653.099	3477
2655.014	3550
2656.928	3587
2658.842	3585
2660.755	3552
2662.667	3523
2664.579	3551
2666.491	3557
2668.402	3551
2670.312	3590
2672.222	3525
2674.132	3562
2676.042	3538
2677.951	3531
2679.859	3528
2681.766	3577
2683.674	3535
2685.582	3494
2687.488	3556
2689.392	3507
2691.298	3579
2693.202	3471
2695.107	3487
2697.012	3500
2698.914	3496
2700.817	3468
2702.72	3412
2704.622	3468
2706.524	3574
2708.425	3516
2710.326	3510
2712.225	3548
2714.125	3553
2716.024	3533
2717.923	3545
2719.822	3509
2721.719	3447
2723.616	3550
2725.512	3498
2727.41	3485
2729.305	3439
2731.201	3444
2733.095	3517
2734.99	3565
2736.884	3504
2738.778	3551
2740.67	3486
2742.562	3517
2744.455	3537
2746.346	3569
2748.238	3450
2750.129	3545
2752.018	3531
2753.907	3497
2755.797	3472
2757.687	3492
2759.575	3488
2761.462	3559
2763.349	3458
2765.237	3486
2767.124	3516
2769.009	3471
2770.894	3476
2772.779	3479
2774.663	3502
2776.547	3480
2778.431	3459
2780.314	3517
2782.197	3460
2784.078	3467
2785.96	3480
2787.842	3448
2789.723	3440
2791.603	3410
2793.483	3458
2795.362	3554
2797.241	3492
2799.121	3451
2800.997	3484
2802.874	3434
2804.751	3505
2806.628	3515
2808.506	3465
2810.38	3434
2812.255	3446
2814.13	3412
2816.003	3531
2817.878	3438
2819.752	3505
2821.623	3489
2823.496	3542
2825.368	3479
2827.238	3444
2829.111	3527
2830.98	3468
2832.851	3487
2834.719	3599
2836.589	3490
2838.458	3604
2840.327	3445
2842.193	3480
2844.061	3497
2845.927	3546
2847.794	3527
2849.66	3519
2851.525	3551
2853.39	3547
2855.254	3549
2857.117	3589
2858.983	3596
2860.845	3684
2862.707	3582
2864.569	3707
2866.431	3556
2868.293	3685
2870.154	3689
2872.013	3782
2873.873	3802
2875.733	3788
2877.592	3859
2879.451	3912
2881.309	3894
2883.166	3970
2885.022	3787
2886.879	4081
2888.736	3954
2890.591	4052
2892.446	3968
2894.301	3973
2896.155	3931
2898.009	4015
2899.863	3995
2901.716	4006
2903.568	3956
2905.419	3992
2907.27	3958
2909.123	3907
2910.973	3999
2912.824	4041
2914.673	4099
2916.521	4089
2918.372	4142
2920.22	4200
2922.067	4244
2923.914	4279
2925.761	4272
2927.607	4366
2929.455	4394
2931.301	4408
2933.144	4398
2934.99	4483
2936.833	4512
2938.678	4708
2940.522	4575
2942.364	4674
2944.207	4765
2946.048	4696
2947.891	4749
2949.731	4813
2951.571	4749
2953.412	4753
2955.25	4664
2957.09	4687
2958.93	4542
2960.767	4580
2962.606	4450
2964.443	4424
2966.279	4419
2968.116	4356
2969.953	4301
2971.788	4311
2973.623	4228
2975.457	4239
2977.292	4152
2979.127	4140
2980.959	4218
2982.792	4086
2984.624	4140
2986.455	4075
2988.288	4055
2990.119	3950
2991.949	3990
2993.779	3936
2995.608	3906
2997.439	3884
2999.268	3811
3001.096	3830
3002.923	3808
3004.751	3818
3006.578	3695
3008.406	3655
3010.232	3632
3012.057	3583
3013.883	3700
3015.706	3556
3017.532	3617
3019.356	3528
3021.179	3502
3023.002	3448
3024.823	3481
3026.646	3428
3028.469	3493
3030.289	3464
3032.11	3376
3033.93	3418
3035.749	3434
3037.57	3441
3039.39	3306
3041.207	3454
3043.026	3325
3044.842	3363
3046.661	3401
3048.477	3498
3050.294	3428
3052.109	3348
3053.925	3347
3055.739	3405
3057.555	3463
3059.368	3414
3061.181	3409
3062.995	3397
3064.807	3400
3066.62	3394
3068.433	3386
3070.243	3358
3072.054	3354
3073.865	3300
3075.675	3381
3077.485	3386
3079.293	3257
3081.102	3385
3082.911	3342
3084.719	3297
3086.527	3307
3088.333	3330
3090.139	3335
3091.945	3270
3093.75	3309
3095.557	3242
3097.361	3311
3099.165	3315
3100.969	3304
3102.772	3216
3104.575	3263
3106.379	3266
3108.181	3288
3109.982	3308
3111.783	3226
3113.584	3257
3115.386	3280
3117.186	3160
3118.985	3258
3120.783	3276
3122.582	3266
3124.381	3215
3126.179	3287
3127.975	3249
3129.772	3140
3131.569	3235
3133.365	3198
3135.161	3241
3136.956	3188
3138.751	3227
3140.544	3227
3142.338	3158
3144.132	3232
3145.925	3215
3147.717	3150
3149.509	3258
3151.301	3189
3153.091	3180
3154.884	3215
3156.673	3289
3158.462	3184
3160.252	3278
3162.041	3234
3163.831	3200
3165.618	3210
3167.405	3181
3169.193	3234
3170.979	3202
3172.767	3146
3174.553	3231
3176.338	3143
3178.123	3202
3179.907	3199
3181.692	3145
3183.477	3256
3185.259	3179
3187.042	3186
3188.824	3195
3190.607	3128
3192.389	3141
3194.17	3131
3195.951	3162
3197.73	3145
3199.51	3130
3201.289	3158
3203.07	3164
3204.848	3223
3206.626	3187
3208.403	3191
3210.18	3142
3211.959	3166
3213.735	3192
3215.511	3176
3217.285	3211
3219.06	3205
3220.836	3201
3222.611	3143
3224.384	3173
3226.158	3168
3227.929	3205
3229.702	3172
3231.476	3153
3233.248	3200
3235.018	3243
3236.789	3204
3238.56	3191
3240.33	3149
3242.1	3263
3243.869	3237
3245.637	3164
3247.405	3262
3249.172	3201
3250.941	3212
3252.707	3179
3254.474	3256
3256.24	3143
3258.006	3112
3259.772	3060
3261.537	3197
3263.301	3165
3265.065	3178
3266.828	3192
3268.592	3206
3270.355	3199
3272.117	3228
3273.878	3170
3275.64	3255
3277.401	3242
3279.162	3194
3280.922	3224
3282.682	3137
3284.441	3208
3286.199	3247
3287.959	3184
3289.716	3214
3291.475	3259
3293.232	3214
3294.988	3181
3296.744	3244
3298.501	3174
3300.256	3171
3302.011	3215
3303.766	3197
3305.52	3301
3307.275	3275
3309.028	3275
3310.781	3257
3312.533	3155
3314.285	3253
3316.038	3194
3317.789	3209
3319.54	3191
3321.289	3169
3323.039	3231
3324.789	3159
3326.539	3265
3328.288	3150
3330.035	3233
3331.783	3160
3333.531	3174
3335.28	3224
3337.025	3178
3338.771	3179
3340.518	3220
3342.262	3196
3344.009	3200
3345.753	3172
3347.497	3236
3349.24	3165
3350.983	3170
3352.726	3135
3354.469	3151
3356.212	3159
3357.952	3107
3359.694	3168
3361.434	3102
3363.176	3176
3364.916	3172
3366.654	3172
3368.394	3050
3370.132	3168
3371.871	3131
3373.61	3174
3375.346	3161
3377.083	3138
3378.82	3063
3380.556	3197
3382.292	3061
3384.027	3148
3385.763	3103
3387.497	3161
3389.231	3075
3390.965	3053
3392.698	3113
3394.431	3117
3396.164	3130
3397.896	3110
3399.627	3074
3401.36	3102
3403.09	3099
3404.82	3070
3406.55	3039
3408.279	3043
3410.01	3007
3411.738	3084
3413.467	3051
3415.194	3085
3416.92	3050
3418.647	3124
3420.375	2957
3422.102	3091
3423.827	3082
3425.553	3013
3427.277	3079
3429.003	3056
3430.727	3118
3432.451	3097
3434.173	3072
3435.896	3059
3437.62	2969
3439.343	3035
3441.063	3004
3442.785	2970
3444.505	3077
3446.226	3038
3447.948	3097
3449.666	3001
3451.386	2997
3453.104	3052
3454.823	2893
3456.541	3008
3458.259	3002
3459.976	3011
3461.693	2957
3463.408	3056
3465.125	2981
3466.841	2961
3468.556	2973
3470.271	2958
3471.985	2954
3473.698	2992
3475.414	2951
3477.126	2915
3478.838	2983
3480.55	2947
3482.263	2888
3483.975	2865
3485.686	2903
3487.396	2917
3489.106	2877
3490.817	2826
3492.526	2831
3494.236	2909
3495.944	2846
3497.652	2859
3499.359	2870
3501.066	2903
3502.775	2853
3504.481	2834
3506.187	2840
3507.893	2858
3509.598	2814
3511.304	2910
3513.009	2888
3514.713	2807
3516.417	2820
3518.12	2875
3519.821	2908
3521.525	2843
3523.228	2791
3524.929	2836
3526.631	2849
3528.33	2770
3530.032	2845
3531.733	2753
3533.433	2800
3535.131	2836
3536.83	2756
3538.529	2807
3540.227	2810
3541.925	2797
3543.623	2812
3545.319	2799
3547.016	2795
3548.712	2795
3550.408	2788
3552.103	2711
3553.798	2845
3555.491	2738
3557.188	2748
3558.88	2729
3560.574	2705
3562.266	2725
3563.959	2761
3565.651	2658
3567.343	2781
3569.035	2755
3570.725	2753
3572.415	2718
3574.106	2708
3575.797	2720
3577.485	2725
3579.174	2631
3580.863	2775
3582.551	2760
3584.238	2712
3585.926	2724
3587.613	2720
3589.3	2683
3590.986	2670
3592.671	2634
3594.357	2672
3596.042	2683
3597.726	2653
3599.41	2639
3601.094	2622
3602.778	2652
3604.461	2583
3606.143	2664
3607.825	2756
3609.507	2618
3611.188	2616
3612.87	2637
3614.551	2612
3616.229	2590
3617.909	2597
3619.589	2618
3621.269	2602
3622.948	2601
3624.625	2562
3626.302	2582
3627.98	2544
3629.657	2607
3631.334	2568
3633.01	2543
3634.686	2571
3636.361	2569
3638.036	2596
3639.712	2597
3641.385	2565
3643.06	2549
3644.732	2505
3646.405	2601
3648.08	2509
3649.751	2580
3651.424	2541
3653.094	2553
3654.766	2537
3656.436	2545
3658.106	2454
3659.777	2541
3661.446	2480
3663.115	2548
3664.783	2483
3666.452	2480
3668.121	2455
3669.788	2498
3671.454	2524
3673.121	2468
3674.789	2462
3676.455	2521
3678.12	2507
3679.784	2426
3681.45	2410
3683.114	2459
3684.779	2415
3686.442	2480
3688.105	2467
3689.768	2434
3691.43	2447
3693.093	2451
3694.754	2457
3696.415	2474
3698.076	2429
3699.736	2447
3701.396	2510
3703.057	2363
3704.716	2430
3706.375	2455
3708.034	2471
3709.692	2450
3711.351	2424
3713.008	2461
3714.665	2464
3716.321	2443
3717.977	2423
3719.634	2415
3721.29	2478
3722.945	2438
3724.598	2453
3726.253	2386
3727.907	2397
3729.561	2451
3731.214	2419
3732.867	2447
3734.518	2380
3736.171	2490
3737.824	2391
3739.474	2387
3741.125	2408
3742.775	2417
3744.425	2409
3746.074	2408
3747.725	2338
3749.373	2450
3751.022	2357
3752.669	2396
3754.318	2415
3755.966	2397
3757.612	2368
3759.259	2412
3760.905	2366
3762.55	2339
3764.197	2416
3765.842	2416
3767.486	2403
3769.131	2444
3770.774	2412
3772.417	2386
3774.061	2378
3775.705	2370
3777.347	2371
3778.988	2325
3780.629	2334
3782.271	2318
3783.912	2411
3785.552	2287
3787.192	2319
3788.831	2386
3790.472	2349
3792.112	2389
3793.75	2415
3795.388	2344
3797.024	2344
3798.661	2364
3800.3	2374
3801.936	2323
3803.572	2303
3805.208	2275
3806.844	2292
3808.48	2378
3810.115	2359
3811.748	2301
3813.382	2362
3815.016	2356
3816.649	2290
3818.283	2354
3819.914	2391
3821.547	2331
3823.178	2256
3824.809	2372
3826.441	2334
3828.072	2256
3829.701	2292
3831.331	2274
3832.96	2354
3834.591	2286
3836.219	2294
3837.847	2194
3839.475	2351
3841.102	2252
3842.729	2296
3844.357	2332
3845.984	2386
3847.609	2327
3849.234	2292
3850.86	2261
3852.485	2289
3854.11	2238
3855.734	2303
3857.357	2315
3858.981	2315
3860.603	2232
3862.227	2247
3863.848	2244
3865.471	2218
3867.092	2247
3868.713	2271
3870.334	2249
3871.954	2264
3873.575	2214
3875.194	2199
3876.813	2272
3878.433	2232
3880.051	2237
3881.669	2236
3883.286	2260
3884.904	2260
3886.52	2224
3888.138	2208
3889.754	2194
3891.37	2256
3892.985	2282
3894.6	2241
3896.216	2192
3897.831	2224
3899.444	2233
3901.058	2283
3902.67	2202
3904.283	2220
3905.897	2214
3907.509	2250
3909.121	2207
3910.731	2186
3912.342	2182
3913.954	2241
3915.563	2231
3917.174	2215
3918.783	2180
3920.391	2256
3922.002	2232
3923.611	2191
3925.218	2235
3926.826	2251
3928.432	2195
3930.039	2182
3931.647	2219
3933.253	2243
3934.859	2227
3936.464	2144
3938.068	2193
3939.675	2184
3941.278	2175
3942.883	2246
3944.486	2209
3946.089	2184
3947.692	2166
3949.295	2268
3950.898	2162
3952.499	2180
3954.1	2134
3955.7	2179
3957.303	2212
3958.903	2176
3960.502	2118
3962.101	2197
3963.7	2135
3965.301	2196
3966.899	2133
3968.497	2161
3970.094	2176
3971.691	2156
3973.288	2091
3974.885	2122
3976.481	2150
3978.077	2140
3979.672	2156
3981.267	2128
3982.863	2158
3984.457	2174
3986.051	2139
3987.645	2111
3989.238	2147
3990.831	2140
3992.425	2071
3994.017	2115
3995.607	2072
3997.199	2153
3998.79	2142
4000.382	2106
4001.973	2110
4003.561	2084
4005.151	2063
4006.741	2095
4008.331	2067
4009.918	2092
4011.507	2115
4013.095	2131
4014.681	2096
4016.269	2097
4017.856	2093
4019.443	2108
4021.028	2074
4022.614	2069
4024.199	2038
4025.785	2105
4027.37	2018
4028.953	2100
4030.536	2091
4032.12	2042
4033.704	2078
4035.287	2119
4036.869	2052
4038.45	2090
4040.032	2079
4041.613	2037
4043.195	2039
4044.776	2057
4046.356	2013
4047.935	2065
4049.515	2029
4051.095	2093
4052.674	2031
4054.251	2054
4055.829	2025
4057.406	2073
4058.985	2024
4060.562	2039
4062.139	2089
4063.715	2011
4065.29	1990
4066.865	1993
4068.442	2019
4070.016	2010
4071.59	1975
4073.164	2013
4074.738	2055
4076.312	2065
4077.885	2016
4079.458	2005
4081.03	1967
4082.602	2004
4084.173	2017
4085.745	2017
4087.315	2011
4088.886	1990
4090.456	2028
4092.026	1992
4093.596	1944
4095.165	2013
4096.734	1975
4098.301	1998
4099.869	1908
4101.437	2000
4103.006	2027
4104.572	1943
4106.139	1995
4107.704	1963
4109.27	1986
4110.837	2022
4112.401	1992
4113.966	1939
4115.53	2001
4117.094	1979
4118.659	2045
4120.223	2003
4121.785	1957
4123.347	1939
4124.909	1934
4126.471	1967
4128.034	2003
4129.595	1979
4131.155	1995
4132.716	1950
4134.275	1929
4135.836	1892
4137.395	1930
4138.955	1880
4140.513	1961
4142.071	1894
4143.628	1967
4145.188	1900
4146.745	1922
4148.302	1919
4149.858	1958
4151.414	1923
4152.971	1948
4154.526	1873
4156.081	1938
4157.635	1941
4159.189	1918
4160.745	1908
4162.298	1948
4163.852	1869
4165.405	1930
4166.957	1927
4168.51	1896
4170.063	1926
4171.614	1871
4173.166	1888
4174.717	1864
4176.267	1873
4177.817	1897
4179.368	1893
4180.917	1871
4182.466	1871
4184.016	1832
4185.564	1865
4187.112	1821
4188.66	1870
4190.207	1915
4191.754	1880
4193.301	1899
4194.848	1885
4196.394	1850
4197.94	1845
4199.484	1833
4201.03	1828
4202.575	1848
4204.12	1910
4205.663	1875
4207.207	1886
4208.75	1904
4210.292	1848
4211.836	1862
4213.378	1822
4214.92	1844
4216.46	1810
4218.002	1885
4219.544	1879
4221.083	1882
4222.625	1895
4224.164	1836
4225.703	1827
4227.244	1816
4228.782	1873
4230.32	1892
4231.857	1851
4233.395	1802
4234.933	1883
4236.471	1831
4238.007	1835
4239.542	1774
4241.078	1834
4242.614	1804
4244.15	1832
4245.685	1799
4247.219	1813
4248.753	1865
4250.287	1836
4251.82	1821
4253.354	1816
4254.887	1809
4256.419	1804
4257.951	1827
4259.483	1795
4261.016	1784
4262.547	1835
4264.078	1807
4265.608	1800
4267.137	1838
4268.668	1850
4270.197	1802
4271.727	1821
4273.254	1867
4274.783	1777
4276.311	1791
4277.84	1814
4279.366	1774
4280.894	1799
4282.42	1811
4283.946	1744
4285.473	1783
4286.998	1795
4288.523	1831
4290.047	1779
4291.572	1783
4293.096	1784
4294.622	1770
4296.144	1756
4297.668	1792
4299.19	1796
4300.713	1800
4302.236	1805
4303.758	1741
4305.279	1836
4306.799	1790
4308.321	1822
4309.842	1789
4311.361	1796
4312.882	1760
4314.401	1776
