400.0961	2716
402.6185	2774
405.1424	2826
407.6635	2817
410.1838	2715
412.7035	2777
415.2225	2772
417.7388	2865
420.2585	2826
422.7754	2930
425.2917	3014
427.8072	2871
430.3221	2934
432.8363	2978
435.3498	2991
437.8626	2966
440.3727	3013
442.8841	2899
445.3969	2876
447.907	2903
450.4142	2884
452.9229	2986
455.4289	2945
457.9362	2884
460.4449	2895
462.9488	2817
465.454	2886
467.9566	2901
470.4604	2958
472.9637	2836
475.4662	2847
477.966	2887
480.4671	2852
482.9656	2863
485.4633	2897
487.9645	2797
490.4608	2898
492.9566	2896
495.4536	2917
497.948	2890
500.4437	2884
502.9387	2893
505.431	2902
507.9226	2868
510.4136	2998
512.9079	2922
515.3975	2886
517.8864	2918
520.3746	2910
522.8622	2934
525.3491	2936
527.8394	2959
530.3249	2919
532.8098	2964
535.2939	3001
537.7774	2969
540.2623	2955
542.7444	2976
545.2259	2910
547.7067	2934
550.1868	2951
552.6683	2970
555.147	3023
557.6231	3018
560.1005	3028
562.5773	2983
565.0534	3016
567.5308	3099
570.0056	3004
572.4776	3112
574.951	3087
577.4237	3129
579.8978	3042
582.3671	3178
584.8378	3147
587.3079	3135
589.7773	3199
592.244	3053
594.714	3125
597.1793	3177
599.6461	3137
602.1121	3062
604.5754	3096
607.0421	3025
609.5042	3074
611.9675	3045
614.4282	3072
616.8902	3099
619.3515	3130
621.8122	3124
624.2702	3131
626.7296	3043
629.1863	3036
631.6423	2963
634.1017	3016
636.5563	2993
639.0104	3035
641.4658	3103
643.9185	3007
646.3725	3055
648.8239	3027
651.2766	3031
653.7266	3028
656.176	3019
658.6247	3068
661.0748	3084
663.5242	3112
665.9709	3098
668.417	3025
670.8624	3073
673.3092	3099
675.7533	3042
678.1968	3146
680.6395	3120
683.0817	3055
685.5251	3132
687.9659	3122
690.4061	3204
692.8456	3189
695.2844	3191
697.7226	3064
700.1621	3167
702.599	3066
705.0332	3232
707.4688	3162
709.9036	3201
712.3399	3204
714.7735	3146
717.2044	3192
719.6367	3177
722.0683	3166
724.4993	3237
726.9296	3145
729.3593	3179
731.7883	3302
734.2147	3232
736.6423	3169
739.0714	3224
741.4958	3260
743.9216	3299
746.3447	3277
748.7691	3260
751.1929	3329
753.616	3277
756.0366	3297
758.4584	3349
760.8776	3329
763.2982	3346
765.718	3325
768.1373	3332
770.5539	3354
772.9698	3358
775.3871	3363
777.8038	3355
780.2178	3389
782.6332	3340
785.0459	3349
787.458	3286
789.8714	3431
792.2842	3332
794.6943	3319
797.1038	3312
799.5127	3369
801.9209	3413
804.3324	3264
806.7393	3310
809.1456	3324
811.5513	3418
813.9562	3370
816.3625	3386
818.7663	3372
821.1693	3454
823.5718	3491
825.9735	3412
828.3746	3405
830.7771	3314
833.177	3435
835.5762	3460
837.9747	3443
840.3727	3436
842.772	3445
845.1666	3455
847.5626	3430
849.958	3518
852.3527	3572
854.7488	3529
857.1403	3465
859.5331	3567
861.9253	3522
864.3168	3560
866.7057	3502
869.098	3524
871.4876	3592
873.8746	3491
876.263	3470
878.6487	3424
881.0378	3426
883.4243	3410
885.8081	3415
888.1933	3484
890.5759	3488
892.9598	3476
895.343	3423
897.7256	3481
900.1057	3505
902.4871	3504
904.8659	3554
907.246	3452
909.6254	3538
912.0023	3595
914.3786	3683
916.7562	3660
919.1331	3695
921.5074	3757
923.8831	3774
926.2562	3702
928.6287	3759
931.0005	3755
933.3757	3755
935.7462	3706
938.1162	3759
940.4855	3870
942.8542	3876
945.2242	3980
947.5916	4006
949.9584	4097
952.3266	4257
954.6921	4475
957.0571	4694
959.4233	4871
961.787	5033
964.15	5046
966.5125	4856
968.8742	4568
971.2354	4352
973.5959	4123
975.9559	3919
978.3151	3838
980.6738	3758
983.0338	3785
985.3912	3682
987.7461	3586
990.1022	3651
992.4578	3549
994.8127	3617
997.1689	3650
999.5207	3714
1001.874	3621
1004.226	3661
1006.576	3681
1008.929	3731
1011.28	3633
1013.628	3650
1015.977	3610
1018.324	3720
1020.674	3663
1023.019	3626
1025.366	3656
1027.713	3668
1030.056	3616
1032.399	3750
1034.746	3760
1037.087	3791
1039.431	3727
1041.771	3685
1044.113	3705
1046.454	3717
1048.793	3702
1051.133	3692
1053.471	3631
1055.807	3690
1058.146	3817
1060.483	3716
1062.818	3813
1065.153	3791
1067.489	3809
1069.822	3886
1072.156	3810
1074.488	3873
1076.82	3919
1079.15	3776
1081.48	3741
1083.814	3810
1086.143	3834
1088.471	3799
1090.799	3724
1093.126	3753
1095.452	3730
1097.78	3703
1100.105	3744
1102.43	3775
1104.754	3712
1107.077	3693
1109.4	3711
1111.722	3710
1114.044	3732
1116.365	3686
1118.685	3668
1121.005	3735
1123.324	3713
1125.643	3734
1127.961	3839
1130.278	3655
1132.595	3769
1134.911	3739
1137.226	3699
1139.541	3729
1141.854	3754
1144.167	3761
1146.482	3624
1148.793	3714
1151.105	3641
1153.414	3706
1155.725	3718
1158.033	3662
1160.344	3737
1162.651	3772
1164.959	3670
1167.265	3718
1169.572	3715
1171.878	3612
1174.184	3742
1176.488	3681
1178.79	3700
1181.094	3750
1183.396	3768
1185.699	3693
1188.001	3734
1190.301	3653
1192.6	3737
1194.9	3675
1197.2	3708
1199.497	3754
1201.794	3734
1204.09	3652
1206.387	3729
1208.684	3679
1210.978	3738
1213.272	3734
1215.565	3760
1217.858	3666
1220.15	3763
1222.443	3800
1224.734	3760
1227.024	3784
1229.313	3805
1231.602	3895
1233.892	3846
1236.18	3871
1238.467	3829
1240.754	3809
1243.04	3927
1245.325	3950
1247.612	3928
1249.896	4017
1252.178	3970
1254.461	3844
1256.743	3850
1259.027	3915
1261.308	3975
1263.587	3880
1265.867	3905
1268.146	3878
1270.425	3925
1272.703	3997
1274.981	3874
1277.256	3899
1279.532	3848
1281.808	3950
1284.083	3971
1286.358	3875
1288.63	3874
1290.904	3811
1293.175	3844
1295.449	3801
1297.719	3846
1299.99	3888
1302.259	3805
1304.529	3827
1306.798	3813
1309.065	3902
1311.333	3888
1313.599	3841
1315.866	3839
1318.131	3872
1320.396	3806
1322.66	3836
1324.925	3836
1327.187	3814
1329.448	3908
1331.711	3851
1333.974	3788
1336.234	3864
1338.493	3857
1340.752	3871
1343.01	3828
1345.269	3856
1347.526	3957
1349.784	3818
1352.04	3837
1354.295	3808
1356.552	3730
1358.806	3884
1361.059	3796
1363.312	3875
1365.564	3827
1367.818	3895
1370.069	3839
1372.318	3846
1374.568	3821
1376.817	3889
1379.066	3950
1381.316	3997
1383.564	3853
1385.809	3909
1388.056	3816
1390.301	3952
1392.549	3946
1394.793	3959
1397.036	3920
1399.279	4037
1401.522	4067
1403.763	3997
1406.007	4056
1408.248	3982
1410.487	3926
1412.727	3952
1414.965	3988
1417.205	3948
1419.442	4043
1421.68	3992
1423.915	3856
1426.152	3963
1428.388	4006
1430.623	4104
1432.857	3920
1435.091	4055
1437.323	4001
1439.556	4087
1441.789	4099
1444.019	3973
1446.25	4052
1448.48	4111
1450.708	4115
1452.938	4142
1455.167	4107
1457.394	4126
1459.62	4069
1461.846	4074
1464.073	4103
1466.299	3988
1468.523	4033
1470.746	4069
1472.969	4064
1475.191	3969
1477.415	3992
1479.636	3914
1481.858	3876
1484.078	3857
1486.298	3807
1488.518	3921
1490.736	3880
1492.954	3845
1495.169	3801
1497.386	3801
1499.602	3796
1501.819	3881
1504.034	3781
1506.248	3891
1508.462	3820
1510.675	3787
1512.888	3818
1515.1	3890
1517.311	3856
1519.522	3840
1521.732	3792
1523.942	3824
1526.151	3779
1528.36	3845
1530.566	3859
1532.773	3848
1534.98	3809
1537.187	3758
1539.392	3875
1541.596	3857
1543.801	3947
1546.005	3877
1548.208	3870
1550.411	3911
1552.612	3882
1554.814	3770
1557.013	3824
1559.212	3884
1561.414	3910
1563.612	3978
1565.811	3863
1568.007	3934
1570.203	3923
1572.403	3942
1574.598	3871
1576.792	3911
1578.988	3944
1581.181	3940
1583.376	3910
1585.568	3975
1587.761	4008
1589.952	3894
1592.143	4009
1594.333	3971
1596.524	3981
1598.715	4011
1600.903	4025
1603.091	3950
1605.278	4000
1607.466	3923
1609.652	3906
1611.838	3944
1614.023	4031
1616.207	3987
1618.391	3988
1620.576	4055
1622.759	4017
1624.941	3992
1627.123	3997
1629.304	3978
1631.484	4054
1633.664	4014
1635.844	4017
1638.022	4120
1640.201	4020
1642.38	4018
1644.556	4110
1646.732	4151
1648.908	4102
1651.084	4108
1653.257	4068
1655.433	4119
1657.607	4078
1659.779	4148
1661.951	4044
1664.122	4191
1666.295	4092
1668.467	4193
1670.635	4060
1672.805	4166
1674.973	4149
1677.142	4155
1679.31	4128
1681.478	4172
1683.644	4176
1685.81	4139
1687.975	4094
1690.142	4077
1692.305	4117
1694.468	3995
1696.632	3951
1698.794	4038
1700.957	3937
1703.119	4050
1705.279	4025
1707.439	3967
1709.598	4033
1711.758	3920
1713.917	3992
1716.075	3980
1718.231	3928
1720.388	3964
1722.543	4047
1724.702	3884
1726.856	3919
1729.01	3983
1731.164	3952
1733.317	3944
1735.471	3933
1737.623	3913
1739.774	3935
1741.925	3943
1744.075	3985
1746.225	3927
1748.376	4036
1750.524	3988
1752.672	4025
1754.82	3939
1756.965	3969
1759.113	3960
1761.259	3885
1763.405	3921
1765.549	3970
1767.694	3934
1769.836	4089
1771.981	4033
1774.123	3975
1776.264	3973
1778.405	3971
1780.546	3988
1782.687	3936
1784.827	3902
1786.966	4076
1789.103	4008
1791.242	4024
1793.381	3956
1795.517	4004
1797.653	4041
1799.788	3994
1801.923	4001
1804.057	4079
1806.193	3991
1808.326	3947
1810.457	3988
1812.59	4033
1814.721	4116
1816.855	3998
1818.984	3943
1821.113	3952
1823.244	3942
1825.372	4004
1827.499	3973
1829.63	3896
1831.756	3899
1833.882	3943
1836.007	3984
1838.132	4037
1840.26	3982
1842.384	3916
1844.507	3934
1846.63	3958
1848.752	3957
1850.875	3930
1852.996	3929
1855.118	3958
1857.238	3933
1859.358	3850
1861.477	4023
1863.597	4034
1865.715	4013
1867.832	3954
1869.948	3972
1872.064	3948
1874.181	4000
1876.297	4033
1878.411	3974
1880.526	3952
1882.639	3994
1884.752	3898
1886.865	3994
1888.977	3966
1891.089	3950
1893.2	3953
1895.308	3959
1897.42	3984
1899.53	3925
1901.639	4000
1903.745	4085
1905.853	3977
1907.962	3909
1910.067	4062
1912.174	3950
1914.278	4050
1916.383	4007
1918.486	4058
1920.592	4032
1922.694	4040
1924.797	3989
1926.898	4071
1929	4061
1931.102	4067
1933.203	4032
1935.301	4055
1937.401	4118
1939.499	4076
1941.598	4043
1943.697	4042
1945.793	4093
1947.888	4044
1949.985	3990
1952.08	4061
1954.176	4007
1956.269	4105
1958.364	4017
1960.457	4033
1962.549	4078
1964.642	3985
1966.733	3992
1968.823	4060
1970.913	3952
1973.005	4059
1975.093	3973
1977.184	3991
1979.271	4036
1981.359	3999
1983.446	3954
1985.532	3999
1987.619	4103
1989.705	3981
1991.789	4027
1993.874	4061
1995.956	4009
1998.041	4075
2000.123	4001
2002.206	4023
2004.287	4011
2006.368	3964
2008.449	4015
2010.529	4030
2012.609	4010
2014.688	3999
2016.766	3983
2018.843	4032
2020.922	3971
2022.999	4053
2025.074	3973
2027.15	4031
2029.225	4006
2031.299	3980
2033.375	3959
2035.447	4016
2037.52	4037
2039.592	4011
2041.664	3985
2043.736	3991
2045.807	3994
2047.876	3930
2049.947	3974
2052.015	4017
2054.086	4004
2056.153	3978
2058.221	4048
2060.288	4029
2062.353	4030
2064.42	3960
2066.486	3984
2068.55	4060
2070.614	4000
2072.678	4174
2074.741	4059
2076.805	3994
2078.866	4032
2080.929	3992
2082.99	3985
2085.049	4035
2087.109	4059
2089.17	3989
2091.228	3995
2093.286	4027
2095.344	4014
2097.4	4102
2099.46	4081
2101.516	4047
2103.572	4026
2105.626	4025
2107.679	3973
2109.735	4037
2111.788	4009
2113.841	4041
2115.894	4021
2117.945	3945
2119.997	3972
2122.049	3960
2124.1	4026
2126.148	3972
2128.197	3966
2130.246	3985
2132.296	4031
2134.342	4111
2136.39	3988
2138.437	4012
2140.483	3971
2142.527	3940
2144.574	3998
2146.619	3969
2148.661	4001
2150.705	3902
2152.747	4007
2154.792	4037
2156.832	3966
2158.874	3959
2160.915	3920
2162.954	3951
2164.995	4025
2167.034	4018
2169.072	4011
2171.111	3981
2173.148	4004
2175.186	3976
2177.223	4005
2179.258	3957
2181.294	4074
2183.328	4027
2185.362	4006
2187.398	3876
2189.431	3978
2191.463	3944
2193.495	3929
2195.528	3997
2197.56	3978
2199.59	3969
2201.62	3988
2203.649	3983
2205.678	3916
2207.708	3852
2209.737	3880
2211.764	3831
2213.791	3883
2215.817	3995
2217.843	3899
2219.87	3960
2221.895	3908
2223.919	3876
2225.942	3901
2227.966	3859
2229.988	3920
2232.012	3846
2234.032	3913
2236.054	4029
2238.074	3853
2240.095	4003
2242.116	3907
2244.135	4014
2246.153	3905
2248.171	4001
2250.188	3971
2252.208	3853
2254.223	3825
2256.239	3890
2258.255	3986
2260.269	3919
2262.283	3984
2264.3	3846
2266.312	3923
2268.325	3866
2270.336	3940
2272.349	3966
2274.362	3945
2276.372	3904
2278.383	3908
2280.392	3883
2282.402	3867
2284.409	3968
2286.418	3915
2288.427	3910
2290.433	3899
2292.441	3868
2294.446	3905
2296.453	3914
2298.459	3923
2300.463	4017
2302.466	3937
2304.471	3908
2306.475	3934
2308.477	3890
2310.478	3932
2312.481	3979
2314.481	3892
2316.481	4019
2318.482	3949
2320.482	3877
2322.48	3904
2324.48	3905
2326.478	3883
2328.476	3943
2330.473	3940
2332.469	3889
2334.465	3872
2336.46	3849
2338.454	3844
2340.45	3883
2342.444	3873
2344.437	3819
2346.43	3806
2348.421	3896
2350.414	3902
2352.405	3827
2354.396	3859
2356.386	3838
2358.376	3808
2360.366	3834
2362.355	3921
2364.343	3918
2366.331	3824
2368.317	3870
2370.304	3810
2372.292	3833
2374.278	3781
2376.262	3808
2378.247	3833
2380.23	3799
2382.216	3846
2384.199	3853
2386.181	3846
2388.163	3758
2390.144	3700
2392.127	3844
2394.107	3852
2396.087	3865
2398.066	3768
2400.046	3820
2402.023	3821
2404.004	3744
2405.981	3835
2407.957	3838
2409.934	3825
2411.91	3831
2413.886	3948
2415.862	3767
2417.836	3798
2419.809	3878
2421.784	3795
2423.756	3772
2425.73	3936
2427.701	3798
2429.672	3857
2431.644	3779
2433.615	3784
2435.586	3723
2437.555	3743
2439.523	3825
2441.491	3760
2443.459	3794
2445.428	3724
2447.395	3794
2449.361	3802
2451.327	3726
2453.292	3741
2455.257	3727
2457.223	3802
2459.187	3859
2461.15	3754
2463.113	3692
2465.076	3758
2467.039	3736
2468.999	3796
2470.96	3740
2472.921	3789
2474.881	3727
2476.841	3733
2478.8	3726
2480.759	3797
2482.717	3743
2484.675	3822
2486.63	3695
2488.589	3737
2490.545	3752
2492.5	3678
2494.455	3740
2496.408	3700
2498.364	3762
2500.318	3795
2502.27	3788
2504.223	3779
2506.174	3763
2508.126	3748
2510.078	3770
2512.03	3787
2513.979	3761
2515.927	3653
2517.877	3712
2519.826	3669
2521.775	3718
2523.722	3778
2525.668	3773
2527.616	3750
2529.561	3765
2531.508	3711
2533.452	3768
2535.398	3755
2537.342	3766
2539.284	3780
2541.229	3667
2543.173	3713
2545.114	3632
2547.055	3739
2548.996	3688
2550.938	3816
2552.878	3726
2554.817	3776
2556.756	3722
2558.695	3726
2560.633	3756
2562.572	3625
2564.509	3674
2566.445	3678
2568.382	3696
2570.317	3780
2572.254	3647
2574.189	3831
2576.123	3742
2578.057	3775
2579.99	3662
2581.923	3736
2583.855	3735
2585.788	3670
2587.719	3661
2589.65	3749
2591.579	3666
2593.511	3785
2595.44	3773
2597.37	3705
2599.297	3769
2601.225	3678
2603.153	3718
2605.08	3750
2607.007	3686
2608.932	3693
2610.858	3779
2612.782	3688
2614.709	3729
2616.632	3744
2618.556	3718
2620.478	3724
2622.401	3815
2624.324	3757
2626.247	3632
2628.167	3745
2630.088	3706
2632.008	3662
2633.928	3787
2635.848	3742
2637.766	3763
2639.684	3764
2641.603	3760
2643.519	3803
2645.437	3773
2647.353	3737
2649.27	3743
2651.184	3684
2653.099	3752
2655.014	3701
2656.928	3772
2658.842	3776
2660.755	3737
2662.667	3712
2664.579	3854
2666.491	3661
2668.402	3732
2670.312	3744
2672.222	3655
2674.132	3731
2676.042	3755
2677.951	3716
2679.859	3714
2681.766	3748
2683.674	3653
2685.582	3668
2687.488	3718
2689.392	3694
2691.298	3653
2693.202	3725
2695.107	3637
2697.012	3680
2698.914	3675
2700.817	3698
2702.72	3662
2704.622	3636
2706.524	3699
2708.425	3628
2710.326	3600
2712.225	3749
2714.125	3702
2716.024	3685
2717.923	3658
2719.822	3634
2721.719	3721
2723.616	3673
2725.512	3774
2727.41	3693
2729.305	3749
2731.201	3709
2733.095	3740
2734.99	3729
2736.884	3707
2738.778	3701
2740.67	3689
2742.562	3647
2744.455	3639
2746.346	3600
2748.238	3613
2750.129	3675
2752.018	3701
2753.907	3618
2755.797	3667
2757.687	3693
2759.575	3646
2761.462	3732
2763.349	3652
2765.237	3721
2767.124	3641
2769.009	3693
2770.894	3731
2772.779	3740
2774.663	3650
2776.547	3624
2778.431	3687
2780.314	3635
2782.197	3656
2784.078	3769
2785.96	3607
2787.842	3700
2789.723	3657
2791.603	3657
2793.483	3694
2795.362	3695
2797.241	3664
2799.121	3613
2800.997	3601
2802.874	3595
2804.751	3690
2806.628	3654
2808.506	3676
2810.38	3665
2812.255	3677
2814.13	3615
2816.003	3649
2817.878	3624
2819.752	3597
2821.623	3660
2823.496	3675
2825.368	3635
2827.238	3608
2829.111	3578
2830.98	3653
2832.851	3645
2834.719	3593
2836.589	3649
2838.458	3641
2840.327	3689
2842.193	3779
2844.061	3688
2845.927	3638
2847.794	3658
2849.66	3634
2851.525	3653
2853.39	3694
2855.254	3737
2857.117	3733
2858.983	3751
2860.845	3748
2862.707	3839
2864.569	3935
2866.431	3851
2868.293	3806
2870.154	3910
2872.013	3943
2873.873	4058
2875.733	3955
2877.592	4057
2879.451	4002
2881.309	4055
2883.166	4155
2885.022	4142
2886.879	4270
2888.736	4259
2890.591	4141
2892.446	4254
2894.301	4207
2896.155	4268
2898.009	4224
2899.863	4282
2901.716	4207
2903.568	4198
2905.419	4120
2907.27	4186
2909.123	4175
2910.973	4211
2912.824	4203
2914.673	4242
2916.521	4244
2918.372	4408
2920.22	4387
2922.067	4407
2923.914	4478
2925.761	4485
2927.607	4591
2929.455	4646
2931.301	4624
2933.144	4636
2934.99	4667
2936.833	4780
2938.678	4818
2940.522	4819
2942.364	4983
2944.207	4808
2946.048	4965
2947.891	4921
2949.731	5019
2951.571	5040
2953.412	4932
2955.25	4808
2957.09	4849
2958.93	4730
2960.767	4820
2962.606	4690
2964.443	4605
2966.279	4672
2968.116	4677
2969.953	4415
2971.788	4445
2973.623	4454
2975.457	4402
2977.292	4428
2979.127	4294
2980.959	4336
2982.792	4163
2984.624	4284
2986.455	4331
2988.288	4205
2990.119	4263
2991.949	4167
2993.779	4165
2995.608	4105
2997.439	4128
2999.268	4002
3001.096	4027
3002.923	3911
3004.751	3815
3006.578	3853
3008.406	3875
3010.232	3825
3012.057	3811
3013.883	3723
3015.706	3750
3017.532	3686
3019.356	3727
3021.179	3691
3023.002	3634
3024.823	3656
3026.646	3649
3028.469	3628
3030.289	3631
3032.11	3658
3033.93	3568
3035.749	3548
3037.57	3558
3039.39	3503
3041.207	3565
3043.026	3538
3044.842	3460
3046.661	3534
3048.477	3538
3050.294	3563
3052.109	3522
3053.925	3512
3055.739	3542
3057.555	3467
3059.368	3554
3061.181	3566
3062.995	3536
3064.807	3582
3066.62	3446
3068.433	3576
3070.243	3510
3072.054	3514
3073.865	3513
3075.675	3504
3077.485	3519
3079.293	3570
3081.102	3477
3082.911	3447
3084.719	3410
3086.527	3485
3088.333	3450
3090.139	3487
3091.945	3330
3093.75	3435
3095.557	3367
3097.361	3370
3099.165	3474
3100.969	3484
3102.772	3304
3104.575	3385
3106.379	3368
3108.181	3384
3109.982	3433
3111.783	3324
3113.584	3407
3115.386	3395
3117.186	3392
3118.985	3335
3120.783	3322
3122.582	3374
3124.381	3427
3126.179	3362
3127.975	3331
3129.772	3303
3131.569	3358
3133.365	3367
3135.161	3298
3136.956	3405
3138.751	3289
3140.544	3307
3142.338	3358
3144.132	3338
3145.925	3361
3147.717	3317
3149.509	3318
3151.301	3338
3153.091	3318
3154.884	3371
3156.673	3381
3158.462	3324
3160.252	3349
3162.041	3292
3163.831	3339
3165.618	3258
3167.405	3303
3169.193	3296
3170.979	3330
3172.767	3322
3174.553	3298
3176.338	3303
3178.123	3231
3179.907	3337
3181.692	3318
3183.477	3306
3185.259	3282
3187.042	3403
3188.824	3300
3190.607	3297
3192.389	3405
3194.17	3273
3195.951	3338
3197.73	3265
3199.51	3260
3201.289	3293
3203.07	3276
3204.848	3288
3206.626	3320
3208.403	3303
3210.18	3326
3211.959	3272
3213.735	3381
3215.511	3292
3217.285	3213
3219.06	3308
3220.836	3306
3222.611	3307
3224.384	3335
3226.158	3405
3227.929	3289
3229.702	3337
3231.476	3317
3233.248	3235
3235.018	3227
3236.789	3334
3238.56	3230
3240.33	3315
3242.1	3325
3243.869	3268
3245.637	3314
3247.405	3313
3249.172	3307
3250.941	3255
3252.707	3295
3254.474	3315
3256.24	3347
3258.006	3274
3259.772	3388
3261.537	3362
3263.301	3348
3265.065	3303
3266.828	3277
3268.592	3319
3270.355	3357
3272.117	3344
3273.878	3277
3275.64	3350
3277.401	3295
3279.162	3262
3280.922	3332
3282.682	3332
3284.441	3322
3286.199	3343
3287.959	3365
3289.716	3270
3291.475	3289
3293.232	3342
3294.988	3387
3296.744	3330
3298.501	3303
3300.256	3226
3302.011	3344
3303.766	3255
3305.52	3411
3307.275	3325
3309.028	3312
3310.781	3348
3312.533	3296
3314.285	3275
3316.038	3330
3317.789	3328
3319.54	3288
3321.289	3352
3323.039	3319
3324.789	3370
3326.539	3336
3328.288	3358
3330.035	3345
3331.783	3340
3333.531	3345
3335.28	3295
3337.025	3268
3338.771	3307
3340.518	3314
3342.262	3277
3344.009	3373
3345.753	3267
3347.497	3353
3349.24	3245
3350.983	3283
3352.726	3257
3354.469	3335
3356.212	3180
3357.952	3292
3359.694	3342
3361.434	3293
3363.176	3251
3364.916	3320
3366.654	3243
3368.394	3269
3370.132	3217
3371.871	3252
3373.61	3243
3375.346	3179
3377.083	3258
3378.82	3198
3380.556	3214
3382.292	3242
3384.027	3230
3385.763	3295
3387.497	3256
3389.231	3280
3390.965	3241
3392.698	3181
3394.431	3179
3396.164	3179
3397.896	3220
3399.627	3155
3401.36	3146
3403.09	3135
3404.82	3115
3406.55	3234
3408.279	3205
3410.01	3162
3411.738	3188
3413.467	3188
3415.194	3226
3416.92	3223
3418.647	3148
3420.375	3113
3422.102	3178
3423.827	3097
3425.553	3206
3427.277	3222
3429.003	3182
3430.727	3137
3432.451	3173
3434.173	3110
3435.896	3105
3437.62	3044
3439.343	3163
3441.063	3163
3442.785	3136
3444.505	3075
3446.226	3132
3447.948	3044
3449.666	3147
3451.386	3051
3453.104	3071
3454.823	3042
3456.541	3142
3458.259	3138
3459.976	3041
3461.693	3144
3463.408	3065
3465.125	3013
3466.841	3045
3468.556	3098
3470.271	2999
3471.985	3035
3473.698	3027
3475.414	3070
3477.126	3034
3478.838	3021
3480.55	3009
3482.263	3015
3483.975	2966
3485.686	2980
3487.396	3008
3489.106	3075
3490.817	2959
3492.526	2968
3494.236	3014
3495.944	3050
3497.652	2968
3499.359	2937
3501.066	2912
3502.775	2952
3504.481	2987
3506.187	2943
3507.893	2995
3509.598	3016
3511.304	2999
3513.009	2906
3514.713	2930
3516.417	2957
3518.12	2887
3519.821	2987
3521.525	2881
3523.228	2877
3524.929	2877
3526.631	2944
3528.33	2950
3530.032	2899
3531.733	2855
3533.433	2830
3535.131	2885
3536.83	2856
3538.529	2905
3540.227	2825
3541.925	2882
3543.623	2910
3545.319	2857
3547.016	2859
3548.712	2906
3550.408	2832
3552.103	2870
3553.798	2876
3555.491	2852
3557.188	2950
3558.88	2845
3560.574	2865
3562.266	2879
3563.959	2868
3565.651	2768
3567.343	2841
3569.035	2821
3570.725	2779
3572.415	2867
3574.106	2782
3575.797	2815
3577.485	2752
3579.174	2827
3580.863	2826
3582.551	2832
3584.238	2826
3585.926	2821
3587.613	2786
3589.3	2788
3590.986	2707
3592.671	2763
3594.357	2781
3596.042	2731
3597.726	2750
3599.41	2731
3601.094	2716
3602.778	2774
3604.461	2719
3606.143	2827
3607.825	2702
3609.507	2685
3611.188	2713
3612.87	2718
3614.551	2669
3616.229	2709
3617.909	2743
3619.589	2649
3621.269	2601
3622.948	2626
3624.625	2665
3626.302	2715
3627.98	2661
3629.657	2690
3631.334	2665
3633.01	2670
3634.686	2700
3636.361	2604
3638.036	2660
3639.712	2659
3641.385	2661
3643.06	2672
3644.732	2614
3646.405	2595
3648.08	2681
3649.751	2616
3651.424	2600
3653.094	2656
3654.766	2615
3656.436	2578
3658.106	2605
3659.777	2607
3661.446	2553
3663.115	2592
3664.783	2555
3666.452	2598
3668.121	2583
3669.788	2582
3671.454	2558
3673.121	2580
3674.789	2596
3676.455	2520
3678.12	2568
3679.784	2540
3681.45	2550
3683.114	2576
3684.779	2607
3686.442	2552
3688.105	2625
3689.768	2618
3691.43	2585
3693.093	2582
3694.754	2615
3696.415	2537
3698.076	2585
3699.736	2566
3701.396	2536
3703.057	2494
3704.716	2555
3706.375	2549
3708.034	2548
3709.692	2618
3711.351	2535
3713.008	2528
3714.665	2534
3716.321	2452
3717.977	2542
3719.634	2507
3721.29	2515
3722.945	2484
3724.598	2515
3726.253	2482
3727.907	2501
3729.561	2510
3731.214	2444
3732.867	2500
3734.518	2486
3736.171	2496
3737.824	2485
3739.474	2493
3741.125	2463
3742.775	2521
3744.425	2466
3746.074	2463
3747.725	2504
3749.373	2480
3751.022	2521
3752.669	2465
3754.318	2434
3755.966	2501
3757.612	2483
3759.259	2463
3760.905	2463
3762.55	2463
3764.197	2395
3765.842	2449
3767.486	2386
3769.131	2478
3770.774	2433
3772.417	2454
3774.061	2435
3775.705	2525
3777.347	2481
3778.988	2359
3780.629	2409
3782.271	2474
3783.912	2440
3785.552	2481
3787.192	2431
3788.831	2439
3790.472	2414
3792.112	2422
3793.75	2414
3795.388	2372
3797.024	2423
3798.661	2429
3800.3	2354
3801.936	2432
3803.572	2419
3805.208	2356
3806.844	2437
3808.48	2430
3810.115	2384
3811.748	2360
3813.382	2447
3815.016	2407
3816.649	2434
3818.283	2368
3819.914	2406
3821.547	2338
3823.178	2382
3824.809	2352
3826.441	2344
3828.072	2380
3829.701	2395
3831.331	2339
3832.96	2351
3834.591	2337
3836.219	2415
3837.847	2422
3839.475	2293
3841.102	2346
3842.729	2373
3844.357	2317
3845.984	2343
3847.609	2331
3849.234	2346
3850.86	2348
3852.485	2295
3854.11	2335
3855.734	2382
3857.357	2325
3858.981	2309
3860.603	2321
3862.227	2329
3863.848	2309
3865.471	2336
3867.092	2337
3868.713	2324
3870.334	2324
3871.954	2235
3873.575	2325
3875.194	2347
3876.813	2313
3878.433	2360
3880.051	2279
3881.669	2231
3883.286	2314
3884.904	2294
3886.52	2289
3888.138	2311
3889.754	2334
3891.37	2396
3892.985	2297
3894.6	2322
3896.216	2334
3897.831	2287
3899.444	2312
3901.058	2310
3902.67	2291
3904.283	2279
3905.897	2327
3907.509	2274
3909.121	2303
3910.731	2238
3912.342	2263
3913.954	2248
3915.563	2314
3917.174	2218
3918.783	2309
3920.391	2274
3922.002	2290
3923.611	2302
3925.218	2269
3926.826	2331
3928.432	2243
3930.039	2273
3931.647	2312
3933.253	2240
3934.859	2234
3936.464	2295
3938.068	2302
3939.675	2213
3941.278	2312
3942.883	2197
3944.486	2316
3946.089	2243
3947.692	2278
3949.295	2287
3950.898	2247
3952.499	2247
3954.1	2226
3955.7	2231
3957.303	2222
3958.903	2186
3960.502	2300
3962.101	2264
3963.7	2188
3965.301	2274
3966.899	2193
3968.497	2254
3970.094	2220
3971.691	2200
3973.288	2214
3974.885	2244
3976.481	2215
3978.077	2240
3979.672	2217
3981.267	2216
3982.863	2169
3984.457	2239
3986.051	2146
3987.645	2177
3989.238	2161
3990.831	2189
3992.425	2231
3994.017	2159
3995.607	2224
3997.199	2205
3998.79	2239
4000.382	2182
4001.973	2169
4003.561	2167
4005.151	2101
4006.741	2181
4008.331	2156
4009.918	2194
4011.507	2153
4013.095	2179
4014.681	2155
4016.269	2185
4017.856	2101
4019.443	2203
4021.028	2156
4022.614	2098
4024.199	2136
4025.785	2150
4027.37	2181
4028.953	2126
4030.536	2177
4032.12	2073
4033.704	2110
4035.287	2168
4036.869	2118
4038.45	2146
4040.032	2075
4041.613	2150
4043.195	2116
4044.776	2122
4046.356	2133
4047.935	2070
4049.515	2106
4051.095	2110
4052.674	2121
4054.251	2132
4055.829	2156
4057.406	2114
4058.985	2119
4060.562	2137
4062.139	2059
4063.715	2055
4065.29	2063
4066.865	2102
4068.442	2077
4070.016	2095
4071.59	2117
4073.164	2040
4074.738	2086
4076.312	2045
4077.885	2081
4079.458	2147
4081.03	2098
4082.602	2072
4084.173	2061
4085.745	2056
4087.315	2023
4088.886	2089
4090.456	2099
4092.026	2075
4093.596	2071
4095.165	2028
4096.734	2087
4098.301	2019
4099.869	2084
4101.437	2011
4103.006	2070
4104.572	2059
4106.139	2005
4107.704	2033
4109.27	2033
4110.837	2058
4112.401	1999
4113.966	2042
4115.53	2018
4117.094	2050
4118.659	2041
4120.223	2059
4121.785	2049
4123.347	2052
4124.909	2001
4126.471	2016
4128.034	2036
4129.595	2036
4131.155	2021
4132.716	2010
4134.275	1973
4135.836	2020
4137.395	2002
4138.955	2032
4140.513	2036
4142.071	2001
4143.628	2034
4145.188	2035
4146.745	1973
4148.302	1994
4149.858	2037
4151.414	1994
4152.971	2002
4154.526	1996
4156.081	1966
4157.635	1956
4159.189	1965
4160.745	1977
4162.298	1955
4163.852	1899
4165.405	1951
4166.957	1917
4168.51	2002
4170.063	1949
4171.614	1913
4173.166	1969
4174.717	1963
4176.267	1937
4177.817	1944
4179.368	1904
4180.917	1935
4182.466	1976
4184.016	1916
4185.564	1983
4187.112	1937
4188.66	1954
4190.207	1916
4191.754	1981
4193.301	1915
4194.848	1963
4196.394	1915
4197.94	1943
4199.484	1935
4201.03	1980
4202.575	1888
4204.12	1919
4205.663	1909
4207.207	1924
4208.75	1943
4210.292	1952
4211.836	1892
4213.378	1975
4214.92	1934
4216.46	1935
4218.002	1909
4219.544	1862
4221.083	1884
4222.625	1955
4224.164	1933
4225.703	1886
4227.244	1881
4228.782	1947
4230.32	1919
4231.857	1918
4233.395	1900
4234.933	1836
4236.471	1864
4238.007	1932
4239.542	1919
4241.078	1891
4242.614	1905
4244.15	1839
4245.685	1890
4247.219	1839
4248.753	1908
4250.287	1931
4251.82	1883
4253.354	1853
4254.887	1858
4256.419	1829
4257.951	1878
4259.483	1873
4261.016	1868
4262.547	1901
4264.078	1868
4265.608	1855
4267.137	1834
4268.668	1851
4270.197	1819
4271.727	1863
4273.254	1917
4274.783	1822
4276.311	1885
4277.84	1839
4279.366	1885
4280.894	1876
4282.42	1805
4283.946	1870
4285.473	1786
4286.998	1863
4288.523	1806
4290.047	1823
4291.572	1796
4293.096	1779
4294.622	1804
4296.144	1860
4297.668	1860
4299.19	1831
4300.713	1820
4302.236	1828
4303.758	1832
4305.279	1861
4306.799	1782
4308.321	1782
4309.842	1871
4311.361	1820
4312.882	1793
4314.401	1845
