400.0961	2460
402.6185	2440
405.1424	2381
407.6635	2443
410.1838	2392
412.7035	2437
415.2225	2462
417.7388	2514
420.2585	2529
422.7754	2540
425.2917	2588
427.8072	2626
430.3221	2648
432.8363	2662
435.3498	2697
437.8626	2615
440.3727	2651
442.8841	2660
445.3969	2637
447.907	2625
450.4142	2593
452.9229	2667
455.4289	2540
457.9362	2593
460.4449	2509
462.9488	2585
465.454	2594
467.9566	2553
470.4604	2519
472.9637	2472
475.4662	2552
477.966	2598
480.4671	2545
482.9656	2531
485.4633	2553
487.9645	2564
490.4608	2575
492.9566	2557
495.4536	2559
497.948	2504
500.4437	2597
502.9387	2606
505.431	2659
507.9226	2603
510.4136	2564
512.9079	2604
515.3975	2696
517.8864	2622
520.3746	2577
522.8622	2623
525.3491	2668
527.8394	2625
530.3249	2627
532.8098	2661
535.2939	2639
537.7774	2654
540.2623	2631
542.7444	2611
545.2259	2635
547.7067	2632
550.1868	2643
552.6683	2682
555.147	2631
557.6231	2663
560.1005	2693
562.5773	2703
565.0534	2684
567.5308	2724
570.0056	2742
572.4776	2782
574.951	2673
577.4237	2730
579.8978	2747
582.3671	2783
584.8378	2788
587.3079	2762
589.7773	2728
592.244	2860
594.714	2706
597.1793	2779
599.6461	2770
602.1121	2743
604.5754	2730
607.0421	2781
609.5042	2722
611.9675	2777
614.4282	2713
616.8902	2744
619.3515	2746
621.8122	2719
624.2702	2655
626.7296	2660
629.1863	2639
631.6423	2661
634.1017	2691
636.5563	2717
639.0104	2695
641.4658	2677
643.9185	2650
646.3725	2670
648.8239	2681
651.2766	2728
653.7266	2716
656.176	2737
658.6247	2745
661.0748	2750
663.5242	2769
665.9709	2730
668.417	2741
670.8624	2677
673.3092	2745
675.7533	2684
678.1968	2684
680.6395	2779
683.0817	2740
685.5251	2806
687.9659	2679
690.4061	2796
692.8456	2779
695.2844	2803
697.7226	2812
700.1621	2771
702.599	2809
705.0332	2745
707.4688	2785
709.9036	2850
712.3399	2846
714.7735	2777
717.2044	2748
719.6367	2832
722.0683	2803
724.4993	2905
726.9296	2816
729.3593	2824
731.7883	2854
734.2147	2900
736.6423	2867
739.0714	2961
741.4958	2883
743.9216	2956
746.3447	2905
748.7691	2933
751.1929	2915
753.616	2978
756.0366	2965
758.4584	2943
760.8776	2910
763.2982	2979
765.718	2950
768.1373	2918
770.5539	2956
772.9698	3011
775.3871	2991
777.8038	2931
780.2178	2947
782.6332	2890
785.0459	3024
787.458	2949
789.8714	2947
792.2842	2927
794.6943	2919
797.1038	2993
799.5127	2958
801.9209	2967
804.3324	3010
806.7393	2910
809.1456	2948
811.5513	2993
813.9562	3043
816.3625	3001
818.7663	3058
821.1693	3017
823.5718	3014
825.9735	2965
828.3746	3096
830.7771	3008
833.177	2953
835.5762	2985
837.9747	3024
840.3727	3052
842.772	3009
845.1666	3010
847.5626	3028
849.958	3100
852.3527	3128
854.7488	3088
857.1403	3100
859.5331	3101
861.9253	3115
864.3168	3135
866.7057	3081
869.098	3069
871.4876	3093
873.8746	3098
876.263	3130
878.6487	3125
881.0378	3130
883.4243	3154
885.8081	3108
888.1933	3087
890.5759	3086
892.9598	3136
895.343	3071
897.7256	3130
900.1057	3089
902.4871	3117
904.8659	3125
907.246	3034
909.6254	3107
912.0023	3216
914.3786	3277
916.7562	3278
919.1331	3350
921.5074	3271
923.8831	3308
926.2562	3348
928.6287	3394
931.0005	3348
933.3757	3364
935.7462	3362
938.1162	3429
940.4855	3368
942.8542	3490
945.2242	3503
947.5916	3620
949.9584	3632
952.3266	3865
954.6921	4112
957.0571	4306
959.4233	4384
961.787	4575
964.15	4526
966.5125	4268
968.8742	4096
971.2354	3839
973.5959	3681
975.9559	3565
978.3151	3304
980.6738	3273
983.0338	3349
985.3912	3307
987.7461	3211
990.1022	3263
992.4578	3153
994.8127	3182
997.1689	3198
999.5207	3300
1001.874	3244
1004.226	3253
1006.576	3266
1008.929	3327
1011.28	3293
1013.628	3228
1015.977	3272
1018.324	3200
1020.674	3228
1023.019	3237
1025.366	3284
1027.713	3193
1030.056	3359
1032.399	3368
1034.746	3305
1037.087	3305
1039.431	3210
1041.771	3294
1044.113	3299
1046.454	3381
1048.793	3278
1051.133	3338
1053.471	3319
1055.807	3321
1058.146	3305
1060.483	3321
1062.818	3380
1065.153	3331
1067.489	3367
1069.822	3500
1072.156	3504
1074.488	3398
1076.82	3411
1079.15	3371
1081.48	3372
1083.814	3343
1086.143	3364
1088.471	3342
1090.799	3263
1093.126	3318
1095.452	3328
1097.78	3256
1100.105	3312
1102.43	3250
1104.754	3210
1107.077	3303
1109.4	3334
1111.722	3343
1114.044	3298
1116.365	3283
1118.685	3254
1121.005	3286
1123.324	3250
1125.643	3279
1127.961	3275
1130.278	3278
1132.595	3332
1134.911	3334
1137.226	3304
1139.541	3197
1141.854	3259
1144.167	3261
1146.482	3315
1148.793	3308
1151.105	3222
1153.414	3327
1155.725	3267
1158.033	3241
1160.344	3260
1162.651	3276
1164.959	3218
1167.265	3331
1169.572	3305
1171.878	3241
1174.184	3220
1176.488	3303
1178.79	3346
1181.094	3318
1183.396	3266
1185.699	3343
1188.001	3261
1190.301	3288
1192.6	3311
1194.9	3269
1197.2	3228
1199.497	3340
1201.794	3308
1204.09	3306
1206.387	3277
1208.684	3340
1210.978	3264
1213.272	3336
1215.565	3246
1217.858	3346
1220.15	3323
1222.443	3333
1224.734	3354
1227.024	3377
1229.313	3320
1231.602	3433
1233.892	3291
1236.18	3430
1238.467	3408
1240.754	3411
1243.04	3500
1245.325	3464
1247.612	3427
1249.896	3498
1252.178	3487
1254.461	3463
1256.743	3487
1259.027	3489
1261.308	3497
1263.587	3503
1265.867	3502
1268.146	3418
1270.425	3480
1272.703	3562
1274.981	3511
1277.256	3464
1279.532	3400
1281.808	3438
1284.083	3503
1286.358	3481
1288.63	3443
1290.904	3368
1293.175	3380
1295.449	3434
1297.719	3338
1299.99	3499
1302.259	3392
1304.529	3302
1306.798	3415
1309.065	3398
1311.333	3382
1313.599	3417
1315.866	3374
1318.131	3419
1320.396	3460
1322.66	3378
1324.925	3434
1327.187	3428
1329.448	3472
1331.711	3431
1333.974	3430
1336.234	3506
1338.493	3427
1340.752	3429
1343.01	3403
1345.269	3409
1347.526	3376
1349.784	3434
1352.04	3470
1354.295	3372
1356.552	3418
1358.806	3433
1361.059	3364
1363.312	3370
1365.564	3363
1367.818	3389
1370.069	3388
1372.318	3360
1374.568	3467
1376.817	3502
1379.066	3414
1381.316	3423
1383.564	3442
1385.809	3470
1388.056	3442
1390.301	3492
1392.549	3560
1394.793	3627
1397.036	3524
1399.279	3657
1401.522	3614
1403.763	3528
1406.007	3521
1408.248	3550
1410.487	3608
1412.727	3664
1414.965	3518
1417.205	3564
1419.442	3546
1421.68	3526
1423.915	3583
1426.152	3518
1428.388	3578
1430.623	3489
1432.857	3604
1435.091	3547
1437.323	3541
1439.556	3697
1441.789	3618
1444.019	3639
1446.25	3634
1448.48	3599
1450.708	3690
1452.938	3724
1455.167	3612
1457.394	3712
1459.62	3615
1461.846	3605
1464.073	3696
1466.299	3653
1468.523	3618
1470.746	3567
1472.969	3608
1475.191	3578
1477.415	3531
1479.636	3442
1481.858	3433
1484.078	3468
1486.298	3511
1488.518	3451
1490.736	3329
1492.954	3486
1495.169	3385
1497.386	3359
1499.602	3399
1501.819	3395
1504.034	3372
1506.248	3406
1508.462	3428
1510.675	3441
1512.888	3366
1515.1	3351
1517.311	3371
1519.522	3328
1521.732	3389
1523.942	3400
1526.151	3432
1528.36	3366
1530.566	3348
1532.773	3410
1534.98	3404
1537.187	3361
1539.392	3388
1541.596	3411
1543.801	3443
1546.005	3482
1548.208	3374
1550.411	3400
1552.612	3379
1554.814	3389
1557.013	3421
1559.212	3446
1561.414	3375
1563.612	3465
1565.811	3472
1568.007	3439
1570.203	3535
1572.403	3527
1574.598	3450
1576.792	3454
1578.988	3514
1581.181	3452
1583.376	3460
1585.568	3538
1587.761	3491
1589.952	3499
1592.143	3520
1594.333	3538
1596.524	3532
1598.715	3489
1600.903	3574
1603.091	3543
1605.278	3520
1607.466	3449
1609.652	3536
1611.838	3452
1614.023	3528
1616.207	3536
1618.391	3465
1620.576	3542
1622.759	3484
1624.941	3542
1627.123	3541
1629.304	3642
1631.484	3570
1633.664	3637
1635.844	3592
1638.022	3603
1640.201	3597
1642.38	3728
1644.556	3641
1646.732	3614
1648.908	3740
1651.084	3684
1653.257	3684
1655.433	3653
1657.607	3628
1659.779	3749
1661.951	3726
1664.122	3688
1666.295	3679
1668.467	3599
1670.635	3707
1672.805	3688
1674.973	3676
1677.142	3716
1679.31	3691
1681.478	3679
1683.644	3670
1685.81	3671
1687.975	3615
1690.142	3705
1692.305	3689
1694.468	3533
1696.632	3657
1698.794	3562
1700.957	3552
1703.119	3562
1705.279	3597
1707.439	3561
1709.598	3525
1711.758	3465
1713.917	3514
1716.075	3458
1718.231	3487
1720.388	3486
1722.543	3657
1724.702	3530
1726.856	3522
1729.01	3550
1731.164	3434
1733.317	3521
1735.471	3460
1737.623	3448
1739.774	3481
1741.925	3436
1744.075	3534
1746.225	3612
1748.376	3541
1750.524	3491
1752.672	3513
1754.82	3562
1756.965	3551
1759.113	3518
1761.259	3480
1763.405	3548
1765.549	3553
1767.694	3513
1769.836	3543
1771.981	3458
1774.123	3534
1776.264	3579
1778.405	3544
1780.546	3524
1782.687	3572
1784.827	3503
1786.966	3515
1789.103	3567
1791.242	3577
1793.381	3513
1795.517	3551
1797.653	3541
1799.788	3591
1801.923	3569
1804.057	3562
1806.193	3547
1808.326	3581
1810.457	3542
1812.59	3582
1814.721	3511
1816.855	3554
1818.984	3566
1821.113	3514
1823.244	3596
1825.372	3502
1827.499	3601
1829.63	3570
1831.756	3554
1833.882	3545
1836.007	3575
1838.132	3564
1840.26	3478
1842.384	3520
1844.507	3468
1846.63	3568
1848.752	3531
1850.875	3582
1852.996	3558
1855.118	3538
1857.238	3573
1859.358	3522
1861.477	3492
1863.597	3563
1865.715	3606
1867.832	3445
1869.948	3480
1872.064	3511
1874.181	3532
1876.297	3488
1878.411	3485
1880.526	3528
1882.639	3546
1884.752	3532
1886.865	3523
1888.977	3588
1891.089	3545
1893.2	3532
1895.308	3590
1897.42	3563
1899.53	3611
1901.639	3560
1903.745	3550
1905.853	3563
1907.962	3498
1910.067	3543
1912.174	3520
1914.278	3627
1916.383	3547
1918.486	3531
1920.592	3603
1922.694	3541
1924.797	3542
1926.898	3646
1929	3591
1931.102	3599
1933.203	3575
1935.301	3630
1937.401	3577
1939.499	3541
1941.598	3589
1943.697	3573
1945.793	3597
1947.888	3600
1949.985	3607
1952.08	3463
1954.176	3587
1956.269	3531
1958.364	3615
1960.457	3634
1962.549	3591
1964.642	3592
1966.733	3571
1968.823	3558
1970.913	3622
1973.005	3648
1975.093	3622
1977.184	3510
1979.271	3555
1981.359	3607
1983.446	3460
1985.532	3514
1987.619	3607
1989.705	3623
1991.789	3604
1993.874	3600
1995.956	3571
1998.041	3557
2000.123	3660
2002.206	3575
2004.287	3525
2006.368	3465
2008.449	3605
2010.529	3555
2012.609	3533
2014.688	3507
2016.766	3504
2018.843	3480
2020.922	3554
2022.999	3532
2025.074	3555
2027.15	3622
2029.225	3640
2031.299	3572
2033.375	3519
2035.447	3554
2037.52	3481
2039.592	3596
2041.664	3493
2043.736	3562
2045.807	3531
2047.876	3520
2049.947	3611
2052.015	3615
2054.086	3512
2056.153	3624
2058.221	3541
2060.288	3658
2062.353	3580
2064.42	3576
2066.486	3601
2068.55	3502
2070.614	3533
2072.678	3586
2074.741	3598
2076.805	3614
2078.866	3623
2080.929	3614
2082.99	3573
2085.049	3551
2087.109	3562
2089.17	3571
2091.228	3683
2093.286	3567
2095.344	3603
2097.4	3611
2099.46	3546
2101.516	3549
2103.572	3515
2105.626	3638
2107.679	3579
2109.735	3624
2111.788	3572
2113.841	3519
2115.894	3581
2117.945	3515
2119.997	3565
2122.049	3559
2124.1	3598
2126.148	3593
2128.197	3580
2130.246	3615
2132.296	3528
2134.342	3598
2136.39	3610
2138.437	3607
2140.483	3527
2142.527	3585
2144.574	3546
2146.619	3557
2148.661	3580
2150.705	3609
2152.747	3567
2154.792	3605
2156.832	3527
2158.874	3613
2160.915	3581
2162.954	3510
2164.995	3589
2167.034	3584
2169.072	3535
2171.111	3547
2173.148	3465
2175.186	3590
2177.223	3541
2179.258	3578
2181.294	3561
2183.328	3555
2185.362	3514
2187.398	3475
2189.431	3543
2191.463	3556
2193.495	3602
2195.528	3496
2197.56	3536
2199.59	3532
2201.62	3499
2203.649	3455
2205.678	3517
2207.708	3478
2209.737	3465
2211.764	3573
2213.791	3506
2215.817	3451
2217.843	3514
2219.87	3476
2221.895	3469
2223.919	3466
2225.942	3483
2227.966	3501
2229.988	3508
2232.012	3534
2234.032	3574
2236.054	3518
2238.074	3477
2240.095	3583
2242.116	3554
2244.135	3548
2246.153	3515
2248.171	3522
2250.188	3413
2252.208	3593
2254.223	3506
2256.239	3543
2258.255	3509
2260.269	3490
2262.283	3475
2264.3	3492
2266.312	3512
2268.325	3560
2270.336	3569
2272.349	3554
2274.362	3484
2276.372	3473
2278.383	3512
2280.392	3488
2282.402	3472
2284.409	3435
2286.418	3413
2288.427	3469
2290.433	3533
2292.441	3539
2294.446	3566
2296.453	3458
2298.459	3572
2300.463	3517
2302.466	3537
2304.471	3401
2306.475	3547
2308.477	3443
2310.478	3443
2312.481	3588
2314.481	3519
2316.481	3499
2318.482	3480
2320.482	3464
2322.48	3506
2324.48	3484
2326.478	3466
2328.476	3396
2330.473	3464
2332.469	3480
2334.465	3423
2336.46	3497
2338.454	3471
2340.45	3473
2342.444	3513
2344.437	3467
2346.43	3467
2348.421	3478
2350.414	3418
2352.405	3457
2354.396	3488
2356.386	3440
2358.376	3412
2360.366	3517
2362.355	3449
2364.343	3452
2366.331	3375
2368.317	3460
2370.304	3416
2372.292	3327
2374.278	3386
2376.262	3426
2378.247	3399
2380.23	3429
2382.216	3448
2384.199	3414
2386.181	3337
2388.163	3491
2390.144	3453
2392.127	3440
2394.107	3335
2396.087	3433
2398.066	3479
2400.046	3471
2402.023	3362
2404.004	3343
2405.981	3352
2407.957	3396
2409.934	3419
2411.91	3411
2413.886	3398
2415.862	3379
2417.836	3386
2419.809	3450
2421.784	3453
2423.756	3379
2425.73	3395
2427.701	3416
2429.672	3417
2431.644	3395
2433.615	3417
2435.586	3399
2437.555	3378
2439.523	3403
2441.491	3460
2443.459	3487
2445.428	3406
2447.395	3447
2449.361	3392
2451.327	3386
2453.292	3386
2455.257	3393
2457.223	3424
2459.187	3399
2461.15	3339
2463.113	3408
2465.076	3368
2467.039	3363
2468.999	3387
2470.96	3417
2472.921	3375
2474.881	3414
2476.841	3383
2478.8	3431
2480.759	3435
2482.717	3340
2484.675	3427
2486.63	3431
2488.589	3380
2490.545	3416
2492.5	3393
2494.455	3347
2496.408	3421
2498.364	3258
2500.318	3353
2502.27	3363
2504.223	3349
2506.174	3366
2508.126	3376
2510.078	3384
2512.03	3356
2513.979	3417
2515.927	3387
2517.877	3351
2519.826	3303
2521.775	3347
2523.722	3351
2525.668	3384
2527.616	3347
2529.561	3425
2531.508	3362
2533.452	3367
2535.398	3386
2537.342	3338
2539.284	3256
2541.229	3331
2543.173	3300
2545.114	3356
2547.055	3278
2548.996	3383
2550.938	3384
2552.878	3349
2554.817	3330
2556.756	3345
2558.695	3291
2560.633	3289
2562.572	3246
2564.509	3360
2566.445	3397
2568.382	3365
2570.317	3304
2572.254	3379
2574.189	3395
2576.123	3353
2578.057	3331
2579.99	3356
2581.923	3370
2583.855	3339
2585.788	3425
2587.719	3372
2589.65	3274
2591.579	3328
2593.511	3372
2595.44	3354
2597.37	3321
2599.297	3366
2601.225	3412
2603.153	3371
2605.08	3319
2607.007	3381
2608.932	3427
2610.858	3319
2612.782	3342
2614.709	3362
2616.632	3350
2618.556	3404
2620.478	3414
2622.401	3323
2624.324	3331
2626.247	3363
2628.167	3446
2630.088	3379
2632.008	3354
2633.928	3309
2635.848	3373
2637.766	3351
2639.684	3343
2641.603	3292
2643.519	3319
2645.437	3437
2647.353	3318
2649.27	3324
2651.184	3413
2653.099	3326
2655.014	3336
2656.928	3380
2658.842	3252
2660.755	3394
2662.667	3348
2664.579	3300
2666.491	3409
2668.402	3343
2670.312	3272
2672.222	3375
2674.132	3426
2676.042	3313
2677.951	3375
2679.859	3282
2681.766	3326
2683.674	3343
2685.582	3335
2687.488	3420
2689.392	3312
2691.298	3396
2693.202	3278
2695.107	3277
2697.012	3367
2698.914	3377
2700.817	3261
2702.72	3330
2704.622	3357
2706.524	3307
2708.425	3305
2710.326	3412
2712.225	3300
2714.125	3343
2716.024	3310
2717.923	3303
2719.822	3337
2721.719	3251
2723.616	3298
2725.512	3299
2727.41	3292
2729.305	3357
2731.201	3308
2733.095	3336
2734.99	3298
2736.884	3381
2738.778	3297
2740.67	3297
2742.562	3340
2744.455	3310
2746.346	3393
2748.238	3314
2750.129	3295
2752.018	3320
2753.907	3263
2755.797	3352
2757.687	3299
2759.575	3301
2761.462	3249
2763.349	3296
2765.237	3368
2767.124	3338
2769.009	3304
2770.894	3309
2772.779	3377
2774.663	3272
2776.547	3359
2778.431	3305
2780.314	3317
2782.197	3303
2784.078	3336
2785.96	3318
2787.842	3385
2789.723	3276
2791.603	3359
2793.483	3279
2795.362	3306
2797.241	3262
2799.121	3287
2800.997	3284
2802.874	3231
2804.751	3254
2806.628	3286
2808.506	3340
2810.38	3242
2812.255	3221
2814.13	3307
2816.003	3271
2817.878	3318
2819.752	3244
2821.623	3327
2823.496	3331
2825.368	3317
2827.238	3288
2829.111	3326
2830.98	3326
2832.851	3340
2834.719	3284
2836.589	3246
2838.458	3317
2840.327	3302
2842.193	3341
2844.061	3253
2845.927	3292
2847.794	3381
2849.66	3340
2851.525	3296
2853.39	3419
2855.254	3322
2857.117	3404
2858.983	3412
2860.845	3378
2862.707	3447
2864.569	3471
2866.431	3449
2868.293	3410
2870.154	3584
2872.013	3616
2873.873	3575
2875.733	3648
2877.592	3734
2879.451	3682
2881.309	3771
2883.166	3768
2885.022	3735
2886.879	3790
2888.736	3808
2890.591	3794
2892.446	3858
2894.301	3904
2896.155	3822
2898.009	3828
2899.863	3801
2901.716	3814
2903.568	3820
2905.419	3753
2907.27	3858
2909.123	3880
2910.973	3844
2912.824	3898
2914.673	3948
2916.521	3922
2918.372	4005
2920.22	4048
2922.067	4122
2923.914	4088
2925.761	4118
2927.607	4178
2929.455	4203
2931.301	4325
2933.144	4380
2934.99	4365
2936.833	4383
2938.678	4445
2940.522	4485
2942.364	4516
2944.207	4565
2946.048	4621
2947.891	4642
2949.731	4612
2951.571	4646
2953.412	4571
2955.25	4590
2957.09	4496
2958.93	4362
2960.767	4350
2962.606	4345
2964.443	4341
2966.279	4273
2968.116	4173
2969.953	4211
2971.788	4142
2973.623	4152
2975.457	4120
2977.292	3959
2979.127	4003
2980.959	3990
2982.792	3926
2984.624	4049
2986.455	3872
2988.288	3868
2990.119	3840
2991.949	3838
2993.779	3845
2995.608	3790
2997.439	3812
2999.268	3796
3001.096	3670
3002.923	3619
3004.751	3561
3006.578	3511
3008.406	3530
3010.232	3515
3012.057	3424
3013.883	3454
3015.706	3442
3017.532	3460
3019.356	3404
3021.179	3337
3023.002	3248
3024.823	3175
3026.646	3312
3028.469	3226
3030.289	3373
3032.11	3237
3033.93	3290
3035.749	3272
3037.57	3223
3039.39	3252
3041.207	3200
3043.026	3263
3044.842	3262
3046.661	3271
3048.477	3231
3050.294	3315
3052.109	3139
3053.925	3178
3055.739	3203
3057.555	3261
3059.368	3234
3061.181	3243
3062.995	3196
3064.807	3240
3066.62	3148
3068.433	3154
3070.243	3225
3072.054	3184
3073.865	3197
3075.675	3111
3077.485	3176
3079.293	3133
3081.102	3093
3082.911	3158
3084.719	3132
3086.527	3144
3088.333	3138
3090.139	3154
3091.945	3119
3093.75	3131
3095.557	3106
3097.361	3161
3099.165	3062
3100.969	3106
3102.772	3148
3104.575	3090
3106.379	3136
3108.181	3055
3109.982	3089
3111.783	3093
3113.584	3132
3115.386	3060
3117.186	3002
3118.985	3076
3120.783	3091
3122.582	3017
3124.381	3052
3126.179	3055
3127.975	3032
3129.772	3074
3131.569	3099
3133.365	3082
3135.161	3053
3136.956	3039
3138.751	2986
3140.544	3041
3142.338	3075
3144.132	3017
3145.925	2998
3147.717	3086
3149.509	3120
3151.301	3052
3153.091	2998
3154.884	3061
3156.673	3028
3158.462	2996
3160.252	3129
3162.041	2972
3163.831	2962
3165.618	3035
3167.405	3069
3169.193	3079
3170.979	3063
3172.767	3009
3174.553	3054
3176.338	2986
3178.123	3095
3179.907	3067
3181.692	2998
3183.477	3102
3185.259	3102
3187.042	3021
3188.824	3020
3190.607	3062
3192.389	2974
3194.17	3070
3195.951	3086
3197.73	2986
3199.51	3033
3201.289	2988
3203.07	3029
3204.848	3066
3206.626	2968
3208.403	3103
3210.18	3051
3211.959	3013
3213.735	3102
3215.511	3013
3217.285	3056
3219.06	2981
3220.836	2988
3222.611	3026
3224.384	3066
3226.158	3036
3227.929	3083
3229.702	2986
3231.476	3059
3233.248	2990
3235.018	3060
3236.789	3079
3238.56	3011
3240.33	3048
3242.1	3003
3243.869	3052
3245.637	3101
3247.405	3068
3249.172	3106
3250.941	3051
3252.707	2965
3254.474	3002
3256.24	3047
3258.006	3031
3259.772	2970
3261.537	3068
3263.301	3018
3265.065	3057
3266.828	3025
3268.592	3027
3270.355	3016
3272.117	3024
3273.878	3075
3275.64	3028
3277.401	3046
3279.162	3039
3280.922	3046
3282.682	3089
3284.441	3001
3286.199	3029
3287.959	3050
3289.716	3044
3291.475	3031
3293.232	3019
3294.988	3044
3296.744	3016
3298.501	3106
3300.256	3074
3302.011	3068
3303.766	3084
3305.52	3017
3307.275	3021
3309.028	3083
3310.781	3063
3312.533	3083
3314.285	3130
3316.038	3024
3317.789	3077
3319.54	3095
3321.289	3036
3323.039	3089
3324.789	3013
3326.539	3050
3328.288	3041
3330.035	3082
3331.783	2988
3333.531	3041
3335.28	3047
3337.025	3005
3338.771	3049
3340.518	3073
3342.262	3049
3344.009	3051
3345.753	3006
3347.497	3100
3349.24	3023
3350.983	3037
3352.726	3088
3354.469	2986
3356.212	3009
3357.952	3055
3359.694	3007
3361.434	3027
3363.176	2932
3364.916	2999
3366.654	3001
3368.394	2964
3370.132	2974
3371.871	2983
3373.61	2991
3375.346	2900
3377.083	3028
3378.82	2935
3380.556	2974
3382.292	2961
3384.027	2965
3385.763	2983
3387.497	3002
3389.231	2993
3390.965	2951
3392.698	2980
3394.431	2902
3396.164	2898
3397.896	2876
3399.627	2927
3401.36	2891
3403.09	2954
3404.82	2947
3406.55	2980
3408.279	2844
3410.01	2975
3411.738	2895
3413.467	2935
3415.194	2902
3416.92	2922
3418.647	2974
3420.375	2890
3422.102	2949
3423.827	2880
3425.553	2947
3427.277	2780
3429.003	2861
3430.727	2915
3432.451	2883
3434.173	2847
3435.896	2923
3437.62	2842
3439.343	2902
3441.063	2869
3442.785	2872
3444.505	2823
3446.226	2870
3447.948	2808
3449.666	2836
3451.386	2851
3453.104	2867
3454.823	2805
3456.541	2853
3458.259	2881
3459.976	2834
3461.693	2795
3463.408	2810
3465.125	2816
3466.841	2789
3468.556	2801
3470.271	2810
3471.985	2826
3473.698	2720
3475.414	2806
3477.126	2803
3478.838	2877
3480.55	2760
3482.263	2768
3483.975	2796
3485.686	2794
3487.396	2779
3489.106	2743
3490.817	2769
3492.526	2768
3494.236	2699
3495.944	2731
3497.652	2776
3499.359	2725
3501.066	2779
3502.775	2742
3504.481	2759
3506.187	2696
3507.893	2690
3509.598	2686
3511.304	2677
3513.009	2710
3514.713	2699
3516.417	2695
3518.12	2644
3519.821	2703
3521.525	2665
3523.228	2690
3524.929	2656
3526.631	2734
3528.33	2642
3530.032	2677
3531.733	2697
3533.433	2668
3535.131	2639
3536.83	2633
3538.529	2664
3540.227	2659
3541.925	2613
3543.623	2605
3545.319	2549
3547.016	2658
3548.712	2641
3550.408	2614
3552.103	2647
3553.798	2571
3555.491	2583
3557.188	2618
3558.88	2606
3560.574	2552
3562.266	2549
3563.959	2667
3565.651	2618
3567.343	2588
3569.035	2553
3570.725	2655
3572.415	2561
3574.106	2596
3575.797	2555
3577.485	2595
3579.174	2667
3580.863	2565
3582.551	2594
3584.238	2578
3585.926	2601
3587.613	2520
3589.3	2565
3590.986	2528
3592.671	2602
3594.357	2485
3596.042	2492
3597.726	2515
3599.41	2545
3601.094	2550
3602.778	2512
3604.461	2549
3606.143	2490
3607.825	2462
3609.507	2453
3611.188	2472
3612.87	2424
3614.551	2407
3616.229	2459
3617.909	2527
3619.589	2478
3621.269	2478
3622.948	2475
3624.625	2482
3626.302	2464
3627.98	2422
3629.657	2492
3631.334	2536
3633.01	2418
3634.686	2379
3636.361	2451
3638.036	2510
3639.712	2402
3641.385	2466
3643.06	2443
3644.732	2418
3646.405	2397
3648.08	2404
3649.751	2440
3651.424	2417
3653.094	2376
3654.766	2441
3656.436	2387
3658.106	2383
3659.777	2416
3661.446	2422
3663.115	2364
3664.783	2389
3666.452	2388
3668.121	2426
3669.788	2321
3671.454	2395
3673.121	2337
3674.789	2346
3676.455	2326
3678.12	2297
3679.784	2375
3681.45	2336
3683.114	2374
3684.779	2385
3686.442	2377
3688.105	2308
3689.768	2332
3691.43	2420
3693.093	2324
3694.754	2315
3696.415	2339
3698.076	2338
3699.736	2333
3701.396	2334
3703.057	2341
3704.716	2303
3706.375	2349
3708.034	2394
3709.692	2359
3711.351	2346
3713.008	2299
3714.665	2384
3716.321	2343
3717.977	2348
3719.634	2375
3721.29	2325
3722.945	2310
3724.598	2354
3726.253	2352
3727.907	2292
3729.561	2339
3731.214	2278
3732.867	2279
3734.518	2303
3736.171	2248
3737.824	2275
3739.474	2308
3741.125	2313
3742.775	2286
3744.425	2292
3746.074	2289
3747.725	2256
3749.373	2316
3751.022	2296
3752.669	2280
3754.318	2270
3755.966	2276
3757.612	2269
3759.259	2228
3760.905	2197
3762.55	2241
3764.197	2262
3765.842	2315
3767.486	2248
3769.131	2389
3770.774	2276
3772.417	2285
3774.061	2246
3775.705	2254
3777.347	2278
3778.988	2204
3780.629	2246
3782.271	2239
3783.912	2261
3785.552	2218
3787.192	2241
3788.831	2251
3790.472	2180
3792.112	2259
3793.75	2227
3795.388	2211
3797.024	2175
3798.661	2267
3800.3	2189
3801.936	2220
3803.572	2198
3805.208	2184
3806.844	2199
3808.48	2234
3810.115	2210
3811.748	2212
3813.382	2186
3815.016	2172
3816.649	2202
3818.283	2178
3819.914	2254
3821.547	2145
3823.178	2181
3824.809	2172
3826.441	2188
3828.072	2211
3829.701	2218
3831.331	2177
3832.96	2219
3834.591	2107
3836.219	2153
3837.847	2212
3839.475	2156
3841.102	2232
3842.729	2171
3844.357	2202
3845.984	2215
3847.609	2159
3849.234	2121
3850.86	2212
3852.485	2214
3854.11	2157
3855.734	2131
3857.357	2136
3858.981	2117
3860.603	2173
3862.227	2123
3863.848	2099
3865.471	2135
3867.092	2149
3868.713	2163
3870.334	2057
3871.954	2204
3873.575	2132
3875.194	2174
3876.813	2208
3878.433	2108
3880.051	2187
3881.669	2137
3883.286	2093
3884.904	2127
3886.52	2208
3888.138	2215
3889.754	2138
3891.37	2140
3892.985	2193
3894.6	2155
3896.216	2160
3897.831	2053
3899.444	2144
3901.058	2129
3902.67	2122
3904.283	2090
3905.897	2157
3907.509	2092
3909.121	2080
3910.731	2069
3912.342	2119
3913.954	2135
3915.563	2118
3917.174	2135
3918.783	2178
3920.391	2079
3922.002	2108
3923.611	2079
3925.218	2084
3926.826	2078
3928.432	2125
3930.039	2085
3931.647	2144
3933.253	2122
3934.859	2056
3936.464	2144
3938.068	2014
3939.675	2125
3941.278	2043
3942.883	2098
3944.486	2089
3946.089	2068
3947.692	2049
3949.295	2087
3950.898	2041
3952.499	2094
3954.1	2130
3955.7	2070
3957.303	2098
3958.903	2052
3960.502	2082
3962.101	2082
3963.7	2111
3965.301	2089
3966.899	2094
3968.497	2106
3970.094	2069
3971.691	2052
3973.288	2145
3974.885	2036
3976.481	2120
3978.077	1998
3979.672	2077
3981.267	2076
3982.863	2046
3984.457	1993
3986.051	2033
3987.645	2013
3989.238	2014
3990.831	2071
3992.425	2005
3994.017	2001
3995.607	1990
3997.199	2075
3998.79	2033
4000.382	2005
4001.973	2052
4003.561	1994
4005.151	2000
4006.741	2042
4008.331	2027
4009.918	1992
4011.507	2005
4013.095	1982
4014.681	2014
4016.269	1942
4017.856	1998
4019.443	2009
4021.028	1988
4022.614	1965
4024.199	2016
4025.785	2005
4027.37	1987
4028.953	1976
4030.536	1961
4032.12	1995
4033.704	1938
4035.287	1946
4036.869	1971
4038.45	1935
4040.032	1988
4041.613	2001
4043.195	1985
4044.776	1933
4046.356	1937
4047.935	1954
4049.515	1936
4051.095	1918
4052.674	1943
4054.251	1911
4055.829	1909
4057.406	2005
4058.985	1909
4060.562	1970
4062.139	1933
4063.715	1947
4065.29	1933
4066.865	1947
4068.442	1906
4070.016	1984
4071.59	1916
4073.164	1956
4074.738	1914
4076.312	1907
4077.885	1939
4079.458	1907
4081.03	1934
4082.602	1916
4084.173	1926
4085.745	1915
4087.315	1915
4088.886	1922
4090.456	1929
4092.026	1938
4093.596	1880
4095.165	1974
4096.734	1915
4098.301	1924
4099.869	1915
4101.437	1919
4103.006	1996
4104.572	1862
4106.139	1916
4107.704	1884
4109.27	1887
4110.837	1897
4112.401	1916
4113.966	1901
4115.53	1835
4117.094	1933
4118.659	1886
4120.223	1899
4121.785	1874
4123.347	1873
4124.909	1881
4126.471	1856
4128.034	1887
4129.595	1893
4131.155	1799
4132.716	1811
4134.275	1901
4135.836	1848
4137.395	1901
4138.955	1913
4140.513	1925
4142.071	1862
4143.628	1840
4145.188	1872
4146.745	1832
4148.302	1883
4149.858	1882
4151.414	1826
4152.971	1842
4154.526	1848
4156.081	1846
4157.635	1866
4159.189	1821
4160.745	1852
4162.298	1856
4163.852	1808
4165.405	1841
4166.957	1859
4168.51	1875
4170.063	1845
4171.614	1838
4173.166	1844
4174.717	1844
4176.267	1771
4177.817	1821
4179.368	1775
4180.917	1815
4182.466	1838
4184.016	1814
4185.564	1789
4187.112	1825
4188.66	1767
4190.207	1797
4191.754	1795
4193.301	1804
4194.848	1737
4196.394	1757
4197.94	1826
4199.484	1764
4201.03	1812
4202.575	1821
4204.12	1746
4205.663	1780
4207.207	1770
4208.75	1786
4210.292	1736
4211.836	1793
4213.378	1792
4214.92	1806
4216.46	1751
4218.002	1801
4219.544	1782
4221.083	1728
4222.625	1765
4224.164	1723
4225.703	1783
4227.244	1797
4228.782	1752
4230.32	1761
4231.857	1757
4233.395	1811
4234.933	1755
4236.471	1758
4238.007	1783
4239.542	1745
4241.078	1738
4242.614	1761
4244.15	1737
4245.685	1743
4247.219	1752
4248.753	1760
4250.287	1749
4251.82	1760
4253.354	1744
4254.887	1806
4256.419	1727
4257.951	1715
4259.483	1780
4261.016	1729
4262.547	1778
4264.078	1768
4265.608	1746
4267.137	1748
4268.668	1737
4270.197	1757
4271.727	1661
4273.254	1760
4274.783	1748
4276.311	1706
4277.84	1758
4279.366	1729
4280.894	1726
4282.42	1729
4283.946	1697
4285.473	1703
4286.998	1710
4288.523	1666
4290.047	1687
4291.572	1673
4293.096	1680
4294.622	1686
4296.144	1718
4297.668	1704
4299.19	1713
4300.713	1698
4302.236	1678
4303.758	1689
4305.279	1702
4306.799	1728
4308.321	1685
4309.842	1701
4311.361	1693
4312.882	1717
4314.401	1705
