400.0961	2377
402.6185	2328
405.1424	2318
407.6635	2313
410.1838	2364
412.7035	2342
415.2225	2365
417.7388	2347
420.2585	2397
422.7754	2470
425.2917	2482
427.8072	2462
430.3221	2481
432.8363	2465
435.3498	2546
437.8626	2417
440.3727	2498
442.8841	2497
445.3969	2489
447.907	2423
450.4142	2466
452.9229	2464
455.4289	2487
457.9362	2453
460.4449	2443
462.9488	2463
465.454	2420
467.9566	2361
470.4604	2388
472.9637	2511
475.4662	2451
477.966	2445
480.4671	2495
482.9656	2437
485.4633	2429
487.9645	2443
490.4608	2443
492.9566	2417
495.4536	2469
497.948	2467
500.4437	2482
502.9387	2451
505.431	2423
507.9226	2495
510.4136	2408
512.9079	2471
515.3975	2426
517.8864	2414
520.3746	2460
522.8622	2471
525.3491	2512
527.8394	2508
530.3249	2506
532.8098	2509
535.2939	2533
537.7774	2472
540.2623	2500
542.7444	2502
545.2259	2502
547.7067	2484
550.1868	2428
552.6683	2538
555.147	2529
557.6231	2488
560.1005	2513
562.5773	2536
565.0534	2543
567.5308	2528
570.0056	2598
572.4776	2630
574.951	2560
577.4237	2664
579.8978	2558
582.3671	2669
584.8378	2653
587.3079	2684
589.7773	2675
592.244	2622
594.714	2683
597.1793	2663
599.6461	2631
602.1121	2553
604.5754	2546
607.0421	2620
609.5042	2621
611.9675	2562
614.4282	2632
616.8902	2527
619.3515	2595
621.8122	2589
624.2702	2612
626.7296	2549
629.1863	2511
631.6423	2596
634.1017	2558
636.5563	2612
639.0104	2538
641.4658	2521
643.9185	2573
646.3725	2529
648.8239	2564
651.2766	2562
653.7266	2541
656.176	2605
658.6247	2612
661.0748	2571
663.5242	2567
665.9709	2606
668.417	2696
670.8624	2560
673.3092	2616
675.7533	2533
678.1968	2659
680.6395	2652
683.0817	2591
685.5251	2651
687.9659	2607
690.4061	2625
692.8456	2635
695.2844	2561
697.7226	2603
700.1621	2683
702.599	2651
705.0332	2660
707.4688	2690
709.9036	2646
712.3399	2645
714.7735	2841
717.2044	2712
719.6367	2712
722.0683	2654
724.4993	2711
726.9296	2730
729.3593	2769
731.7883	2746
734.2147	2796
736.6423	2749
739.0714	2759
741.4958	2709
743.9216	2707
746.3447	2789
748.7691	2759
751.1929	2763
753.616	2829
756.0366	2875
758.4584	2756
760.8776	2808
763.2982	2814
765.718	2777
768.1373	2855
770.5539	2836
772.9698	2857
775.3871	2781
777.8038	2821
780.2178	2805
782.6332	2798
785.0459	2778
787.458	2757
789.8714	2835
792.2842	2904
794.6943	2870
797.1038	2845
799.5127	2853
801.9209	2811
804.3324	2877
806.7393	2798
809.1456	2941
811.5513	2826
813.9562	2869
816.3625	2851
818.7663	2910
821.1693	2909
823.5718	2889
825.9735	2900
828.3746	2907
830.7771	2775
833.177	2864
835.5762	2868
837.9747	2882
840.3727	2895
842.772	2917
845.1666	2894
847.5626	2998
849.958	2926
852.3527	2961
854.7488	2954
857.1403	2951
859.5331	2879
861.9253	2858
864.3168	2930
866.7057	2885
869.098	2936
871.4876	2881
873.8746	2898
876.263	2925
878.6487	2988
881.0378	2958
883.4243	2969
885.8081	2915
888.1933	2936
890.5759	2962
892.9598	2823
895.343	2900
897.7256	2914
900.1057	2946
902.4871	2888
904.8659	2901
907.246	2988
909.6254	2948
912.0023	2946
914.3786	2962
916.7562	3088
919.1331	3078
921.5074	3152
923.8831	3094
926.2562	3089
928.6287	3138
931.0005	3132
933.3757	3170
935.7462	3130
938.1162	3174
940.4855	3225
942.8542	3262
945.2242	3354
947.5916	3341
949.9584	3373
952.3266	3509
954.6921	3731
957.0571	3957
959.4233	4138
961.787	4294
964.15	4120
966.5125	4031
968.8742	3861
971.2354	3597
973.5959	3503
975.9559	3255
978.3151	3246
980.6738	3139
983.0338	3098
985.3912	3089
987.7461	3085
990.1022	3018
992.4578	3020
994.8127	3001
997.1689	3022
999.5207	3145
1001.874	3086
1004.226	3059
1006.576	3063
1008.929	3135
1011.28	3066
1013.628	3104
1015.977	3057
1018.324	3075
1020.674	3119
1023.019	3129
1025.366	3043
1027.713	3060
1030.056	3044
1032.399	3165
1034.746	3101
1037.087	3088
1039.431	3172
1041.771	3155
1044.113	3132
1046.454	3104
1048.793	3142
1051.133	3212
1053.471	3086
1055.807	3142
1058.146	3160
1060.483	3166
1062.818	3145
1065.153	3253
1067.489	3234
1069.822	3248
1072.156	3274
1074.488	3251
1076.82	3240
1079.15	3228
1081.48	3115
1083.814	3162
1086.143	3196
1088.471	3214
1090.799	3101
1093.126	3202
1095.452	3111
1097.78	3047
1100.105	3182
1102.43	3070
1104.754	3091
1107.077	3177
1109.4	3138
1111.722	3138
1114.044	3146
1116.365	3000
1118.685	3091
1121.005	3107
1123.324	3105
1125.643	3191
1127.961	3131
1130.278	3063
1132.595	3099
1134.911	3078
1137.226	3049
1139.541	3079
1141.854	3016
1144.167	3104
1146.482	3131
1148.793	3068
1151.105	3122
1153.414	3143
1155.725	3068
1158.033	3121
1160.344	3139
1162.651	3090
1164.959	3105
1167.265	3131
1169.572	3075
1171.878	3131
1174.184	3104
1176.488	3196
1178.79	3151
1181.094	3116
1183.396	3174
1185.699	3128
1188.001	3159
1190.301	3076
1192.6	3041
1194.9	3181
1197.2	3085
1199.497	3126
1201.794	3174
1204.09	3209
1206.387	3100
1208.684	3172
1210.978	3157
1213.272	3103
1215.565	3132
1217.858	3089
1220.15	3219
1222.443	3132
1224.734	3125
1227.024	3182
1229.313	3172
1231.602	3174
1233.892	3249
1236.18	3251
1238.467	3312
1240.754	3286
1243.04	3244
1245.325	3230
1247.612	3255
1249.896	3277
1252.178	3323
1254.461	3342
1256.743	3344
1259.027	3311
1261.308	3292
1263.587	3309
1265.867	3186
1268.146	3357
1270.425	3319
1272.703	3310
1274.981	3263
1277.256	3291
1279.532	3269
1281.808	3270
1284.083	3297
1286.358	3256
1288.63	3235
1290.904	3212
1293.175	3196
1295.449	3279
1297.719	3188
1299.99	3246
1302.259	3204
1304.529	3216
1306.798	3247
1309.065	3192
1311.333	3192
1313.599	3313
1315.866	3222
1318.131	3261
1320.396	3255
1322.66	3138
1324.925	3183
1327.187	3217
1329.448	3319
1331.711	3225
1333.974	3307
1336.234	3185
1338.493	3223
1340.752	3227
1343.01	3183
1345.269	3321
1347.526	3212
1349.784	3201
1352.04	3288
1354.295	3289
1356.552	3180
1358.806	3181
1361.059	3257
1363.312	3186
1365.564	3230
1367.818	3258
1370.069	3177
1372.318	3216
1374.568	3144
1376.817	3291
1379.066	3299
1381.316	3168
1383.564	3299
1385.809	3275
1388.056	3360
1390.301	3309
1392.549	3300
1394.793	3476
1397.036	3318
1399.279	3372
1401.522	3405
1403.763	3405
1406.007	3361
1408.248	3363
1410.487	3352
1412.727	3362
1414.965	3380
1417.205	3351
1419.442	3391
1421.68	3347
1423.915	3380
1426.152	3320
1428.388	3379
1430.623	3360
1432.857	3352
1435.091	3385
1437.323	3372
1439.556	3395
1441.789	3470
1444.019	3445
1446.25	3450
1448.48	3463
1450.708	3460
1452.938	3478
1455.167	3494
1457.394	3519
1459.62	3544
1461.846	3455
1464.073	3466
1466.299	3480
1468.523	3382
1470.746	3426
1472.969	3378
1475.191	3339
1477.415	3333
1479.636	3397
1481.858	3359
1484.078	3277
1486.298	3300
1488.518	3182
1490.736	3226
1492.954	3247
1495.169	3175
1497.386	3237
1499.602	3202
1501.819	3236
1504.034	3244
1506.248	3222
1508.462	3200
1510.675	3213
1512.888	3291
1515.1	3212
1517.311	3199
1519.522	3222
1521.732	3222
1523.942	3224
1526.151	3262
1528.36	3243
1530.566	3279
1532.773	3214
1534.98	3255
1537.187	3186
1539.392	3287
1541.596	3296
1543.801	3308
1546.005	3221
1548.208	3231
1550.411	3231
1552.612	3243
1554.814	3298
1557.013	3308
1559.212	3284
1561.414	3323
1563.612	3211
1565.811	3329
1568.007	3299
1570.203	3302
1572.403	3333
1574.598	3312
1576.792	3314
1578.988	3316
1581.181	3362
1583.376	3369
1585.568	3371
1587.761	3300
1589.952	3331
1592.143	3369
1594.333	3280
1596.524	3366
1598.715	3307
1600.903	3298
1603.091	3466
1605.278	3302
1607.466	3378
1609.652	3408
1611.838	3397
1614.023	3412
1616.207	3324
1618.391	3346
1620.576	3436
1622.759	3393
1624.941	3266
1627.123	3464
1629.304	3399
1631.484	3432
1633.664	3414
1635.844	3414
1638.022	3440
1640.201	3409
1642.38	3436
1644.556	3450
1646.732	3340
1648.908	3479
1651.084	3476
1653.257	3512
1655.433	3407
1657.607	3464
1659.779	3500
1661.951	3465
1664.122	3497
1666.295	3545
1668.467	3503
1670.635	3508
1672.805	3467
1674.973	3475
1677.142	3509
1679.31	3517
1681.478	3432
1683.644	3509
1685.81	3478
1687.975	3499
1690.142	3451
1692.305	3527
1694.468	3397
1696.632	3416
1698.794	3360
1700.957	3332
1703.119	3460
1705.279	3440
1707.439	3392
1709.598	3331
1711.758	3386
1713.917	3407
1716.075	3285
1718.231	3440
1720.388	3376
1722.543	3312
1724.702	3378
1726.856	3330
1729.01	3301
1731.164	3296
1733.317	3386
1735.471	3289
1737.623	3325
1739.774	3362
1741.925	3357
1744.075	3462
1746.225	3320
1748.376	3372
1750.524	3370
1752.672	3394
1754.82	3350
1756.965	3334
1759.113	3408
1761.259	3339
1763.405	3393
1765.549	3320
1767.694	3367
1769.836	3311
1771.981	3364
1774.123	3392
1776.264	3296
1778.405	3390
1780.546	3406
1782.687	3380
1784.827	3420
1786.966	3345
1789.103	3335
1791.242	3394
1793.381	3397
1795.517	3367
1797.653	3445
1799.788	3388
1801.923	3411
1804.057	3412
1806.193	3347
1808.326	3418
1810.457	3400
1812.59	3398
1814.721	3373
1816.855	3365
1818.984	3302
1821.113	3290
1823.244	3397
1825.372	3390
1827.499	3374
1829.63	3314
1831.756	3348
1833.882	3383
1836.007	3305
1838.132	3416
1840.26	3365
1842.384	3416
1844.507	3387
1846.63	3348
1848.752	3498
1850.875	3341
1852.996	3312
1855.118	3309
1857.238	3327
1859.358	3340
1861.477	3321
1863.597	3468
1865.715	3337
1867.832	3302
1869.948	3344
1872.064	3317
1874.181	3420
1876.297	3392
1878.411	3309
1880.526	3360
1882.639	3324
1884.752	3271
1886.865	3394
1888.977	3302
1891.089	3346
1893.2	3338
1895.308	3371
1897.42	3443
1899.53	3384
1901.639	3401
1903.745	3376
1905.853	3354
1907.962	3444
1910.067	3405
1912.174	3461
1914.278	3352
1916.383	3376
1918.486	3381
1920.592	3383
1922.694	3480
1924.797	3402
1926.898	3390
1929	3484
1931.102	3377
1933.203	3418
1935.301	3433
1937.401	3427
1939.499	3441
1941.598	3421
1943.697	3433
1945.793	3461
1947.888	3364
1949.985	3373
1952.08	3386
1954.176	3401
1956.269	3378
1958.364	3459
1960.457	3472
1962.549	3480
1964.642	3437
1966.733	3361
1968.823	3395
1970.913	3427
1973.005	3351
1975.093	3462
1977.184	3404
1979.271	3377
1981.359	3403
1983.446	3370
1985.532	3392
1987.619	3408
1989.705	3417
1991.789	3385
1993.874	3428
1995.956	3339
1998.041	3372
2000.123	3457
2002.206	3279
2004.287	3357
2006.368	3268
2008.449	3334
2010.529	3380
2012.609	3372
2014.688	3380
2016.766	3367
2018.843	3404
2020.922	3416
2022.999	3370
2025.074	3420
2027.15	3496
2029.225	3400
2031.299	3344
2033.375	3426
2035.447	3412
2037.52	3419
2039.592	3374
2041.664	3414
2043.736	3380
2045.807	3416
2047.876	3446
2049.947	3402
2052.015	3408
2054.086	3366
2056.153	3358
2058.221	3415
2060.288	3484
2062.353	3408
2064.42	3366
2066.486	3399
2068.55	3389
2070.614	3387
2072.678	3450
2074.741	3426
2076.805	3453
2078.866	3456
2080.929	3379
2082.99	3413
2085.049	3398
2087.109	3420
2089.17	3448
2091.228	3368
2093.286	3407
2095.344	3443
2097.4	3422
2099.46	3410
2101.516	3411
2103.572	3451
2105.626	3382
2107.679	3335
2109.735	3408
2111.788	3322
2113.841	3433
2115.894	3411
2117.945	3443
2119.997	3336
2122.049	3309
2124.1	3301
2126.148	3379
2128.197	3400
2130.246	3352
2132.296	3407
2134.342	3419
2136.39	3356
2138.437	3403
2140.483	3335
2142.527	3365
2144.574	3399
2146.619	3455
2148.661	3385
2150.705	3347
2152.747	3459
2154.792	3427
2156.832	3348
2158.874	3405
2160.915	3414
2162.954	3398
2164.995	3387
2167.034	3458
2169.072	3315
2171.111	3285
2173.148	3414
2175.186	3379
2177.223	3378
2179.258	3490
2181.294	3411
2183.328	3350
2185.362	3358
2187.398	3269
2189.431	3306
2191.463	3382
2193.495	3311
2195.528	3286
2197.56	3407
2199.59	3336
2201.62	3290
2203.649	3294
2205.678	3363
2207.708	3308
2209.737	3326
2211.764	3371
2213.791	3227
2215.817	3385
2217.843	3325
2219.87	3366
2221.895	3300
2223.919	3308
2225.942	3343
2227.966	3334
2229.988	3303
2232.012	3301
2234.032	3402
2236.054	3305
2238.074	3359
2240.095	3220
2242.116	3388
2244.135	3301
2246.153	3307
2248.171	3293
2250.188	3288
2252.208	3312
2254.223	3296
2256.239	3408
2258.255	3371
2260.269	3366
2262.283	3384
2264.3	3282
2266.312	3345
2268.325	3323
2270.336	3270
2272.349	3237
2274.362	3256
2276.372	3335
2278.383	3339
2280.392	3408
2282.402	3315
2284.409	3340
2286.418	3400
2288.427	3367
2290.433	3299
2292.441	3301
2294.446	3343
2296.453	3316
2298.459	3344
2300.463	3364
2302.466	3402
2304.471	3294
2306.475	3378
2308.477	3285
2310.478	3309
2312.481	3314
2314.481	3298
2316.481	3287
2318.482	3275
2320.482	3379
2322.48	3388
2324.48	3300
2326.478	3305
2328.476	3312
2330.473	3327
2332.469	3330
2334.465	3404
2336.46	3279
2338.454	3307
2340.45	3294
2342.444	3326
2344.437	3316
2346.43	3285
2348.421	3357
2350.414	3286
2352.405	3303
2354.396	3267
2356.386	3217
2358.376	3218
2360.366	3222
2362.355	3376
2364.343	3231
2366.331	3400
2368.317	3269
2370.304	3247
2372.292	3244
2374.278	3264
2376.262	3326
2378.247	3293
2380.23	3261
2382.216	3246
2384.199	3250
2386.181	3275
2388.163	3304
2390.144	3211
2392.127	3293
2394.107	3244
2396.087	3252
2398.066	3221
2400.046	3249
2402.023	3271
2404.004	3291
2405.981	3161
2407.957	3283
2409.934	3224
2411.91	3299
2413.886	3238
2415.862	3209
2417.836	3199
2419.809	3319
2421.784	3279
2423.756	3301
2425.73	3248
2427.701	3225
2429.672	3308
2431.644	3279
2433.615	3294
2435.586	3196
2437.555	3267
2439.523	3235
2441.491	3291
2443.459	3281
2445.428	3259
2447.395	3203
2449.361	3205
2451.327	3207
2453.292	3228
2455.257	3182
2457.223	3250
2459.187	3243
2461.15	3244
2463.113	3233
2465.076	3193
2467.039	3174
2468.999	3274
2470.96	3189
2472.921	3296
2474.881	3219
2476.841	3135
2478.8	3182
2480.759	3142
2482.717	3199
2484.675	3211
2486.63	3288
2488.589	3183
2490.545	3225
2492.5	3230
2494.455	3211
2496.408	3224
2498.364	3254
2500.318	3157
2502.27	3234
2504.223	3132
2506.174	3269
2508.126	3188
2510.078	3192
2512.03	3188
2513.979	3274
2515.927	3205
2517.877	3183
2519.826	3198
2521.775	3112
2523.722	3229
2525.668	3214
2527.616	3141
2529.561	3209
2531.508	3236
2533.452	3238
2535.398	3223
2537.342	3162
2539.284	3215
2541.229	3245
2543.173	3163
2545.114	3142
2547.055	3185
2548.996	3225
2550.938	3167
2552.878	3270
2554.817	3250
2556.756	3162
2558.695	3200
2560.633	3310
2562.572	3190
2564.509	3188
2566.445	3183
2568.382	3181
2570.317	3173
2572.254	3184
2574.189	3192
2576.123	3204
2578.057	3230
2579.99	3221
2581.923	3216
2583.855	3274
2585.788	3206
2587.719	3191
2589.65	3281
2591.579	3263
2593.511	3255
2595.44	3190
2597.37	3185
2599.297	3263
2601.225	3192
2603.153	3219
2605.08	3206
2607.007	3193
2608.932	3206
2610.858	3243
2612.782	3190
2614.709	3218
2616.632	3194
2618.556	3161
2620.478	3184
2622.401	3196
2624.324	3282
2626.247	3213
2628.167	3267
2630.088	3179
2632.008	3184
2633.928	3216
2635.848	3198
2637.766	3210
2639.684	3196
2641.603	3230
2643.519	3206
2645.437	3208
2647.353	3220
2649.27	3205
2651.184	3252
2653.099	3142
2655.014	3175
2656.928	3230
2658.842	3221
2660.755	3197
2662.667	3265
2664.579	3150
2666.491	3179
2668.402	3173
2670.312	3168
2672.222	3216
2674.132	3225
2676.042	3178
2677.951	3261
2679.859	3226
2681.766	3188
2683.674	3172
2685.582	3240
2687.488	3139
2689.392	3194
2691.298	3171
2693.202	3213
2695.107	3267
2697.012	3149
2698.914	3162
2700.817	3125
2702.72	3186
2704.622	3216
2706.524	3146
2708.425	3146
2710.326	3260
2712.225	3168
2714.125	3236
2716.024	3156
2717.923	3143
2719.822	3176
2721.719	3134
2723.616	3183
2725.512	3236
2727.41	3130
2729.305	3246
2731.201	3127
2733.095	3135
2734.99	3108
2736.884	3163
2738.778	3134
2740.67	3161
2742.562	3120
2744.455	3141
2746.346	3197
2748.238	3135
2750.129	3147
2752.018	3196
2753.907	3206
2755.797	3193
2757.687	3139
2759.575	3164
2761.462	3143
2763.349	3179
2765.237	3207
2767.124	3233
2769.009	3164
2770.894	3219
2772.779	3130
2774.663	3219
2776.547	3201
2778.431	3156
2780.314	3191
2782.197	3250
2784.078	3131
2785.96	3197
2787.842	3097
2789.723	3226
2791.603	3169
2793.483	3179
2795.362	3119
2797.241	3143
2799.121	3189
2800.997	3140
2802.874	3137
2804.751	3042
2806.628	3191
2808.506	3180
2810.38	3155
2812.255	3139
2814.13	3164
2816.003	3141
2817.878	3116
2819.752	3214
2821.623	3123
2823.496	3106
2825.368	3138
2827.238	3122
2829.111	3143
2830.98	3107
2832.851	3098
2834.719	3190
2836.589	3178
2838.458	3120
2840.327	3108
2842.193	3185
2844.061	3135
2845.927	3144
2847.794	3169
2849.66	3237
2851.525	3272
2853.39	3190
2855.254	3211
2857.117	3184
2858.983	3271
2860.845	3269
2862.707	3303
2864.569	3286
2866.431	3272
2868.293	3378
2870.154	3333
2872.013	3363
2873.873	3399
2875.733	3505
2877.592	3478
2879.451	3513
2881.309	3620
2883.166	3598
2885.022	3612
2886.879	3737
2888.736	3578
2890.591	3464
2892.446	3638
2894.301	3657
2896.155	3635
2898.009	3577
2899.863	3749
2901.716	3594
2903.568	3601
2905.419	3661
2907.27	3580
2909.123	3591
2910.973	3577
2912.824	3713
2914.673	3706
2916.521	3711
2918.372	3735
2920.22	3740
2922.067	3881
2923.914	3859
2925.761	3924
2927.607	4018
2929.455	3960
2931.301	4031
2933.144	3968
2934.99	4028
2936.833	4209
2938.678	4175
2940.522	4180
2942.364	4247
2944.207	4299
2946.048	4341
2947.891	4281
2949.731	4398
2951.571	4248
2953.412	4364
2955.25	4284
2957.09	4163
2958.93	4105
2960.767	4108
2962.606	4114
2964.443	4096
2966.279	4084
2968.116	3872
2969.953	3923
2971.788	3855
2973.623	3812
2975.457	3791
2977.292	3792
2979.127	3721
2980.959	3787
2982.792	3691
2984.624	3697
2986.455	3652
2988.288	3666
2990.119	3591
2991.949	3658
2993.779	3642
2995.608	3601
2997.439	3534
2999.268	3538
3001.096	3416
3002.923	3500
3004.751	3354
3006.578	3355
3008.406	3405
3010.232	3337
3012.057	3265
3013.883	3237
3015.706	3236
3017.532	3242
3019.356	3232
3021.179	3179
3023.002	3180
3024.823	3122
3026.646	3106
3028.469	3190
3030.289	3061
3032.11	3164
3033.93	3055
3035.749	3065
3037.57	3070
3039.39	3015
3041.207	3069
3043.026	3199
3044.842	3048
3046.661	3035
3048.477	3078
3050.294	3120
3052.109	3051
3053.925	3067
3055.739	3124
3057.555	3047
3059.368	3068
3061.181	3139
3062.995	3059
3064.807	3076
3066.62	3010
3068.433	3066
3070.243	3016
3072.054	3075
3073.865	3158
3075.675	3081
3077.485	2989
3079.293	3056
3081.102	3067
3082.911	2952
3084.719	3002
3086.527	3040
3088.333	3044
3090.139	2960
3091.945	2990
3093.75	3061
3095.557	3039
3097.361	3016
3099.165	2982
3100.969	2977
3102.772	2953
3104.575	3013
3106.379	2972
3108.181	2889
3109.982	3016
3111.783	2935
3113.584	3068
3115.386	2954
3117.186	2903
3118.985	3077
3120.783	2968
3122.582	2977
3124.381	2926
3126.179	2892
3127.975	2972
3129.772	2921
3131.569	3019
3133.365	2936
3135.161	2887
3136.956	2966
3138.751	2905
3140.544	2922
3142.338	2907
3144.132	2872
3145.925	2963
3147.717	2995
3149.509	2903
3151.301	2945
3153.091	2874
3154.884	2897
3156.673	2874
3158.462	2897
3160.252	2956
3162.041	2927
3163.831	2927
3165.618	2923
3167.405	2829
3169.193	2869
3170.979	2962
3172.767	2929
3174.553	2933
3176.338	2883
3178.123	2880
3179.907	2895
3181.692	2861
3183.477	2957
3185.259	2881
3187.042	2867
3188.824	2984
3190.607	2910
3192.389	2818
3194.17	3015
3195.951	2899
3197.73	2920
3199.51	2925
3201.289	2857
3203.07	2966
3204.848	2863
3206.626	2895
3208.403	2936
3210.18	2905
3211.959	2855
3213.735	2896
3215.511	2913
3217.285	2877
3219.06	2932
3220.836	2856
3222.611	2940
3224.384	2890
3226.158	2874
3227.929	2893
3229.702	2935
3231.476	2949
3233.248	2910
3235.018	2888
3236.789	2910
3238.56	2937
3240.33	2912
3242.1	2965
3243.869	2909
3245.637	2941
3247.405	2927
3249.172	2868
3250.941	2849
3252.707	2895
3254.474	2878
3256.24	2936
3258.006	2974
3259.772	2868
3261.537	2903
3263.301	2886
3265.065	2859
3266.828	2931
3268.592	2861
3270.355	2910
3272.117	2892
3273.878	2835
3275.64	2896
3277.401	2974
3279.162	2921
3280.922	2960
3282.682	2923
3284.441	2867
3286.199	2832
3287.959	2943
3289.716	2873
3291.475	2894
3293.232	2872
3294.988	2976
3296.744	2921
3298.501	2962
3300.256	2855
3302.011	2997
3303.766	2975
3305.52	2967
3307.275	2981
3309.028	2942
3310.781	2952
3312.533	2921
3314.285	2884
3316.038	2916
3317.789	3030
3319.54	2972
3321.289	2945
3323.039	2922
3324.789	2967
3326.539	2937
3328.288	2923
3330.035	2959
3331.783	2874
3333.531	2944
3335.28	2914
3337.025	2965
3338.771	2962
3340.518	2897
3342.262	2837
3344.009	2953
3345.753	2992
3347.497	2881
3349.24	2944
3350.983	2873
3352.726	2897
3354.469	2888
3356.212	2892
3357.952	2821
3359.694	2893
3361.434	2903
3363.176	2858
3364.916	2916
3366.654	2905
3368.394	2858
3370.132	2844
3371.871	2835
3373.61	2877
3375.346	2852
3377.083	2869
3378.82	2816
3380.556	2836
3382.292	2882
3384.027	2831
3385.763	2820
3387.497	2822
3389.231	2840
3390.965	2909
3392.698	2824
3394.431	2760
3396.164	2750
3397.896	2854
3399.627	2934
3401.36	2855
3403.09	2792
3404.82	2791
3406.55	2810
3408.279	2857
3410.01	2809
3411.738	2782
3413.467	2804
3415.194	2842
3416.92	2836
3418.647	2840
3420.375	2863
3422.102	2738
3423.827	2857
3425.553	2769
3427.277	2773
3429.003	2758
3430.727	2722
3432.451	2750
3434.173	2820
3435.896	2816
3437.62	2735
3439.343	2750
3441.063	2713
3442.785	2809
3444.505	2711
3446.226	2762
3447.948	2775
3449.666	2782
3451.386	2721
3453.104	2725
3454.823	2728
3456.541	2729
3458.259	2717
3459.976	2724
3461.693	2716
3463.408	2652
3465.125	2678
3466.841	2703
3468.556	2728
3470.271	2670
3471.985	2718
3473.698	2722
3475.414	2714
3477.126	2682
3478.838	2747
3480.55	2673
3482.263	2621
3483.975	2711
3485.686	2644
3487.396	2641
3489.106	2648
3490.817	2628
3492.526	2636
3494.236	2659
3495.944	2697
3497.652	2656
3499.359	2609
3501.066	2620
3502.775	2611
3504.481	2684
3506.187	2638
3507.893	2622
3509.598	2537
3511.304	2600
3513.009	2594
3514.713	2623
3516.417	2633
3518.12	2638
3519.821	2648
3521.525	2589
3523.228	2564
3524.929	2570
3526.631	2543
3528.33	2581
3530.032	2546
3531.733	2548
3533.433	2541
3535.131	2521
3536.83	2512
3538.529	2604
3540.227	2576
3541.925	2595
3543.623	2565
3545.319	2452
3547.016	2537
3548.712	2579
3550.408	2526
3552.103	2578
3553.798	2481
3555.491	2473
3557.188	2552
3558.88	2495
3560.574	2553
3562.266	2534
3563.959	2479
3565.651	2513
3567.343	2541
3569.035	2515
3570.725	2518
3572.415	2544
3574.106	2519
3575.797	2445
3577.485	2501
3579.174	2490
3580.863	2489
3582.551	2494
3584.238	2473
3585.926	2517
3587.613	2577
3589.3	2493
3590.986	2494
3592.671	2458
3594.357	2416
3596.042	2418
3597.726	2496
3599.41	2396
3601.094	2384
3602.778	2458
3604.461	2428
3606.143	2398
3607.825	2504
3609.507	2408
3611.188	2394
3612.87	2421
3614.551	2400
3616.229	2427
3617.909	2406
3619.589	2414
3621.269	2414
3622.948	2428
3624.625	2367
3626.302	2432
3627.98	2355
3629.657	2407
3631.334	2411
3633.01	2358
3634.686	2348
3636.361	2356
3638.036	2310
3639.712	2318
3641.385	2344
3643.06	2364
3644.732	2363
3646.405	2335
3648.08	2351
3649.751	2301
3651.424	2348
3653.094	2262
3654.766	2319
3656.436	2314
3658.106	2319
3659.777	2302
3661.446	2291
3663.115	2347
3664.783	2330
3666.452	2327
3668.121	2316
3669.788	2279
3671.454	2303
3673.121	2282
3674.789	2321
3676.455	2265
3678.12	2313
3679.784	2313
3681.45	2307
3683.114	2260
3684.779	2329
3686.442	2319
3688.105	2224
3689.768	2261
3691.43	2282
3693.093	2304
3694.754	2305
3696.415	2243
3698.076	2277
3699.736	2222
3701.396	2254
3703.057	2284
3704.716	2293
3706.375	2306
3708.034	2234
3709.692	2264
3711.351	2225
3713.008	2278
3714.665	2284
3716.321	2213
3717.977	2222
3719.634	2261
3721.29	2259
3722.945	2247
3724.598	2252
3726.253	2218
3727.907	2218
3729.561	2277
3731.214	2298
3732.867	2269
3734.518	2140
3736.171	2250
3737.824	2210
3739.474	2209
3741.125	2266
3742.775	2218
3744.425	2189
3746.074	2255
3747.725	2212
3749.373	2249
3751.022	2217
3752.669	2189
3754.318	2243
3755.966	2209
3757.612	2314
3759.259	2283
3760.905	2235
3762.55	2216
3764.197	2221
3765.842	2231
3767.486	2188
3769.131	2189
3770.774	2257
3772.417	2194
3774.061	2184
3775.705	2213
3777.347	2259
3778.988	2166
3780.629	2205
3782.271	2193
3783.912	2171
3785.552	2200
3787.192	2179
3788.831	2197
3790.472	2190
3792.112	2193
3793.75	2138
3795.388	2172
3797.024	2166
3798.661	2169
3800.3	2168
3801.936	2126
3803.572	2130
3805.208	2122
3806.844	2126
3808.48	2164
3810.115	2113
3811.748	2183
3813.382	2257
3815.016	2148
3816.649	2155
3818.283	2124
3819.914	2204
3821.547	2151
3823.178	2120
3824.809	2065
3826.441	2091
3828.072	2155
3829.701	2112
3831.331	2134
3832.96	2142
3834.591	2121
3836.219	2084
3837.847	2079
3839.475	2114
3841.102	2137
3842.729	2142
3844.357	2121
3845.984	2164
3847.609	2133
3849.234	2165
3850.86	2111
3852.485	2105
3854.11	2084
3855.734	2094
3857.357	2123
3858.981	2069
3860.603	2098
3862.227	2063
3863.848	2060
3865.471	2091
3867.092	2128
3868.713	2105
3870.334	2143
3871.954	2084
3873.575	2067
3875.194	2104
3876.813	2116
3878.433	2050
3880.051	2114
3881.669	2088
3883.286	2085
3884.904	2108
3886.52	2127
3888.138	2051
3889.754	2032
3891.37	2087
3892.985	2050
3894.6	2117
3896.216	2054
3897.831	2060
3899.444	2017
3901.058	2022
3902.67	1988
3904.283	2068
3905.897	2104
3907.509	2045
3909.121	2100
3910.731	2049
3912.342	2160
3913.954	2111
3915.563	2028
3917.174	2033
3918.783	2060
3920.391	2050
3922.002	2061
3923.611	2094
3925.218	2100
3926.826	2044
3928.432	2088
3930.039	2076
3931.647	2017
3933.253	2044
3934.859	2011
3936.464	2002
3938.068	2026
3939.675	2038
3941.278	2034
3942.883	2049
3944.486	2050
3946.089	2055
3947.692	2033
3949.295	2034
3950.898	2048
3952.499	2028
3954.1	2037
3955.7	2025
3957.303	2031
3958.903	2013
3960.502	2054
3962.101	2003
3963.7	2025
3965.301	2057
3966.899	2025
3968.497	1981
3970.094	2037
3971.691	2022
3973.288	2005
3974.885	1947
3976.481	2004
3978.077	1961
3979.672	2022
3981.267	2000
3982.863	2031
3984.457	2019
3986.051	1990
3987.645	1969
3989.238	1992
3990.831	2029
3992.425	1963
3994.017	2012
3995.607	1971
3997.199	1998
3998.79	1951
4000.382	1992
4001.973	2008
4003.561	1952
4005.151	2032
4006.741	1961
4008.331	1977
4009.918	1941
4011.507	1992
4013.095	1981
4014.681	1999
4016.269	1918
4017.856	1965
4019.443	1944
4021.028	1883
4022.614	1948
4024.199	2002
4025.785	1947
4027.37	1957
4028.953	1925
4030.536	1910
4032.12	1951
4033.704	1950
4035.287	1935
4036.869	1905
4038.45	1896
4040.032	1891
4041.613	1973
4043.195	1875
4044.776	1963
4046.356	1920
4047.935	1892
4049.515	1894
4051.095	1918
4052.674	1926
4054.251	1923
4055.829	1890
4057.406	1921
4058.985	1914
4060.562	1874
4062.139	1939
4063.715	1828
4065.29	1966
4066.865	1852
4068.442	1870
4070.016	1888
4071.59	1886
4073.164	1863
4074.738	1870
4076.312	1867
4077.885	1870
4079.458	1826
4081.03	1854
4082.602	1899
4084.173	1878
4085.745	1887
4087.315	1869
4088.886	1846
4090.456	1848
4092.026	1843
4093.596	1889
4095.165	1869
4096.734	1849
4098.301	1862
4099.869	1897
4101.437	1888
4103.006	1853
4104.572	1834
4106.139	1846
4107.704	1835
4109.27	1844
4110.837	1863
4112.401	1940
4113.966	1861
4115.53	1860
4117.094	1854
4118.659	1914
4120.223	1825
4121.785	1879
4123.347	1782
4124.909	1851
4126.471	1845
4128.034	1816
4129.595	1805
4131.155	1850
4132.716	1800
4134.275	1825
4135.836	1889
4137.395	1824
4138.955	1826
4140.513	1822
4142.071	1811
4143.628	1813
4145.188	1804
4146.745	1771
4148.302	1831
4149.858	1786
4151.414	1809
4152.971	1868
4154.526	1823
4156.081	1817
4157.635	1815
4159.189	1780
4160.745	1799
4162.298	1818
4163.852	1794
4165.405	1779
4166.957	1772
4168.51	1840
4170.063	1834
4171.614	1829
4173.166	1758
4174.717	1798
4176.267	1788
4177.817	1784
4179.368	1804
4180.917	1810
4182.466	1807
4184.016	1787
4185.564	1735
4187.112	1809
4188.66	1786
4190.207	1743
4191.754	1734
4193.301	1761
4194.848	1811
4196.394	1765
4197.94	1785
4199.484	1758
4201.03	1732
4202.575	1774
4204.12	1741
4205.663	1790
4207.207	1772
4208.75	1728
4210.292	1768
4211.836	1771
4213.378	1777
4214.92	1778
4216.46	1780
4218.002	1770
4219.544	1734
4221.083	1736
4222.625	1769
4224.164	1768
4225.703	1771
4227.244	1744
4228.782	1736
4230.32	1808
4231.857	1662
4233.395	1752
4234.933	1758
4236.471	1726
4238.007	1739
4239.542	1658
4241.078	1772
4242.614	1731
4244.15	1730
4245.685	1752
4247.219	1759
4248.753	1693
4250.287	1758
4251.82	1743
4253.354	1737
4254.887	1687
4256.419	1723
4257.951	1695
4259.483	1753
4261.016	1670
4262.547	1729
4264.078	1683
4265.608	1761
4267.137	1728
4268.668	1706
4270.197	1695
4271.727	1707
4273.254	1695
4274.783	1721
4276.311	1731
4277.84	1685
4279.366	1751
4280.894	1692
4282.42	1724
4283.946	1692
4285.473	1743
4286.998	1673
4288.523	1679
4290.047	1678
4291.572	1715
4293.096	1656
4294.622	1721
4296.144	1687
4297.668	1734
4299.19	1708
4300.713	1665
4302.236	1691
4303.758	1671
4305.279	1707
4306.799	1693
4308.321	1651
4309.842	1710
4311.361	1698
4312.882	1672
4314.401	1661
