400.0745	6782
402.597	6749
405.1208	6798
407.6419	6812
410.1623	6631
412.6819	6804
415.201	6933
417.7172	6923
420.2369	7023
422.7538	7052
425.2701	7080
427.7856	7063
430.3005	7123
432.8147	7093
435.3282	7148
437.841	7249
440.3511	7167
442.8625	7162
445.3753	7357
447.8854	7223
450.3927	7091
452.9014	7207
455.4073	7196
457.9146	7335
460.4233	7169
462.9272	7152
465.4325	7311
467.935	7279
470.4389	7295
472.9421	7252
475.4446	7413
477.9444	7407
480.4456	7496
482.944	7404
485.4417	7403
487.9429	7533
490.4393	7345
492.935	7502
495.4321	7557
497.9264	7555
500.4221	7632
502.9171	7632
505.4094	7585
507.9011	7625
510.392	7616
512.8864	7534
515.3759	7568
517.8649	7657
520.3531	7591
522.8406	7700
525.3275	7702
527.8178	7640
530.3033	7712
532.7881	7650
535.2723	7763
537.7558	7624
540.2407	7703
542.7228	7637
545.2043	7654
547.6851	7653
550.1652	7655
552.6467	7747
555.1255	7685
557.6016	7763
560.079	7772
562.5557	7820
565.0318	7864
567.5092	7832
569.984	7854
572.456	7770
574.9294	7893
577.4022	7872
579.8762	7961
582.3456	7858
584.8163	7953
587.2863	7906
589.7557	7963
592.2224	7935
594.6924	7945
597.1578	7983
599.6245	7997
602.0905	8014
604.5538	7883
607.0206	7939
609.4825	7959
611.9459	7919
614.4066	7858
616.8686	8067
619.33	7960
621.7906	7829
624.2487	7931
626.708	7972
629.1647	7942
631.6207	7922
634.0801	7922
636.5348	7976
638.9888	7910
641.4442	7871
643.8969	7981
646.3509	8012
648.8022	8037
651.255	7932
653.705	8011
656.1544	8187
658.6031	8127
661.0532	8187
663.5026	8142
665.9493	8159
668.3954	8176
670.8409	8260
673.2877	8248
675.7318	8184
678.1752	8284
680.618	8194
683.0601	8381
685.5035	8240
687.9444	8252
690.3845	8322
692.824	8348
695.2628	8176
697.701	8241
700.1406	8217
702.5774	8214
705.0116	8373
707.4472	8388
709.8821	8392
712.3183	8456
714.7519	8367
717.1829	8302
719.6151	8529
722.0468	8383
724.4777	8472
726.908	8481
729.3377	8449
731.7667	8340
734.1931	8678
736.6208	8588
739.0498	8525
741.4742	8657
743.9	8700
746.3231	8696
748.7476	8763
751.1713	8702
753.5945	8847
756.015	8907
758.4368	8732
760.856	8819
763.2766	8918
765.6965	8658
768.1157	8822
770.5323	8912
772.9483	8983
775.3656	8954
777.7822	8741
780.1963	8996
782.6116	8810
785.0244	8852
787.4365	8934
789.8499	8862
792.2626	8815
794.6728	8994
797.0823	8924
799.4911	8992
801.8994	9020
804.3109	8845
806.7178	8976
809.124	8955
811.5297	8944
813.9347	8896
816.341	8965
818.7447	8880
821.1478	8953
823.5502	8966
825.952	8948
828.3531	9073
830.7556	8822
833.1554	8970
835.5546	8944
837.9532	8939
840.3511	9020
842.7504	9034
845.1451	9103
847.5411	9094
849.9365	9150
852.3312	9089
854.7272	8984
857.1187	9108
859.5115	9213
861.9037	9010
864.2952	9096
866.6842	9053
869.0764	9045
871.4661	8933
873.8531	9122
876.2415	9136
878.6272	9061
881.0162	9122
883.4026	9053
885.7866	8985
888.1717	9249
890.5543	9027
892.9382	9180
895.3215	9116
897.7041	9261
900.0842	9244
902.4655	9085
904.8443	9178
907.2244	9146
909.6039	9178
911.9808	9169
914.357	9169
916.7346	9300
919.1115	9277
921.4859	9516
923.8616	9231
926.2347	9505
928.6071	9369
930.979	9396
933.3541	9423
935.7247	9390
938.0946	9481
940.4639	9520
942.8326	9489
945.2026	9580
947.5701	9492
949.9369	9751
952.305	9880
954.6705	10115
957.0355	10280
959.4017	10469
961.7654	10581
964.1284	10472
966.4908	10086
968.8527	10025
971.2138	10004
973.5743	9734
975.9343	9659
978.2936	9595
980.6522	9449
983.0122	9469
985.3696	9416
987.7245	9185
990.0807	9318
992.4362	9381
994.7911	9313
997.1474	9359
999.4991	9317
1001.852	9438
1004.205	9455
1006.555	9375
1008.908	9424
1011.258	9325
1013.606	9537
1015.956	9496
1018.302	9350
1020.652	9404
1022.998	9398
1025.345	9601
1027.691	9407
1030.035	9556
1032.378	9542
1034.724	9483
1037.066	9414
1039.409	9488
1041.75	9577
1044.092	9471
1046.433	9495
1048.771	9596
1051.112	9599
1053.449	9426
1055.786	9625
1058.124	9504
1060.462	9584
1062.797	9661
1065.131	9699
1067.467	9477
1069.8	9448
1072.135	9629
1074.467	9675
1076.798	9717
1079.129	9557
1081.459	9699
1083.792	9699
1086.121	9793
1088.449	9573
1090.777	9522
1093.104	9526
1095.431	9705
1097.759	9712
1100.084	9669
1102.408	9576
1104.732	9560
1107.056	9622
1109.379	9580
1111.701	9553
1114.022	9682
1116.343	9662
1118.664	9619
1120.983	9801
1123.303	9698
1125.621	9563
1127.939	9814
1130.256	9713
1132.573	9645
1134.889	9589
1137.205	9698
1139.52	9770
1141.832	9637
1144.146	9655
1146.461	9691
1148.771	9607
1151.083	9813
1153.392	9732
1155.703	9770
1158.011	9621
1160.323	9659
1162.629	9812
1164.938	9714
1167.243	9687
1169.55	9650
1171.857	9675
1174.163	9629
1176.466	9684
1178.769	9589
1181.073	9681
1183.374	9685
1185.677	9703
1187.979	9699
1190.279	9694
1192.578	9682
1194.878	9652
1197.178	9601
1199.476	9675
1201.772	9662
1204.068	9762
1206.366	9833
1208.663	9734
1210.957	9820
1213.251	9693
1215.544	9595
1217.836	9702
1220.128	9715
1222.421	9625
1224.712	9721
1227.002	9760
1229.292	9742
1231.581	9874
1233.871	9723
1236.159	9810
1238.446	9922
1240.732	9973
1243.018	9983
1245.304	9921
1247.59	10092
1249.874	9958
1252.156	9953
1254.439	10055
1256.721	9803
1259.005	10037
1261.286	9939
1263.565	9984
1265.845	10022
1268.125	9845
1270.403	9984
1272.682	9978
1274.959	9904
1277.234	9918
1279.511	9942
1281.787	9931
1284.062	9980
1286.337	9946
1288.609	9884
1290.882	9801
1293.153	9893
1295.428	9677
1297.698	9850
1299.969	9792
1302.237	9740
1304.507	9828
1306.777	9851
1309.044	9833
1311.312	9638
1313.578	9719
1315.844	9794
1318.109	9855
1320.375	9744
1322.638	9776
1324.903	9881
1327.165	9777
1329.427	9843
1331.69	10008
1333.952	9905
1336.212	9832
1338.471	9923
1340.73	9930
1342.988	9924
1345.248	9760
1347.505	9766
1349.763	9862
1352.019	9850
1354.274	9858
1356.53	9808
1358.784	9781
1361.038	9676
1363.291	9991
1365.543	9804
1367.797	9864
1370.048	9893
1372.296	9855
1374.546	9681
1376.796	9846
1379.045	10023
1381.295	9783
1383.542	9942
1385.787	9840
1388.034	9845
1390.28	9881
1392.527	9960
1394.772	10062
1397.014	9876
1399.258	9945
1401.501	10043
1403.741	9961
1405.985	9944
1408.226	10023
1410.465	9848
1412.705	10193
1414.943	10183
1417.184	9974
1419.42	10048
1421.658	10107
1423.894	9984
1426.13	9973
1428.366	9897
1430.602	9949
1432.835	10145
1435.069	10132
1437.301	10073
1439.535	10208
1441.767	10214
1443.997	10180
1446.229	10196
1448.458	10262
1450.687	10127
1452.916	10334
1455.146	10258
1457.372	10161
1459.599	10200
1461.824	10102
1464.051	10357
1466.277	10359
1468.501	10201
1470.725	10002
1472.948	10132
1475.17	9977
1477.393	10088
1479.614	10029
1481.837	10073
1484.057	9940
1486.276	9889
1488.497	9967
1490.715	9895
1492.932	9866
1495.148	9933
1497.364	9945
1499.58	9924
1501.798	9899
1504.012	9670
1506.227	9918
1508.44	9821
1510.653	9755
1512.866	9931
1515.078	9775
1517.289	9878
1519.5	9884
1521.711	9862
1523.92	9952
1526.13	9841
1528.338	9781
1530.544	9856
1532.752	9871
1534.959	9791
1537.165	9833
1539.371	9886
1541.574	9980
1543.779	9916
1545.983	9886
1548.187	9868
1550.39	9996
1552.59	9875
1554.792	9953
1556.991	10011
1559.19	9981
1561.392	10040
1563.59	10038
1565.789	9935
1567.986	10038
1570.182	10002
1572.381	10066
1574.576	10046
1576.771	9982
1578.966	10049
1581.16	9943
1583.354	9915
1585.546	10089
1587.74	9990
1589.931	9954
1592.121	10279
1594.311	9994
1596.502	10048
1598.693	10211
1600.881	10147
1603.069	10110
1605.256	10016
1607.445	10002
1609.631	10190
1611.816	10239
1614.001	10037
1616.186	10028
1618.37	10146
1620.555	10038
1622.737	10003
1624.919	10331
1627.101	10252
1629.282	10168
1631.463	10199
1633.643	10133
1635.822	10308
1638.001	10153
1640.179	10151
1642.359	10122
1644.534	10300
1646.711	10187
1648.887	10150
1651.062	10264
1653.235	10183
1655.412	10280
1657.586	10120
1659.757	10296
1661.93	10255
1664.1	10328
1666.274	10201
1668.445	10221
1670.614	10278
1672.784	10253
1674.951	10255
1677.12	10214
1679.289	10266
1681.457	10256
1683.622	10182
1685.789	10112
1687.953	10040
1690.121	10270
1692.284	10169
1694.447	10119
1696.611	10109
1698.772	10007
1700.935	10213
1703.098	10077
1705.258	10129
1707.417	10116
1709.576	9949
1711.736	10233
1713.896	9871
1716.053	10116
1718.21	10154
1720.366	10130
1722.522	10054
1724.68	10078
1726.835	10002
1728.989	10024
1731.142	9970
1733.295	10046
1735.449	10042
1737.601	10011
1739.753	10222
1741.903	9997
1744.054	9991
1746.203	9977
1748.354	10023
1750.503	10070
1752.651	10023
1754.798	10004
1756.944	10238
1759.092	10161
1761.238	10031
1763.383	10051
1765.528	9977
1767.672	10026
1769.814	10348
1771.959	10125
1774.102	10067
1776.242	9991
1778.384	10119
1780.525	10218
1782.665	10107
1784.805	10240
1786.945	10192
1789.082	10041
1791.22	10262
1793.36	10137
1795.495	10041
1797.632	10209
1799.766	10180
1801.902	10109
1804.035	10227
1806.172	10086
1808.304	10185
1810.436	10157
1812.569	10089
1814.699	10142
1816.833	9998
1818.963	10140
1821.092	10123
1823.222	10050
1825.35	10108
1827.478	10196
1829.608	10053
1831.734	10128
1833.86	10044
1835.986	10041
1838.11	10010
1840.238	9989
1842.362	9980
1844.485	9996
1846.608	10036
1848.73	10002
1850.853	10005
1852.974	9942
1855.097	10086
1857.217	10018
1859.336	10054
1861.455	9984
1863.576	9953
1865.693	10083
1867.811	9955
1869.926	10100
1872.042	9940
1874.16	9876
1876.275	10001
1878.39	9887
1880.504	9941
1882.618	10024
1884.731	9897
1886.843	9882
1888.956	10077
1891.067	10048
1893.178	10117
1895.287	9999
1897.399	9990
1899.508	10090
1901.617	10057
1903.724	9996
1905.832	9901
1907.941	10143
1910.046	10000
1912.152	9948
1914.256	10146
1916.361	10129
1918.464	10071
1920.57	10131
1922.672	10138
1924.775	10202
1926.876	10221
1928.978	10206
1931.08	10102
1933.181	10099
1935.28	10001
1937.38	10243
1939.478	10190
1941.577	10334
1943.675	10087
1945.771	10037
1947.867	10149
1949.964	10275
1952.058	10153
1954.154	10090
1956.248	10173
1958.343	10225
1960.435	10054
1962.527	10146
1964.62	10073
1966.711	10074
1968.802	10082
1970.892	10116
1972.983	9995
1975.072	10226
1977.162	10085
1979.25	10190
1981.337	10173
1983.424	10147
1985.51	10059
1987.598	9911
1989.683	10006
1991.768	9954
1993.852	9971
1995.934	9988
1998.019	10041
2000.102	9850
2002.184	10189
2004.266	9916
2006.347	9811
2008.427	9934
2010.508	9887
2012.587	10094
2014.666	9946
2016.745	9995
2018.821	9932
2020.9	9944
2022.977	10125
2025.052	9983
2027.128	10042
2029.204	9876
2031.277	9916
2033.353	10021
2035.425	9912
2037.499	9899
2039.57	10063
2041.642	9906
2043.714	9999
2045.786	9963
2047.855	9980
2049.925	10002
2051.993	9907
2054.064	9849
2056.132	9941
2058.2	9944
2060.266	10027
2062.332	9975
2064.398	9890
2066.465	9954
2068.529	9983
2070.592	9966
2072.657	10001
2074.719	10001
2076.783	9946
2078.845	9904
2080.907	9937
2082.968	9909
2085.028	10032
2087.087	9915
2089.148	9869
2091.207	9913
2093.264	10044
2095.322	9985
2097.379	9993
2099.439	9844
2101.495	10006
2103.55	9940
2105.605	9970
2107.658	9967
2109.713	9935
2111.767	9978
2113.82	10012
2115.872	9873
2117.924	9852
2119.975	9916
2122.028	9870
2124.078	9957
2126.126	10028
2128.176	9815
2130.225	9883
2132.275	9934
2134.321	9962
2136.368	9953
2138.415	9877
2140.461	9883
2142.505	9816
2144.552	9914
2146.597	9762
2148.64	9817
2150.684	9728
2152.725	9828
2154.77	9724
2156.811	9809
2158.852	9708
2160.894	9831
2162.933	9759
2164.973	9845
2167.013	9717
2169.051	9783
2171.089	9705
2173.126	9766
2175.164	9748
2177.201	9680
2179.236	9728
2181.273	9729
2183.307	9745
2185.341	9713
2187.377	9699
2189.41	9622
2191.442	9686
2193.473	9689
2195.506	9749
2197.539	9668
2199.569	9634
2201.598	9669
2203.628	9791
2205.656	9644
2207.686	9748
2209.716	9633
2211.743	9590
2213.769	9590
2215.796	9456
2217.821	9414
2219.848	9561
2221.873	9673
2223.897	9512
2225.921	9569
2227.944	9669
2229.967	9439
2231.991	9656
2234.011	9547
2236.032	9583
2238.053	9459
2240.073	9640
2242.094	9546
2244.114	9549
2246.131	9647
2248.149	9533
2250.167	9658
2252.186	9414
2254.201	9621
2256.218	9678
2258.233	9537
2260.247	9505
2262.262	9439
2264.278	9463
2266.29	9561
2268.303	9416
2270.315	9409
2272.327	9600
2274.341	9510
2276.35	9463
2278.361	9525
2280.37	9469
2282.38	9617
2284.388	9597
2286.397	9505
2288.405	9485
2290.412	9567
2292.419	9571
2294.425	9551
2296.431	9554
2298.437	9582
2300.441	9464
2302.445	9469
2304.449	9475
2306.453	9531
2308.455	9619
2310.457	9473
2312.459	9505
2314.46	9491
2316.46	9532
2318.461	9370
2320.46	9497
2322.458	9499
2324.458	9380
2326.456	9402
2328.455	9456
2330.451	9318
2332.447	9412
2334.443	9453
2336.438	9300
2338.433	9347
2340.429	9475
2342.422	9372
2344.416	9310
2346.408	9346
2348.399	9359
2350.393	9273
2352.384	9264
2354.375	9372
2356.365	9348
2358.355	9354
2360.344	9192
2362.333	9339
2364.322	9341
2366.309	9342
2368.295	9345
2370.282	9323
2372.27	9217
2374.256	9203
2376.24	9326
2378.225	9223
2380.208	9295
2382.194	9191
2384.177	9203
2386.159	9254
2388.142	9158
2390.122	9089
2392.105	9229
2394.085	9056
2396.066	9131
2398.044	9059
2400.024	9274
2402.002	9174
2403.982	9097
2405.959	9187
2407.935	9187
2409.913	9081
2411.888	9146
2413.865	9125
2415.84	9184
2417.814	9137
2419.788	9173
2421.762	9139
2423.735	8977
2425.708	9281
2427.68	9010
2429.651	9042
2431.623	9145
2433.593	9153
2435.564	9119
2437.533	9095
2439.502	9047
2441.47	9080
2443.438	9152
2445.406	9114
2447.373	9186
2449.34	9055
2451.305	9041
2453.271	8940
2455.235	9008
2457.201	9113
2459.165	9037
2461.129	9103
2463.092	9006
2465.054	8988
2467.018	9107
2468.978	9044
2470.939	8885
2472.899	9128
2474.86	9004
2476.819	8952
2478.778	9034
2480.737	9161
2482.695	8969
2484.653	9055
2486.609	8948
2488.567	9066
2490.524	9106
2492.478	9075
2494.433	8946
2496.387	9073
2498.343	9010
2500.297	8959
2502.249	8807
2504.202	8837
2506.153	8911
2508.105	9032
2510.057	9104
2512.008	8892
2513.957	8928
2515.906	8929
2517.855	8889
2519.805	8823
2521.754	8817
2523.7	8877
2525.647	8903
2527.594	8879
2529.54	8721
2531.486	8856
2533.431	8946
2535.376	8856
2537.32	8732
2539.263	8727
2541.207	8788
2543.151	8937
2545.093	8844
2547.034	8879
2548.975	8801
2550.917	8644
2552.856	8823
2554.796	8876
2556.735	8757
2558.673	8803
2560.611	8793
2562.55	8751
2564.487	8889
2566.424	8800
2568.36	8696
2570.296	8990
2572.232	8908
2574.167	8873
2576.101	8896
2578.035	8876
2579.969	8888
2581.902	8772
2583.834	8713
2585.766	8924
2587.698	8863
2589.628	8843
2591.557	8948
2593.489	8817
2595.419	8852
2597.348	8827
2599.275	8829
2601.204	8733
2603.131	8787
2605.059	8830
2606.986	8679
2608.911	8927
2610.837	8782
2612.76	8884
2614.687	8748
2616.61	8829
2618.534	8746
2620.457	8885
2622.38	8850
2624.302	8889
2626.225	8745
2628.145	8840
2630.067	8819
2631.986	8762
2633.906	8776
2635.827	8823
2637.745	8834
2639.662	8680
2641.581	8628
2643.498	8899
2645.415	8783
2647.331	8840
2649.248	8911
2651.163	8688
2653.077	8720
2654.993	8864
2656.906	8812
2658.821	8741
2660.733	8785
2662.646	8749
2664.557	8835
2666.47	8697
2668.381	8782
2670.291	8689
2672.201	8627
2674.11	8717
2676.021	8684
2677.929	8778
2679.837	8773
2681.745	8673
2683.652	8759
2685.56	8697
2687.466	8618
2689.371	8689
2691.276	8663
2693.181	8661
2695.085	8711
2696.991	8721
2698.893	8749
2700.796	8456
2702.698	8567
2704.601	8666
2706.502	8427
2708.404	8652
2710.304	8522
2712.203	8598
2714.103	8603
2716.003	8707
2717.902	8567
2719.8	8514
2721.697	8474
2723.594	8698
2725.49	8359
2727.389	8538
2729.283	8587
2731.179	8507
2733.073	8492
2734.968	8581
2736.863	8519
2738.757	8514
2740.649	8474
2742.541	8430
2744.433	8576
2746.324	8413
2748.216	8492
2750.107	8422
2751.997	8422
2753.886	8408
2755.776	8374
2757.666	8417
2759.553	8476
2761.44	8559
2763.327	8425
2765.215	8492
2767.102	8373
2768.988	8440
2770.873	8416
2772.757	8429
2774.641	8351
2776.525	8313
2778.41	8317
2780.292	8360
2782.175	8336
2784.057	8408
2785.938	8331
2787.821	8417
2789.701	8252
2791.581	8451
2793.461	8369
2795.34	8305
2797.219	8411
2799.099	8349
2800.975	8318
2802.853	8418
2804.73	8271
2806.606	8303
2808.484	8321
2810.358	8314
2812.233	8281
2814.108	8288
2815.981	8201
2817.857	8254
2819.73	8176
2821.602	8360
2823.474	8147
2825.346	8365
2827.217	8324
2829.089	8298
2830.959	8128
2832.829	8250
2834.698	8246
2836.567	8155
2838.436	8275
2840.305	8203
2842.172	8351
2844.04	8306
2845.905	8299
2847.772	8182
2849.639	8300
2851.503	8286
2853.369	8259
2855.232	8328
2857.096	8458
2858.961	8259
2860.824	8330
2862.686	8261
2864.547	8384
2866.41	8426
2868.272	8477
2870.132	8335
2871.992	8341
2873.851	8496
2875.711	8625
2877.57	8519
2879.429	8499
2881.287	8643
2883.144	8421
2885.001	8689
2886.857	8789
2888.714	8576
2890.57	8557
2892.425	8517
2894.279	8554
2896.133	8623
2897.987	8553
2899.842	8569
2901.694	8464
2903.547	8647
2905.397	8507
2907.249	8537
2909.101	8611
2910.952	8550
2912.802	8509
2914.652	8603
2916.5	8480
2918.35	8647
2920.198	8751
2922.045	8684
2923.893	8744
2925.74	8834
2927.585	8931
2929.433	8943
2931.279	8920
2933.123	8984
2934.968	8975
2936.811	9090
2938.656	9028
2940.5	9074
2942.342	9188
2944.185	9052
2946.026	9045
2947.87	9265
2949.71	9083
2951.549	9129
2953.39	9241
2955.229	9000
2957.069	8802
2958.908	8943
2960.746	8886
2962.584	8941
2964.421	8833
2966.257	8900
2968.094	8644
2969.931	8600
2971.766	8686
2973.601	8549
2975.435	8522
2977.27	8498
2979.105	8507
2980.938	8525
2982.77	8414
2984.602	8522
2986.434	8483
2988.267	8435
2990.097	8345
2991.927	8275
2993.757	8419
2995.587	8281
2997.417	8258
2999.246	8124
3001.074	8127
3002.902	8182
3004.729	7983
3006.556	8030
3008.384	8073
3010.21	7860
3012.036	7995
3013.861	7887
3015.684	7891
3017.51	7902
3019.334	7787
3021.157	7844
3022.981	7905
3024.802	7724
3026.624	7689
3028.448	7793
3030.267	7745
3032.088	7671
3033.909	7656
3035.728	7681
3037.549	7790
3039.368	7625
3041.186	7780
3043.004	7589
3044.821	7643
3046.64	7627
3048.455	7606
3050.272	7646
3052.087	7732
3053.903	7700
3055.717	7621
3057.534	7662
3059.347	7638
3061.16	7522
3062.974	7597
3064.785	7709
3066.598	7585
3068.411	7488
3070.222	7628
3072.032	7760
3073.844	7525
3075.653	7483
3077.463	7688
3079.272	7466
3081.08	7704
3082.889	7539
3084.697	7279
3086.505	7426
3088.312	7568
3090.118	7342
3091.924	7564
3093.729	7457
3095.535	7445
3097.34	7412
3099.144	7534
3100.947	7422
3102.75	7416
3104.553	7274
3106.357	7392
3108.159	7413
3109.961	7467
3111.762	7360
3113.562	7352
3115.365	7355
3117.164	7378
3118.964	7398
3120.761	7281
3122.56	7262
3124.36	7376
3126.158	7214
3127.954	7294
3129.75	7332
3131.547	7383
3133.343	7214
3135.139	7259
3136.934	7166
3138.729	7169
3140.522	7241
3142.317	7363
3144.11	7075
3145.904	7196
3147.695	7096
3149.488	7211
3151.28	7107
3153.07	7184
3154.863	7152
3156.652	7257
3158.441	7265
3160.231	7193
3162.019	7041
3163.81	7027
3165.597	7187
3167.384	7042
3169.172	7057
3170.958	7017
3172.745	7183
3174.532	7030
3176.317	7222
3178.101	7210
3179.885	7083
3181.67	7186
3183.455	7073
3185.238	7034
3187.02	6987
3188.802	7044
3190.585	7021
3192.368	6963
3194.149	7044
3195.929	6978
3197.709	6996
3199.489	7002
3201.268	6945
3203.048	7110
3204.826	6979
3206.604	6885
3208.382	7128
3210.159	6852
3211.937	6928
3213.713	7001
3215.489	7055
3217.263	6996
3219.038	7030
3220.815	6947
3222.589	7040
3224.363	7013
3226.136	6999
3227.908	7032
3229.681	6919
3231.454	6962
3233.226	6962
3234.996	6995
3236.767	6938
3238.538	6850
3240.308	6791
3242.078	6953
3243.847	6946
3245.615	6962
3247.384	6887
3249.15	6770
3250.92	6922
3252.686	6864
3254.453	6869
3256.218	6894
3257.984	6799
3259.75	6965
3261.515	6896
3263.279	6942
3265.044	6806
3266.806	6847
3268.57	6731
3270.334	6843
3272.095	6848
3273.856	6907
3275.619	6914
3277.379	6877
3279.14	6845
3280.9	6812
3282.661	6678
3284.419	6876
3286.178	6779
3287.937	6750
3289.695	6712
3291.453	6821
3293.21	6941
3294.967	6814
3296.723	6836
3298.48	6836
3300.235	6744
3301.99	6830
3303.744	6761
3305.498	6894
3307.253	6819
3309.006	6787
3310.759	6716
3312.511	6824
3314.263	6843
3316.017	6950
3317.768	6781
3319.519	6733
3321.268	6842
3323.018	6772
3324.767	6775
3326.518	6796
3328.267	6695
3330.014	6804
3331.762	6659
3333.509	6794
3335.258	6724
3337.003	6773
3338.75	6752
3340.496	6770
3342.24	6646
3343.987	6690
3345.732	6728
3347.475	6670
3349.219	6716
3350.961	6673
3352.705	6600
3354.448	6736
3356.19	6581
3357.931	6596
3359.672	6699
3361.412	6623
3363.155	6648
3364.894	6750
3366.633	6646
3368.372	6576
3370.11	6645
3371.849	6613
3373.588	6549
3375.325	6507
3377.061	6426
3378.799	6538
3380.534	6535
3382.271	6459
3384.006	6599
3385.741	6588
3387.475	6444
3389.209	6509
3390.944	6567
3392.677	6598
3394.409	6513
3396.143	6546
3397.874	6489
3399.606	6602
3401.338	6481
3403.069	6534
3404.799	6547
3406.528	6415
3408.258	6402
3409.988	6482
3411.717	6443
3413.445	6480
3415.173	6390
3416.899	6484
3418.626	6373
3420.354	6445
3422.08	6362
3423.806	6444
3425.531	6451
3427.255	6337
3428.981	6407
3430.705	6293
3432.429	6371
3434.151	6416
3435.875	6266
3437.599	6300
3439.321	6298
3441.042	6453
3442.763	6327
3444.483	6277
3446.204	6257
3447.926	6291
3449.645	6220
3451.364	6276
3453.082	6256
3454.801	6281
3456.52	6213
3458.238	6302
3459.954	6282
3461.671	6139
3463.387	6289
3465.104	6227
3466.82	6249
3468.534	6143
3470.25	6136
3471.963	6266
3473.676	6155
3475.392	6171
3477.104	6192
3478.817	6084
3480.528	6144
3482.241	6103
3483.954	6242
3485.664	6115
3487.374	6109
3489.084	6126
3490.795	5999
3492.504	6110
3494.214	6078
3495.922	6019
3497.63	5981
3499.338	5976
3501.045	6047
3502.753	6049
3504.459	5987
3506.166	6033
3507.871	6041
3509.576	6058
3511.283	6149
3512.987	5969
3514.691	6144
3516.395	5943
3518.098	6036
3519.8	5966
3521.504	5983
3523.206	5941
3524.908	5938
3526.609	5942
3528.309	5979
3530.011	5886
3531.711	5935
3533.411	6049
3535.109	5837
3536.808	5951
3538.507	5898
3540.206	5885
3541.904	5947
3543.601	5805
3545.297	5940
3546.994	5944
3548.69	5801
3550.387	5792
3552.081	5871
3553.776	5890
3555.47	5976
3557.166	5739
3558.859	5985
3560.553	5790
3562.245	5842
3563.938	5851
3565.629	5866
3567.322	5770
3569.014	5870
3570.704	5760
3572.394	5767
3574.084	5807
3575.775	5796
3577.464	5861
3579.152	5865
3580.842	5817
3582.529	5770
3584.216	5678
3585.905	5638
3587.591	5778
3589.279	5709
3590.964	5721
3592.649	5677
3594.336	5678
3596.021	5647
3597.705	5684
3599.388	5756
3601.072	5750
3602.757	5662
3604.439	5664
3606.122	5674
3607.803	5639
3609.485	5548
3611.167	5670
3612.849	5592
3614.529	5699
3616.208	5651
3617.888	5657
3619.567	5596
3621.247	5520
3622.926	5673
3624.603	5521
3626.281	5628
3627.958	5606
3629.635	5565
3631.312	5512
3632.989	5577
3634.665	5524
3636.339	5502
3638.014	5542
3639.691	5544
3641.364	5501
3643.038	5451
3644.71	5411
3646.384	5443
3648.058	5459
3649.729	5454
3651.402	5486
3653.073	5463
3654.744	5375
3656.414	5423
3658.085	5387
3659.755	5489
3661.424	5465
3663.094	5381
3664.762	5319
3666.431	5379
3668.099	5430
3669.766	5384
3671.433	5388
3673.099	5359
3674.768	5351
3676.433	5323
3678.098	5474
3679.763	5433
3681.428	5222
3683.093	5334
3684.757	5363
3686.421	5368
3688.083	5305
3689.746	5393
3691.408	5409
3693.071	5301
3694.733	5334
3696.394	5323
3698.054	5225
3699.715	5322
3701.375	5266
3703.036	5325
3704.695	5180
3706.354	5359
3708.012	5253
3709.67	5365
3711.329	5288
3712.987	5262
3714.644	5267
3716.299	5197
3717.955	5299
3719.613	5351
3721.268	5268
3722.923	5240
3724.577	5110
3726.231	5227
3727.885	5377
3729.539	5252
3731.192	5178
3732.845	5160
3734.497	5339
3736.149	5118
3737.802	5246
3739.453	5183
3741.104	5217
3742.753	5198
3744.404	5226
3746.052	5305
3747.704	5138
3749.352	5219
3751	5200
3752.648	5219
3754.296	5192
3755.944	5223
3757.59	5134
3759.238	5129
3760.883	5171
3762.528	4994
3764.176	5097
3765.82	5079
3767.464	5162
3769.109	5202
3770.753	5083
3772.396	5145
3774.04	5105
3775.683	5105
3777.325	5068
3778.967	5085
3780.608	5111
3782.25	5078
3783.89	5020
3785.531	5010
3787.17	5012
3788.81	5040
3790.45	5054
3792.09	5020
3793.729	5090
3795.366	5103
3797.003	5054
3798.64	5037
3800.278	4997
3801.915	5008
3803.551	5012
3805.187	4949
3806.822	4975
3808.458	4974
3810.093	4957
3811.726	4950
3813.36	5056
3814.994	4879
3816.627	4850
3818.262	4996
3819.893	4955
3821.525	4886
3823.157	4994
3824.787	4898
3826.42	4899
3828.051	4969
3829.68	4848
3831.31	4973
3832.938	4943
3834.569	4844
3836.198	4860
3837.825	4844
3839.454	4804
3841.08	4897
3842.708	4862
3844.335	4827
3845.962	4863
3847.587	4840
3849.212	4773
3850.838	4839
3852.463	4740
3854.089	4815
3855.712	4816
3857.335	4852
3858.959	4817
3860.582	4846
3862.205	4734
3863.827	4718
3865.449	4828
3867.07	4770
3868.691	4791
3870.312	4870
3871.933	4767
3873.553	4715
3875.173	4727
3876.792	4722
3878.411	4804
3880.03	4684
3881.647	4767
3883.265	4834
3884.882	4678
3886.499	4697
3888.116	4799
3889.732	4702
3891.348	4806
3892.964	4724
3894.579	4755
3896.195	4778
3897.809	4668
3899.423	4729
3901.036	4755
3902.648	4731
3904.261	4713
3905.875	4741
3907.487	4689
3909.099	4662
3910.709	4704
3912.321	4691
3913.933	4668
3915.542	4704
3917.152	4710
3918.762	4704
3920.37	4687
3921.98	4606
3923.589	4650
3925.196	4585
3926.804	4745
3928.41	4534
3930.018	4681
3931.626	4702
3933.231	4650
3934.838	4551
3936.442	4643
3938.046	4581
3939.653	4653
3941.257	4580
3942.861	4651
3944.464	4631
3946.068	4690
3947.67	4622
3949.273	4585
3950.876	4628
3952.477	4544
3954.078	4580
3955.678	4538
3957.281	4565
3958.881	4602
3960.48	4650
3962.079	4517
3963.678	4564
3965.279	4490
3966.877	4561
3968.475	4527
3970.072	4610
3971.669	4461
3973.266	4522
3974.864	4520
3976.459	4501
3978.055	4610
3979.65	4497
3981.245	4546
3982.841	4513
3984.436	4463
3986.03	4477
3987.623	4433
3989.216	4411
3990.809	4431
3992.403	4516
3993.995	4444
3995.586	4425
3997.177	4466
3998.768	4372
4000.361	4420
4001.951	4400
4003.54	4358
4005.13	4306
4006.719	4457
4008.31	4404
4009.897	4366
4011.485	4372
4013.073	4381
4014.66	4378
4016.247	4308
4017.834	4296
4019.421	4399
4021.006	4368
4022.592	4342
4024.178	4362
4025.763	4285
4027.348	4269
4028.932	4274
4030.515	4344
4032.099	4218
4033.682	4171
4035.266	4217
4036.847	4277
4038.429	4202
4040.011	4314
4041.592	4153
4043.173	4291
4044.755	4186
4046.334	4235
4047.913	4172
4049.494	4236
4051.074	4227
4052.652	4177
4054.23	4217
4055.807	4244
4057.385	4205
4058.963	4205
4060.541	4242
4062.117	4125
4063.693	4265
4065.269	4152
4066.844	4070
4068.42	4171
4069.995	4112
4071.569	4133
4073.143	4192
4074.716	4089
4076.291	4150
4077.864	4165
4079.436	4193
4081.009	4122
4082.58	4067
4084.152	4170
4085.723	4131
4087.294	4120
4088.865	4158
4090.435	4078
4092.005	4158
4093.574	4143
4095.143	4102
4096.712	4097
4098.279	4097
4099.848	4059
4101.416	4139
4102.984	4124
4104.55	3994
4106.117	4099
4107.682	4076
4109.248	4108
4110.815	4047
4112.379	3984
4113.945	4118
4115.508	4141
4117.073	4064
4118.637	4120
4120.201	4045
4121.763	4005
4123.325	4042
4124.888	3991
4126.449	3982
4128.013	4036
4129.573	4042
4131.133	4047
4132.694	3966
4134.254	3916
4135.814	4035
4137.374	3953
4138.933	3997
4140.491	3996
4142.049	3958
4143.607	3950
4145.167	3971
4146.724	4051
4148.28	3979
4149.836	3962
4151.392	3902
4152.949	3930
4154.504	3935
4156.059	3876
4157.614	3847
4159.168	3857
4160.723	3937
4162.277	3929
4163.83	3872
4165.383	3817
4166.936	3862
4168.488	3814
4170.041	3908
4171.593	3857
4173.144	3875
4174.695	3788
4176.246	3832
4177.796	3896
4179.346	3858
4180.896	3891
4182.445	3808
4183.994	3894
4185.542	3827
4187.091	3809
4188.639	3788
4190.185	3808
4191.732	3756
4193.279	3879
4194.826	3755
4196.373	3776
4197.918	3798
4199.463	3776
4201.008	3718
4202.553	3791
4204.098	3713
4205.641	3810
4207.185	3700
4208.728	3756
4210.271	3771
4211.814	3729
4213.357	3694
4214.898	3638
4216.439	3668
4217.98	3775
4219.522	3675
4221.062	3695
4222.603	3658
4224.142	3758
4225.681	3637
4227.222	3681
4228.76	3687
4230.298	3730
4231.835	3690
4233.373	3624
4234.911	3776
4236.449	3752
4237.985	3698
4239.521	3674
4241.057	3615
4242.592	3679
4244.128	3671
4245.663	3640
4247.197	3675
4248.731	3661
4250.265	3584
4251.798	3657
4253.333	3655
4254.865	3625
4256.397	3652
4257.93	3593
4259.461	3622
4260.994	3659
4262.525	3642
4264.056	3660
4265.586	3564
4267.115	3625
4268.646	3644
4270.176	3673
4271.705	3522
4273.232	3590
4274.761	3542
4276.289	3599
4277.818	3660
4279.345	3509
4280.872	3583
4282.399	3606
4283.924	3566
4285.452	3581
4286.976	3626
4288.502	3584
4290.026	3550
4291.551	3496
4293.074	3545
4294.6	3546
4296.123	3476
4297.646	3522
4299.168	3555
4300.691	3629
4302.214	3580
4303.736	3485
4305.257	3577
4306.778	3498
4308.299	3573
4309.82	3498
4311.34	3603
4312.86	3463
4314.379	3429
