400.0745	4064
402.597	4122
405.1208	4190
407.6419	4083
410.1623	4219
412.6819	4183
415.201	4203
417.7172	4156
420.2369	4263
422.7538	4274
425.2701	4325
427.7856	4349
430.3005	4521
432.8147	4431
435.3282	4510
437.841	4467
440.3511	4314
442.8625	4457
445.3753	4443
447.8854	4462
450.3927	4446
452.9014	4395
455.4073	4381
457.9146	4374
460.4233	4370
462.9272	4455
465.4325	4403
467.935	4348
470.4389	4446
472.9421	4417
475.4446	4409
477.9444	4359
480.4456	4440
482.944	4363
485.4417	4511
487.9429	4442
490.4393	4497
492.935	4554
495.4321	4370
497.9264	4527
500.4221	4460
502.9171	4450
505.4094	4527
507.9011	4518
510.392	4601
512.8864	4496
515.3759	4611
517.8649	4510
520.3531	4568
522.8406	4603
525.3275	4566
527.8178	4558
530.3033	4569
532.7881	4567
535.2723	4608
537.7558	4579
540.2407	4558
542.7228	4573
545.2043	4650
547.6851	4567
550.1652	4713
552.6467	4619
555.1255	4624
557.6016	4547
560.079	4676
562.5557	4630
565.0318	4611
567.5092	4719
569.984	4709
572.456	4762
574.9294	4724
577.4022	4879
579.8762	4830
582.3456	4751
584.8163	4895
587.2863	4754
589.7557	4785
592.2224	4841
594.6924	4843
597.1578	4838
599.6245	4724
602.0905	4748
604.5538	4812
607.0206	4697
609.4825	4687
611.9459	4805
614.4066	4764
616.8686	4738
619.33	4638
621.7906	4637
624.2487	4757
626.708	4669
629.1647	4633
631.6207	4730
634.0801	4677
636.5348	4649
638.9888	4680
641.4442	4673
643.8969	4753
646.3509	4735
648.8022	4737
651.255	4795
653.705	4780
656.1544	4815
658.6031	4785
661.0532	4788
663.5026	4740
665.9493	4683
668.3954	4826
670.8409	4817
673.2877	4756
675.7318	4871
678.1752	4890
680.618	4799
683.0601	4850
685.5035	4944
687.9444	4879
690.3845	4860
692.824	4906
695.2628	4908
697.701	4892
700.1406	4798
702.5774	4936
705.0116	4958
707.4472	4808
709.8821	4963
712.3183	5014
714.7519	5046
717.1829	5072
719.6151	5026
722.0468	5011
724.4777	5001
726.908	5070
729.3377	5085
731.7667	5071
734.1931	5037
736.6208	5110
739.0498	5139
741.4742	5165
743.9	5067
746.3231	5044
748.7476	5054
751.1713	5138
753.5945	5218
756.015	5088
758.4368	5193
760.856	5200
763.2766	5305
765.6965	5266
768.1157	5201
770.5323	5292
772.9483	5207
775.3656	5340
777.7822	5213
780.1963	5308
782.6116	5235
785.0244	5177
787.4365	5258
789.8499	5270
792.2626	5168
794.6728	5278
797.0823	5235
799.4911	5232
801.8994	5309
804.3109	5305
806.7178	5361
809.124	5378
811.5297	5285
813.9347	5162
816.341	5335
818.7447	5253
821.1478	5346
823.5502	5348
825.952	5290
828.3531	5390
830.7556	5312
833.1554	5407
835.5546	5276
837.9532	5284
840.3511	5391
842.7504	5375
845.1451	5424
847.5411	5386
849.9365	5416
852.3312	5466
854.7272	5485
857.1187	5414
859.5115	5445
861.9037	5409
864.2952	5422
866.6842	5339
869.0764	5376
871.4661	5485
873.8531	5505
876.2415	5476
878.6272	5411
881.0162	5372
883.4026	5361
885.7866	5434
888.1717	5366
890.5543	5380
892.9382	5472
895.3215	5367
897.7041	5300
900.0842	5409
902.4655	5426
904.8443	5547
907.2244	5479
909.6039	5519
911.9808	5498
914.357	5557
916.7346	5602
919.1115	5628
921.4859	5564
923.8616	5628
926.2347	5624
928.6071	5650
930.979	5702
933.3541	5682
935.7247	5660
938.0946	5760
940.4639	5783
942.8326	5900
945.2026	5912
947.5701	6106
949.9369	6296
952.305	6561
954.6705	6816
957.0355	7000
959.4017	7437
961.7654	7427
964.1284	7429
966.4908	7217
968.8527	6838
971.2138	6483
973.5743	6248
975.9343	5999
978.2936	5853
980.6522	5807
983.0122	5756
985.3696	5750
987.7245	5673
990.0807	5627
992.4362	5642
994.7911	5646
997.1474	5631
999.4991	5738
1001.852	5712
1004.205	5709
1006.555	5549
1008.908	5753
1011.258	5647
1013.606	5616
1015.956	5651
1018.302	5769
1020.652	5789
1022.998	5709
1025.345	5762
1027.691	5799
1030.035	5697
1032.378	5740
1034.724	5674
1037.066	5803
1039.409	5730
1041.75	5787
1044.092	5805
1046.433	5853
1048.771	5693
1051.112	5725
1053.449	5754
1055.786	5760
1058.124	5860
1060.462	5793
1062.797	5903
1065.131	5765
1067.467	5875
1069.8	5962
1072.135	5842
1074.467	5903
1076.798	5916
1079.129	5841
1081.459	5891
1083.792	5872
1086.121	5854
1088.449	5709
1090.777	5843
1093.104	5789
1095.431	5762
1097.759	5696
1100.084	5784
1102.408	5803
1104.732	5767
1107.056	5732
1109.379	5736
1111.701	5764
1114.022	5782
1116.343	5696
1118.664	5740
1120.983	5807
1123.303	5720
1125.621	5681
1127.939	5809
1130.256	5850
1132.573	5823
1134.889	5671
1137.205	5772
1139.52	5711
1141.832	5693
1144.146	5819
1146.461	5858
1148.771	5680
1151.083	5756
1153.392	5778
1155.703	5814
1158.011	5724
1160.323	5686
1162.629	5830
1164.938	5682
1167.243	5729
1169.55	5792
1171.857	5759
1174.163	5917
1176.466	5691
1178.769	5866
1181.073	5679
1183.374	5824
1185.677	5810
1187.979	5637
1190.279	5662
1192.578	5716
1194.878	5762
1197.178	5785
1199.476	5883
1201.772	5800
1204.068	5782
1206.366	5776
1208.663	5771
1210.957	5822
1213.251	5811
1215.544	5723
1217.836	5851
1220.128	5864
1222.421	5735
1224.712	5804
1227.002	5856
1229.292	5934
1231.581	5794
1233.871	5977
1236.159	5899
1238.446	6025
1240.732	6006
1243.018	5862
1245.304	5897
1247.59	6035
1249.874	6074
1252.156	5913
1254.439	5921
1256.721	6057
1259.005	5974
1261.286	5971
1263.565	5985
1265.845	5974
1268.125	5957
1270.403	5903
1272.682	5918
1274.959	5895
1277.234	5943
1279.511	5965
1281.787	5995
1284.062	5861
1286.337	5890
1288.609	5960
1290.882	5797
1293.153	5853
1295.428	5889
1297.698	5971
1299.969	5818
1302.237	5851
1304.507	5701
1306.777	5908
1309.044	5752
1311.312	5916
1313.578	5805
1315.844	5883
1318.109	5885
1320.375	5874
1322.638	5877
1324.903	5942
1327.165	5887
1329.427	5910
1331.69	5873
1333.952	5880
1336.212	5883
1338.471	5956
1340.73	5873
1342.988	5885
1345.248	5866
1347.505	5912
1349.763	5916
1352.019	5875
1354.274	5954
1356.53	5967
1358.784	5876
1361.038	5882
1363.291	5825
1365.543	5774
1367.797	5955
1370.048	5993
1372.296	5869
1374.546	5957
1376.796	5920
1379.045	6030
1381.295	5919
1383.542	5970
1385.787	5945
1388.034	5967
1390.28	5965
1392.527	5811
1394.772	5910
1397.014	6040
1399.258	5995
1401.501	5932
1403.741	5918
1405.985	5997
1408.226	5913
1410.465	5952
1412.705	6115
1414.943	6015
1417.184	6036
1419.42	6049
1421.658	6008
1423.894	6131
1426.13	6044
1428.366	5949
1430.602	5993
1432.835	5970
1435.069	6008
1437.301	6086
1439.535	6106
1441.767	6115
1443.997	6062
1446.229	6169
1448.458	6155
1450.687	6208
1452.916	6211
1455.146	6211
1457.372	6140
1459.599	6098
1461.824	6176
1464.051	6085
1466.277	6167
1468.501	6089
1470.725	6109
1472.948	6124
1475.17	6005
1477.393	6012
1479.614	6056
1481.837	5997
1484.057	5961
1486.276	5995
1488.497	5935
1490.715	6091
1492.932	5866
1495.148	5935
1497.364	5870
1499.58	5865
1501.798	5935
1504.012	5819
1506.227	5859
1508.44	5834
1510.653	5884
1512.866	5870
1515.078	5836
1517.289	5913
1519.5	5771
1521.711	5839
1523.92	5914
1526.13	5914
1528.338	5887
1530.544	5891
1532.752	5877
1534.959	5941
1537.165	5839
1539.371	5960
1541.574	5940
1543.779	5907
1545.983	5934
1548.187	5894
1550.39	5872
1552.59	5928
1554.792	5906
1556.991	5927
1559.19	5917
1561.392	6077
1563.59	5918
1565.789	5867
1567.986	6006
1570.182	6088
1572.381	5896
1574.576	5973
1576.771	6005
1578.966	5998
1581.16	5971
1583.354	6078
1585.546	6117
1587.74	6066
1589.931	6048
1592.121	6087
1594.311	6181
1596.502	5998
1598.693	6050
1600.881	5974
1603.069	6111
1605.256	6092
1607.445	5968
1609.631	6096
1611.816	6027
1614.001	6168
1616.186	6068
1618.37	6102
1620.555	6065
1622.737	6248
1624.919	6084
1627.101	6144
1629.282	6074
1631.463	6109
1633.643	6031
1635.822	6095
1638.001	6061
1640.179	6170
1642.359	6102
1644.534	6240
1646.711	6233
1648.887	6190
1651.062	6096
1653.235	6072
1655.412	6144
1657.586	6162
1659.757	6277
1661.93	6251
1664.1	6255
1666.274	6222
1668.445	6184
1670.614	6239
1672.784	6317
1674.951	6290
1677.12	6260
1679.289	6261
1681.457	6165
1683.622	6175
1685.789	6219
1687.953	6113
1690.121	6151
1692.284	6203
1694.447	6219
1696.611	6193
1698.772	6194
1700.935	6021
1703.098	6075
1705.258	6067
1707.417	5945
1709.576	6113
1711.736	5933
1713.896	6001
1716.053	6022
1718.21	6015
1720.366	6014
1722.522	5988
1724.68	6024
1726.835	6047
1728.989	5992
1731.142	6029
1733.295	6042
1735.449	5988
1737.601	6039
1739.753	5908
1741.903	6088
1744.054	6023
1746.203	6079
1748.354	5916
1750.503	6036
1752.651	5912
1754.798	6091
1756.944	6062
1759.092	6044
1761.238	6033
1763.383	6041
1765.528	6066
1767.672	6012
1769.814	6044
1771.959	6130
1774.102	5982
1776.242	6066
1778.384	6083
1780.525	6068
1782.665	6142
1784.805	5981
1786.945	6134
1789.082	5866
1791.22	6139
1793.36	6098
1795.495	6041
1797.632	5972
1799.766	6100
1801.902	6033
1804.035	6103
1806.172	5985
1808.304	6054
1810.436	6023
1812.569	6050
1814.699	6216
1816.833	6068
1818.963	6079
1821.092	6031
1823.222	6153
1825.35	6143
1827.478	5960
1829.608	6142
1831.734	5970
1833.86	5984
1835.986	6057
1838.11	5974
1840.238	6037
1842.362	5976
1844.485	5982
1846.608	6112
1848.73	6047
1850.853	5965
1852.974	6021
1855.097	5936
1857.217	6040
1859.336	5986
1861.455	5964
1863.576	5965
1865.693	5930
1867.811	5995
1869.926	5968
1872.042	6021
1874.16	6014
1876.275	5996
1878.39	6054
1880.504	5916
1882.618	6018
1884.731	5992
1886.843	6025
1888.956	6010
1891.067	5999
1893.178	6067
1895.287	5969
1897.399	6138
1899.508	6004
1901.617	5988
1903.724	6031
1905.832	6217
1907.941	6091
1910.046	6034
1912.152	6124
1914.256	6102
1916.361	6095
1918.464	6029
1920.57	6026
1922.672	6051
1924.775	6167
1926.876	6209
1928.978	6078
1931.08	6079
1933.181	6018
1935.28	6187
1937.38	6131
1939.478	6111
1941.577	6154
1943.675	6033
1945.771	5989
1947.867	6139
1949.964	6059
1952.058	6025
1954.154	6039
1956.248	6059
1958.343	6070
1960.435	6060
1962.527	6084
1964.62	6006
1966.711	6170
1968.802	6023
1970.892	6102
1972.983	6134
1975.072	5989
1977.162	6121
1979.25	5941
1981.337	5974
1983.424	6023
1985.51	5961
1987.598	6130
1989.683	6118
1991.768	6048
1993.852	5955
1995.934	5938
1998.019	6031
2000.102	5973
2002.184	6090
2004.266	6108
2006.347	6070
2008.427	5962
2010.508	5997
2012.587	5948
2014.666	5991
2016.745	6002
2018.821	5877
2020.9	5982
2022.977	5966
2025.052	5891
2027.128	6021
2029.204	5941
2031.277	6022
2033.353	5945
2035.425	6010
2037.499	5931
2039.57	6004
2041.642	5976
2043.714	5945
2045.786	6041
2047.855	5841
2049.925	6082
2051.993	6004
2054.064	6001
2056.132	6041
2058.2	6075
2060.266	5986
2062.332	6014
2064.398	6006
2066.465	6057
2068.529	6053
2070.592	6023
2072.657	6059
2074.719	6032
2076.783	6048
2078.845	6110
2080.907	6047
2082.968	6023
2085.028	6027
2087.087	5991
2089.148	6047
2091.207	6027
2093.264	6029
2095.322	5998
2097.379	6036
2099.439	5998
2101.495	5939
2103.55	5968
2105.605	6032
2107.658	6013
2109.713	5903
2111.767	6020
2113.82	5995
2115.872	5957
2117.924	6062
2119.975	6064
2122.028	5978
2124.078	6076
2126.126	5834
2128.176	6051
2130.225	6040
2132.275	5915
2134.321	6033
2136.368	5930
2138.415	5897
2140.461	6024
2142.505	5980
2144.552	6028
2146.597	5833
2148.64	6039
2150.684	5957
2152.725	5864
2154.77	5982
2156.811	5943
2158.852	5985
2160.894	6000
2162.933	5896
2164.973	6071
2167.013	5987
2169.051	5823
2171.089	5852
2173.126	5933
2175.164	5930
2177.201	5991
2179.236	5939
2181.273	5911
2183.307	5961
2185.341	5946
2187.377	5849
2189.41	5846
2191.442	5804
2193.473	5920
2195.506	5955
2197.539	5820
2199.569	5880
2201.598	5797
2203.628	5820
2205.656	5791
2207.686	5901
2209.716	5816
2211.743	5837
2213.769	5806
2215.796	5769
2217.821	5868
2219.848	5871
2221.873	5769
2223.897	5815
2225.921	5823
2227.944	5875
2229.967	5731
2231.991	5914
2234.011	5859
2236.032	5805
2238.053	5772
2240.073	5744
2242.094	5766
2244.114	5832
2246.131	5865
2248.149	5756
2250.167	5884
2252.186	5796
2254.201	5786
2256.218	5828
2258.233	5803
2260.247	5794
2262.262	5919
2264.278	5806
2266.29	5713
2268.303	5795
2270.315	5831
2272.327	5728
2274.341	5835
2276.35	5916
2278.361	5862
2280.37	5809
2282.38	5851
2284.388	5890
2286.397	5862
2288.405	5774
2290.412	5757
2292.419	5802
2294.425	5866
2296.431	5745
2298.437	5940
2300.441	5961
2302.445	5777
2304.449	5729
2306.453	5749
2308.455	5854
2310.457	5813
2312.459	5778
2314.46	5718
2316.46	5798
2318.461	5773
2320.46	5740
2322.458	5849
2324.458	5700
2326.456	5752
2328.455	5741
2330.451	5804
2332.447	5796
2334.443	5851
2336.438	5674
2338.433	5759
2340.429	5594
2342.422	5772
2344.416	5775
2346.408	5716
2348.399	5612
2350.393	5753
2352.384	5690
2354.375	5657
2356.365	5647
2358.355	5594
2360.344	5667
2362.333	5598
2364.322	5623
2366.309	5676
2368.295	5674
2370.282	5682
2372.27	5699
2374.256	5722
2376.24	5644
2378.225	5695
2380.208	5588
2382.194	5728
2384.177	5708
2386.159	5529
2388.142	5545
2390.122	5564
2392.105	5655
2394.085	5609
2396.066	5568
2398.044	5575
2400.024	5498
2402.002	5647
2403.982	5553
2405.959	5606
2407.935	5565
2409.913	5580
2411.888	5708
2413.865	5596
2415.84	5493
2417.814	5545
2419.788	5572
2421.762	5623
2423.735	5671
2425.708	5585
2427.68	5553
2429.651	5646
2431.623	5555
2433.593	5542
2435.564	5512
2437.533	5657
2439.502	5598
2441.47	5644
2443.438	5562
2445.406	5580
2447.373	5559
2449.34	5509
2451.305	5506
2453.271	5722
2455.235	5564
2457.201	5652
2459.165	5533
2461.129	5439
2463.092	5528
2465.054	5600
2467.018	5516
2468.978	5509
2470.939	5526
2472.899	5459
2474.86	5486
2476.819	5460
2478.778	5487
2480.737	5511
2482.695	5505
2484.653	5585
2486.609	5529
2488.567	5443
2490.524	5576
2492.478	5418
2494.433	5581
2496.387	5468
2498.343	5498
2500.297	5420
2502.249	5505
2504.202	5479
2506.153	5449
2508.105	5399
2510.057	5576
2512.008	5531
2513.957	5497
2515.906	5464
2517.855	5424
2519.805	5393
2521.754	5437
2523.7	5409
2525.647	5402
2527.594	5385
2529.54	5441
2531.486	5572
2533.431	5340
2535.376	5372
2537.32	5495
2539.263	5320
2541.207	5485
2543.151	5383
2545.093	5418
2547.034	5425
2548.975	5466
2550.917	5468
2552.856	5424
2554.796	5379
2556.735	5532
2558.673	5404
2560.611	5393
2562.55	5465
2564.487	5437
2566.424	5479
2568.36	5431
2570.296	5526
2572.232	5418
2574.167	5450
2576.101	5396
2578.035	5430
2579.969	5548
2581.902	5478
2583.834	5488
2585.766	5418
2587.698	5508
2589.628	5531
2591.557	5480
2593.489	5466
2595.419	5535
2597.348	5450
2599.275	5456
2601.204	5501
2603.131	5413
2605.059	5517
2606.986	5449
2608.911	5456
2610.837	5438
2612.76	5440
2614.687	5440
2616.61	5469
2618.534	5425
2620.457	5378
2622.38	5440
2624.302	5479
2626.225	5408
2628.145	5448
2630.067	5477
2631.986	5420
2633.906	5415
2635.827	5330
2637.745	5494
2639.662	5473
2641.581	5433
2643.498	5508
2645.415	5460
2647.331	5526
2649.248	5420
2651.163	5456
2653.077	5495
2654.993	5439
2656.906	5424
2658.821	5405
2660.733	5393
2662.646	5471
2664.557	5397
2666.47	5441
2668.381	5546
2670.291	5455
2672.201	5333
2674.11	5345
2676.021	5482
2677.929	5441
2679.837	5391
2681.745	5455
2683.652	5355
2685.56	5303
2687.466	5391
2689.371	5430
2691.276	5340
2693.181	5463
2695.085	5425
2696.991	5332
2698.893	5425
2700.796	5347
2702.698	5378
2704.601	5319
2706.502	5396
2708.404	5383
2710.304	5369
2712.203	5388
2714.103	5310
2716.003	5379
2717.902	5405
2719.8	5251
2721.697	5333
2723.594	5289
2725.49	5348
2727.389	5239
2729.283	5304
2731.179	5311
2733.073	5374
2734.968	5297
2736.863	5296
2738.757	5380
2740.649	5322
2742.541	5295
2744.433	5272
2746.324	5298
2748.216	5231
2750.107	5391
2751.997	5388
2753.886	5227
2755.776	5422
2757.666	5262
2759.553	5230
2761.44	5289
2763.327	5305
2765.215	5307
2767.102	5218
2768.988	5290
2770.873	5279
2772.757	5240
2774.641	5272
2776.525	5272
2778.41	5251
2780.292	5245
2782.175	5227
2784.057	5260
2785.938	5170
2787.821	5254
2789.701	5195
2791.581	5331
2793.461	5222
2795.34	5184
2797.219	5197
2799.099	5127
2800.975	5157
2802.853	5302
2804.73	5235
2806.606	5329
2808.484	5264
2810.358	5075
2812.233	5281
2814.108	5107
2815.981	5118
2817.857	5156
2819.73	5128
2821.602	5131
2823.474	5263
2825.346	5351
2827.217	5155
2829.089	5170
2830.959	5261
2832.829	5187
2834.698	5141
2836.567	5252
2838.436	5182
2840.305	5173
2842.172	5192
2844.04	5130
2845.905	5258
2847.772	5136
2849.639	5220
2851.503	5256
2853.369	5201
2855.232	5217
2857.096	5276
2858.961	5213
2860.824	5211
2862.686	5258
2864.547	5229
2866.41	5361
2868.272	5293
2870.132	5371
2871.992	5378
2873.851	5355
2875.711	5508
2877.57	5444
2879.429	5537
2881.287	5634
2883.144	5474
2885.001	5645
2886.857	5634
2888.714	5627
2890.57	5540
2892.425	5679
2894.279	5546
2896.133	5540
2897.987	5503
2899.842	5578
2901.694	5453
2903.547	5476
2905.397	5499
2907.249	5450
2909.101	5554
2910.952	5600
2912.802	5665
2914.652	5634
2916.5	5595
2918.35	5721
2920.198	5762
2922.045	5780
2923.893	5908
2925.74	5879
2927.585	5874
2929.433	6020
2931.279	6084
2933.123	6107
2934.968	6088
2936.811	6098
2938.656	6141
2940.5	6366
2942.342	6253
2944.185	6320
2946.026	6336
2947.87	6244
2949.71	6296
2951.549	6224
2953.39	6195
2955.229	6090
2957.069	5999
2958.908	6084
2960.746	5997
2962.584	5922
2964.421	5868
2966.257	5831
2968.094	5936
2969.931	5642
2971.766	5638
2973.601	5758
2975.435	5695
2977.27	5708
2979.105	5643
2980.938	5673
2982.77	5657
2984.602	5568
2986.434	5548
2988.267	5625
2990.097	5492
2991.927	5601
2993.757	5545
2995.587	5355
2997.417	5425
2999.246	5456
3001.074	5406
3002.902	5309
3004.729	5329
3006.556	5252
3008.384	5231
3010.21	5170
3012.036	5157
3013.861	5162
3015.684	5114
3017.51	5072
3019.334	5000
3021.157	5108
3022.981	5044
3024.802	4965
3026.624	4974
3028.448	5036
3030.267	5014
3032.088	4976
3033.909	4970
3035.728	4874
3037.549	4893
3039.368	4871
3041.186	4858
3043.004	4830
3044.821	4926
3046.64	4957
3048.455	4917
3050.272	4882
3052.087	4936
3053.903	4889
3055.717	4836
3057.534	4941
3059.347	4986
3061.16	4830
3062.974	4976
3064.785	4848
3066.598	4808
3068.411	4829
3070.222	4775
3072.032	4857
3073.844	4841
3075.653	4863
3077.463	4840
3079.272	4765
3081.08	4885
3082.889	4814
3084.697	4802
3086.505	4755
3088.312	4895
3090.118	4761
3091.924	4714
3093.729	4853
3095.535	4753
3097.34	4689
3099.144	4788
3100.947	4763
3102.75	4667
3104.553	4875
3106.357	4667
3108.159	4743
3109.961	4661
3111.762	4733
3113.562	4750
3115.365	4724
3117.164	4744
3118.964	4765
3120.761	4657
3122.56	4675
3124.36	4576
3126.158	4728
3127.954	4723
3129.75	4668
3131.547	4680
3133.343	4674
3135.139	4648
3136.934	4725
3138.729	4617
3140.522	4573
3142.317	4621
3144.11	4611
3145.904	4686
3147.695	4592
3149.488	4652
3151.28	4711
3153.07	4648
3154.863	4654
3156.652	4670
3158.441	4698
3160.231	4517
3162.019	4603
3163.81	4716
3165.597	4627
3167.384	4674
3169.172	4609
3170.958	4568
3172.745	4553
3174.532	4637
3176.317	4605
3178.101	4595
3179.885	4444
3181.67	4482
3183.455	4517
3185.238	4576
3187.02	4594
3188.802	4566
3190.585	4487
3192.368	4555
3194.149	4527
3195.929	4545
3197.709	4632
3199.489	4556
3201.268	4519
3203.048	4476
3204.826	4611
3206.604	4535
3208.382	4628
3210.159	4502
3211.937	4533
3213.713	4455
3215.489	4539
3217.263	4473
3219.038	4468
3220.815	4473
3222.589	4523
3224.363	4531
3226.136	4505
3227.908	4495
3229.681	4509
3231.454	4536
3233.226	4588
3234.996	4548
3236.767	4603
3238.538	4479
3240.308	4349
3242.078	4479
3243.847	4528
3245.615	4543
3247.384	4461
3249.15	4561
3250.92	4519
3252.686	4483
3254.453	4491
3256.218	4487
3257.984	4505
3259.75	4529
3261.515	4482
3263.279	4516
3265.044	4435
3266.806	4492
3268.57	4513
3270.334	4587
3272.095	4532
3273.856	4437
3275.619	4518
3277.379	4515
3279.14	4495
3280.9	4516
3282.661	4503
3284.419	4555
3286.178	4509
3287.937	4515
3289.695	4483
3291.453	4557
3293.21	4535
3294.967	4481
3296.723	4546
3298.48	4524
3300.235	4476
3301.99	4481
3303.744	4518
3305.498	4492
3307.253	4567
3309.006	4480
3310.759	4638
3312.511	4481
3314.263	4581
3316.017	4454
3317.768	4482
3319.519	4471
3321.268	4522
3323.018	4520
3324.767	4479
3326.518	4386
3328.267	4472
3330.014	4551
3331.762	4345
3333.509	4483
3335.258	4474
3337.003	4395
3338.75	4410
3340.496	4410
3342.24	4446
3343.987	4414
3345.732	4533
3347.475	4526
3349.219	4469
3350.961	4413
3352.705	4402
3354.448	4510
3356.19	4437
3357.931	4423
3359.672	4380
3361.412	4456
3363.155	4446
3364.894	4425
3366.633	4427
3368.372	4395
3370.11	4447
3371.849	4393
3373.588	4444
3375.325	4335
3377.061	4378
3378.799	4482
3380.534	4323
3382.271	4335
3384.006	4399
3385.741	4365
3387.475	4394
3389.209	4337
3390.944	4331
3392.677	4290
3394.409	4303
3396.143	4283
3397.874	4347
3399.606	4306
3401.338	4346
3403.069	4336
3404.799	4303
3406.528	4398
3408.258	4363
3409.988	4285
3411.717	4321
3413.445	4263
3415.173	4277
3416.899	4390
3418.626	4258
3420.354	4250
3422.08	4310
3423.806	4218
3425.531	4332
3427.255	4265
3428.981	4231
3430.705	4277
3432.429	4162
3434.151	4299
3435.875	4199
3437.599	4236
3439.321	4209
3441.042	4198
3442.763	4215
3444.483	4127
3446.204	4200
3447.926	4294
3449.645	4127
3451.364	4210
3453.082	4182
3454.801	4147
3456.52	4138
3458.238	4187
3459.954	4176
3461.671	4240
3463.387	4093
3465.104	4179
3466.82	4166
3468.534	4100
3470.25	4168
3471.963	4090
3473.676	4056
3475.392	4066
3477.104	4073
3478.817	4111
3480.528	4132
3482.241	4142
3483.954	4058
3485.664	4076
3487.374	4120
3489.084	4059
3490.795	4098
3492.504	4075
3494.214	4010
3495.922	4050
3497.63	4057
3499.338	3994
3501.045	3999
3502.753	3968
3504.459	4001
3506.166	4096
3507.871	4018
3509.576	4047
3511.283	4092
3512.987	4034
3514.691	4108
3516.395	4003
3518.098	3950
3519.8	4042
3521.504	3974
3523.206	3994
3524.908	4048
3526.609	3936
3528.309	3903
3530.011	3915
3531.711	3959
3533.411	3950
3535.109	3916
3536.808	3932
3538.507	4024
3540.206	3989
3541.904	3927
3543.601	3888
3545.297	3862
3546.994	3914
3548.69	3914
3550.387	3952
3552.081	3876
3553.776	4001
3555.47	3868
3557.166	3839
3558.859	3857
3560.553	3829
3562.245	3962
3563.938	3816
3565.629	3897
3567.322	3833
3569.014	3947
3570.704	3894
3572.394	3776
3574.084	3902
3575.775	3905
3577.464	3803
3579.152	3915
3580.842	3808
3582.529	3883
3584.216	3778
3585.905	3834
3587.591	3787
3589.279	3769
3590.964	3824
3592.649	3754
3594.336	3810
3596.021	3805
3597.705	3829
3599.388	3810
3601.072	3680
3602.757	3745
3604.439	3764
3606.122	3736
3607.803	3694
3609.485	3736
3611.167	3742
3612.849	3687
3614.529	3632
3616.208	3688
3617.888	3618
3619.567	3688
3621.247	3683
3622.926	3601
3624.603	3707
3626.281	3721
3627.958	3599
3629.635	3627
3631.312	3671
3632.989	3634
3634.665	3659
3636.339	3584
3638.014	3602
3639.691	3626
3641.364	3643
3643.038	3541
3644.71	3600
3646.384	3655
3648.058	3621
3649.729	3624
3651.402	3653
3653.073	3577
3654.744	3500
3656.414	3620
3658.085	3636
3659.755	3561
3661.424	3578
3663.094	3621
3664.762	3539
3666.431	3526
3668.099	3619
3669.766	3560
3671.433	3535
3673.099	3511
3674.768	3605
3676.433	3534
3678.098	3608
3679.763	3534
3681.428	3546
3683.093	3548
3684.757	3540
3686.421	3517
3688.083	3534
3689.746	3559
3691.408	3503
3693.071	3570
3694.733	3520
3696.394	3513
3698.054	3448
3699.715	3575
3701.375	3467
3703.036	3502
3704.695	3475
3706.354	3554
3708.012	3499
3709.67	3383
3711.329	3443
3712.987	3489
3714.644	3436
3716.299	3489
3717.955	3491
3719.613	3413
3721.268	3383
3722.923	3480
3724.577	3484
3726.231	3506
3727.885	3411
3729.539	3471
3731.192	3378
3732.845	3454
3734.497	3442
3736.149	3405
3737.802	3411
3739.453	3358
3741.104	3441
3742.753	3339
3744.404	3420
3746.052	3369
3747.704	3322
3749.352	3394
3751	3455
3752.648	3419
3754.296	3444
3755.944	3472
3757.59	3336
3759.238	3408
3760.883	3250
3762.528	3455
3764.176	3377
3765.82	3402
3767.464	3381
3769.109	3333
3770.753	3387
3772.396	3295
3774.04	3326
3775.683	3331
3777.325	3394
3778.967	3316
3780.608	3360
3782.25	3317
3783.89	3326
3785.531	3403
3787.17	3279
3788.81	3338
3790.45	3300
3792.09	3288
3793.729	3382
3795.366	3258
3797.003	3362
3798.64	3309
3800.278	3242
3801.915	3326
3803.551	3303
3805.187	3254
3806.822	3290
3808.458	3289
3810.093	3302
3811.726	3331
3813.36	3282
3814.994	3253
3816.627	3310
3818.262	3227
3819.893	3217
3821.525	3259
3823.157	3193
3824.787	3280
3826.42	3203
3828.051	3303
3829.68	3300
3831.31	3216
3832.938	3141
3834.569	3260
3836.198	3283
3837.825	3188
3839.454	3237
3841.08	3235
3842.708	3286
3844.335	3244
3845.962	3213
3847.587	3215
3849.212	3189
3850.838	3130
3852.463	3196
3854.089	3219
3855.712	3197
3857.335	3153
3858.959	3122
3860.582	3177
3862.205	3186
3863.827	3192
3865.449	3123
3867.07	3123
3868.691	3140
3870.312	3184
3871.933	3217
3873.553	3136
3875.173	3205
3876.792	3122
3878.411	3138
3880.03	3256
3881.647	3126
3883.265	3196
3884.882	3159
3886.499	3104
3888.116	3184
3889.732	3091
3891.348	3133
3892.964	3135
3894.579	3180
3896.195	3124
3897.809	3184
3899.423	3126
3901.036	3125
3902.648	3106
3904.261	3131
3905.875	3047
3907.487	3072
3909.099	3090
3910.709	3099
3912.321	3156
3913.933	3087
3915.542	3133
3917.152	3115
3918.762	3050
3920.37	3132
3921.98	3126
3923.589	3115
3925.196	3168
3926.804	3071
3928.41	3160
3930.018	3069
3931.626	3099
3933.231	3060
3934.838	3052
3936.442	3075
3938.046	3120
3939.653	3121
3941.257	3009
3942.861	3058
3944.464	3105
3946.068	3094
3947.67	3080
3949.273	3100
3950.876	3051
3952.477	3037
3954.078	3084
3955.678	2957
3957.281	3100
3958.881	3039
3960.48	3051
3962.079	3069
3963.678	2973
3965.279	3033
3966.877	2961
3968.475	2958
3970.072	2955
3971.669	3032
3973.266	2979
3974.864	2995
3976.459	3026
3978.055	3004
3979.65	2998
3981.245	2977
3982.841	3051
3984.436	3000
3986.03	3012
3987.623	2966
3989.216	2966
3990.809	2891
3992.403	2916
3993.995	2964
3995.586	2949
3997.177	2934
3998.768	2929
4000.361	2898
4001.951	2891
4003.54	2945
4005.13	2888
4006.719	3029
4008.31	2931
4009.897	2902
4011.485	2991
4013.073	2847
4014.66	2885
4016.247	2930
4017.834	2856
4019.421	2884
4021.006	2897
4022.592	2858
4024.178	2883
4025.763	2888
4027.348	2955
4028.932	2832
4030.515	2862
4032.099	2862
4033.682	2861
4035.266	2834
4036.847	2914
4038.429	2890
4040.011	2827
4041.592	2872
4043.173	2887
4044.755	2815
4046.334	2867
4047.913	2872
4049.494	2796
4051.074	2807
4052.652	2803
4054.23	2851
4055.807	2875
4057.385	2812
4058.963	2861
4060.541	2842
4062.117	2841
4063.693	2818
4065.269	2806
4066.844	2784
4068.42	2845
4069.995	2779
4071.569	2837
4073.143	2767
4074.716	2791
4076.291	2803
4077.864	2785
4079.436	2795
4081.009	2807
4082.58	2828
4084.152	2815
4085.723	2747
4087.294	2811
4088.865	2769
4090.435	2812
4092.005	2818
4093.574	2775
4095.143	2738
4096.712	2782
4098.279	2697
4099.848	2794
4101.416	2734
4102.984	2698
4104.55	2732
4106.117	2688
4107.682	2758
4109.248	2745
4110.815	2718
4112.379	2745
4113.945	2772
4115.508	2697
4117.073	2727
4118.637	2749
4120.201	2767
4121.763	2672
4123.325	2705
4124.888	2796
4126.449	2597
4128.013	2747
4129.573	2689
4131.133	2739
4132.694	2668
4134.254	2669
4135.814	2651
4137.374	2753
4138.933	2677
4140.491	2684
4142.049	2690
4143.607	2719
4145.167	2628
4146.724	2655
4148.28	2631
4149.836	2702
4151.392	2657
4152.949	2690
4154.504	2605
4156.059	2595
4157.614	2643
4159.168	2763
4160.723	2653
4162.277	2687
4163.83	2629
4165.383	2631
4166.936	2598
4168.488	2651
4170.041	2687
4171.593	2584
4173.144	2581
4174.695	2641
4176.246	2598
4177.796	2650
4179.346	2594
4180.896	2572
4182.445	2590
4183.994	2574
4185.542	2600
4187.091	2602
4188.639	2531
4190.185	2571
4191.732	2613
4193.279	2592
4194.826	2520
4196.373	2547
4197.918	2641
4199.463	2676
4201.008	2508
4202.553	2598
4204.098	2467
4205.641	2532
4207.185	2538
4208.728	2625
4210.271	2524
4211.814	2617
4213.357	2549
4214.898	2510
4216.439	2520
4217.98	2510
4219.522	2562
4221.062	2516
4222.603	2510
4224.142	2535
4225.681	2459
4227.222	2574
4228.76	2587
4230.298	2473
4231.835	2423
4233.373	2488
4234.911	2499
4236.449	2531
4237.985	2463
4239.521	2579
4241.057	2506
4242.592	2526
4244.128	2504
4245.663	2517
4247.197	2486
4248.731	2518
4250.265	2504
4251.798	2449
4253.333	2484
4254.865	2459
4256.397	2410
4257.93	2509
4259.461	2520
4260.994	2460
4262.525	2526
4264.056	2555
4265.586	2477
4267.115	2444
4268.646	2396
4270.176	2496
4271.705	2481
4273.232	2480
4274.761	2413
4276.289	2506
4277.818	2441
4279.345	2436
4280.872	2468
4282.399	2405
4283.924	2434
4285.452	2375
4286.976	2439
4288.502	2474
4290.026	2480
4291.551	2480
4293.074	2437
4294.6	2406
4296.123	2453
4297.646	2416
4299.168	2407
4300.691	2420
4302.214	2438
4303.736	2372
4305.257	2400
4306.778	2372
4308.299	2374
4309.82	2364
4311.34	2417
4312.86	2371
4314.379	2410
