400.0745	5895
402.597	5934
405.1208	5965
407.6419	6025
410.1623	6187
412.6819	6165
415.201	6103
417.7172	6084
420.2369	6222
422.7538	6204
425.2701	6237
427.7856	6415
430.3005	6445
432.8147	6481
435.3282	6357
437.841	6548
440.3511	6364
442.8625	6432
445.3753	6464
447.8854	6465
450.3927	6501
452.9014	6508
455.4073	6404
457.9146	6521
460.4233	6478
462.9272	6555
465.4325	6616
467.935	6504
470.4389	6447
472.9421	6576
475.4446	6587
477.9444	6504
480.4456	6525
482.944	6626
485.4417	6479
487.9429	6548
490.4393	6625
492.935	6518
495.4321	6663
497.9264	6678
500.4221	6652
502.9171	6709
505.4094	6713
507.9011	6768
510.392	6695
512.8864	6656
515.3759	6839
517.8649	6720
520.3531	6856
522.8406	6714
525.3275	6763
527.8178	6811
530.3033	6775
532.7881	6814
535.2723	6859
537.7558	6807
540.2407	6841
542.7228	6685
545.2043	6740
547.6851	6819
550.1652	6690
552.6467	6689
555.1255	6846
557.6016	6756
560.079	6925
562.5557	6759
565.0318	6919
567.5092	6991
569.984	6928
572.456	7037
574.9294	6944
577.4022	6993
579.8762	7064
582.3456	7051
584.8163	7004
587.2863	7053
589.7557	7138
592.2224	7061
594.6924	7036
597.1578	7116
599.6245	7062
602.0905	7161
604.5538	6984
607.0206	7023
609.4825	7027
611.9459	7159
614.4066	7021
616.8686	7053
619.33	7124
621.7906	7162
624.2487	6978
626.708	6987
629.1647	7008
631.6207	6969
634.0801	7060
636.5348	7129
638.9888	7166
641.4442	7059
643.8969	7068
646.3509	7101
648.8022	6961
651.255	7027
653.705	7222
656.1544	7102
658.6031	7080
661.0532	7182
663.5026	7224
665.9493	7193
668.3954	7227
670.8409	7114
673.2877	7264
675.7318	7269
678.1752	7280
680.618	7392
683.0601	7212
685.5035	7210
687.9444	7236
690.3845	7418
692.824	7263
695.2628	7046
697.701	7322
700.1406	7386
702.5774	7334
705.0116	7391
707.4472	7393
709.8821	7387
712.3183	7337
714.7519	7402
717.1829	7411
719.6151	7460
722.0468	7388
724.4777	7470
726.908	7611
729.3377	7492
731.7667	7590
734.1931	7589
736.6208	7511
739.0498	7589
741.4742	7639
743.9	7676
746.3231	7661
748.7476	7836
751.1713	7697
753.5945	7560
756.015	7785
758.4368	7894
760.856	7728
763.2766	7767
765.6965	7776
768.1157	7886
770.5323	7842
772.9483	7759
775.3656	7827
777.7822	7847
780.1963	7854
782.6116	7812
785.0244	7687
787.4365	7835
789.8499	7858
792.2626	7750
794.6728	7761
797.0823	7879
799.4911	7850
801.8994	7918
804.3109	7875
806.7178	7888
809.124	7933
811.5297	7918
813.9347	7903
816.341	7991
818.7447	7895
821.1478	7932
823.5502	7872
825.952	7841
828.3531	7838
830.7556	7875
833.1554	7865
835.5546	7985
837.9532	8033
840.3511	8077
842.7504	8003
845.1451	8047
847.5411	8047
849.9365	7999
852.3312	8163
854.7272	8086
857.1187	8085
859.5115	8141
861.9037	8041
864.2952	7932
866.6842	7964
869.0764	8047
871.4661	7995
873.8531	8083
876.2415	8145
878.6272	7948
881.0162	7890
883.4026	7966
885.7866	8103
888.1717	8015
890.5543	8048
892.9382	7874
895.3215	8089
897.7041	8053
900.0842	8074
902.4655	7993
904.8443	8042
907.2244	8172
909.6039	7991
911.9808	8204
914.357	8274
916.7346	8205
919.1115	8179
921.4859	8192
923.8616	8307
926.2347	8352
928.6071	8345
930.979	8362
933.3541	8292
935.7247	8492
938.0946	8534
940.4639	8573
942.8326	8763
945.2026	8851
947.5701	8720
949.9369	8999
952.305	9173
954.6705	9538
957.0355	9619
959.4017	10023
961.7654	10076
964.1284	10189
966.4908	9868
968.8527	9592
971.2138	9108
973.5743	8931
975.9343	8750
978.2936	8443
980.6522	8379
983.0122	8361
985.3696	8376
987.7245	8419
990.0807	8257
992.4362	8242
994.7911	8331
997.1474	8278
999.4991	8347
1001.852	8309
1004.205	8335
1006.555	8341
1008.908	8312
1011.258	8349
1013.606	8338
1015.956	8350
1018.302	8308
1020.652	8238
1022.998	8397
1025.345	8520
1027.691	8343
1030.035	8473
1032.378	8367
1034.724	8431
1037.066	8534
1039.409	8518
1041.75	8452
1044.092	8428
1046.433	8515
1048.771	8495
1051.112	8585
1053.449	8617
1055.786	8502
1058.124	8437
1060.462	8529
1062.797	8658
1065.131	8641
1067.467	8663
1069.8	8617
1072.135	8649
1074.467	8581
1076.798	8632
1079.129	8632
1081.459	8491
1083.792	8523
1086.121	8724
1088.449	8627
1090.777	8582
1093.104	8464
1095.431	8548
1097.759	8580
1100.084	8590
1102.408	8596
1104.732	8752
1107.056	8541
1109.379	8469
1111.701	8498
1114.022	8554
1116.343	8495
1118.664	8377
1120.983	8479
1123.303	8597
1125.621	8625
1127.939	8589
1130.256	8525
1132.573	8420
1134.889	8649
1137.205	8561
1139.52	8681
1141.832	8743
1144.146	8532
1146.461	8629
1148.771	8520
1151.083	8642
1153.392	8460
1155.703	8530
1158.011	8623
1160.323	8480
1162.629	8444
1164.938	8504
1167.243	8525
1169.55	8664
1171.857	8553
1174.163	8736
1176.466	8472
1178.769	8455
1181.073	8531
1183.374	8458
1185.677	8460
1187.979	8602
1190.279	8571
1192.578	8579
1194.878	8417
1197.178	8585
1199.476	8619
1201.772	8741
1204.068	8527
1206.366	8486
1208.663	8611
1210.957	8581
1213.251	8668
1215.544	8515
1217.836	8753
1220.128	8765
1222.421	8640
1224.712	8546
1227.002	8656
1229.292	8696
1231.581	8810
1233.871	8702
1236.159	8677
1238.446	8655
1240.732	8818
1243.018	8910
1245.304	8812
1247.59	8909
1249.874	8893
1252.156	8943
1254.439	8760
1256.721	8834
1259.005	9016
1261.286	8884
1263.565	8698
1265.845	8825
1268.125	8844
1270.403	8981
1272.682	8821
1274.959	8821
1277.234	8802
1279.511	8692
1281.787	8849
1284.062	8879
1286.337	8794
1288.609	8791
1290.882	8651
1293.153	8759
1295.428	8773
1297.698	8819
1299.969	8730
1302.237	8684
1304.507	8775
1306.777	8782
1309.044	8650
1311.312	8697
1313.578	8774
1315.844	8774
1318.109	8625
1320.375	8815
1322.638	8684
1324.903	8735
1327.165	8716
1329.427	8729
1331.69	8709
1333.952	8838
1336.212	8700
1338.471	8745
1340.73	8824
1342.988	8726
1345.248	8692
1347.505	8679
1349.763	8871
1352.019	8743
1354.274	8755
1356.53	8829
1358.784	8815
1361.038	8817
1363.291	8748
1365.543	8762
1367.797	8705
1370.048	8735
1372.296	8803
1374.546	8725
1376.796	8782
1379.045	8853
1381.295	8747
1383.542	8869
1385.787	8945
1388.034	8799
1390.28	8826
1392.527	8831
1394.772	8788
1397.014	8817
1399.258	8984
1401.501	8797
1403.741	8796
1405.985	8877
1408.226	8917
1410.465	8820
1412.705	8930
1414.943	8725
1417.184	8814
1419.42	8993
1421.658	8956
1423.894	8978
1426.13	8973
1428.366	8975
1430.602	8981
1432.835	8974
1435.069	9023
1437.301	8992
1439.535	8986
1441.767	9089
1443.997	9083
1446.229	9182
1448.458	9072
1450.687	9089
1452.916	9114
1455.146	9082
1457.372	9123
1459.599	9110
1461.824	9180
1464.051	9108
1466.277	9168
1468.501	9154
1470.725	9192
1472.948	8865
1475.17	8911
1477.393	9088
1479.614	9007
1481.837	8860
1484.057	8859
1486.276	8875
1488.497	8909
1490.715	8820
1492.932	8752
1495.148	8801
1497.364	9014
1499.58	8962
1501.798	8913
1504.012	8760
1506.227	8715
1508.44	8890
1510.653	8730
1512.866	8724
1515.078	8763
1517.289	8760
1519.5	8842
1521.711	8723
1523.92	8685
1526.13	8688
1528.338	8899
1530.544	8748
1532.752	8848
1534.959	8881
1537.165	8800
1539.371	8788
1541.574	8815
1543.779	8784
1545.983	8741
1548.187	8812
1550.39	8867
1552.59	8857
1554.792	8849
1556.991	8818
1559.19	8920
1561.392	8924
1563.59	9028
1565.789	8906
1567.986	8876
1570.182	8985
1572.381	8842
1574.576	9126
1576.771	8926
1578.966	8963
1581.16	8930
1583.354	9055
1585.546	8935
1587.74	9189
1589.931	9029
1592.121	9154
1594.311	8958
1596.502	9197
1598.693	9034
1600.881	9176
1603.069	9041
1605.256	9154
1607.445	9016
1609.631	9148
1611.816	9126
1614.001	9098
1616.186	9107
1618.37	9082
1620.555	9006
1622.737	9040
1624.919	8976
1627.101	9230
1629.282	9176
1631.463	9128
1633.643	9176
1635.822	9165
1638.001	9181
1640.179	9193
1642.359	9079
1644.534	9156
1646.711	9165
1648.887	9063
1651.062	9249
1653.235	9215
1655.412	9165
1657.586	9139
1659.757	9261
1661.93	9156
1664.1	9244
1666.274	9240
1668.445	9092
1670.614	9220
1672.784	9247
1674.951	9237
1677.12	9233
1679.289	9385
1681.457	9141
1683.622	9192
1685.789	9244
1687.953	9150
1690.121	9270
1692.284	9184
1694.447	9147
1696.611	9083
1698.772	9134
1700.935	9069
1703.098	9229
1705.258	9205
1707.417	8979
1709.576	9209
1711.736	9053
1713.896	9143
1716.053	9171
1718.21	8982
1720.366	8916
1722.522	8951
1724.68	9053
1726.835	9044
1728.989	8968
1731.142	9119
1733.295	8888
1735.449	8998
1737.601	9053
1739.753	8874
1741.903	9157
1744.054	9006
1746.203	8905
1748.354	9119
1750.503	9005
1752.651	9171
1754.798	9106
1756.944	9067
1759.092	9003
1761.238	9049
1763.383	9186
1765.528	9157
1767.672	9001
1769.814	9016
1771.959	9033
1774.102	9141
1776.242	9047
1778.384	9216
1780.525	9207
1782.665	9128
1784.805	9174
1786.945	9072
1789.082	9157
1791.22	9255
1793.36	9075
1795.495	9134
1797.632	9094
1799.766	9206
1801.902	9133
1804.035	9056
1806.172	9056
1808.304	9109
1810.436	9122
1812.569	9187
1814.699	9174
1816.833	9044
1818.963	9136
1821.092	8998
1823.222	9073
1825.35	9059
1827.478	9103
1829.608	9089
1831.734	9018
1833.86	9063
1835.986	9046
1838.11	9184
1840.238	9126
1842.362	9024
1844.485	8993
1846.608	9000
1848.73	9106
1850.853	8801
1852.974	9074
1855.097	8914
1857.217	9004
1859.336	8948
1861.455	8932
1863.576	8980
1865.693	9023
1867.811	9020
1869.926	9044
1872.042	8914
1874.16	8990
1876.275	9059
1878.39	8829
1880.504	8844
1882.618	8947
1884.731	8983
1886.843	9025
1888.956	8977
1891.067	8956
1893.178	8888
1895.287	9074
1897.399	9078
1899.508	9164
1901.617	9007
1903.724	9166
1905.832	9021
1907.941	9124
1910.046	9004
1912.152	9040
1914.256	9183
1916.361	9106
1918.464	9114
1920.57	9167
1922.672	9031
1924.775	9229
1926.876	9117
1928.978	9080
1931.08	9155
1933.181	9094
1935.28	9045
1937.38	9093
1939.478	9050
1941.577	9158
1943.675	9177
1945.771	9134
1947.867	9156
1949.964	9004
1952.058	9207
1954.154	9109
1956.248	9172
1958.343	8970
1960.435	9005
1962.527	9173
1964.62	9122
1966.711	9022
1968.802	9159
1970.892	9156
1972.983	9005
1975.072	9079
1977.162	8991
1979.25	9039
1981.337	8999
1983.424	9068
1985.51	9082
1987.598	9069
1989.683	9098
1991.768	8987
1993.852	9033
1995.934	9018
1998.019	9006
2000.102	9049
2002.184	9025
2004.266	8928
2006.347	9031
2008.427	8940
2010.508	8953
2012.587	8989
2014.666	9002
2016.745	8949
2018.821	8891
2020.9	8942
2022.977	8966
2025.052	8990
2027.128	8973
2029.204	8986
2031.277	8973
2033.353	8893
2035.425	8929
2037.499	8931
2039.57	8941
2041.642	9062
2043.714	8960
2045.786	8974
2047.855	8982
2049.925	8880
2051.993	8953
2054.064	9023
2056.132	9057
2058.2	8952
2060.266	9084
2062.332	9018
2064.398	8887
2066.465	8857
2068.529	9012
2070.592	8990
2072.657	8936
2074.719	9048
2076.783	9080
2078.845	9090
2080.907	8820
2082.968	8939
2085.028	9058
2087.087	8926
2089.148	9152
2091.207	8912
2093.264	8917
2095.322	9052
2097.379	8934
2099.439	8961
2101.495	9049
2103.55	9040
2105.605	9020
2107.658	9000
2109.713	9027
2111.767	8941
2113.82	9015
2115.872	8852
2117.924	8885
2119.975	8857
2122.028	8876
2124.078	8858
2126.126	8948
2128.176	8988
2130.225	8846
2132.275	8906
2134.321	8847
2136.368	8927
2138.415	8926
2140.461	8828
2142.505	8872
2144.552	8825
2146.597	8935
2148.64	8854
2150.684	8892
2152.725	8876
2154.77	8884
2156.811	8951
2158.852	8925
2160.894	8913
2162.933	8857
2164.973	8926
2167.013	8738
2169.051	8830
2171.089	8840
2173.126	8873
2175.164	8754
2177.201	8762
2179.236	8770
2181.273	8798
2183.307	8824
2185.341	8878
2187.377	8735
2189.41	8644
2191.442	8620
2193.473	8744
2195.506	8781
2197.539	8677
2199.569	8680
2201.598	8632
2203.628	8580
2205.656	8638
2207.686	8777
2209.716	8575
2211.743	8558
2213.769	8726
2215.796	8623
2217.821	8599
2219.848	8701
2221.873	8747
2223.897	8665
2225.921	8602
2227.944	8619
2229.967	8568
2231.991	8607
2234.011	8534
2236.032	8716
2238.053	8484
2240.073	8724
2242.094	8704
2244.114	8629
2246.131	8631
2248.149	8605
2250.167	8671
2252.186	8604
2254.201	8581
2256.218	8608
2258.233	8687
2260.247	8566
2262.262	8631
2264.278	8568
2266.29	8599
2268.303	8622
2270.315	8705
2272.327	8594
2274.341	8567
2276.35	8567
2278.361	8628
2280.37	8612
2282.38	8647
2284.388	8588
2286.397	8619
2288.405	8573
2290.412	8605
2292.419	8547
2294.425	8659
2296.431	8514
2298.437	8508
2300.441	8536
2302.445	8555
2304.449	8604
2306.453	8678
2308.455	8642
2310.457	8568
2312.459	8547
2314.46	8454
2316.46	8653
2318.461	8480
2320.46	8568
2322.458	8620
2324.458	8478
2326.456	8530
2328.455	8501
2330.451	8509
2332.447	8477
2334.443	8479
2336.438	8354
2338.433	8516
2340.429	8392
2342.422	8429
2344.416	8323
2346.408	8493
2348.399	8265
2350.393	8306
2352.384	8465
2354.375	8344
2356.365	8464
2358.355	8395
2360.344	8459
2362.333	8408
2364.322	8497
2366.309	8306
2368.295	8392
2370.282	8351
2372.27	8348
2374.256	8298
2376.24	8391
2378.225	8370
2380.208	8264
2382.194	8368
2384.177	8272
2386.159	8277
2388.142	8225
2390.122	8266
2392.105	8396
2394.085	8246
2396.066	8364
2398.044	8283
2400.024	8294
2402.002	8264
2403.982	8288
2405.959	8328
2407.935	8144
2409.913	8191
2411.888	8235
2413.865	8273
2415.84	8327
2417.814	8142
2419.788	8217
2421.762	8328
2423.735	8287
2425.708	8347
2427.68	8228
2429.651	8216
2431.623	8224
2433.593	8081
2435.564	8223
2437.533	8281
2439.502	8217
2441.47	8272
2443.438	8189
2445.406	8282
2447.373	8186
2449.34	8153
2451.305	8142
2453.271	8212
2455.235	8231
2457.201	8055
2459.165	8299
2461.129	8230
2463.092	8190
2465.054	8238
2467.018	8121
2468.978	8248
2470.939	8004
2472.899	8136
2474.86	8090
2476.819	8042
2478.778	8123
2480.737	8098
2482.695	8022
2484.653	8192
2486.609	7990
2488.567	8212
2490.524	8078
2492.478	8049
2494.433	8146
2496.387	8106
2498.343	7905
2500.297	8044
2502.249	7998
2504.202	8018
2506.153	8160
2508.105	8100
2510.057	7983
2512.008	7958
2513.957	8133
2515.906	7928
2517.855	8108
2519.805	8038
2521.754	8187
2523.7	8160
2525.647	8036
2527.594	8096
2529.54	7999
2531.486	8117
2533.431	8038
2535.376	8093
2537.32	8054
2539.263	7993
2541.207	7993
2543.151	7982
2545.093	7991
2547.034	7954
2548.975	7974
2550.917	7934
2552.856	7958
2554.796	7919
2556.735	8055
2558.673	8013
2560.611	8030
2562.55	7981
2564.487	7986
2566.424	8032
2568.36	7996
2570.296	7950
2572.232	8042
2574.167	8085
2576.101	7967
2578.035	8047
2579.969	7917
2581.902	7972
2583.834	7973
2585.766	7979
2587.698	7979
2589.628	7968
2591.557	8039
2593.489	7915
2595.419	7983
2597.348	7981
2599.275	8084
2601.204	8004
2603.131	8016
2605.059	8049
2606.986	7894
2608.911	8039
2610.837	7966
2612.76	8061
2614.687	8088
2616.61	8043
2618.534	7986
2620.457	7932
2622.38	7940
2624.302	7910
2626.225	7968
2628.145	8075
2630.067	8053
2631.986	8005
2633.906	8087
2635.827	7817
2637.745	7936
2639.662	8048
2641.581	8071
2643.498	7957
2645.415	8004
2647.331	7911
2649.248	7947
2651.163	7962
2653.077	7945
2654.993	7913
2656.906	8031
2658.821	7999
2660.733	7928
2662.646	7888
2664.557	7956
2666.47	8037
2668.381	7864
2670.291	7885
2672.201	8003
2674.11	7986
2676.021	7878
2677.929	7987
2679.837	7884
2681.745	7886
2683.652	7962
2685.56	7759
2687.466	7794
2689.371	7850
2691.276	7995
2693.181	7752
2695.085	7874
2696.991	7862
2698.893	7771
2700.796	7869
2702.698	7940
2704.601	7914
2706.502	7896
2708.404	7659
2710.304	7727
2712.203	7878
2714.103	7722
2716.003	7773
2717.902	7809
2719.8	7851
2721.697	7720
2723.594	7833
2725.49	7830
2727.389	7769
2729.283	7871
2731.179	7791
2733.073	7838
2734.968	7878
2736.863	7645
2738.757	7664
2740.649	7753
2742.541	7786
2744.433	7613
2746.324	7711
2748.216	7751
2750.107	7701
2751.997	7784
2753.886	7714
2755.776	7624
2757.666	7756
2759.553	7715
2761.44	7791
2763.327	7732
2765.215	7667
2767.102	7656
2768.988	7690
2770.873	7598
2772.757	7787
2774.641	7734
2776.525	7662
2778.41	7715
2780.292	7687
2782.175	7669
2784.057	7717
2785.938	7668
2787.821	7633
2789.701	7568
2791.581	7670
2793.461	7680
2795.34	7652
2797.219	7710
2799.099	7607
2800.975	7544
2802.853	7639
2804.73	7482
2806.606	7563
2808.484	7574
2810.358	7527
2812.233	7649
2814.108	7588
2815.981	7654
2817.857	7609
2819.73	7625
2821.602	7613
2823.474	7590
2825.346	7552
2827.217	7453
2829.089	7512
2830.959	7466
2832.829	7548
2834.698	7522
2836.567	7656
2838.436	7577
2840.305	7589
2842.172	7449
2844.04	7548
2845.905	7522
2847.772	7555
2849.639	7656
2851.503	7607
2853.369	7558
2855.232	7646
2857.096	7591
2858.961	7748
2860.824	7647
2862.686	7673
2864.547	7715
2866.41	7785
2868.272	7704
2870.132	7711
2871.992	7827
2873.851	7790
2875.711	7858
2877.57	7916
2879.429	7924
2881.287	7847
2883.144	7944
2885.001	7902
2886.857	7973
2888.714	8042
2890.57	7977
2892.425	7973
2894.279	8052
2896.133	7912
2897.987	7864
2899.842	7885
2901.694	7983
2903.547	7891
2905.397	7760
2907.249	7943
2909.101	7932
2910.952	7941
2912.802	8113
2914.652	7969
2916.5	8048
2918.35	8201
2920.198	8184
2922.045	8169
2923.893	8269
2925.74	8182
2927.585	8241
2929.433	8342
2931.279	8457
2933.123	8477
2934.968	8452
2936.811	8594
2938.656	8561
2940.5	8542
2942.342	8741
2944.185	8695
2946.026	8633
2947.87	8704
2949.71	8604
2951.549	8514
2953.39	8568
2955.229	8346
2957.069	8450
2958.908	8358
2960.746	8238
2962.584	8290
2964.421	8212
2966.257	8238
2968.094	8159
2969.931	7930
2971.766	8072
2973.601	7972
2975.435	7901
2977.27	7903
2979.105	8028
2980.938	8098
2982.77	7994
2984.602	7902
2986.434	7854
2988.267	7870
2990.097	7887
2991.927	7748
2993.757	7856
2995.587	7832
2997.417	7767
2999.246	7697
3001.074	7670
3002.902	7678
3004.729	7554
3006.556	7524
3008.384	7381
3010.21	7296
3012.036	7366
3013.861	7377
3015.684	7401
3017.51	7264
3019.334	7407
3021.157	7284
3022.981	7332
3024.802	7188
3026.624	7219
3028.448	7166
3030.267	7123
3032.088	7263
3033.909	7156
3035.728	7157
3037.549	7084
3039.368	7065
3041.186	7117
3043.004	7121
3044.821	7147
3046.64	7110
3048.455	7163
3050.272	7100
3052.087	7142
3053.903	6956
3055.717	7128
3057.534	7208
3059.347	6977
3061.16	7119
3062.974	7135
3064.785	7061
3066.598	7051
3068.411	7110
3070.222	7085
3072.032	7146
3073.844	6917
3075.653	7006
3077.463	7027
3079.272	6955
3081.08	6949
3082.889	6974
3084.697	6917
3086.505	6908
3088.312	6897
3090.118	6995
3091.924	6870
3093.729	6982
3095.535	6887
3097.34	6900
3099.144	6892
3100.947	6714
3102.75	6837
3104.553	6883
3106.357	6770
3108.159	6928
3109.961	6696
3111.762	6757
3113.562	6907
3115.365	6775
3117.164	6861
3118.964	6802
3120.761	6809
3122.56	6783
3124.36	6597
3126.158	6738
3127.954	6824
3129.75	6870
3131.547	6787
3133.343	6699
3135.139	6743
3136.934	6723
3138.729	6725
3140.522	6588
3142.317	6730
3144.11	6640
3145.904	6659
3147.695	6655
3149.488	6751
3151.28	6699
3153.07	6684
3154.863	6656
3156.652	6703
3158.441	6645
3160.231	6810
3162.019	6676
3163.81	6640
3165.597	6718
3167.384	6596
3169.172	6664
3170.958	6682
3172.745	6504
3174.532	6715
3176.317	6618
3178.101	6706
3179.885	6503
3181.67	6501
3183.455	6742
3185.238	6633
3187.02	6575
3188.802	6613
3190.585	6673
3192.368	6474
3194.149	6508
3195.929	6517
3197.709	6644
3199.489	6459
3201.268	6570
3203.048	6618
3204.826	6640
3206.604	6558
3208.382	6513
3210.159	6500
3211.937	6510
3213.713	6512
3215.489	6608
3217.263	6497
3219.038	6563
3220.815	6482
3222.589	6537
3224.363	6614
3226.136	6456
3227.908	6476
3229.681	6454
3231.454	6397
3233.226	6388
3234.996	6414
3236.767	6390
3238.538	6426
3240.308	6522
3242.078	6632
3243.847	6486
3245.615	6428
3247.384	6340
3249.15	6579
3250.92	6501
3252.686	6440
3254.453	6402
3256.218	6499
3257.984	6423
3259.75	6520
3261.515	6407
3263.279	6486
3265.044	6404
3266.806	6450
3268.57	6469
3270.334	6374
3272.095	6444
3273.856	6392
3275.619	6477
3277.379	6394
3279.14	6425
3280.9	6394
3282.661	6460
3284.419	6500
3286.178	6520
3287.937	6359
3289.695	6286
3291.453	6517
3293.21	6380
3294.967	6394
3296.723	6562
3298.48	6514
3300.235	6407
3301.99	6545
3303.744	6450
3305.498	6435
3307.253	6415
3309.006	6310
3310.759	6348
3312.511	6360
3314.263	6447
3316.017	6407
3317.768	6443
3319.519	6309
3321.268	6401
3323.018	6532
3324.767	6316
3326.518	6208
3328.267	6273
3330.014	6414
3331.762	6408
3333.509	6249
3335.258	6451
3337.003	6283
3338.75	6341
3340.496	6358
3342.24	6407
3343.987	6453
3345.732	6388
3347.475	6302
3349.219	6328
3350.961	6288
3352.705	6365
3354.448	6266
3356.19	6275
3357.931	6391
3359.672	6300
3361.412	6428
3363.155	6272
3364.894	6352
3366.633	6358
3368.372	6207
3370.11	6272
3371.849	6236
3373.588	6216
3375.325	6220
3377.061	6158
3378.799	6176
3380.534	6258
3382.271	6089
3384.006	6217
3385.741	6158
3387.475	6203
3389.209	6175
3390.944	6179
3392.677	6113
3394.409	6226
3396.143	6183
3397.874	6169
3399.606	6140
3401.338	6059
3403.069	6184
3404.799	6204
3406.528	6227
3408.258	6162
3409.988	6169
3411.717	6093
3413.445	6032
3415.173	6128
3416.899	6028
3418.626	6240
3420.354	6156
3422.08	6209
3423.806	6043
3425.531	6060
3427.255	6166
3428.981	5957
3430.705	6107
3432.429	6115
3434.151	6150
3435.875	6038
3437.599	6053
3439.321	6056
3441.042	6039
3442.763	6047
3444.483	6011
3446.204	5930
3447.926	5995
3449.645	5946
3451.364	5990
3453.082	5917
3454.801	5902
3456.52	5950
3458.238	5914
3459.954	5944
3461.671	5854
3463.387	5907
3465.104	5775
3466.82	5939
3468.534	5854
3470.25	5867
3471.963	5911
3473.676	5796
3475.392	5872
3477.104	5798
3478.817	5860
3480.528	5811
3482.241	5774
3483.954	5805
3485.664	5808
3487.374	5713
3489.084	5784
3490.795	5775
3492.504	5738
3494.214	5754
3495.922	5828
3497.63	5726
3499.338	5733
3501.045	5735
3502.753	5791
3504.459	5816
3506.166	5712
3507.871	5672
3509.576	5612
3511.283	5643
3512.987	5633
3514.691	5704
3516.395	5748
3518.098	5797
3519.8	5695
3521.504	5608
3523.206	5707
3524.908	5668
3526.609	5662
3528.309	5599
3530.011	5740
3531.711	5763
3533.411	5607
3535.109	5613
3536.808	5585
3538.507	5640
3540.206	5459
3541.904	5619
3543.601	5530
3545.297	5603
3546.994	5545
3548.69	5660
3550.387	5544
3552.081	5536
3553.776	5565
3555.47	5479
3557.166	5611
3558.859	5580
3560.553	5572
3562.245	5427
3563.938	5577
3565.629	5535
3567.322	5509
3569.014	5500
3570.704	5415
3572.394	5519
3574.084	5474
3575.775	5472
3577.464	5482
3579.152	5472
3580.842	5461
3582.529	5437
3584.216	5417
3585.905	5450
3587.591	5406
3589.279	5389
3590.964	5436
3592.649	5395
3594.336	5430
3596.021	5407
3597.705	5388
3599.388	5308
3601.072	5280
3602.757	5423
3604.439	5300
3606.122	5279
3607.803	5358
3609.485	5296
3611.167	5465
3612.849	5179
3614.529	5211
3616.208	5246
3617.888	5308
3619.567	5275
3621.247	5272
3622.926	5345
3624.603	5266
3626.281	5153
3627.958	5307
3629.635	5286
3631.312	5305
3632.989	5153
3634.665	5217
3636.339	5229
3638.014	5158
3639.691	5104
3641.364	5114
3643.038	5189
3644.71	5097
3646.384	5141
3648.058	5176
3649.729	5134
3651.402	5108
3653.073	5070
3654.744	5110
3656.414	5109
3658.085	5071
3659.755	5187
3661.424	5074
3663.094	5123
3664.762	5129
3666.431	5061
3668.099	5111
3669.766	5074
3671.433	5143
3673.099	5162
3674.768	5120
3676.433	5100
3678.098	5057
3679.763	5108
3681.428	5098
3683.093	5154
3684.757	5021
3686.421	5070
3688.083	4940
3689.746	5017
3691.408	5028
3693.071	5044
3694.733	4933
3696.394	4953
3698.054	5026
3699.715	4953
3701.375	5000
3703.036	4993
3704.695	5029
3706.354	5020
3708.012	4984
3709.67	4928
3711.329	5030
3712.987	4856
3714.644	4957
3716.299	4846
3717.955	4904
3719.613	4916
3721.268	5040
3722.923	4919
3724.577	4860
3726.231	4978
3727.885	4897
3729.539	4927
3731.192	4958
3732.845	4895
3734.497	4804
3736.149	4920
3737.802	4934
3739.453	4865
3741.104	4873
3742.753	4840
3744.404	4884
3746.052	4883
3747.704	4820
3749.352	4869
3751	4864
3752.648	4838
3754.296	4840
3755.944	4768
3757.59	4862
3759.238	4815
3760.883	4897
3762.528	4818
3764.176	4756
3765.82	4801
3767.464	4909
3769.109	4804
3770.753	4756
3772.396	4820
3774.04	4737
3775.683	4898
3777.325	4817
3778.967	4723
3780.608	4723
3782.25	4704
3783.89	4689
3785.531	4813
3787.17	4828
3788.81	4658
3790.45	4818
3792.09	4745
3793.729	4687
3795.366	4698
3797.003	4731
3798.64	4766
3800.278	4717
3801.915	4750
3803.551	4634
3805.187	4727
3806.822	4729
3808.458	4695
3810.093	4637
3811.726	4619
3813.36	4707
3814.994	4630
3816.627	4518
3818.262	4712
3819.893	4724
3821.525	4577
3823.157	4643
3824.787	4616
3826.42	4625
3828.051	4609
3829.68	4557
3831.31	4563
3832.938	4523
3834.569	4534
3836.198	4698
3837.825	4567
3839.454	4659
3841.08	4534
3842.708	4621
3844.335	4587
3845.962	4489
3847.587	4557
3849.212	4479
3850.838	4529
3852.463	4602
3854.089	4502
3855.712	4547
3857.335	4605
3858.959	4478
3860.582	4525
3862.205	4535
3863.827	4560
3865.449	4462
3867.07	4493
3868.691	4518
3870.312	4497
3871.933	4484
3873.553	4439
3875.173	4448
3876.792	4518
3878.411	4478
3880.03	4415
3881.647	4568
3883.265	4451
3884.882	4488
3886.499	4429
3888.116	4444
3889.732	4465
3891.348	4516
3892.964	4458
3894.579	4507
3896.195	4420
3897.809	4414
3899.423	4488
3901.036	4473
3902.648	4434
3904.261	4411
3905.875	4496
3907.487	4446
3909.099	4477
3910.709	4352
3912.321	4378
3913.933	4463
3915.542	4365
3917.152	4378
3918.762	4469
3920.37	4384
3921.98	4396
3923.589	4386
3925.196	4390
3926.804	4420
3928.41	4420
3930.018	4391
3931.626	4358
3933.231	4416
3934.838	4374
3936.442	4389
3938.046	4337
3939.653	4441
3941.257	4515
3942.861	4406
3944.464	4420
3946.068	4349
3947.67	4315
3949.273	4338
3950.876	4368
3952.477	4370
3954.078	4289
3955.678	4231
3957.281	4336
3958.881	4368
3960.48	4313
3962.079	4324
3963.678	4251
3965.279	4352
3966.877	4317
3968.475	4344
3970.072	4362
3971.669	4257
3973.266	4260
3974.864	4264
3976.459	4222
3978.055	4277
3979.65	4240
3981.245	4273
3982.841	4341
3984.436	4268
3986.03	4194
3987.623	4151
3989.216	4276
3990.809	4194
3992.403	4183
3993.995	4221
3995.586	4237
3997.177	4241
3998.768	4105
4000.361	4160
4001.951	4198
4003.54	4093
4005.13	4199
4006.719	4148
4008.31	4194
4009.897	4156
4011.485	4220
4013.073	4097
4014.66	4065
4016.247	4135
4017.834	4008
4019.421	4045
4021.006	4032
4022.592	4055
4024.178	4064
4025.763	4213
4027.348	4053
4028.932	4046
4030.515	4028
4032.099	4037
4033.682	3993
4035.266	4064
4036.847	4095
4038.429	4105
4040.011	3986
4041.592	4065
4043.173	3986
4044.755	4066
4046.334	4053
4047.913	4041
4049.494	3976
4051.074	3981
4052.652	3868
4054.23	3996
4055.807	3936
4057.385	3955
4058.963	3967
4060.541	3947
4062.117	3928
4063.693	4011
4065.269	3986
4066.844	4050
4068.42	4069
4069.995	4024
4071.569	3867
4073.143	4006
4074.716	3911
4076.291	4024
4077.864	3953
4079.436	3948
4081.009	3960
4082.58	3968
4084.152	3947
4085.723	3988
4087.294	3886
4088.865	4003
4090.435	3931
4092.005	3887
4093.574	3905
4095.143	3864
4096.712	3919
4098.279	3900
4099.848	3920
4101.416	3875
4102.984	3901
4104.55	3771
4106.117	3861
4107.682	3845
4109.248	3862
4110.815	3842
4112.379	3873
4113.945	3832
4115.508	3892
4117.073	3815
4118.637	3732
4120.201	3908
4121.763	3853
4123.325	3844
4124.888	3851
4126.449	3927
4128.013	3806
4129.573	3817
4131.133	3763
4132.694	3740
4134.254	3798
4135.814	3821
4137.374	3739
4138.933	3825
4140.491	3752
4142.049	3746
4143.607	3787
4145.167	3780
4146.724	3769
4148.28	3805
4149.836	3738
4151.392	3778
4152.949	3743
4154.504	3709
4156.059	3727
4157.614	3653
4159.168	3724
4160.723	3697
4162.277	3692
4163.83	3710
4165.383	3624
4166.936	3674
4168.488	3701
4170.041	3637
4171.593	3626
4173.144	3600
4174.695	3599
4176.246	3665
4177.796	3696
4179.346	3641
4180.896	3645
4182.445	3657
4183.994	3646
4185.542	3663
4187.091	3576
4188.639	3655
4190.185	3559
4191.732	3618
4193.279	3635
4194.826	3606
4196.373	3610
4197.918	3572
4199.463	3581
4201.008	3556
4202.553	3649
4204.098	3634
4205.641	3602
4207.185	3562
4208.728	3582
4210.271	3623
4211.814	3633
4213.357	3525
4214.898	3613
4216.439	3599
4217.98	3573
4219.522	3530
4221.062	3637
4222.603	3581
4224.142	3512
4225.681	3531
4227.222	3559
4228.76	3565
4230.298	3618
4231.835	3472
4233.373	3517
4234.911	3522
4236.449	3626
4237.985	3482
4239.521	3411
4241.057	3499
4242.592	3544
4244.128	3567
4245.663	3534
4247.197	3597
4248.731	3495
4250.265	3417
4251.798	3507
4253.333	3440
4254.865	3549
4256.397	3432
4257.93	3523
4259.461	3502
4260.994	3535
4262.525	3396
4264.056	3539
4265.586	3482
4267.115	3529
4268.646	3401
4270.176	3440
4271.705	3427
4273.232	3474
4274.761	3427
4276.289	3462
4277.818	3471
4279.345	3444
4280.872	3363
4282.399	3366
4283.924	3435
4285.452	3461
4286.976	3376
4288.502	3432
4290.026	3419
4291.551	3426
4293.074	3361
4294.6	3460
4296.123	3407
4297.646	3327
4299.168	3373
4300.691	3396
4302.214	3360
4303.736	3384
4305.257	3393
4306.778	3323
4308.299	3414
4309.82	3400
4311.34	3358
4312.86	3382
4314.379	3378
