400.0745	4026
402.597	3978
405.1208	3907
407.6419	4021
410.1623	3977
412.6819	3913
415.201	4013
417.7172	4070
420.2369	4110
422.7538	4129
425.2701	4147
427.7856	4097
430.3005	4201
432.8147	4111
435.3282	4162
437.841	4165
440.3511	4173
442.8625	4173
445.3753	4094
447.8854	4202
450.3927	4243
452.9014	4253
455.4073	4201
457.9146	4262
460.4233	4210
462.9272	4192
465.4325	4259
467.935	4115
470.4389	4212
472.9421	4282
475.4446	4131
477.9444	4293
480.4456	4241
482.944	4341
485.4417	4379
487.9429	4386
490.4393	4328
492.935	4298
495.4321	4313
497.9264	4293
500.4221	4296
502.9171	4306
505.4094	4337
507.9011	4302
510.392	4310
512.8864	4390
515.3759	4450
517.8649	4356
520.3531	4389
522.8406	4365
525.3275	4348
527.8178	4368
530.3033	4413
532.7881	4460
535.2723	4350
537.7558	4366
540.2407	4366
542.7228	4363
545.2043	4350
547.6851	4401
550.1652	4349
552.6467	4379
555.1255	4416
557.6016	4413
560.079	4475
562.5557	4449
565.0318	4402
567.5092	4511
569.984	4451
572.456	4509
574.9294	4448
577.4022	4482
579.8762	4508
582.3456	4696
584.8163	4511
587.2863	4638
589.7557	4531
592.2224	4591
594.6924	4590
597.1578	4577
599.6245	4472
602.0905	4583
604.5538	4594
607.0206	4558
609.4825	4518
611.9459	4577
614.4066	4614
616.8686	4531
619.33	4486
621.7906	4488
624.2487	4579
626.708	4576
629.1647	4509
631.6207	4507
634.0801	4529
636.5348	4588
638.9888	4615
641.4442	4615
643.8969	4611
646.3509	4631
648.8022	4604
651.255	4574
653.705	4604
656.1544	4601
658.6031	4539
661.0532	4594
663.5026	4723
665.9493	4705
668.3954	4709
670.8409	4670
673.2877	4653
675.7318	4705
678.1752	4688
680.618	4694
683.0601	4668
685.5035	4661
687.9444	4708
690.3845	4669
692.824	4752
695.2628	4682
697.701	4786
700.1406	4890
702.5774	4814
705.0116	4646
707.4472	4836
709.8821	4694
712.3183	4752
714.7519	4714
717.1829	4923
719.6151	4871
722.0468	4932
724.4777	4815
726.908	4906
729.3377	4864
731.7667	4868
734.1931	4934
736.6208	4842
739.0498	4950
741.4742	4910
743.9	4912
746.3231	5035
748.7476	4985
751.1713	4978
753.5945	5015
756.015	5071
758.4368	5015
760.856	5062
763.2766	5075
765.6965	5047
768.1157	5081
770.5323	5015
772.9483	5168
775.3656	5063
777.7822	4982
780.1963	5075
782.6116	5054
785.0244	5110
787.4365	5124
789.8499	5048
792.2626	5067
794.6728	4988
797.0823	5172
799.4911	5082
801.8994	5076
804.3109	4955
806.7178	5043
809.124	5135
811.5297	5067
813.9347	5134
816.341	5164
818.7447	5070
821.1478	5067
823.5502	5101
825.952	5257
828.3531	5156
830.7556	5106
833.1554	5245
835.5546	5204
837.9532	5152
840.3511	5258
842.7504	5089
845.1451	5167
847.5411	5163
849.9365	5217
852.3312	5275
854.7272	5209
857.1187	5208
859.5115	5334
861.9037	5182
864.2952	5325
866.6842	5250
869.0764	5185
871.4661	5256
873.8531	5212
876.2415	5213
878.6272	5203
881.0162	5243
883.4026	5079
885.7866	5188
888.1717	5279
890.5543	5200
892.9382	5265
895.3215	5252
897.7041	5253
900.0842	5225
902.4655	5254
904.8443	5229
907.2244	5232
909.6039	5195
911.9808	5390
914.357	5348
916.7346	5331
919.1115	5471
921.4859	5402
923.8616	5340
926.2347	5446
928.6071	5477
930.979	5446
933.3541	5497
935.7247	5505
938.0946	5427
940.4639	5498
942.8326	5456
945.2026	5552
947.5701	5507
949.9369	5609
952.305	5526
954.6705	5579
957.0355	5717
959.4017	5780
961.7654	5746
964.1284	5822
966.4908	5869
968.8527	5715
971.2138	5638
973.5743	5583
975.9343	5468
978.2936	5392
980.6522	5443
983.0122	5385
985.3696	5396
987.7245	5372
990.0807	5399
992.4362	5295
994.7911	5377
997.1474	5366
999.4991	5471
1001.852	5341
1004.205	5389
1006.555	5435
1008.908	5469
1011.258	5454
1013.606	5440
1015.956	5449
1018.302	5466
1020.652	5341
1022.998	5345
1025.345	5316
1027.691	5430
1030.035	5523
1032.378	5467
1034.724	5420
1037.066	5526
1039.409	5511
1041.75	5381
1044.092	5407
1046.433	5458
1048.771	5442
1051.112	5481
1053.449	5442
1055.786	5504
1058.124	5501
1060.462	5473
1062.797	5519
1065.131	5356
1067.467	5472
1069.8	5595
1072.135	5489
1074.467	5481
1076.798	5476
1079.129	5389
1081.459	5429
1083.792	5447
1086.121	5469
1088.449	5562
1090.777	5458
1093.104	5417
1095.431	5549
1097.759	5501
1100.084	5520
1102.408	5532
1104.732	5479
1107.056	5442
1109.379	5482
1111.701	5474
1114.022	5506
1116.343	5558
1118.664	5540
1120.983	5599
1123.303	5640
1125.621	5573
1127.939	5522
1130.256	5496
1132.573	5636
1134.889	5479
1137.205	5595
1139.52	5632
1141.832	5535
1144.146	5462
1146.461	5572
1148.771	5556
1151.083	5590
1153.392	5569
1155.703	5517
1158.011	5535
1160.323	5594
1162.629	5517
1164.938	5556
1167.243	5594
1169.55	5681
1171.857	5537
1174.163	5663
1176.466	5540
1178.769	5495
1181.073	5550
1183.374	5693
1185.677	5516
1187.979	5576
1190.279	5505
1192.578	5509
1194.878	5625
1197.178	5482
1199.476	5533
1201.772	5609
1204.068	5590
1206.366	5631
1208.663	5584
1210.957	5556
1213.251	5598
1215.544	5673
1217.836	5570
1220.128	5630
1222.421	5683
1224.712	5658
1227.002	5679
1229.292	5734
1231.581	5751
1233.871	5663
1236.159	5723
1238.446	5674
1240.732	5756
1243.018	5837
1245.304	5716
1247.59	5733
1249.874	5746
1252.156	5830
1254.439	5843
1256.721	5836
1259.005	5845
1261.286	5843
1263.565	5682
1265.845	5769
1268.125	5795
1270.403	5726
1272.682	5909
1274.959	5848
1277.234	5809
1279.511	5794
1281.787	5816
1284.062	5788
1286.337	5666
1288.609	5845
1290.882	5651
1293.153	5781
1295.428	5733
1297.698	5811
1299.969	5791
1302.237	5850
1304.507	5661
1306.777	5759
1309.044	5797
1311.312	5752
1313.578	5716
1315.844	5791
1318.109	5824
1320.375	5768
1322.638	5708
1324.903	5803
1327.165	5867
1329.427	5637
1331.69	5777
1333.952	5815
1336.212	5689
1338.471	5823
1340.73	5708
1342.988	5789
1345.248	5708
1347.505	5868
1349.763	5791
1352.019	5721
1354.274	5691
1356.53	5807
1358.784	5685
1361.038	5784
1363.291	5716
1365.543	5706
1367.797	5883
1370.048	5788
1372.296	5745
1374.546	5697
1376.796	5823
1379.045	5784
1381.295	5747
1383.542	5710
1385.787	5887
1388.034	5871
1390.28	5830
1392.527	5807
1394.772	5800
1397.014	5807
1399.258	5968
1401.501	5920
1403.741	5910
1405.985	5767
1408.226	5876
1410.465	5970
1412.705	5822
1414.943	5963
1417.184	5856
1419.42	6025
1421.658	5964
1423.894	5930
1426.13	5808
1428.366	5925
1430.602	5920
1432.835	5938
1435.069	6015
1437.301	6048
1439.535	5996
1441.767	5920
1443.997	5967
1446.229	6045
1448.458	6076
1450.687	5938
1452.916	6109
1455.146	6128
1457.372	6041
1459.599	6110
1461.824	6133
1464.051	6025
1466.277	6087
1468.501	5994
1470.725	5928
1472.948	5979
1475.17	5843
1477.393	5905
1479.614	5866
1481.837	5845
1484.057	5846
1486.276	5869
1488.497	5797
1490.715	5831
1492.932	5781
1495.148	5795
1497.364	5826
1499.58	5823
1501.798	5892
1504.012	5757
1506.227	5725
1508.44	5726
1510.653	5740
1512.866	5771
1515.078	5723
1517.289	5746
1519.5	5822
1521.711	5758
1523.92	5922
1526.13	5705
1528.338	5811
1530.544	5694
1532.752	5800
1534.959	5743
1537.165	5725
1539.371	5740
1541.574	5790
1543.779	5859
1545.983	5798
1548.187	5846
1550.39	5781
1552.59	5891
1554.792	5852
1556.991	5843
1559.19	5902
1561.392	5838
1563.59	5859
1565.789	5762
1567.986	5895
1570.182	5896
1572.381	5916
1574.576	5937
1576.771	5837
1578.966	5885
1581.16	5948
1583.354	6011
1585.546	5893
1587.74	6009
1589.931	5971
1592.121	5917
1594.311	6044
1596.502	5964
1598.693	5948
1600.881	5957
1603.069	5887
1605.256	5870
1607.445	5891
1609.631	5947
1611.816	6037
1614.001	6015
1616.186	5965
1618.37	6089
1620.555	6004
1622.737	5960
1624.919	6028
1627.101	6058
1629.282	5993
1631.463	5926
1633.643	5967
1635.822	6067
1638.001	6042
1640.179	6045
1642.359	6007
1644.534	6081
1646.711	5935
1648.887	6042
1651.062	6100
1653.235	6108
1655.412	5991
1657.586	6099
1659.757	6254
1661.93	5928
1664.1	6093
1666.274	6211
1668.445	6152
1670.614	6142
1672.784	5945
1674.951	6130
1677.12	6202
1679.289	6148
1681.457	6233
1683.622	6092
1685.789	6079
1687.953	6077
1690.121	6075
1692.284	6118
1694.447	6007
1696.611	6004
1698.772	6043
1700.935	6057
1703.098	6166
1705.258	5948
1707.417	6010
1709.576	6043
1711.736	6024
1713.896	6026
1716.053	5974
1718.21	5914
1720.366	5930
1722.522	5940
1724.68	6048
1726.835	6020
1728.989	5997
1731.142	5932
1733.295	6018
1735.449	6058
1737.601	6076
1739.753	6033
1741.903	6009
1744.054	5983
1746.203	6101
1748.354	5920
1750.503	6075
1752.651	6051
1754.798	6065
1756.944	6128
1759.092	6062
1761.238	6068
1763.383	6073
1765.528	6040
1767.672	6051
1769.814	6155
1771.959	6121
1774.102	6052
1776.242	6168
1778.384	6072
1780.525	6091
1782.665	6039
1784.805	6109
1786.945	6081
1789.082	6137
1791.22	6164
1793.36	6231
1795.495	6053
1797.632	6204
1799.766	6166
1801.902	6102
1804.035	6138
1806.172	6084
1808.304	6100
1810.436	6161
1812.569	6082
1814.699	6136
1816.833	6040
1818.963	6073
1821.092	6060
1823.222	6120
1825.35	6147
1827.478	6090
1829.608	6106
1831.734	6164
1833.86	6165
1835.986	6177
1838.11	6102
1840.238	6031
1842.362	5922
1844.485	6138
1846.608	6161
1848.73	6049
1850.853	6075
1852.974	6101
1855.097	6115
1857.217	6217
1859.336	6124
1861.455	6057
1863.576	6111
1865.693	6077
1867.811	6065
1869.926	6146
1872.042	6167
1874.16	6077
1876.275	6153
1878.39	6087
1880.504	6184
1882.618	6130
1884.731	6097
1886.843	6113
1888.956	6090
1891.067	6087
1893.178	6148
1895.287	6277
1897.399	6342
1899.508	6031
1901.617	6202
1903.724	6139
1905.832	6236
1907.941	6208
1910.046	6316
1912.152	6188
1914.256	6325
1916.361	6211
1918.464	6300
1920.57	6299
1922.672	6290
1924.775	6234
1926.876	6231
1928.978	6199
1931.08	6316
1933.181	6309
1935.28	6374
1937.38	6269
1939.478	6272
1941.577	6267
1943.675	6302
1945.771	6208
1947.867	6303
1949.964	6323
1952.058	6296
1954.154	6326
1956.248	6468
1958.343	6451
1960.435	6299
1962.527	6300
1964.62	6280
1966.711	6385
1968.802	6304
1970.892	6254
1972.983	6328
1975.072	6293
1977.162	6272
1979.25	6291
1981.337	6406
1983.424	6264
1985.51	6359
1987.598	6300
1989.683	6360
1991.768	6362
1993.852	6262
1995.934	6333
1998.019	6327
2000.102	6257
2002.184	6341
2004.266	6282
2006.347	6178
2008.427	6401
2010.508	6251
2012.587	6340
2014.666	6421
2016.745	6343
2018.821	6241
2020.9	6310
2022.977	6337
2025.052	6389
2027.128	6401
2029.204	6421
2031.277	6403
2033.353	6314
2035.425	6358
2037.499	6399
2039.57	6423
2041.642	6156
2043.714	6343
2045.786	6422
2047.855	6419
2049.925	6568
2051.993	6321
2054.064	6339
2056.132	6420
2058.2	6371
2060.266	6606
2062.332	6479
2064.398	6349
2066.465	6418
2068.529	6459
2070.592	6464
2072.657	6488
2074.719	6464
2076.783	6435
2078.845	6534
2080.907	6375
2082.968	6461
2085.028	6392
2087.087	6578
2089.148	6506
2091.207	6480
2093.264	6540
2095.322	6500
2097.379	6495
2099.439	6540
2101.495	6638
2103.55	6532
2105.605	6478
2107.658	6644
2109.713	6480
2111.767	6469
2113.82	6518
2115.872	6582
2117.924	6546
2119.975	6460
2122.028	6552
2124.078	6632
2126.126	6521
2128.176	6501
2130.225	6486
2132.275	6440
2134.321	6569
2136.368	6538
2138.415	6656
2140.461	6591
2142.505	6529
2144.552	6602
2146.597	6579
2148.64	6472
2150.684	6522
2152.725	6511
2154.77	6454
2156.811	6571
2158.852	6546
2160.894	6561
2162.933	6613
2164.973	6461
2167.013	6625
2169.051	6518
2171.089	6554
2173.126	6533
2175.164	6495
2177.201	6654
2179.236	6601
2181.273	6592
2183.307	6571
2185.341	6532
2187.377	6510
2189.41	6428
2191.442	6596
2193.473	6652
2195.506	6481
2197.539	6571
2199.569	6506
2201.598	6662
2203.628	6611
2205.656	6657
2207.686	6596
2209.716	6557
2211.743	6547
2213.769	6552
2215.796	6479
2217.821	6562
2219.848	6648
2221.873	6559
2223.897	6617
2225.921	6643
2227.944	6520
2229.967	6492
2231.991	6563
2234.011	6600
2236.032	6591
2238.053	6591
2240.073	6598
2242.094	6692
2244.114	6660
2246.131	6588
2248.149	6533
2250.167	6607
2252.186	6575
2254.201	6694
2256.218	6680
2258.233	6679
2260.247	6702
2262.262	6729
2264.278	6744
2266.29	6777
2268.303	6724
2270.315	6766
2272.327	6788
2274.341	6597
2276.35	6808
2278.361	6678
2280.37	6749
2282.38	6651
2284.388	6647
2286.397	6758
2288.405	6778
2290.412	6715
2292.419	6731
2294.425	6772
2296.431	6801
2298.437	6794
2300.441	6759
2302.445	6797
2304.449	6718
2306.453	6795
2308.455	6784
2310.457	6807
2312.459	6843
2314.46	6768
2316.46	6831
2318.461	6809
2320.46	6758
2322.458	6692
2324.458	6748
2326.456	6776
2328.455	6783
2330.451	6752
2332.447	6722
2334.443	6846
2336.438	6809
2338.433	6845
2340.429	6850
2342.422	6774
2344.416	6846
2346.408	6809
2348.399	6730
2350.393	6780
2352.384	6821
2354.375	7019
2356.365	6795
2358.355	6880
2360.344	6818
2362.333	6930
2364.322	6904
2366.309	6808
2368.295	6872
2370.282	6748
2372.27	6804
2374.256	6775
2376.24	6802
2378.225	6854
2380.208	6750
2382.194	6786
2384.177	6868
2386.159	6894
2388.142	6895
2390.122	6844
2392.105	6897
2394.085	6823
2396.066	6777
2398.044	6855
2400.024	6859
2402.002	6964
2403.982	6893
2405.959	6831
2407.935	6870
2409.913	6902
2411.888	6945
2413.865	6838
2415.84	6967
2417.814	7013
2419.788	6882
2421.762	6960
2423.735	6869
2425.708	6919
2427.68	7068
2429.651	6990
2431.623	6971
2433.593	7044
2435.564	6840
2437.533	7019
2439.502	7099
2441.47	7051
2443.438	7020
2445.406	7051
2447.373	7040
2449.34	7118
2451.305	7036
2453.271	7061
2455.235	7037
2457.201	7138
2459.165	7050
2461.129	7107
2463.092	7098
2465.054	7046
2467.018	7098
2468.978	7111
2470.939	6977
2472.899	7066
2474.86	7167
2476.819	7127
2478.778	7130
2480.737	7091
2482.695	6979
2484.653	7218
2486.609	7080
2488.567	7100
2490.524	7128
2492.478	7143
2494.433	7214
2496.387	7180
2498.343	7184
2500.297	7081
2502.249	7207
2504.202	7118
2506.153	7227
2508.105	7252
2510.057	7113
2512.008	7203
2513.957	7125
2515.906	7172
2517.855	7343
2519.805	7204
2521.754	7181
2523.7	7234
2525.647	7251
2527.594	7234
2529.54	7266
2531.486	7301
2533.431	7311
2535.376	7257
2537.32	7262
2539.263	7189
2541.207	7263
2543.151	7293
2545.093	7228
2547.034	7446
2548.975	7459
2550.917	7365
2552.856	7436
2554.796	7431
2556.735	7318
2558.673	7429
2560.611	7292
2562.55	7388
2564.487	7444
2566.424	7435
2568.36	7481
2570.296	7457
2572.232	7394
2574.167	7537
2576.101	7527
2578.035	7507
2579.969	7545
2581.902	7600
2583.834	7503
2585.766	7571
2587.698	7579
2589.628	7607
2591.557	7468
2593.489	7551
2595.419	7669
2597.348	7729
2599.275	7764
2601.204	7589
2603.131	7619
2605.059	7759
2606.986	7733
2608.911	7684
2610.837	7644
2612.76	7667
2614.687	7766
2616.61	7738
2618.534	7731
2620.457	7845
2622.38	7793
2624.302	7816
2626.225	7747
2628.145	7828
2630.067	7760
2631.986	7864
2633.906	7863
2635.827	7703
2637.745	7927
2639.662	7958
2641.581	8126
2643.498	7756
2645.415	7920
2647.331	7801
2649.248	7983
2651.163	7854
2653.077	7895
2654.993	7972
2656.906	7930
2658.821	8046
2660.733	7984
2662.646	7991
2664.557	7996
2666.47	8024
2668.381	8083
2670.291	8206
2672.201	8022
2674.11	8085
2676.021	8085
2677.929	8135
2679.837	8162
2681.745	8210
2683.652	8141
2685.56	8059
2687.466	8073
2689.371	8172
2691.276	8216
2693.181	8047
2695.085	8104
2696.991	8009
2698.893	8265
2700.796	8347
2702.698	8174
2704.601	8135
2706.502	8189
2708.404	8158
2710.304	8222
2712.203	8301
2714.103	8285
2716.003	8260
2717.902	8217
2719.8	8280
2721.697	8249
2723.594	8361
2725.49	8308
2727.389	8389
2729.283	8351
2731.179	8377
2733.073	8287
2734.968	8388
2736.863	8459
2738.757	8452
2740.649	8439
2742.541	8478
2744.433	8392
2746.324	8549
2748.216	8542
2750.107	8451
2751.997	8375
2753.886	8525
2755.776	8512
2757.666	8544
2759.553	8443
2761.44	8553
2763.327	8575
2765.215	8551
2767.102	8559
2768.988	8655
2770.873	8653
2772.757	8644
2774.641	8520
2776.525	8590
2778.41	8573
2780.292	8562
2782.175	8815
2784.057	8606
2785.938	8732
2787.821	8680
2789.701	8685
2791.581	8825
2793.461	8780
2795.34	8725
2797.219	8674
2799.099	8760
2800.975	8906
2802.853	8854
2804.73	8688
2806.606	8856
2808.484	9090
2810.358	8703
2812.233	8920
2814.108	8843
2815.981	9026
2817.857	8921
2819.73	8902
2821.602	8968
2823.474	8879
2825.346	8973
2827.217	8969
2829.089	9027
2830.959	9075
2832.829	8986
2834.698	9132
2836.567	9143
2838.436	9227
2840.305	9084
2842.172	9192
2844.04	9147
2845.905	9325
2847.772	9146
2849.639	9199
2851.503	9195
2853.369	9274
2855.232	9333
2857.096	9369
2858.961	9352
2860.824	9401
2862.686	9446
2864.547	9545
2866.41	9459
2868.272	9619
2870.132	9603
2871.992	9679
2873.851	9599
2875.711	9732
2877.57	9769
2879.429	9876
2881.287	9901
2883.144	9857
2885.001	9867
2886.857	9847
2888.714	9960
2890.57	10064
2892.425	10124
2894.279	10092
2896.133	10069
2897.987	10112
2899.842	10194
2901.694	10127
2903.547	10216
2905.397	10059
2907.249	10164
2909.101	10069
2910.952	10125
2912.802	10335
2914.652	10256
2916.5	10291
2918.35	10459
2920.198	10425
2922.045	10404
2923.893	10450
2925.74	10571
2927.585	10710
2929.433	10577
2931.279	10706
2933.123	10766
2934.968	10906
2936.811	10971
2938.656	10975
2940.5	10953
2942.342	11075
2944.185	10935
2946.026	11171
2947.87	11218
2949.71	11079
2951.549	11027
2953.39	11290
2955.229	11155
2957.069	11226
2958.908	11225
2960.746	11155
2962.584	10923
2964.421	10949
2966.257	11047
2968.094	11051
2969.931	11035
2971.766	11105
2973.601	10807
2975.435	10951
2977.27	10937
2979.105	11070
2980.938	10859
2982.77	11001
2984.602	11086
2986.434	10994
2988.267	10874
2990.097	10924
2991.927	11116
2993.757	10985
2995.587	10804
2997.417	10946
2999.246	11022
3001.074	10795
3002.902	10746
3004.729	10896
3006.556	10670
3008.384	10853
3010.21	10752
3012.036	10927
3013.861	10768
3015.684	10755
3017.51	10633
3019.334	10713
3021.157	10842
3022.981	10816
3024.802	10736
3026.624	10841
3028.448	10588
3030.267	10846
3032.088	10753
3033.909	10935
3035.728	10660
3037.549	10959
3039.368	10771
3041.186	10969
3043.004	10826
3044.821	11105
3046.64	10921
3048.455	11052
3050.272	10955
3052.087	10946
3053.903	11007
3055.717	11015
3057.534	11216
3059.347	10989
3061.16	11185
3062.974	11217
3064.785	11018
3066.598	11079
3068.411	11176
3070.222	11138
3072.032	11164
3073.844	11316
3075.653	11133
3077.463	11283
3079.272	11204
3081.08	11150
3082.889	11390
3084.697	11109
3086.505	11421
3088.312	11288
3090.118	11430
3091.924	11412
3093.729	11294
3095.535	11480
3097.34	11276
3099.144	11423
3100.947	11527
3102.75	11334
3104.553	11476
3106.357	11426
3108.159	11513
3109.961	11587
3111.762	11311
3113.562	11513
3115.365	11564
3117.164	11452
3118.964	11592
3120.761	11657
3122.56	11692
3124.36	11579
3126.158	11822
3127.954	11724
3129.75	11587
3131.547	11742
3133.343	11860
3135.139	11681
3136.934	11871
3138.729	11821
3140.522	11695
3142.317	11900
3144.11	11896
3145.904	11865
3147.695	11923
3149.488	12004
3151.28	11935
3153.07	11979
3154.863	11998
3156.652	11892
3158.441	12023
3160.231	12082
3162.019	12207
3163.81	12040
3165.597	12206
3167.384	12211
3169.172	12209
3170.958	12104
3172.745	12159
3174.532	12199
3176.317	12216
3178.101	12229
3179.885	12285
3181.67	12425
3183.455	12416
3185.238	12232
3187.02	12370
3188.802	12611
3190.585	12265
3192.368	12424
3194.149	12321
3195.929	12556
3197.709	12524
3199.489	12642
3201.268	12564
3203.048	12457
3204.826	12727
3206.604	12527
3208.382	12801
3210.159	12514
3211.937	12735
3213.713	12694
3215.489	12727
3217.263	12716
3219.038	12874
3220.815	12882
3222.589	12695
3224.363	12844
3226.136	12856
3227.908	12857
3229.681	12926
3231.454	13085
3233.226	12886
3234.996	13078
3236.767	12972
3238.538	13040
3240.308	13081
3242.078	13204
3243.847	13314
3245.615	13232
3247.384	13212
3249.15	13354
3250.92	13385
3252.686	13446
3254.453	13490
3256.218	13505
3257.984	13436
3259.75	13495
3261.515	13481
3263.279	13598
3265.044	13503
3266.806	13618
3268.57	13565
3270.334	13834
3272.095	13600
3273.856	13650
3275.619	13829
3277.379	13832
3279.14	13751
3280.9	13876
3282.661	13839
3284.419	13885
3286.178	13816
3287.937	13989
3289.695	14098
3291.453	14070
3293.21	13959
3294.967	14136
3296.723	14054
3298.48	14218
3300.235	14065
3301.99	14245
3303.744	14234
3305.498	14312
3307.253	14270
3309.006	14228
3310.759	14381
3312.511	14465
3314.263	14400
3316.017	14521
3317.768	14512
3319.519	14389
3321.268	14492
3323.018	14620
3324.767	14384
3326.518	14444
3328.267	14655
3330.014	14897
3331.762	14524
3333.509	14677
3335.258	14757
3337.003	14811
3338.75	14945
3340.496	14739
3342.24	14968
3343.987	14914
3345.732	15071
3347.475	14891
3349.219	15046
3350.961	14998
3352.705	14994
3354.448	14948
3356.19	15041
3357.931	15198
3359.672	15041
3361.412	15135
3363.155	15273
3364.894	15332
3366.633	15176
3368.372	15349
3370.11	15472
3371.849	15436
3373.588	15310
3375.325	15415
3377.061	15510
3378.799	15418
3380.534	15563
3382.271	15768
3384.006	15690
3385.741	15759
3387.475	15635
3389.209	15659
3390.944	15742
3392.677	15840
3394.409	15641
3396.143	15767
3397.874	15778
3399.606	16025
3401.338	15726
3403.069	16097
3404.799	15788
3406.528	16130
3408.258	16014
3409.988	15921
3411.717	16259
3413.445	16178
3415.173	16108
3416.899	15999
3418.626	16335
3420.354	16329
3422.08	16284
3423.806	16378
3425.531	16370
3427.255	16369
3428.981	16382
3430.705	16557
3432.429	16582
3434.151	16431
3435.875	16642
3437.599	16623
3439.321	16619
3441.042	16624
3442.763	16545
3444.483	16519
3446.204	16576
3447.926	16814
3449.645	16669
3451.364	16738
3453.082	16744
3454.801	16884
3456.52	16953
3458.238	16910
3459.954	16858
3461.671	17019
3463.387	17083
3465.104	16959
3466.82	17027
3468.534	17092
3470.25	17136
3471.963	17045
3473.676	16954
3475.392	17061
3477.104	17207
3478.817	17228
3480.528	17326
3482.241	17214
3483.954	17306
3485.664	17329
3487.374	17425
3489.084	17411
3490.795	17293
3492.504	17675
3494.214	17393
3495.922	17635
3497.63	17805
3499.338	17697
3501.045	17650
3502.753	17733
3504.459	17611
3506.166	17728
3507.871	17799
3509.576	17689
3511.283	17929
3512.987	18036
3514.691	17991
3516.395	17914
3518.098	17903
3519.8	18040
3521.504	18022
3523.206	18069
3524.908	18264
3526.609	18201
3528.309	18061
3530.011	18205
3531.711	18273
3533.411	18317
3535.109	18459
3536.808	18386
3538.507	18318
3540.206	18566
3541.904	18332
3543.601	18376
3545.297	18728
3546.994	18526
3548.69	18568
3550.387	18810
3552.081	18663
3553.776	18773
3555.47	18847
3557.166	18890
3558.859	19072
3560.553	18790
3562.245	19190
3563.938	18873
3565.629	19383
3567.322	19071
3569.014	19041
3570.704	19160
3572.394	19334
3574.084	19163
3575.775	19375
3577.464	19408
3579.152	19531
3580.842	19309
3582.529	19500
3584.216	19505
3585.905	19452
3587.591	19497
3589.279	19442
3590.964	19551
3592.649	19513
3594.336	19662
3596.021	19678
3597.705	19752
3599.388	19755
3601.072	19912
3602.757	19817
3604.439	19784
3606.122	19862
3607.803	19993
3609.485	19953
3611.167	20032
3612.849	19934
3614.529	20245
3616.208	19987
3617.888	20200
3619.567	20097
3621.247	20202
3622.926	20257
3624.603	20104
3626.281	20385
3627.958	20189
3629.635	20259
3631.312	20407
3632.989	20428
3634.665	20446
3636.339	20514
3638.014	20396
3639.691	20398
3641.364	20629
3643.038	20538
3644.71	20457
3646.384	20696
3648.058	20567
3649.729	20715
3651.402	20887
3653.073	20734
3654.744	20749
3656.414	20653
3658.085	20944
3659.755	20777
3661.424	20822
3663.094	21006
3664.762	21052
3666.431	21198
3668.099	21188
3669.766	21166
3671.433	21220
3673.099	21284
3674.768	21500
3676.433	21478
3678.098	21486
3679.763	21687
3681.428	21531
3683.093	21593
3684.757	21714
3686.421	21690
3688.083	21761
3689.746	21823
3691.408	21914
3693.071	21728
3694.733	21794
3696.394	21780
3698.054	22311
3699.715	22149
3701.375	22070
3703.036	22240
3704.695	22053
3706.354	22224
3708.012	22356
3709.67	22126
3711.329	22226
3712.987	22286
3714.644	22320
3716.299	22522
3717.955	22376
3719.613	22194
3721.268	22649
3722.923	22705
3724.577	22731
3726.231	22777
3727.885	22658
3729.539	22797
3731.192	22896
3732.845	22664
3734.497	22975
3736.149	22955
3737.802	23035
3739.453	23070
3741.104	22762
3742.753	23004
3744.404	23255
3746.052	23162
3747.704	23337
3749.352	23346
3751	23246
3752.648	23276
3754.296	23438
3755.944	23488
3757.59	23425
3759.238	23541
3760.883	23456
3762.528	23573
3764.176	23631
3765.82	23915
3767.464	23527
3769.109	23615
3770.753	23588
3772.396	23708
3774.04	24021
3775.683	24084
3777.325	23952
3778.967	23952
3780.608	24161
3782.25	23862
3783.89	24163
3785.531	24397
3787.17	24159
3788.81	24112
3790.45	24000
3792.09	24354
3793.729	24266
3795.366	24321
3797.003	24563
3798.64	24559
3800.278	24648
3801.915	24576
3803.551	24414
3805.187	24518
3806.822	24699
3808.458	24766
3810.093	24627
3811.726	24593
3813.36	24934
3814.994	24853
3816.627	24779
3818.262	24676
3819.893	25028
3821.525	25000
3823.157	24925
3824.787	25152
3826.42	25178
3828.051	25164
3829.68	25148
3831.31	25340
3832.938	25239
3834.569	25005
3836.198	25325
3837.825	25371
3839.454	25484
3841.08	25372
3842.708	25502
3844.335	25551
3845.962	25393
3847.587	25471
3849.212	25726
3850.838	26023
3852.463	25850
3854.089	25678
3855.712	25705
3857.335	26013
3858.959	25982
3860.582	25905
3862.205	26024
3863.827	25732
3865.449	26017
3867.07	26233
3868.691	26112
3870.312	26061
3871.933	26259
3873.553	26291
3875.173	26092
3876.792	26478
3878.411	26533
3880.03	26367
3881.647	26351
3883.265	26638
3884.882	26551
3886.499	26578
3888.116	26751
3889.732	26623
3891.348	26703
3892.964	26722
3894.579	26716
3896.195	26985
3897.809	26774
3899.423	27129
3901.036	27063
3902.648	27078
3904.261	27122
3905.875	27098
3907.487	27399
3909.099	27152
3910.709	27343
3912.321	27530
3913.933	27585
3915.542	27510
3917.152	27168
3918.762	27676
3920.37	27585
3921.98	27532
3923.589	27680
3925.196	27911
3926.804	28109
3928.41	28027
3930.018	28038
3931.626	28044
3933.231	28125
3934.838	28051
3936.442	28265
3938.046	28249
3939.653	28102
3941.257	28175
3942.861	28342
3944.464	28399
3946.068	28466
3947.67	28464
3949.273	28301
3950.876	28512
3952.477	28363
3954.078	28789
3955.678	28794
3957.281	28549
3958.881	28666
3960.48	29029
3962.079	28761
3963.678	28734
3965.279	28848
3966.877	28998
3968.475	28766
3970.072	28898
3971.669	29250
3973.266	29090
3974.864	28985
3976.459	29069
3978.055	29086
3979.65	29096
3981.245	29126
3982.841	29221
3984.436	29494
3986.03	29463
3987.623	29188
3989.216	29607
3990.809	29251
3992.403	29450
3993.995	29443
3995.586	29830
3997.177	29484
3998.768	29532
4000.361	29694
4001.951	29865
4003.54	29531
4005.13	29429
4006.719	29504
4008.31	29768
4009.897	29576
4011.485	29863
4013.073	29865
4014.66	29585
4016.247	29837
4017.834	29889
4019.421	30213
4021.006	29558
4022.592	29827
4024.178	30298
4025.763	30210
4027.348	30102
4028.932	30142
4030.515	30223
4032.099	30243
4033.682	29921
4035.266	30266
4036.847	30262
4038.429	30266
4040.011	30219
4041.592	30323
4043.173	30396
4044.755	30337
4046.334	30200
4047.913	30574
4049.494	30661
4051.074	30473
4052.652	30410
4054.23	30806
4055.807	30740
4057.385	30719
4058.963	31030
4060.541	31067
4062.117	30730
4063.693	30785
4065.269	30962
4066.844	31197
4068.42	30910
4069.995	30958
4071.569	31271
4073.143	31163
4074.716	31259
4076.291	31379
4077.864	31486
4079.436	31589
4081.009	31465
4082.58	31505
4084.152	31706
4085.723	31463
4087.294	31779
4088.865	31915
4090.435	31838
4092.005	31885
4093.574	31790
4095.143	32017
4096.712	31644
4098.279	32006
4099.848	31951
4101.416	32354
4102.984	31950
4104.55	31920
4106.117	32257
4107.682	32169
4109.248	32043
4110.815	32000
4112.379	32512
4113.945	32213
4115.508	32272
4117.073	32284
4118.637	32729
4120.201	32555
4121.763	32359
4123.325	32657
4124.888	32675
4126.449	32703
4128.013	32546
4129.573	32882
4131.133	32651
4132.694	32429
4134.254	32592
4135.814	32826
4137.374	32716
4138.933	32799
4140.491	32837
4142.049	32812
4143.607	32659
4145.167	32727
4146.724	32971
4148.28	33249
4149.836	32985
4151.392	33143
4152.949	33305
4154.504	33169
4156.059	32866
4157.614	33165
4159.168	33259
4160.723	33275
4162.277	33281
4163.83	33328
4165.383	33572
4166.936	33288
4168.488	33395
4170.041	33415
4171.593	33681
4173.144	33279
4174.695	33405
4176.246	33335
4177.796	33672
4179.346	33584
4180.896	33504
4182.445	33724
4183.994	33787
4185.542	33768
4187.091	33895
4188.639	33842
4190.185	33880
4191.732	33874
4193.279	33981
4194.826	34153
4196.373	33996
4197.918	33867
4199.463	33967
4201.008	34273
4202.553	33800
4204.098	33863
4205.641	34676
4207.185	34259
4208.728	34281
4210.271	34358
4211.814	34450
4213.357	34297
4214.898	34460
4216.439	34652
4217.98	34964
4219.522	34811
4221.062	34457
4222.603	34822
4224.142	35060
4225.681	35001
4227.222	35087
4228.76	35201
4230.298	35136
4231.835	35128
4233.373	35172
4234.911	35404
4236.449	35420
4237.985	35384
4239.521	35386
4241.057	35570
4242.592	35552
4244.128	35349
4245.663	35494
4247.197	35751
4248.731	35624
4250.265	35433
4251.798	36018
4253.333	35816
4254.865	35556
4256.397	35939
4257.93	35899
4259.461	36005
4260.994	35733
4262.525	36189
4264.056	36153
4265.586	36233
4267.115	36103
4268.646	36418
4270.176	36639
4271.705	36146
4273.232	36187
4274.761	36503
4276.289	36494
4277.818	36648
4279.345	36373
4280.872	36639
4282.399	36522
4283.924	36644
4285.452	36479
4286.976	36385
4288.502	36870
4290.026	37161
4291.551	36880
4293.074	36926
4294.6	37226
4296.123	37119
4297.646	37026
4299.168	36903
4300.691	37310
4302.214	37174
4303.736	37202
4305.257	37540
4306.778	37444
4308.299	37011
4309.82	37299
4311.34	37571
4312.86	37619
4314.379	37522
