400.0745	4196
402.597	4292
405.1208	4239
407.6419	4236
410.1623	4305
412.6819	4306
415.201	4344
417.7172	4403
420.2369	4435
422.7538	4463
425.2701	4439
427.7856	4554
430.3005	4579
432.8147	4633
435.3282	4646
437.841	4535
440.3511	4547
442.8625	4638
445.3753	4573
447.8854	4537
450.3927	4632
452.9014	4587
455.4073	4676
457.9146	4669
460.4233	4588
462.9272	4649
465.4325	4552
467.935	4513
470.4389	4493
472.9421	4619
475.4446	4656
477.9444	4584
480.4456	4516
482.944	4802
485.4417	4566
487.9429	4644
490.4393	4674
492.935	4719
495.4321	4723
497.9264	4813
500.4221	4679
502.9171	4708
505.4094	4756
507.9011	4784
510.392	4782
512.8864	4655
515.3759	4688
517.8649	4751
520.3531	4687
522.8406	4787
525.3275	4791
527.8178	4727
530.3033	4796
532.7881	4791
535.2723	4842
537.7558	4853
540.2407	4806
542.7228	4823
545.2043	4753
547.6851	4740
550.1652	4816
552.6467	4818
555.1255	4949
557.6016	4730
560.079	4853
562.5557	4870
565.0318	4898
567.5092	4847
569.984	4907
572.456	4822
574.9294	4919
577.4022	5037
579.8762	4955
582.3456	4986
584.8163	4994
587.2863	4960
589.7557	5040
592.2224	4966
594.6924	4970
597.1578	4974
599.6245	4983
602.0905	4997
604.5538	4991
607.0206	4899
609.4825	4995
611.9459	5061
614.4066	4833
616.8686	5077
619.33	5038
621.7906	5017
624.2487	4892
626.708	4958
629.1647	4955
631.6207	4896
634.0801	4993
636.5348	4909
638.9888	5007
641.4442	5011
643.8969	5062
646.3509	5079
648.8022	5035
651.255	5088
653.705	5086
656.1544	5065
658.6031	5048
661.0532	5071
663.5026	4986
665.9493	5054
668.3954	5043
670.8409	5053
673.2877	5087
675.7318	5151
678.1752	5137
680.618	5116
683.0601	5101
685.5035	5084
687.9444	5183
690.3845	5133
692.824	5154
695.2628	5174
697.701	5277
700.1406	5212
702.5774	5179
705.0116	5237
707.4472	5151
709.8821	5287
712.3183	5215
714.7519	5297
717.1829	5122
719.6151	5229
722.0468	5137
724.4777	5190
726.908	5282
729.3377	5375
731.7667	5316
734.1931	5395
736.6208	5255
739.0498	5377
741.4742	5331
743.9	5360
746.3231	5416
748.7476	5426
751.1713	5504
753.5945	5374
756.015	5523
758.4368	5524
760.856	5438
763.2766	5469
765.6965	5525
768.1157	5480
770.5323	5573
772.9483	5612
775.3656	5511
777.7822	5526
780.1963	5509
782.6116	5536
785.0244	5516
787.4365	5579
789.8499	5579
792.2626	5456
794.6728	5551
797.0823	5664
799.4911	5569
801.8994	5618
804.3109	5538
806.7178	5528
809.124	5563
811.5297	5596
813.9347	5671
816.341	5662
818.7447	5580
821.1478	5563
823.5502	5610
825.952	5623
828.3531	5623
830.7556	5606
833.1554	5614
835.5546	5662
837.9532	5677
840.3511	5676
842.7504	5625
845.1451	5687
847.5411	5795
849.9365	5605
852.3312	5809
854.7272	5673
857.1187	5650
859.5115	5643
861.9037	5594
864.2952	5776
866.6842	5731
869.0764	5640
871.4661	5675
873.8531	5712
876.2415	5677
878.6272	5735
881.0162	5650
883.4026	5602
885.7866	5750
888.1717	5680
890.5543	5607
892.9382	5694
895.3215	5710
897.7041	5735
900.0842	5666
902.4655	5697
904.8443	5863
907.2244	5728
909.6039	5811
911.9808	5693
914.357	5782
916.7346	5775
919.1115	5877
921.4859	5971
923.8616	5841
926.2347	5929
928.6071	5870
930.979	5822
933.3541	6017
935.7247	6113
938.0946	5926
940.4639	5907
942.8326	5987
945.2026	6098
947.5701	6101
949.9369	6173
952.305	6205
954.6705	6523
957.0355	6658
959.4017	6664
961.7654	6839
964.1284	6865
966.4908	6658
968.8527	6575
971.2138	6380
973.5743	6233
975.9343	6108
978.2936	6042
980.6522	6138
983.0122	5788
985.3696	5973
987.7245	5866
990.0807	5896
992.4362	5839
994.7911	5922
997.1474	5904
999.4991	5884
1001.852	5930
1004.205	5956
1006.555	5959
1008.908	5902
1011.258	5896
1013.606	6075
1015.956	5964
1018.302	5877
1020.652	5941
1022.998	5908
1025.345	5936
1027.691	5941
1030.035	5986
1032.378	5965
1034.724	5952
1037.066	6023
1039.409	5980
1041.75	6009
1044.092	5977
1046.433	5982
1048.771	6014
1051.112	6038
1053.449	6021
1055.786	6110
1058.124	5985
1060.462	5919
1062.797	6037
1065.131	6110
1067.467	6094
1069.8	6034
1072.135	6062
1074.467	6138
1076.798	6088
1079.129	6022
1081.459	6184
1083.792	6120
1086.121	6136
1088.449	5999
1090.777	6028
1093.104	6090
1095.431	6012
1097.759	5998
1100.084	6030
1102.408	6112
1104.732	5973
1107.056	6166
1109.379	6102
1111.701	6033
1114.022	6052
1116.343	6053
1118.664	6067
1120.983	5935
1123.303	6058
1125.621	6244
1127.939	5997
1130.256	6114
1132.573	6079
1134.889	6061
1137.205	5982
1139.52	6166
1141.832	6176
1144.146	6089
1146.461	6132
1148.771	6152
1151.083	6000
1153.392	6090
1155.703	6126
1158.011	6094
1160.323	6114
1162.629	6148
1164.938	6122
1167.243	6079
1169.55	6127
1171.857	6129
1174.163	6040
1176.466	6129
1178.769	5936
1181.073	6084
1183.374	6103
1185.677	6060
1187.979	6081
1190.279	6076
1192.578	6112
1194.878	6121
1197.178	6006
1199.476	6037
1201.772	6106
1204.068	6084
1206.366	6046
1208.663	5991
1210.957	6053
1213.251	6050
1215.544	6077
1217.836	6125
1220.128	6137
1222.421	6143
1224.712	6192
1227.002	6185
1229.292	6166
1231.581	6170
1233.871	6256
1236.159	6299
1238.446	6227
1240.732	6217
1243.018	6328
1245.304	6282
1247.59	6268
1249.874	6422
1252.156	6299
1254.439	6280
1256.721	6364
1259.005	6322
1261.286	6360
1263.565	6344
1265.845	6288
1268.125	6414
1270.403	6302
1272.682	6164
1274.959	6209
1277.234	6229
1279.511	6365
1281.787	6374
1284.062	6323
1286.337	6299
1288.609	6186
1290.882	6216
1293.153	6284
1295.428	6164
1297.698	6170
1299.969	6214
1302.237	6140
1304.507	6206
1306.777	6335
1309.044	6312
1311.312	6175
1313.578	6299
1315.844	6190
1318.109	6183
1320.375	6164
1322.638	6200
1324.903	6187
1327.165	6156
1329.427	6231
1331.69	6282
1333.952	6305
1336.212	6260
1338.471	6208
1340.73	6257
1342.988	6124
1345.248	6293
1347.505	6299
1349.763	6243
1352.019	6272
1354.274	6249
1356.53	6248
1358.784	6321
1361.038	6187
1363.291	6247
1365.543	6211
1367.797	6284
1370.048	6180
1372.296	6276
1374.546	6274
1376.796	6232
1379.045	6223
1381.295	6180
1383.542	6260
1385.787	6240
1388.034	6244
1390.28	6231
1392.527	6280
1394.772	6301
1397.014	6377
1399.258	6381
1401.501	6384
1403.741	6343
1405.985	6282
1408.226	6322
1410.465	6298
1412.705	6418
1414.943	6394
1417.184	6328
1419.42	6353
1421.658	6462
1423.894	6427
1426.13	6396
1428.366	6411
1430.602	6430
1432.835	6350
1435.069	6363
1437.301	6454
1439.535	6436
1441.767	6503
1443.997	6429
1446.229	6413
1448.458	6526
1450.687	6609
1452.916	6554
1455.146	6511
1457.372	6655
1459.599	6522
1461.824	6481
1464.051	6554
1466.277	6591
1468.501	6454
1470.725	6262
1472.948	6453
1475.17	6235
1477.393	6423
1479.614	6383
1481.837	6360
1484.057	6374
1486.276	6337
1488.497	6325
1490.715	6392
1492.932	6330
1495.148	6285
1497.364	6251
1499.58	6249
1501.798	6228
1504.012	6295
1506.227	6131
1508.44	6231
1510.653	6181
1512.866	6235
1515.078	6282
1517.289	6166
1519.5	6278
1521.711	6179
1523.92	6270
1526.13	6276
1528.338	6197
1530.544	6239
1532.752	6162
1534.959	6183
1537.165	6269
1539.371	6374
1541.574	6212
1543.779	6187
1545.983	6300
1548.187	6255
1550.39	6257
1552.59	6392
1554.792	6379
1556.991	6241
1559.19	6237
1561.392	6266
1563.59	6251
1565.789	6380
1567.986	6313
1570.182	6445
1572.381	6295
1574.576	6327
1576.771	6306
1578.966	6374
1581.16	6359
1583.354	6259
1585.546	6383
1587.74	6393
1589.931	6374
1592.121	6468
1594.311	6244
1596.502	6349
1598.693	6434
1600.881	6370
1603.069	6369
1605.256	6358
1607.445	6412
1609.631	6488
1611.816	6414
1614.001	6373
1616.186	6490
1618.37	6411
1620.555	6450
1622.737	6367
1624.919	6487
1627.101	6525
1629.282	6477
1631.463	6467
1633.643	6559
1635.822	6472
1638.001	6492
1640.179	6493
1642.359	6457
1644.534	6544
1646.711	6531
1648.887	6548
1651.062	6493
1653.235	6556
1655.412	6546
1657.586	6479
1659.757	6543
1661.93	6489
1664.1	6499
1666.274	6518
1668.445	6489
1670.614	6669
1672.784	6575
1674.951	6608
1677.12	6528
1679.289	6383
1681.457	6457
1683.622	6468
1685.789	6401
1687.953	6538
1690.121	6446
1692.284	6584
1694.447	6331
1696.611	6434
1698.772	6419
1700.935	6451
1703.098	6362
1705.258	6441
1707.417	6435
1709.576	6317
1711.736	6448
1713.896	6249
1716.053	6378
1718.21	6400
1720.366	6425
1722.522	6322
1724.68	6469
1726.835	6301
1728.989	6399
1731.142	6324
1733.295	6436
1735.449	6409
1737.601	6395
1739.753	6435
1741.903	6355
1744.054	6474
1746.203	6333
1748.354	6358
1750.503	6336
1752.651	6374
1754.798	6401
1756.944	6487
1759.092	6307
1761.238	6361
1763.383	6560
1765.528	6358
1767.672	6563
1769.814	6453
1771.959	6511
1774.102	6461
1776.242	6564
1778.384	6402
1780.525	6351
1782.665	6457
1784.805	6464
1786.945	6577
1789.082	6445
1791.22	6410
1793.36	6397
1795.495	6568
1797.632	6443
1799.766	6357
1801.902	6497
1804.035	6399
1806.172	6407
1808.304	6423
1810.436	6356
1812.569	6525
1814.699	6380
1816.833	6356
1818.963	6431
1821.092	6495
1823.222	6373
1825.35	6407
1827.478	6358
1829.608	6497
1831.734	6406
1833.86	6395
1835.986	6470
1838.11	6368
1840.238	6277
1842.362	6344
1844.485	6248
1846.608	6333
1848.73	6467
1850.853	6519
1852.974	6304
1855.097	6423
1857.217	6355
1859.336	6401
1861.455	6382
1863.576	6352
1865.693	6403
1867.811	6402
1869.926	6340
1872.042	6338
1874.16	6406
1876.275	6319
1878.39	6350
1880.504	6525
1882.618	6490
1884.731	6385
1886.843	6435
1888.956	6388
1891.067	6272
1893.178	6338
1895.287	6362
1897.399	6467
1899.508	6361
1901.617	6364
1903.724	6494
1905.832	6384
1907.941	6561
1910.046	6499
1912.152	6424
1914.256	6471
1916.361	6468
1918.464	6513
1920.57	6443
1922.672	6545
1924.775	6403
1926.876	6384
1928.978	6475
1931.08	6461
1933.181	6451
1935.28	6456
1937.38	6369
1939.478	6518
1941.577	6394
1943.675	6425
1945.771	6560
1947.867	6567
1949.964	6353
1952.058	6460
1954.154	6543
1956.248	6481
1958.343	6425
1960.435	6509
1962.527	6493
1964.62	6358
1966.711	6492
1968.802	6329
1970.892	6379
1972.983	6477
1975.072	6413
1977.162	6359
1979.25	6354
1981.337	6391
1983.424	6399
1985.51	6439
1987.598	6490
1989.683	6420
1991.768	6343
1993.852	6421
1995.934	6340
1998.019	6469
2000.102	6371
2002.184	6463
2004.266	6409
2006.347	6288
2008.427	6390
2010.508	6392
2012.587	6404
2014.666	6309
2016.745	6310
2018.821	6400
2020.9	6408
2022.977	6397
2025.052	6309
2027.128	6456
2029.204	6427
2031.277	6327
2033.353	6331
2035.425	6375
2037.499	6419
2039.57	6428
2041.642	6376
2043.714	6453
2045.786	6358
2047.855	6342
2049.925	6407
2051.993	6439
2054.064	6417
2056.132	6345
2058.2	6457
2060.266	6381
2062.332	6406
2064.398	6328
2066.465	6415
2068.529	6466
2070.592	6272
2072.657	6299
2074.719	6335
2076.783	6318
2078.845	6398
2080.907	6445
2082.968	6405
2085.028	6354
2087.087	6349
2089.148	6377
2091.207	6384
2093.264	6326
2095.322	6456
2097.379	6347
2099.439	6436
2101.495	6314
2103.55	6405
2105.605	6304
2107.658	6331
2109.713	6463
2111.767	6402
2113.82	6419
2115.872	6315
2117.924	6411
2119.975	6331
2122.028	6441
2124.078	6454
2126.126	6335
2128.176	6341
2130.225	6382
2132.275	6427
2134.321	6480
2136.368	6384
2138.415	6351
2140.461	6382
2142.505	6331
2144.552	6352
2146.597	6257
2148.64	6336
2150.684	6258
2152.725	6347
2154.77	6456
2156.811	6347
2158.852	6376
2160.894	6288
2162.933	6407
2164.973	6332
2167.013	6205
2169.051	6258
2171.089	6345
2173.126	6305
2175.164	6370
2177.201	6259
2179.236	6263
2181.273	6288
2183.307	6304
2185.341	6289
2187.377	6272
2189.41	6194
2191.442	6187
2193.473	6221
2195.506	6227
2197.539	6277
2199.569	6149
2201.598	6345
2203.628	6241
2205.656	6238
2207.686	6151
2209.716	6259
2211.743	6232
2213.769	6257
2215.796	6219
2217.821	6224
2219.848	6199
2221.873	6102
2223.897	6230
2225.921	6248
2227.944	6246
2229.967	6239
2231.991	6135
2234.011	6238
2236.032	6109
2238.053	6126
2240.073	6186
2242.094	6215
2244.114	6126
2246.131	6163
2248.149	6123
2250.167	6277
2252.186	6224
2254.201	6198
2256.218	6172
2258.233	6248
2260.247	6145
2262.262	6271
2264.278	6184
2266.29	6217
2268.303	6198
2270.315	6098
2272.327	6205
2274.341	6318
2276.35	6376
2278.361	6179
2280.37	6209
2282.38	6068
2284.388	6215
2286.397	6197
2288.405	6156
2290.412	6175
2292.419	6113
2294.425	6256
2296.431	6045
2298.437	6241
2300.441	6161
2302.445	6143
2304.449	6083
2306.453	6121
2308.455	6090
2310.457	6093
2312.459	6172
2314.46	6149
2316.46	6121
2318.461	6009
2320.46	6217
2322.458	6114
2324.458	6064
2326.456	6126
2328.455	6197
2330.451	6112
2332.447	6028
2334.443	6060
2336.438	6093
2338.433	6151
2340.429	6060
2342.422	6105
2344.416	6140
2346.408	6125
2348.399	5958
2350.393	6150
2352.384	5972
2354.375	6080
2356.365	5950
2358.355	5991
2360.344	5983
2362.333	6049
2364.322	6016
2366.309	5818
2368.295	6012
2370.282	6016
2372.27	5985
2374.256	6041
2376.24	6048
2378.225	5983
2380.208	5982
2382.194	5950
2384.177	6026
2386.159	6057
2388.142	5986
2390.122	6006
2392.105	6011
2394.085	6063
2396.066	5959
2398.044	5962
2400.024	5987
2402.002	5958
2403.982	5919
2405.959	5938
2407.935	5890
2409.913	5891
2411.888	5904
2413.865	5974
2415.84	5920
2417.814	5943
2419.788	5897
2421.762	5922
2423.735	5904
2425.708	5977
2427.68	5884
2429.651	5964
2431.623	5812
2433.593	6026
2435.564	5961
2437.533	5894
2439.502	5963
2441.47	5920
2443.438	5919
2445.406	5935
2447.373	5881
2449.34	5967
2451.305	5925
2453.271	5935
2455.235	5887
2457.201	5877
2459.165	5929
2461.129	5906
2463.092	5848
2465.054	5815
2467.018	5796
2468.978	5783
2470.939	5819
2472.899	5908
2474.86	5867
2476.819	5844
2478.778	5861
2480.737	5907
2482.695	5888
2484.653	5811
2486.609	5769
2488.567	5840
2490.524	5800
2492.478	5838
2494.433	5833
2496.387	5782
2498.343	5959
2500.297	5754
2502.249	5778
2504.202	5744
2506.153	5862
2508.105	5800
2510.057	5695
2512.008	5761
2513.957	5856
2515.906	5778
2517.855	5795
2519.805	5732
2521.754	5849
2523.7	5877
2525.647	5808
2527.594	5761
2529.54	5727
2531.486	5733
2533.431	5905
2535.376	5758
2537.32	5794
2539.263	5849
2541.207	5757
2543.151	5656
2545.093	5788
2547.034	5720
2548.975	5928
2550.917	5728
2552.856	5634
2554.796	5846
2556.735	5694
2558.673	5862
2560.611	5793
2562.55	5818
2564.487	5821
2566.424	5752
2568.36	5808
2570.296	5708
2572.232	5731
2574.167	5815
2576.101	5711
2578.035	5762
2579.969	5777
2581.902	5707
2583.834	5705
2585.766	5811
2587.698	5774
2589.628	5719
2591.557	5648
2593.489	5774
2595.419	5772
2597.348	5809
2599.275	5795
2601.204	5755
2603.131	5769
2605.059	5754
2606.986	5829
2608.911	5746
2610.837	5781
2612.76	5717
2614.687	5796
2616.61	5808
2618.534	5799
2620.457	5811
2622.38	5827
2624.302	5793
2626.225	5786
2628.145	5709
2630.067	5841
2631.986	5740
2633.906	5831
2635.827	5676
2637.745	5735
2639.662	5698
2641.581	5788
2643.498	5776
2645.415	5772
2647.331	5827
2649.248	5639
2651.163	5777
2653.077	5725
2654.993	5736
2656.906	5762
2658.821	5806
2660.733	5765
2662.646	5631
2664.557	5763
2666.47	5810
2668.381	5700
2670.291	5739
2672.201	5768
2674.11	5690
2676.021	5850
2677.929	5737
2679.837	5741
2681.745	5730
2683.652	5698
2685.56	5634
2687.466	5619
2689.371	5694
2691.276	5691
2693.181	5652
2695.085	5683
2696.991	5621
2698.893	5647
2700.796	5637
2702.698	5727
2704.601	5665
2706.502	5729
2708.404	5623
2710.304	5659
2712.203	5636
2714.103	5689
2716.003	5647
2717.902	5596
2719.8	5619
2721.697	5781
2723.594	5596
2725.49	5709
2727.389	5657
2729.283	5569
2731.179	5563
2733.073	5637
2734.968	5589
2736.863	5545
2738.757	5556
2740.649	5630
2742.541	5516
2744.433	5633
2746.324	5520
2748.216	5570
2750.107	5561
2751.997	5691
2753.886	5652
2755.776	5510
2757.666	5604
2759.553	5556
2761.44	5617
2763.327	5448
2765.215	5670
2767.102	5596
2768.988	5537
2770.873	5547
2772.757	5541
2774.641	5613
2776.525	5507
2778.41	5528
2780.292	5594
2782.175	5534
2784.057	5632
2785.938	5567
2787.821	5548
2789.701	5619
2791.581	5443
2793.461	5515
2795.34	5446
2797.219	5562
2799.099	5566
2800.975	5593
2802.853	5462
2804.73	5484
2806.606	5415
2808.484	5599
2810.358	5562
2812.233	5490
2814.108	5428
2815.981	5480
2817.857	5461
2819.73	5477
2821.602	5518
2823.474	5523
2825.346	5500
2827.217	5507
2829.089	5456
2830.959	5449
2832.829	5586
2834.698	5523
2836.567	5455
2838.436	5534
2840.305	5461
2842.172	5420
2844.04	5474
2845.905	5464
2847.772	5509
2849.639	5595
2851.503	5537
2853.369	5490
2855.232	5485
2857.096	5571
2858.961	5585
2860.824	5608
2862.686	5618
2864.547	5533
2866.41	5696
2868.272	5530
2870.132	5570
2871.992	5781
2873.851	5697
2875.711	5706
2877.57	5905
2879.429	5828
2881.287	5818
2883.144	5912
2885.001	5929
2886.857	5873
2888.714	5934
2890.57	5938
2892.425	5852
2894.279	5897
2896.133	5906
2897.987	5931
2899.842	5891
2901.694	5820
2903.547	5894
2905.397	5847
2907.249	5893
2909.101	5818
2910.952	5872
2912.802	5879
2914.652	5872
2916.5	5980
2918.35	6022
2920.198	6049
2922.045	6032
2923.893	6170
2925.74	6144
2927.585	6109
2929.433	6252
2931.279	6045
2933.123	6258
2934.968	6221
2936.811	6202
2938.656	6336
2940.5	6449
2942.342	6407
2944.185	6336
2946.026	6510
2947.87	6466
2949.71	6481
2951.549	6482
2953.39	6371
2955.229	6405
2957.069	6390
2958.908	6315
2960.746	6248
2962.584	6144
2964.421	6065
2966.257	6193
2968.094	6072
2969.931	6027
2971.766	5925
2973.601	5950
2975.435	5914
2977.27	5951
2979.105	5857
2980.938	5868
2982.77	5895
2984.602	5886
2986.434	5833
2988.267	5744
2990.097	5721
2991.927	5697
2993.757	5671
2995.587	5657
2997.417	5712
2999.246	5478
3001.074	5580
3002.902	5470
3004.729	5512
3006.556	5398
3008.384	5416
3010.21	5407
3012.036	5294
3013.861	5375
3015.684	5285
3017.51	5322
3019.334	5270
3021.157	5217
3022.981	5223
3024.802	5134
3026.624	5259
3028.448	5105
3030.267	5222
3032.088	5170
3033.909	5051
3035.728	5118
3037.549	5102
3039.368	5084
3041.186	5032
3043.004	5144
3044.821	5180
3046.64	5155
3048.455	5097
3050.272	5099
3052.087	5115
3053.903	5095
3055.717	5075
3057.534	5011
3059.347	5009
3061.16	5051
3062.974	5044
3064.785	5111
3066.598	5059
3068.411	5215
3070.222	5133
3072.032	5111
3073.844	5004
3075.653	5101
3077.463	5026
3079.272	5045
3081.08	5067
3082.889	5096
3084.697	4970
3086.505	5158
3088.312	5063
3090.118	4982
3091.924	4950
3093.729	5011
3095.535	4999
3097.34	4998
3099.144	4857
3100.947	5041
3102.75	4939
3104.553	4970
3106.357	4962
3108.159	4878
3109.961	4947
3111.762	4814
3113.562	4977
3115.365	4918
3117.164	4922
3118.964	4868
3120.761	4790
3122.56	4876
3124.36	4869
3126.158	4801
3127.954	4895
3129.75	4962
3131.547	4840
3133.343	4801
3135.139	4945
3136.934	4762
3138.729	4846
3140.522	4797
3142.317	4786
3144.11	4844
3145.904	4870
3147.695	4812
3149.488	4820
3151.28	4742
3153.07	4692
3154.863	4794
3156.652	4818
3158.441	4731
3160.231	4790
3162.019	4798
3163.81	4841
3165.597	4784
3167.384	4797
3169.172	4750
3170.958	4805
3172.745	4764
3174.532	4692
3176.317	4794
3178.101	4821
3179.885	4595
3181.67	4761
3183.455	4740
3185.238	4697
3187.02	4696
3188.802	4773
3190.585	4766
3192.368	4771
3194.149	4641
3195.929	4741
3197.709	4640
3199.489	4730
3201.268	4743
3203.048	4672
3204.826	4792
3206.604	4690
3208.382	4666
3210.159	4747
3211.937	4737
3213.713	4732
3215.489	4750
3217.263	4677
3219.038	4777
3220.815	4699
3222.589	4619
3224.363	4734
3226.136	4758
3227.908	4705
3229.681	4675
3231.454	4651
3233.226	4666
3234.996	4594
3236.767	4636
3238.538	4707
3240.308	4637
3242.078	4680
3243.847	4684
3245.615	4642
3247.384	4746
3249.15	4685
3250.92	4656
3252.686	4696
3254.453	4693
3256.218	4704
3257.984	4697
3259.75	4649
3261.515	4696
3263.279	4714
3265.044	4636
3266.806	4590
3268.57	4580
3270.334	4667
3272.095	4762
3273.856	4695
3275.619	4688
3277.379	4624
3279.14	4595
3280.9	4705
3282.661	4729
3284.419	4660
3286.178	4677
3287.937	4622
3289.695	4543
3291.453	4565
3293.21	4643
3294.967	4739
3296.723	4656
3298.48	4664
3300.235	4596
3301.99	4680
3303.744	4654
3305.498	4659
3307.253	4699
3309.006	4593
3310.759	4637
3312.511	4637
3314.263	4689
3316.017	4669
3317.768	4640
3319.519	4542
3321.268	4615
3323.018	4658
3324.767	4680
3326.518	4649
3328.267	4625
3330.014	4687
3331.762	4616
3333.509	4522
3335.258	4686
3337.003	4680
3338.75	4558
3340.496	4678
3342.24	4584
3343.987	4626
3345.732	4616
3347.475	4581
3349.219	4560
3350.961	4512
3352.705	4500
3354.448	4575
3356.19	4515
3357.931	4515
3359.672	4534
3361.412	4570
3363.155	4506
3364.894	4585
3366.633	4491
3368.372	4461
3370.11	4543
3371.849	4486
3373.588	4414
3375.325	4498
3377.061	4491
3378.799	4569
3380.534	4447
3382.271	4510
3384.006	4515
3385.741	4551
3387.475	4513
3389.209	4496
3390.944	4508
3392.677	4491
3394.409	4455
3396.143	4437
3397.874	4478
3399.606	4486
3401.338	4442
3403.069	4426
3404.799	4477
3406.528	4435
3408.258	4426
3409.988	4469
3411.717	4462
3413.445	4397
3415.173	4553
3416.899	4405
3418.626	4326
3420.354	4333
3422.08	4390
3423.806	4410
3425.531	4423
3427.255	4398
3428.981	4327
3430.705	4475
3432.429	4433
3434.151	4441
3435.875	4442
3437.599	4378
3439.321	4392
3441.042	4384
3442.763	4355
3444.483	4354
3446.204	4340
3447.926	4301
3449.645	4316
3451.364	4264
3453.082	4269
3454.801	4296
3456.52	4263
3458.238	4180
3459.954	4323
3461.671	4277
3463.387	4352
3465.104	4357
3466.82	4331
3468.534	4324
3470.25	4228
3471.963	4272
3473.676	4251
3475.392	4176
3477.104	4136
3478.817	4265
3480.528	4183
3482.241	4311
3483.954	4191
3485.664	4147
3487.374	4177
3489.084	4223
3490.795	4196
3492.504	4259
3494.214	4125
3495.922	4158
3497.63	4175
3499.338	4158
3501.045	4148
3502.753	4187
3504.459	4164
3506.166	4150
3507.871	4194
3509.576	4140
3511.283	4127
3512.987	4129
3514.691	4233
3516.395	4075
3518.098	4123
3519.8	4076
3521.504	4067
3523.206	4162
3524.908	4099
3526.609	4104
3528.309	4027
3530.011	4020
3531.711	4160
3533.411	4199
3535.109	4042
3536.808	4051
3538.507	4104
3540.206	4138
3541.904	3975
3543.601	3985
3545.297	4037
3546.994	4025
3548.69	4079
3550.387	4042
3552.081	4036
3553.776	4125
3555.47	4041
3557.166	3989
3558.859	4036
3560.553	4022
3562.245	4039
3563.938	3963
3565.629	4024
3567.322	3925
3569.014	3990
3570.704	3936
3572.394	4041
3574.084	3992
3575.775	3987
3577.464	4001
3579.152	3978
3580.842	3874
3582.529	3923
3584.216	4047
3585.905	3980
3587.591	3993
3589.279	3965
3590.964	3902
3592.649	3856
3594.336	3919
3596.021	3931
3597.705	3893
3599.388	3908
3601.072	3912
3602.757	3842
3604.439	3848
3606.122	3876
3607.803	3807
3609.485	3831
3611.167	3832
3612.849	3831
3614.529	3844
3616.208	3841
3617.888	3813
3619.567	3822
3621.247	3805
3622.926	3876
3624.603	3858
3626.281	3846
3627.958	3831
3629.635	3887
3631.312	3840
3632.989	3728
3634.665	3717
3636.339	3766
3638.014	3824
3639.691	3801
3641.364	3727
3643.038	3751
3644.71	3885
3646.384	3747
3648.058	3679
3649.729	3745
3651.402	3775
3653.073	3730
3654.744	3805
3656.414	3796
3658.085	3708
3659.755	3734
3661.424	3743
3663.094	3797
3664.762	3733
3666.431	3723
3668.099	3737
3669.766	3743
3671.433	3604
3673.099	3741
3674.768	3737
3676.433	3703
3678.098	3684
3679.763	3706
3681.428	3667
3683.093	3654
3684.757	3594
3686.421	3687
3688.083	3823
3689.746	3599
3691.408	3641
3693.071	3701
3694.733	3671
3696.394	3684
3698.054	3632
3699.715	3701
3701.375	3651
3703.036	3625
3704.695	3673
3706.354	3736
3708.012	3682
3709.67	3617
3711.329	3549
3712.987	3662
3714.644	3657
3716.299	3612
3717.955	3601
3719.613	3649
3721.268	3598
3722.923	3561
3724.577	3658
3726.231	3594
3727.885	3650
3729.539	3585
3731.192	3517
3732.845	3571
3734.497	3563
3736.149	3645
3737.802	3601
3739.453	3492
3741.104	3655
3742.753	3502
3744.404	3551
3746.052	3575
3747.704	3545
3749.352	3476
3751	3483
3752.648	3630
3754.296	3591
3755.944	3610
3757.59	3501
3759.238	3477
3760.883	3593
3762.528	3463
3764.176	3543
3765.82	3444
3767.464	3499
3769.109	3484
3770.753	3534
3772.396	3437
3774.04	3495
3775.683	3501
3777.325	3440
3778.967	3392
3780.608	3564
3782.25	3525
3783.89	3451
3785.531	3524
3787.17	3429
3788.81	3460
3790.45	3499
3792.09	3484
3793.729	3373
3795.366	3478
3797.003	3494
3798.64	3458
3800.278	3450
3801.915	3396
3803.551	3437
3805.187	3424
3806.822	3455
3808.458	3385
3810.093	3481
3811.726	3459
3813.36	3417
3814.994	3413
3816.627	3433
3818.262	3377
3819.893	3416
3821.525	3479
3823.157	3352
3824.787	3351
3826.42	3391
3828.051	3343
3829.68	3414
3831.31	3350
3832.938	3362
3834.569	3365
3836.198	3363
3837.825	3315
3839.454	3273
3841.08	3310
3842.708	3304
3844.335	3375
3845.962	3324
3847.587	3342
3849.212	3339
3850.838	3322
3852.463	3354
3854.089	3237
3855.712	3305
3857.335	3324
3858.959	3351
3860.582	3319
3862.205	3348
3863.827	3317
3865.449	3227
3867.07	3260
3868.691	3383
3870.312	3340
3871.933	3432
3873.553	3298
3875.173	3258
3876.792	3171
3878.411	3342
3880.03	3341
3881.647	3276
3883.265	3265
3884.882	3265
3886.499	3272
3888.116	3275
3889.732	3272
3891.348	3263
3892.964	3216
3894.579	3314
3896.195	3237
3897.809	3198
3899.423	3242
3901.036	3327
3902.648	3333
3904.261	3258
3905.875	3231
3907.487	3178
3909.099	3214
3910.709	3190
3912.321	3369
3913.933	3234
3915.542	3202
3917.152	3235
3918.762	3179
3920.37	3238
3921.98	3150
3923.589	3232
3925.196	3237
3926.804	3218
3928.41	3229
3930.018	3258
3931.626	3261
3933.231	3198
3934.838	3218
3936.442	3210
3938.046	3218
3939.653	3224
3941.257	3210
3942.861	3190
3944.464	3204
3946.068	3187
3947.67	3232
3949.273	3188
3950.876	3135
3952.477	3202
3954.078	3131
3955.678	3116
3957.281	3175
3958.881	3134
3960.48	3120
3962.079	3209
3963.678	3122
3965.279	3191
3966.877	3160
3968.475	3170
3970.072	3121
3971.669	3098
3973.266	3099
3974.864	3193
3976.459	3068
3978.055	3105
3979.65	3149
3981.245	3139
3982.841	3101
3984.436	3109
3986.03	3147
3987.623	3048
3989.216	3171
3990.809	3070
3992.403	3044
3993.995	3072
3995.586	3038
3997.177	3118
3998.768	3020
4000.361	2991
4001.951	3081
4003.54	3101
4005.13	2956
4006.719	3014
4008.31	3049
4009.897	3122
4011.485	3089
4013.073	3022
4014.66	2958
4016.247	3025
4017.834	2986
4019.421	3055
4021.006	3004
4022.592	3055
4024.178	2908
4025.763	3017
4027.348	3017
4028.932	3002
4030.515	2954
4032.099	2968
4033.682	2972
4035.266	3002
4036.847	2989
4038.429	2965
4040.011	2910
4041.592	2966
4043.173	2928
4044.755	2903
4046.334	2947
4047.913	2910
4049.494	2970
4051.074	2988
4052.652	2959
4054.23	2944
4055.807	2861
4057.385	2990
4058.963	2904
4060.541	2967
4062.117	2987
4063.693	2936
4065.269	2980
4066.844	2974
4068.42	2902
4069.995	2962
4071.569	2909
4073.143	2974
4074.716	2900
4076.291	2870
4077.864	2934
4079.436	2884
4081.009	2888
4082.58	2814
4084.152	2912
4085.723	2835
4087.294	2888
4088.865	2866
4090.435	2887
4092.005	2918
4093.574	2845
4095.143	2887
4096.712	2846
4098.279	2896
4099.848	2872
4101.416	2893
4102.984	2861
4104.55	2821
4106.117	2868
4107.682	2836
4109.248	2846
4110.815	2902
4112.379	2811
4113.945	2886
4115.508	2774
4117.073	2830
4118.637	2790
4120.201	2845
4121.763	2847
4123.325	2895
4124.888	2787
4126.449	2818
4128.013	2854
4129.573	2816
4131.133	2833
4132.694	2734
4134.254	2795
4135.814	2819
4137.374	2796
4138.933	2837
4140.491	2837
4142.049	2733
4143.607	2722
4145.167	2800
4146.724	2764
4148.28	2758
4149.836	2720
4151.392	2804
4152.949	2800
4154.504	2809
4156.059	2747
4157.614	2788
4159.168	2774
4160.723	2704
4162.277	2677
4163.83	2806
4165.383	2700
4166.936	2741
4168.488	2691
4170.041	2769
4171.593	2713
4173.144	2677
4174.695	2720
4176.246	2715
4177.796	2664
4179.346	2692
4180.896	2713
4182.445	2646
4183.994	2704
4185.542	2646
4187.091	2717
4188.639	2583
4190.185	2648
4191.732	2676
4193.279	2649
4194.826	2696
4196.373	2661
4197.918	2659
4199.463	2610
4201.008	2665
4202.553	2623
4204.098	2657
4205.641	2682
4207.185	2645
4208.728	2674
4210.271	2607
4211.814	2679
4213.357	2672
4214.898	2647
4216.439	2642
4217.98	2630
4219.522	2658
4221.062	2597
4222.603	2659
4224.142	2576
4225.681	2677
4227.222	2599
4228.76	2625
4230.298	2635
4231.835	2622
4233.373	2588
4234.911	2638
4236.449	2602
4237.985	2596
4239.521	2553
4241.057	2606
4242.592	2554
4244.128	2560
4245.663	2582
4247.197	2597
4248.731	2600
4250.265	2580
4251.798	2545
4253.333	2542
4254.865	2619
4256.397	2596
4257.93	2565
4259.461	2593
4260.994	2611
4262.525	2619
4264.056	2489
4265.586	2534
4267.115	2507
4268.646	2611
4270.176	2582
4271.705	2520
4273.232	2547
4274.761	2487
4276.289	2535
4277.818	2555
4279.345	2556
4280.872	2499
4282.399	2587
4283.924	2554
4285.452	2540
4286.976	2599
4288.502	2548
4290.026	2512
4291.551	2504
4293.074	2546
4294.6	2516
4296.123	2531
4297.646	2480
4299.168	2506
4300.691	2501
4302.214	2548
4303.736	2485
4305.257	2508
4306.778	2487
4308.299	2425
4309.82	2485
4311.34	2441
4312.86	2509
4314.379	2436
