400.0745	6469
402.597	6501
405.1208	6475
407.6419	6433
410.1623	6474
412.6819	6430
415.201	6527
417.7172	6550
420.2369	6553
422.7538	6691
425.2701	6798
427.7856	6695
430.3005	6859
432.8147	6817
435.3282	6781
437.841	6836
440.3511	6833
442.8625	6853
445.3753	6927
447.8854	6896
450.3927	6901
452.9014	6843
455.4073	6886
457.9146	7038
460.4233	6834
462.9272	6935
465.4325	7038
467.935	6958
470.4389	6910
472.9421	6985
475.4446	7062
477.9444	6977
480.4456	6930
482.944	6989
485.4417	6957
487.9429	7060
490.4393	7048
492.935	7070
495.4321	7214
497.9264	7085
500.4221	7152
502.9171	7148
505.4094	7156
507.9011	7245
510.392	7194
512.8864	7255
515.3759	7201
517.8649	7237
520.3531	7237
522.8406	7205
525.3275	7239
527.8178	7262
530.3033	7265
532.7881	7235
535.2723	7298
537.7558	7203
540.2407	7356
542.7228	7219
545.2043	7221
547.6851	7251
550.1652	7257
552.6467	7215
555.1255	7300
557.6016	7324
560.079	7416
562.5557	7457
565.0318	7400
567.5092	7441
569.984	7433
572.456	7633
574.9294	7425
577.4022	7505
579.8762	7632
582.3456	7561
584.8163	7559
587.2863	7523
589.7557	7663
592.2224	7615
594.6924	7669
597.1578	7471
599.6245	7586
602.0905	7547
604.5538	7502
607.0206	7554
609.4825	7622
611.9459	7495
614.4066	7517
616.8686	7485
619.33	7475
621.7906	7485
624.2487	7480
626.708	7636
629.1647	7547
631.6207	7613
634.0801	7504
636.5348	7626
638.9888	7560
641.4442	7651
643.8969	7669
646.3509	7517
648.8022	7687
651.255	7649
653.705	7605
656.1544	7798
658.6031	7576
661.0532	7744
663.5026	7696
665.9493	7854
668.3954	7692
670.8409	7701
673.2877	7717
675.7318	7715
678.1752	7849
680.618	7834
683.0601	7786
685.5035	7750
687.9444	7786
690.3845	7903
692.824	7723
695.2628	7770
697.701	7979
700.1406	7858
702.5774	7838
705.0116	7924
707.4472	7883
709.8821	7769
712.3183	7980
714.7519	7864
717.1829	7938
719.6151	7987
722.0468	7854
724.4777	8002
726.908	8024
729.3377	8013
731.7667	8114
734.1931	8089
736.6208	8132
739.0498	8244
741.4742	8143
743.9	8097
746.3231	8181
748.7476	8273
751.1713	8285
753.5945	8370
756.015	8340
758.4368	8324
760.856	8378
763.2766	8332
765.6965	8301
768.1157	8408
770.5323	8365
772.9483	8355
775.3656	8404
777.7822	8301
780.1963	8470
782.6116	8431
785.0244	8411
787.4365	8366
789.8499	8358
792.2626	8314
794.6728	8359
797.0823	8434
799.4911	8458
801.8994	8409
804.3109	8498
806.7178	8578
809.124	8526
811.5297	8563
813.9347	8488
816.341	8548
818.7447	8555
821.1478	8624
823.5502	8492
825.952	8545
828.3531	8535
830.7556	8433
833.1554	8521
835.5546	8524
837.9532	8534
840.3511	8541
842.7504	8712
845.1451	8528
847.5411	8594
849.9365	8768
852.3312	8787
854.7272	8689
857.1187	8579
859.5115	8617
861.9037	8563
864.2952	8626
866.6842	8588
869.0764	8493
871.4661	8679
873.8531	8629
876.2415	8678
878.6272	8584
881.0162	8567
883.4026	8678
885.7866	8492
888.1717	8545
890.5543	8643
892.9382	8506
895.3215	8633
897.7041	8658
900.0842	8680
902.4655	8572
904.8443	8570
907.2244	8703
909.6039	8695
911.9808	8618
914.357	8723
916.7346	8795
919.1115	8725
921.4859	8879
923.8616	8982
926.2347	8854
928.6071	8828
930.979	8968
933.3541	8987
935.7247	8954
938.0946	9031
940.4639	9125
942.8326	9123
945.2026	9329
947.5701	9350
949.9369	9485
952.305	9679
954.6705	9873
957.0355	10059
959.4017	10510
961.7654	10589
964.1284	10411
966.4908	10340
968.8527	10113
971.2138	9768
973.5743	9503
975.9343	9124
978.2936	9175
980.6522	9053
983.0122	8932
985.3696	8938
987.7245	8896
990.0807	8940
992.4362	8831
994.7911	8811
997.1474	8956
999.4991	8774
1001.852	8968
1004.205	8895
1006.555	8929
1008.908	8931
1011.258	8887
1013.606	8759
1015.956	8946
1018.302	9047
1020.652	8948
1022.998	9074
1025.345	8951
1027.691	9116
1030.035	9127
1032.378	9006
1034.724	9148
1037.066	9005
1039.409	9080
1041.75	9038
1044.092	9071
1046.433	9020
1048.771	9063
1051.112	9194
1053.449	9113
1055.786	9070
1058.124	9149
1060.462	9167
1062.797	9163
1065.131	9257
1067.467	9249
1069.8	9177
1072.135	9184
1074.467	9263
1076.798	9140
1079.129	9183
1081.459	9114
1083.792	9230
1086.121	9132
1088.449	9255
1090.777	9077
1093.104	9015
1095.431	9217
1097.759	8881
1100.084	9193
1102.408	9093
1104.732	9097
1107.056	9053
1109.379	9196
1111.701	9151
1114.022	9228
1116.343	9112
1118.664	9184
1120.983	9098
1123.303	9144
1125.621	9140
1127.939	9270
1130.256	9136
1132.573	8962
1134.889	9299
1137.205	9137
1139.52	9136
1141.832	9201
1144.146	9253
1146.461	9085
1148.771	9180
1151.083	9083
1153.392	9288
1155.703	9255
1158.011	9119
1160.323	9166
1162.629	9180
1164.938	9258
1167.243	9216
1169.55	9294
1171.857	9201
1174.163	9168
1176.466	9218
1178.769	9319
1181.073	9225
1183.374	9178
1185.677	9265
1187.979	9175
1190.279	8983
1192.578	9139
1194.878	9129
1197.178	9167
1199.476	9210
1201.772	9288
1204.068	9253
1206.366	9245
1208.663	9150
1210.957	9190
1213.251	9149
1215.544	9227
1217.836	9209
1220.128	9244
1222.421	9157
1224.712	9289
1227.002	9324
1229.292	9307
1231.581	9337
1233.871	9370
1236.159	9381
1238.446	9397
1240.732	9423
1243.018	9476
1245.304	9514
1247.59	9586
1249.874	9453
1252.156	9346
1254.439	9463
1256.721	9444
1259.005	9471
1261.286	9478
1263.565	9381
1265.845	9388
1268.125	9488
1270.403	9308
1272.682	9469
1274.959	9439
1277.234	9448
1279.511	9237
1281.787	9541
1284.062	9395
1286.337	9404
1288.609	9501
1290.882	9378
1293.153	9451
1295.428	9432
1297.698	9467
1299.969	9285
1302.237	9196
1304.507	9355
1306.777	9308
1309.044	9249
1311.312	9231
1313.578	9341
1315.844	9148
1318.109	9322
1320.375	9252
1322.638	9294
1324.903	9312
1327.165	9347
1329.427	9271
1331.69	9310
1333.952	9374
1336.212	9315
1338.471	9482
1340.73	9480
1342.988	9352
1345.248	9499
1347.505	9338
1349.763	9428
1352.019	9350
1354.274	9266
1356.53	9332
1358.784	9357
1361.038	9546
1363.291	9291
1365.543	9209
1367.797	9505
1370.048	9430
1372.296	9373
1374.546	9344
1376.796	9346
1379.045	9414
1381.295	9460
1383.542	9235
1385.787	9389
1388.034	9562
1390.28	9467
1392.527	9513
1394.772	9363
1397.014	9442
1399.258	9415
1401.501	9511
1403.741	9561
1405.985	9396
1408.226	9420
1410.465	9441
1412.705	9444
1414.943	9415
1417.184	9647
1419.42	9543
1421.658	9534
1423.894	9615
1426.13	9625
1428.366	9610
1430.602	9494
1432.835	9603
1435.069	9672
1437.301	9496
1439.535	9753
1441.767	9684
1443.997	9602
1446.229	9665
1448.458	9596
1450.687	9638
1452.916	9766
1455.146	9787
1457.372	9675
1459.599	9712
1461.824	9705
1464.051	9808
1466.277	9696
1468.501	9558
1470.725	9581
1472.948	9706
1475.17	9655
1477.393	9574
1479.614	9566
1481.837	9412
1484.057	9491
1486.276	9482
1488.497	9364
1490.715	9412
1492.932	9360
1495.148	9452
1497.364	9346
1499.58	9377
1501.798	9428
1504.012	9315
1506.227	9272
1508.44	9400
1510.653	9210
1512.866	9313
1515.078	9266
1517.289	9306
1519.5	9217
1521.711	9404
1523.92	9376
1526.13	9326
1528.338	9316
1530.544	9307
1532.752	9412
1534.959	9473
1537.165	9420
1539.371	9314
1541.574	9372
1543.779	9351
1545.983	9425
1548.187	9381
1550.39	9507
1552.59	9530
1554.792	9507
1556.991	9366
1559.19	9467
1561.392	9417
1563.59	9413
1565.789	9455
1567.986	9482
1570.182	9574
1572.381	9672
1574.576	9665
1576.771	9626
1578.966	9580
1581.16	9585
1583.354	9574
1585.546	9442
1587.74	9536
1589.931	9669
1592.121	9435
1594.311	9592
1596.502	9497
1598.693	9683
1600.881	9691
1603.069	9643
1605.256	9652
1607.445	9526
1609.631	9667
1611.816	9570
1614.001	9777
1616.186	9578
1618.37	9609
1620.555	9593
1622.737	9716
1624.919	9653
1627.101	9731
1629.282	9652
1631.463	9510
1633.643	9676
1635.822	9646
1638.001	9754
1640.179	9689
1642.359	9768
1644.534	9625
1646.711	9687
1648.887	9528
1651.062	9785
1653.235	9695
1655.412	9751
1657.586	9628
1659.757	9725
1661.93	9737
1664.1	9742
1666.274	9757
1668.445	9693
1670.614	9831
1672.784	9910
1674.951	9694
1677.12	9678
1679.289	9704
1681.457	9488
1683.622	9752
1685.789	9668
1687.953	9698
1690.121	9630
1692.284	9701
1694.447	9641
1696.611	9560
1698.772	9696
1700.935	9713
1703.098	9731
1705.258	9647
1707.417	9590
1709.576	9522
1711.736	9640
1713.896	9542
1716.053	9599
1718.21	9536
1720.366	9653
1722.522	9602
1724.68	9598
1726.835	9540
1728.989	9585
1731.142	9669
1733.295	9516
1735.449	9600
1737.601	9459
1739.753	9581
1741.903	9640
1744.054	9585
1746.203	9645
1748.354	9462
1750.503	9695
1752.651	9533
1754.798	9605
1756.944	9677
1759.092	9547
1761.238	9640
1763.383	9467
1765.528	9657
1767.672	9653
1769.814	9773
1771.959	9667
1774.102	9651
1776.242	9606
1778.384	9679
1780.525	9707
1782.665	9654
1784.805	9736
1786.945	9763
1789.082	9479
1791.22	9604
1793.36	9750
1795.495	9625
1797.632	9751
1799.766	9607
1801.902	9564
1804.035	9693
1806.172	9603
1808.304	9784
1810.436	9679
1812.569	9735
1814.699	9790
1816.833	9615
1818.963	9690
1821.092	9812
1823.222	9652
1825.35	9615
1827.478	9768
1829.608	9616
1831.734	9525
1833.86	9628
1835.986	9430
1838.11	9722
1840.238	9593
1842.362	9614
1844.485	9484
1846.608	9470
1848.73	9582
1850.853	9648
1852.974	9469
1855.097	9536
1857.217	9598
1859.336	9425
1861.455	9599
1863.576	9519
1865.693	9455
1867.811	9470
1869.926	9488
1872.042	9531
1874.16	9521
1876.275	9699
1878.39	9522
1880.504	9496
1882.618	9617
1884.731	9476
1886.843	9554
1888.956	9566
1891.067	9525
1893.178	9680
1895.287	9680
1897.399	9658
1899.508	9519
1901.617	9522
1903.724	9595
1905.832	9631
1907.941	9551
1910.046	9603
1912.152	9555
1914.256	9570
1916.361	9653
1918.464	9611
1920.57	9651
1922.672	9610
1924.775	9697
1926.876	9708
1928.978	9672
1931.08	9776
1933.181	9732
1935.28	9798
1937.38	9716
1939.478	9821
1941.577	9717
1943.675	9871
1945.771	9481
1947.867	9750
1949.964	9679
1952.058	9825
1954.154	9452
1956.248	9624
1958.343	9604
1960.435	9722
1962.527	9785
1964.62	9654
1966.711	9625
1968.802	9687
1970.892	9608
1972.983	9636
1975.072	9612
1977.162	9634
1979.25	9651
1981.337	9697
1983.424	9583
1985.51	9527
1987.598	9624
1989.683	9558
1991.768	9584
1993.852	9625
1995.934	9574
1998.019	9590
2000.102	9595
2002.184	9605
2004.266	9526
2006.347	9571
2008.427	9374
2010.508	9541
2012.587	9511
2014.666	9564
2016.745	9443
2018.821	9598
2020.9	9414
2022.977	9625
2025.052	9472
2027.128	9450
2029.204	9504
2031.277	9620
2033.353	9563
2035.425	9560
2037.499	9499
2039.57	9616
2041.642	9660
2043.714	9400
2045.786	9542
2047.855	9583
2049.925	9523
2051.993	9543
2054.064	9517
2056.132	9451
2058.2	9495
2060.266	9522
2062.332	9369
2064.398	9532
2066.465	9539
2068.529	9676
2070.592	9526
2072.657	9667
2074.719	9658
2076.783	9552
2078.845	9426
2080.907	9474
2082.968	9574
2085.028	9495
2087.087	9699
2089.148	9449
2091.207	9414
2093.264	9598
2095.322	9634
2097.379	9539
2099.439	9452
2101.495	9414
2103.55	9630
2105.605	9345
2107.658	9389
2109.713	9661
2111.767	9456
2113.82	9455
2115.872	9448
2117.924	9535
2119.975	9394
2122.028	9460
2124.078	9431
2126.126	9510
2128.176	9448
2130.225	9471
2132.275	9474
2134.321	9552
2136.368	9400
2138.415	9308
2140.461	9389
2142.505	9508
2144.552	9483
2146.597	9366
2148.64	9405
2150.684	9404
2152.725	9383
2154.77	9425
2156.811	9412
2158.852	9478
2160.894	9339
2162.933	9296
2164.973	9471
2167.013	9442
2169.051	9411
2171.089	9547
2173.126	9309
2175.164	9266
2177.201	9298
2179.236	9329
2181.273	9379
2183.307	9282
2185.341	9307
2187.377	9093
2189.41	9350
2191.442	9268
2193.473	9211
2195.506	9331
2197.539	9348
2199.569	9239
2201.598	9132
2203.628	9331
2205.656	9284
2207.686	9165
2209.716	9197
2211.743	9224
2213.769	9055
2215.796	9193
2217.821	9085
2219.848	9217
2221.873	9122
2223.897	9025
2225.921	9183
2227.944	9175
2229.967	9171
2231.991	9185
2234.011	9247
2236.032	9219
2238.053	9086
2240.073	9251
2242.094	9095
2244.114	9219
2246.131	9159
2248.149	9160
2250.167	9177
2252.186	9151
2254.201	9071
2256.218	9180
2258.233	9118
2260.247	9173
2262.262	9262
2264.278	9200
2266.29	9126
2268.303	9184
2270.315	8993
2272.327	9094
2274.341	9224
2276.35	9174
2278.361	9231
2280.37	9071
2282.38	9116
2284.388	9135
2286.397	8979
2288.405	9123
2290.412	9094
2292.419	9256
2294.425	9084
2296.431	9192
2298.437	9179
2300.441	9144
2302.445	9033
2304.449	9177
2306.453	9141
2308.455	9087
2310.457	8993
2312.459	9202
2314.46	9041
2316.46	9127
2318.461	9140
2320.46	8972
2322.458	9194
2324.458	9119
2326.456	8993
2328.455	8928
2330.451	9084
2332.447	8941
2334.443	9040
2336.438	9032
2338.433	8957
2340.429	8990
2342.422	9095
2344.416	9075
2346.408	8960
2348.399	8956
2350.393	8857
2352.384	8899
2354.375	8895
2356.365	8844
2358.355	9002
2360.344	8901
2362.333	8867
2364.322	8942
2366.309	8975
2368.295	8957
2370.282	8925
2372.27	8874
2374.256	8805
2376.24	8979
2378.225	8938
2380.208	8905
2382.194	8854
2384.177	8836
2386.159	8807
2388.142	8946
2390.122	8829
2392.105	8946
2394.085	8773
2396.066	8549
2398.044	8743
2400.024	8812
2402.002	8796
2403.982	8773
2405.959	8843
2407.935	8883
2409.913	8768
2411.888	8712
2413.865	8765
2415.84	8981
2417.814	8802
2419.788	8814
2421.762	8627
2423.735	8783
2425.708	8729
2427.68	8755
2429.651	8734
2431.623	8750
2433.593	8664
2435.564	8770
2437.533	8848
2439.502	8845
2441.47	8728
2443.438	8694
2445.406	8661
2447.373	8711
2449.34	8746
2451.305	8712
2453.271	8700
2455.235	8676
2457.201	8793
2459.165	8666
2461.129	8574
2463.092	8562
2465.054	8610
2467.018	8603
2468.978	8626
2470.939	8639
2472.899	8604
2474.86	8615
2476.819	8551
2478.778	8769
2480.737	8754
2482.695	8625
2484.653	8598
2486.609	8624
2488.567	8606
2490.524	8606
2492.478	8639
2494.433	8631
2496.387	8663
2498.343	8577
2500.297	8528
2502.249	8600
2504.202	8545
2506.153	8608
2508.105	8524
2510.057	8462
2512.008	8608
2513.957	8643
2515.906	8552
2517.855	8641
2519.805	8605
2521.754	8544
2523.7	8610
2525.647	8626
2527.594	8550
2529.54	8462
2531.486	8471
2533.431	8570
2535.376	8527
2537.32	8486
2539.263	8432
2541.207	8508
2543.151	8492
2545.093	8592
2547.034	8460
2548.975	8461
2550.917	8450
2552.856	8645
2554.796	8473
2556.735	8525
2558.673	8493
2560.611	8534
2562.55	8442
2564.487	8465
2566.424	8499
2568.36	8485
2570.296	8520
2572.232	8437
2574.167	8565
2576.101	8447
2578.035	8367
2579.969	8548
2581.902	8494
2583.834	8402
2585.766	8520
2587.698	8578
2589.628	8480
2591.557	8477
2593.489	8452
2595.419	8466
2597.348	8376
2599.275	8600
2601.204	8462
2603.131	8409
2605.059	8440
2606.986	8470
2608.911	8459
2610.837	8460
2612.76	8462
2614.687	8640
2616.61	8403
2618.534	8395
2620.457	8523
2622.38	8452
2624.302	8486
2626.225	8542
2628.145	8413
2630.067	8594
2631.986	8510
2633.906	8520
2635.827	8431
2637.745	8424
2639.662	8529
2641.581	8498
2643.498	8525
2645.415	8368
2647.331	8538
2649.248	8358
2651.163	8569
2653.077	8383
2654.993	8468
2656.906	8488
2658.821	8412
2660.733	8282
2662.646	8389
2664.557	8380
2666.47	8475
2668.381	8409
2670.291	8274
2672.201	8389
2674.11	8446
2676.021	8285
2677.929	8352
2679.837	8360
2681.745	8374
2683.652	8399
2685.56	8276
2687.466	8467
2689.371	8397
2691.276	8306
2693.181	8306
2695.085	8385
2696.991	8306
2698.893	8346
2700.796	8277
2702.698	8281
2704.601	8300
2706.502	8251
2708.404	8271
2710.304	8389
2712.203	8362
2714.103	8244
2716.003	8162
2717.902	8354
2719.8	8327
2721.697	8205
2723.594	8109
2725.49	8172
2727.389	8252
2729.283	8214
2731.179	8287
2733.073	8310
2734.968	8223
2736.863	8266
2738.757	8279
2740.649	8280
2742.541	8223
2744.433	8224
2746.324	8273
2748.216	8139
2750.107	8151
2751.997	8215
2753.886	8207
2755.776	8256
2757.666	8228
2759.553	8191
2761.44	8194
2763.327	8112
2765.215	8190
2767.102	8132
2768.988	8216
2770.873	8083
2772.757	8181
2774.641	8104
2776.525	8173
2778.41	8017
2780.292	8120
2782.175	8192
2784.057	8208
2785.938	7978
2787.821	8192
2789.701	8118
2791.581	8011
2793.461	8135
2795.34	8068
2797.219	8147
2799.099	8185
2800.975	8024
2802.853	8070
2804.73	8058
2806.606	8041
2808.484	8155
2810.358	8018
2812.233	8064
2814.108	7928
2815.981	8050
2817.857	8080
2819.73	8028
2821.602	7977
2823.474	7935
2825.346	8000
2827.217	7905
2829.089	7983
2830.959	7955
2832.829	7976
2834.698	7991
2836.567	8053
2838.436	8050
2840.305	7996
2842.172	8017
2844.04	8024
2845.905	8039
2847.772	8148
2849.639	8107
2851.503	7996
2853.369	8021
2855.232	7996
2857.096	7996
2858.961	8054
2860.824	7984
2862.686	8174
2864.547	8143
2866.41	8067
2868.272	8107
2870.132	8125
2871.992	8101
2873.851	8270
2875.711	8207
2877.57	8277
2879.429	8267
2881.287	8218
2883.144	8393
2885.001	8437
2886.857	8340
2888.714	8367
2890.57	8220
2892.425	8345
2894.279	8350
2896.133	8346
2897.987	8423
2899.842	8315
2901.694	8304
2903.547	8396
2905.397	8271
2907.249	8243
2909.101	8350
2910.952	8465
2912.802	8483
2914.652	8410
2916.5	8219
2918.35	8526
2920.198	8522
2922.045	8478
2923.893	8604
2925.74	8661
2927.585	8721
2929.433	8848
2931.279	8870
2933.123	8781
2934.968	8857
2936.811	8926
2938.656	8904
2940.5	8898
2942.342	9039
2944.185	8904
2946.026	9037
2947.87	9009
2949.71	9027
2951.549	8827
2953.39	8856
2955.229	8750
2957.069	8710
2958.908	8926
2960.746	8726
2962.584	8483
2964.421	8678
2966.257	8450
2968.094	8429
2969.931	8532
2971.766	8456
2973.601	8491
2975.435	8439
2977.27	8329
2979.105	8443
2980.938	8412
2982.77	8261
2984.602	8278
2986.434	8308
2988.267	8291
2990.097	8267
2991.927	8225
2993.757	8150
2995.587	8136
2997.417	8127
2999.246	8140
3001.074	7951
3002.902	7920
3004.729	7889
3006.556	7808
3008.384	7937
3010.21	7793
3012.036	7901
3013.861	7744
3015.684	7783
3017.51	7647
3019.334	7655
3021.157	7622
3022.981	7760
3024.802	7537
3026.624	7545
3028.448	7628
3030.267	7632
3032.088	7562
3033.909	7619
3035.728	7509
3037.549	7651
3039.368	7488
3041.186	7418
3043.004	7378
3044.821	7519
3046.64	7605
3048.455	7629
3050.272	7415
3052.087	7492
3053.903	7311
3055.717	7357
3057.534	7324
3059.347	7379
3061.16	7522
3062.974	7378
3064.785	7455
3066.598	7460
3068.411	7495
3070.222	7496
3072.032	7464
3073.844	7351
3075.653	7323
3077.463	7241
3079.272	7315
3081.08	7362
3082.889	7219
3084.697	7206
3086.505	7260
3088.312	7325
3090.118	7156
3091.924	7210
3093.729	7304
3095.535	7267
3097.34	7192
3099.144	7219
3100.947	7244
3102.75	7212
3104.553	7185
3106.357	7264
3108.159	7133
3109.961	7176
3111.762	7207
3113.562	7197
3115.365	7168
3117.164	7126
3118.964	7166
3120.761	7128
3122.56	7039
3124.36	7062
3126.158	7082
3127.954	7072
3129.75	7056
3131.547	7086
3133.343	7087
3135.139	7061
3136.934	7142
3138.729	6999
3140.522	6946
3142.317	7112
3144.11	7005
3145.904	7060
3147.695	7023
3149.488	6902
3151.28	6996
3153.07	7013
3154.863	6956
3156.652	7046
3158.441	6927
3160.231	6935
3162.019	7115
3163.81	6999
3165.597	6887
3167.384	6929
3169.172	6933
3170.958	6904
3172.745	6950
3174.532	6941
3176.317	6902
3178.101	6909
3179.885	6889
3181.67	6893
3183.455	7029
3185.238	6858
3187.02	6852
3188.802	6986
3190.585	6851
3192.368	6884
3194.149	6817
3195.929	6967
3197.709	6859
3199.489	6966
3201.268	6805
3203.048	6863
3204.826	6785
3206.604	6890
3208.382	6911
3210.159	6802
3211.937	6874
3213.713	6880
3215.489	6800
3217.263	6773
3219.038	6795
3220.815	6854
3222.589	6816
3224.363	6860
3226.136	6806
3227.908	6730
3229.681	6760
3231.454	6809
3233.226	6871
3234.996	6818
3236.767	6865
3238.538	6739
3240.308	6774
3242.078	6812
3243.847	6829
3245.615	6747
3247.384	6743
3249.15	6768
3250.92	6786
3252.686	6873
3254.453	6764
3256.218	6753
3257.984	6686
3259.75	6791
3261.515	6827
3263.279	6817
3265.044	6750
3266.806	6673
3268.57	6806
3270.334	6819
3272.095	6637
3273.856	6701
3275.619	6712
3277.379	6652
3279.14	6870
3280.9	6720
3282.661	6674
3284.419	6751
3286.178	6710
3287.937	6655
3289.695	6604
3291.453	6844
3293.21	6887
3294.967	6685
3296.723	6658
3298.48	6796
3300.235	6785
3301.99	6700
3303.744	6658
3305.498	6774
3307.253	6722
3309.006	6818
3310.759	6673
3312.511	6742
3314.263	6799
3316.017	6645
3317.768	6742
3319.519	6670
3321.268	6693
3323.018	6647
3324.767	6765
3326.518	6713
3328.267	6693
3330.014	6641
3331.762	6585
3333.509	6699
3335.258	6698
3337.003	6665
3338.75	6578
3340.496	6599
3342.24	6728
3343.987	6648
3345.732	6584
3347.475	6668
3349.219	6603
3350.961	6597
3352.705	6589
3354.448	6622
3356.19	6677
3357.931	6656
3359.672	6592
3361.412	6549
3363.155	6446
3364.894	6562
3366.633	6527
3368.372	6520
3370.11	6539
3371.849	6585
3373.588	6626
3375.325	6458
3377.061	6543
3378.799	6517
3380.534	6598
3382.271	6550
3384.006	6563
3385.741	6430
3387.475	6477
3389.209	6484
3390.944	6515
3392.677	6550
3394.409	6371
3396.143	6420
3397.874	6426
3399.606	6385
3401.338	6416
3403.069	6510
3404.799	6391
3406.528	6381
3408.258	6412
3409.988	6456
3411.717	6533
3413.445	6330
3415.173	6441
3416.899	6331
3418.626	6454
3420.354	6293
3422.08	6461
3423.806	6360
3425.531	6324
3427.255	6323
3428.981	6376
3430.705	6349
3432.429	6436
3434.151	6312
3435.875	6291
3437.599	6276
3439.321	6393
3441.042	6341
3442.763	6192
3444.483	6363
3446.204	6318
3447.926	6273
3449.645	6273
3451.364	6383
3453.082	6220
3454.801	6202
3456.52	6242
3458.238	6192
3459.954	6202
3461.671	6222
3463.387	6231
3465.104	6111
3466.82	6121
3468.534	6133
3470.25	6130
3471.963	6169
3473.676	6102
3475.392	6064
3477.104	6161
3478.817	6171
3480.528	6084
3482.241	6098
3483.954	5974
3485.664	6004
3487.374	6078
3489.084	6086
3490.795	5967
3492.504	6054
3494.214	5960
3495.922	6064
3497.63	5931
3499.338	5956
3501.045	6007
3502.753	6049
3504.459	5913
3506.166	5973
3507.871	6035
3509.576	5924
3511.283	6048
3512.987	6003
3514.691	6032
3516.395	5954
3518.098	5960
3519.8	5932
3521.504	5941
3523.206	5931
3524.908	5921
3526.609	5814
3528.309	5834
3530.011	5970
3531.711	5861
3533.411	5941
3535.109	5912
3536.808	5976
3538.507	5833
3540.206	5867
3541.904	5837
3543.601	5755
3545.297	5856
3546.994	5904
3548.69	5857
3550.387	5727
3552.081	5816
3553.776	5860
3555.47	5818
3557.166	5777
3558.859	5901
3560.553	5753
3562.245	5788
3563.938	5745
3565.629	5733
3567.322	5722
3569.014	5778
3570.704	5735
3572.394	5808
3574.084	5753
3575.775	5661
3577.464	5745
3579.152	5756
3580.842	5801
3582.529	5759
3584.216	5641
3585.905	5699
3587.591	5744
3589.279	5644
3590.964	5674
3592.649	5643
3594.336	5690
3596.021	5769
3597.705	5597
3599.388	5563
3601.072	5712
3602.757	5656
3604.439	5590
3606.122	5603
3607.803	5548
3609.485	5578
3611.167	5516
3612.849	5549
3614.529	5643
3616.208	5613
3617.888	5565
3619.567	5543
3621.247	5543
3622.926	5532
3624.603	5480
3626.281	5597
3627.958	5519
3629.635	5493
3631.312	5549
3632.989	5477
3634.665	5517
3636.339	5374
3638.014	5394
3639.691	5463
3641.364	5501
3643.038	5400
3644.71	5380
3646.384	5428
3648.058	5363
3649.729	5441
3651.402	5380
3653.073	5368
3654.744	5411
3656.414	5380
3658.085	5444
3659.755	5332
3661.424	5367
3663.094	5269
3664.762	5344
3666.431	5378
3668.099	5295
3669.766	5306
3671.433	5300
3673.099	5166
3674.768	5390
3676.433	5371
3678.098	5414
3679.763	5345
3681.428	5285
3683.093	5252
3684.757	5228
3686.421	5274
3688.083	5242
3689.746	5199
3691.408	5297
3693.071	5261
3694.733	5219
3696.394	5183
3698.054	5259
3699.715	5291
3701.375	5238
3703.036	5267
3704.695	5297
3706.354	5255
3708.012	5341
3709.67	5272
3711.329	5156
3712.987	5153
3714.644	5254
3716.299	5135
3717.955	5204
3719.613	5234
3721.268	5177
3722.923	5195
3724.577	5171
3726.231	5196
3727.885	5163
3729.539	5201
3731.192	5159
3732.845	5251
3734.497	5239
3736.149	5088
3737.802	5215
3739.453	5154
3741.104	5205
3742.753	5153
3744.404	5211
3746.052	5134
3747.704	5143
3749.352	5131
3751	5038
3752.648	5109
3754.296	5138
3755.944	5127
3757.59	5143
3759.238	5022
3760.883	5056
3762.528	5174
3764.176	5073
3765.82	5030
3767.464	5145
3769.109	5029
3770.753	5036
3772.396	4994
3774.04	5038
3775.683	5048
3777.325	5016
3778.967	4989
3780.608	5015
3782.25	5005
3783.89	4959
3785.531	5075
3787.17	5036
3788.81	4975
3790.45	5006
3792.09	4983
3793.729	5027
3795.366	5033
3797.003	4970
3798.64	4920
3800.278	4920
3801.915	5016
3803.551	5060
3805.187	4868
3806.822	4906
3808.458	4892
3810.093	4864
3811.726	4911
3813.36	4952
3814.994	4895
3816.627	4841
3818.262	4840
3819.893	4848
3821.525	4892
3823.157	4833
3824.787	4939
3826.42	4831
3828.051	4913
3829.68	4833
3831.31	4782
3832.938	4985
3834.569	4788
3836.198	4875
3837.825	4957
3839.454	4799
3841.08	4801
3842.708	4858
3844.335	4872
3845.962	4842
3847.587	4760
3849.212	4799
3850.838	4784
3852.463	4835
3854.089	4798
3855.712	4902
3857.335	4824
3858.959	4807
3860.582	4825
3862.205	4772
3863.827	4751
3865.449	4686
3867.07	4790
3868.691	4737
3870.312	4662
3871.933	4800
3873.553	4743
3875.173	4743
3876.792	4719
3878.411	4666
3880.03	4756
3881.647	4725
3883.265	4708
3884.882	4736
3886.499	4749
3888.116	4798
3889.732	4673
3891.348	4665
3892.964	4692
3894.579	4646
3896.195	4592
3897.809	4707
3899.423	4755
3901.036	4693
3902.648	4685
3904.261	4689
3905.875	4601
3907.487	4599
3909.099	4602
3910.709	4553
3912.321	4637
3913.933	4736
3915.542	4703
3917.152	4594
3918.762	4621
3920.37	4557
3921.98	4599
3923.589	4595
3925.196	4577
3926.804	4585
3928.41	4603
3930.018	4541
3931.626	4724
3933.231	4522
3934.838	4616
3936.442	4628
3938.046	4499
3939.653	4552
3941.257	4630
3942.861	4522
3944.464	4573
3946.068	4616
3947.67	4554
3949.273	4605
3950.876	4570
3952.477	4567
3954.078	4517
3955.678	4599
3957.281	4554
3958.881	4531
3960.48	4496
3962.079	4474
3963.678	4563
3965.279	4527
3966.877	4446
3968.475	4524
3970.072	4612
3971.669	4438
3973.266	4446
3974.864	4455
3976.459	4495
3978.055	4506
3979.65	4433
3981.245	4445
3982.841	4518
3984.436	4377
3986.03	4495
3987.623	4477
3989.216	4412
3990.809	4395
3992.403	4388
3993.995	4395
3995.586	4317
3997.177	4348
3998.768	4429
4000.361	4401
4001.951	4358
4003.54	4336
4005.13	4389
4006.719	4317
4008.31	4397
4009.897	4398
4011.485	4266
4013.073	4336
4014.66	4370
4016.247	4322
4017.834	4348
4019.421	4335
4021.006	4281
4022.592	4225
4024.178	4244
4025.763	4283
4027.348	4265
4028.932	4351
4030.515	4260
4032.099	4250
4033.682	4182
4035.266	4269
4036.847	4299
4038.429	4241
4040.011	4263
4041.592	4205
4043.173	4256
4044.755	4158
4046.334	4228
4047.913	4168
4049.494	4223
4051.074	4198
4052.652	4142
4054.23	4216
4055.807	4165
4057.385	4245
4058.963	4149
4060.541	4238
4062.117	4182
4063.693	4195
4065.269	4223
4066.844	4173
4068.42	4151
4069.995	4164
4071.569	4208
4073.143	4089
4074.716	4094
4076.291	4151
4077.864	4159
4079.436	4135
4081.009	4115
4082.58	4125
4084.152	4089
4085.723	4149
4087.294	4105
4088.865	4135
4090.435	4161
4092.005	4138
4093.574	4168
4095.143	4131
4096.712	4078
4098.279	4071
4099.848	4119
4101.416	4117
4102.984	4161
4104.55	4028
4106.117	4043
4107.682	3995
4109.248	4025
4110.815	4039
4112.379	4079
4113.945	4054
4115.508	4098
4117.073	4000
4118.637	3994
4120.201	4068
4121.763	3998
4123.325	4098
4124.888	3891
4126.449	4085
4128.013	3943
4129.573	3910
4131.133	3985
4132.694	3946
4134.254	3975
4135.814	3909
4137.374	3975
4138.933	3869
4140.491	3976
4142.049	4000
4143.607	3924
4145.167	3894
4146.724	3922
4148.28	3941
4149.836	3946
4151.392	3930
4152.949	3915
4154.504	3882
4156.059	3952
4157.614	3935
4159.168	3861
4160.723	3964
4162.277	3856
4163.83	3878
4165.383	3877
4166.936	3892
4168.488	3936
4170.041	3797
4171.593	3913
4173.144	3821
4174.695	3794
4176.246	3848
4177.796	3884
4179.346	3860
4180.896	3801
4182.445	3861
4183.994	3729
4185.542	3805
4187.091	3720
4188.639	3811
4190.185	3768
4191.732	3803
4193.279	3797
4194.826	3783
4196.373	3726
4197.918	3783
4199.463	3721
4201.008	3738
4202.553	3707
4204.098	3715
4205.641	3721
4207.185	3715
4208.728	3707
4210.271	3776
4211.814	3771
4213.357	3650
4214.898	3683
4216.439	3745
4217.98	3772
4219.522	3717
4221.062	3675
4222.603	3748
4224.142	3813
4225.681	3645
4227.222	3718
4228.76	3678
4230.298	3694
4231.835	3612
4233.373	3687
4234.911	3768
4236.449	3640
4237.985	3653
4239.521	3730
4241.057	3609
4242.592	3724
4244.128	3668
4245.663	3727
4247.197	3699
4248.731	3745
4250.265	3714
4251.798	3655
4253.333	3669
4254.865	3780
4256.397	3593
4257.93	3623
4259.461	3607
4260.994	3662
4262.525	3769
4264.056	3645
4265.586	3630
4267.115	3584
4268.646	3684
4270.176	3595
4271.705	3562
4273.232	3542
4274.761	3683
4276.289	3582
4277.818	3657
4279.345	3522
4280.872	3607
4282.399	3614
4283.924	3502
4285.452	3550
4286.976	3547
4288.502	3535
4290.026	3558
4291.551	3582
4293.074	3569
4294.6	3605
4296.123	3574
4297.646	3481
4299.168	3547
4300.691	3539
4302.214	3581
4303.736	3472
4305.257	3548
4306.778	3497
4308.299	3562
4309.82	3486
4311.34	3495
4312.86	3475
4314.379	3477
