400.0745	5200
402.597	5096
405.1208	5136
407.6419	5114
410.1623	5294
412.6819	5165
415.201	5245
417.7172	5190
420.2369	5333
422.7538	5274
425.2701	5344
427.7856	5350
430.3005	5408
432.8147	5392
435.3282	5426
437.841	5444
440.3511	5509
442.8625	5456
445.3753	5332
447.8854	5423
450.3927	5478
452.9014	5491
455.4073	5434
457.9146	5506
460.4233	5488
462.9272	5404
465.4325	5475
467.935	5417
470.4389	5525
472.9421	5479
475.4446	5432
477.9444	5448
480.4456	5453
482.944	5504
485.4417	5592
487.9429	5545
490.4393	5651
492.935	5555
495.4321	5620
497.9264	5711
500.4221	5687
502.9171	5571
505.4094	5713
507.9011	5556
510.392	5752
512.8864	5671
515.3759	5633
517.8649	5646
520.3531	5624
522.8406	5767
525.3275	5662
527.8178	5775
530.3033	5767
532.7881	5735
535.2723	5846
537.7558	5688
540.2407	5739
542.7228	5702
545.2043	5797
547.6851	5650
550.1652	5813
552.6467	5705
555.1255	5679
557.6016	5750
560.079	5783
562.5557	5858
565.0318	5731
567.5092	5873
569.984	5830
572.456	5920
574.9294	5855
577.4022	5796
579.8762	5979
582.3456	5898
584.8163	6007
587.2863	5873
589.7557	5961
592.2224	5968
594.6924	5940
597.1578	5949
599.6245	5900
602.0905	5986
604.5538	6035
607.0206	6063
609.4825	5957
611.9459	6005
614.4066	5935
616.8686	5897
619.33	5805
621.7906	5971
624.2487	5904
626.708	5876
629.1647	5909
631.6207	5802
634.0801	5934
636.5348	5852
638.9888	5862
641.4442	5939
643.8969	5894
646.3509	5942
648.8022	5916
651.255	6010
653.705	6037
656.1544	5976
658.6031	6003
661.0532	5990
663.5026	6104
665.9493	5986
668.3954	6111
670.8409	6120
673.2877	6055
675.7318	6081
678.1752	6081
680.618	6131
683.0601	6087
685.5035	6098
687.9444	6220
690.3845	6098
692.824	6107
695.2628	6232
697.701	6088
700.1406	6033
702.5774	6131
705.0116	6205
707.4472	6102
709.8821	6319
712.3183	6265
714.7519	6247
717.1829	6229
719.6151	6311
722.0468	6259
724.4777	6290
726.908	6263
729.3377	6295
731.7667	6269
734.1931	6475
736.6208	6394
739.0498	6464
741.4742	6352
743.9	6462
746.3231	6391
748.7476	6379
751.1713	6533
753.5945	6508
756.015	6536
758.4368	6543
760.856	6581
763.2766	6476
765.6965	6656
768.1157	6487
770.5323	6561
772.9483	6630
775.3656	6548
777.7822	6611
780.1963	6588
782.6116	6563
785.0244	6456
787.4365	6600
789.8499	6533
792.2626	6597
794.6728	6620
797.0823	6654
799.4911	6649
801.8994	6584
804.3109	6563
806.7178	6631
809.124	6642
811.5297	6672
813.9347	6707
816.341	6740
818.7447	6630
821.1478	6757
823.5502	6802
825.952	6692
828.3531	6710
830.7556	6735
833.1554	6713
835.5546	6680
837.9532	6699
840.3511	6745
842.7504	6701
845.1451	6782
847.5411	6833
849.9365	6700
852.3312	6913
854.7272	6768
857.1187	6889
859.5115	6801
861.9037	6846
864.2952	6761
866.6842	6742
869.0764	6773
871.4661	6801
873.8531	6811
876.2415	6853
878.6272	6792
881.0162	6900
883.4026	6793
885.7866	6852
888.1717	6749
890.5543	6723
892.9382	6800
895.3215	6857
897.7041	6773
900.0842	6795
902.4655	6734
904.8443	6733
907.2244	6827
909.6039	7026
911.9808	6957
914.357	7051
916.7346	6938
919.1115	6977
921.4859	7130
923.8616	7125
926.2347	7000
928.6071	7273
930.979	7179
933.3541	7087
935.7247	7113
938.0946	7103
940.4639	7335
942.8326	7330
945.2026	7315
947.5701	7333
949.9369	7522
952.305	7653
954.6705	7941
957.0355	8190
959.4017	8385
961.7654	8351
964.1284	8485
966.4908	8297
968.8527	8088
971.2138	7715
973.5743	7569
975.9343	7452
978.2936	7275
980.6522	7053
983.0122	7111
985.3696	7095
987.7245	6953
990.0807	7028
992.4362	7042
994.7911	7106
997.1474	6935
999.4991	6912
1001.852	7183
1004.205	7133
1006.555	7009
1008.908	7089
1011.258	6997
1013.606	7012
1015.956	6996
1018.302	7053
1020.652	7089
1022.998	7200
1025.345	7102
1027.691	7215
1030.035	7165
1032.378	7222
1034.724	7137
1037.066	7144
1039.409	7097
1041.75	7222
1044.092	7097
1046.433	7090
1048.771	7215
1051.112	7099
1053.449	7148
1055.786	7183
1058.124	7256
1060.462	7198
1062.797	7213
1065.131	7348
1067.467	7300
1069.8	7328
1072.135	7288
1074.467	7323
1076.798	7398
1079.129	7246
1081.459	7214
1083.792	7297
1086.121	7211
1088.449	7162
1090.777	7184
1093.104	7143
1095.431	7178
1097.759	7260
1100.084	7200
1102.408	7261
1104.732	7133
1107.056	7153
1109.379	7220
1111.701	7257
1114.022	7190
1116.343	7253
1118.664	7217
1120.983	7278
1123.303	7186
1125.621	7210
1127.939	7331
1130.256	7150
1132.573	7217
1134.889	7146
1137.205	7097
1139.52	7160
1141.832	7218
1144.146	7130
1146.461	7235
1148.771	7178
1151.083	7053
1153.392	7222
1155.703	7389
1158.011	7294
1160.323	7245
1162.629	7275
1164.938	7210
1167.243	7269
1169.55	7214
1171.857	7324
1174.163	7255
1176.466	7170
1178.769	7311
1181.073	7211
1183.374	7245
1185.677	7252
1187.979	7214
1190.279	7214
1192.578	7239
1194.878	7188
1197.178	7258
1199.476	7219
1201.772	7456
1204.068	7139
1206.366	7270
1208.663	7212
1210.957	7223
1213.251	7285
1215.544	7207
1217.836	7187
1220.128	7276
1222.421	7205
1224.712	7247
1227.002	7373
1229.292	7344
1231.581	7295
1233.871	7390
1236.159	7442
1238.446	7577
1240.732	7615
1243.018	7510
1245.304	7585
1247.59	7578
1249.874	7467
1252.156	7442
1254.439	7681
1256.721	7444
1259.005	7475
1261.286	7632
1263.565	7510
1265.845	7463
1268.125	7559
1270.403	7417
1272.682	7427
1274.959	7500
1277.234	7384
1279.511	7525
1281.787	7531
1284.062	7483
1286.337	7530
1288.609	7493
1290.882	7442
1293.153	7409
1295.428	7439
1297.698	7352
1299.969	7344
1302.237	7418
1304.507	7397
1306.777	7531
1309.044	7423
1311.312	7459
1313.578	7365
1315.844	7437
1318.109	7422
1320.375	7487
1322.638	7485
1324.903	7374
1327.165	7238
1329.427	7355
1331.69	7481
1333.952	7430
1336.212	7411
1338.471	7530
1340.73	7470
1342.988	7438
1345.248	7335
1347.505	7325
1349.763	7376
1352.019	7278
1354.274	7390
1356.53	7367
1358.784	7343
1361.038	7327
1363.291	7387
1365.543	7312
1367.797	7407
1370.048	7464
1372.296	7397
1374.546	7389
1376.796	7354
1379.045	7472
1381.295	7366
1383.542	7421
1385.787	7439
1388.034	7531
1390.28	7442
1392.527	7404
1394.772	7641
1397.014	7574
1399.258	7483
1401.501	7706
1403.741	7587
1405.985	7508
1408.226	7581
1410.465	7538
1412.705	7601
1414.943	7539
1417.184	7652
1419.42	7444
1421.658	7511
1423.894	7649
1426.13	7683
1428.366	7604
1430.602	7645
1432.835	7672
1435.069	7602
1437.301	7719
1439.535	7755
1441.767	7656
1443.997	7596
1446.229	7863
1448.458	7709
1450.687	7864
1452.916	7759
1455.146	7772
1457.372	7806
1459.599	7816
1461.824	7840
1464.051	7763
1466.277	7662
1468.501	7639
1470.725	7729
1472.948	7584
1475.17	7580
1477.393	7565
1479.614	7488
1481.837	7617
1484.057	7522
1486.276	7509
1488.497	7413
1490.715	7420
1492.932	7318
1495.148	7388
1497.364	7362
1499.58	7359
1501.798	7485
1504.012	7320
1506.227	7353
1508.44	7382
1510.653	7309
1512.866	7359
1515.078	7303
1517.289	7290
1519.5	7306
1521.711	7359
1523.92	7341
1526.13	7362
1528.338	7229
1530.544	7287
1532.752	7361
1534.959	7348
1537.165	7225
1539.371	7411
1541.574	7354
1543.779	7388
1545.983	7228
1548.187	7417
1550.39	7467
1552.59	7536
1554.792	7519
1556.991	7393
1559.19	7501
1561.392	7428
1563.59	7529
1565.789	7428
1567.986	7506
1570.182	7389
1572.381	7505
1574.576	7472
1576.771	7440
1578.966	7607
1581.16	7484
1583.354	7523
1585.546	7616
1587.74	7556
1589.931	7577
1592.121	7512
1594.311	7558
1596.502	7625
1598.693	7604
1600.881	7549
1603.069	7535
1605.256	7529
1607.445	7565
1609.631	7658
1611.816	7596
1614.001	7632
1616.186	7481
1618.37	7584
1620.555	7628
1622.737	7650
1624.919	7614
1627.101	7593
1629.282	7579
1631.463	7702
1633.643	7621
1635.822	7716
1638.001	7755
1640.179	7708
1642.359	7719
1644.534	7691
1646.711	7705
1648.887	7609
1651.062	7823
1653.235	7791
1655.412	7692
1657.586	7726
1659.757	7808
1661.93	7822
1664.1	7870
1666.274	7846
1668.445	7783
1670.614	7773
1672.784	7811
1674.951	7777
1677.12	7706
1679.289	7782
1681.457	7688
1683.622	7863
1685.789	7833
1687.953	7683
1690.121	7781
1692.284	7669
1694.447	7691
1696.611	7750
1698.772	7574
1700.935	7725
1703.098	7630
1705.258	7631
1707.417	7545
1709.576	7576
1711.736	7661
1713.896	7628
1716.053	7592
1718.21	7431
1720.366	7543
1722.522	7497
1724.68	7457
1726.835	7646
1728.989	7554
1731.142	7430
1733.295	7738
1735.449	7502
1737.601	7471
1739.753	7626
1741.903	7450
1744.054	7521
1746.203	7625
1748.354	7571
1750.503	7593
1752.651	7681
1754.798	7507
1756.944	7575
1759.092	7412
1761.238	7551
1763.383	7502
1765.528	7611
1767.672	7468
1769.814	7690
1771.959	7610
1774.102	7571
1776.242	7572
1778.384	7634
1780.525	7550
1782.665	7524
1784.805	7667
1786.945	7611
1789.082	7521
1791.22	7700
1793.36	7566
1795.495	7529
1797.632	7637
1799.766	7544
1801.902	7590
1804.035	7713
1806.172	7507
1808.304	7635
1810.436	7680
1812.569	7633
1814.699	7621
1816.833	7612
1818.963	7615
1821.092	7597
1823.222	7517
1825.35	7629
1827.478	7537
1829.608	7552
1831.734	7425
1833.86	7710
1835.986	7678
1838.11	7562
1840.238	7496
1842.362	7477
1844.485	7508
1846.608	7594
1848.73	7575
1850.853	7505
1852.974	7424
1855.097	7485
1857.217	7514
1859.336	7485
1861.455	7468
1863.576	7376
1865.693	7513
1867.811	7603
1869.926	7533
1872.042	7468
1874.16	7644
1876.275	7502
1878.39	7483
1880.504	7660
1882.618	7467
1884.731	7450
1886.843	7523
1888.956	7434
1891.067	7569
1893.178	7483
1895.287	7461
1897.399	7475
1899.508	7515
1901.617	7510
1903.724	7496
1905.832	7508
1907.941	7564
1910.046	7530
1912.152	7581
1914.256	7521
1916.361	7609
1918.464	7496
1920.57	7552
1922.672	7510
1924.775	7679
1926.876	7539
1928.978	7662
1931.08	7503
1933.181	7607
1935.28	7739
1937.38	7522
1939.478	7558
1941.577	7605
1943.675	7658
1945.771	7647
1947.867	7686
1949.964	7606
1952.058	7523
1954.154	7569
1956.248	7577
1958.343	7650
1960.435	7709
1962.527	7690
1964.62	7472
1966.711	7638
1968.802	7546
1970.892	7632
1972.983	7512
1975.072	7669
1977.162	7522
1979.25	7471
1981.337	7579
1983.424	7614
1985.51	7510
1987.598	7580
1989.683	7496
1991.768	7527
1993.852	7435
1995.934	7494
1998.019	7432
2000.102	7472
2002.184	7529
2004.266	7599
2006.347	7483
2008.427	7504
2010.508	7624
2012.587	7480
2014.666	7526
2016.745	7420
2018.821	7471
2020.9	7533
2022.977	7485
2025.052	7421
2027.128	7625
2029.204	7453
2031.277	7604
2033.353	7455
2035.425	7542
2037.499	7462
2039.57	7515
2041.642	7487
2043.714	7485
2045.786	7530
2047.855	7424
2049.925	7569
2051.993	7494
2054.064	7525
2056.132	7464
2058.2	7390
2060.266	7532
2062.332	7556
2064.398	7323
2066.465	7501
2068.529	7454
2070.592	7474
2072.657	7595
2074.719	7428
2076.783	7484
2078.845	7503
2080.907	7459
2082.968	7488
2085.028	7574
2087.087	7546
2089.148	7445
2091.207	7474
2093.264	7421
2095.322	7556
2097.379	7490
2099.439	7564
2101.495	7582
2103.55	7559
2105.605	7542
2107.658	7493
2109.713	7485
2111.767	7359
2113.82	7447
2115.872	7568
2117.924	7581
2119.975	7479
2122.028	7325
2124.078	7580
2126.126	7345
2128.176	7483
2130.225	7387
2132.275	7436
2134.321	7451
2136.368	7435
2138.415	7464
2140.461	7449
2142.505	7419
2144.552	7501
2146.597	7480
2148.64	7468
2150.684	7488
2152.725	7332
2154.77	7379
2156.811	7383
2158.852	7402
2160.894	7418
2162.933	7396
2164.973	7413
2167.013	7402
2169.051	7325
2171.089	7290
2173.126	7356
2175.164	7363
2177.201	7350
2179.236	7292
2181.273	7402
2183.307	7297
2185.341	7268
2187.377	7410
2189.41	7354
2191.442	7327
2193.473	7371
2195.506	7301
2197.539	7399
2199.569	7215
2201.598	7247
2203.628	7342
2205.656	7214
2207.686	7199
2209.716	7225
2211.743	7312
2213.769	7107
2215.796	7257
2217.821	7200
2219.848	7187
2221.873	7166
2223.897	7243
2225.921	7296
2227.944	7220
2229.967	7347
2231.991	7254
2234.011	7253
2236.032	7127
2238.053	7145
2240.073	7110
2242.094	7148
2244.114	7193
2246.131	7194
2248.149	7269
2250.167	7225
2252.186	7195
2254.201	7176
2256.218	7195
2258.233	7250
2260.247	7289
2262.262	7260
2264.278	7204
2266.29	7335
2268.303	7278
2270.315	7165
2272.327	7150
2274.341	7157
2276.35	7126
2278.361	7243
2280.37	7310
2282.38	7239
2284.388	7230
2286.397	7117
2288.405	7120
2290.412	7191
2292.419	7161
2294.425	7272
2296.431	7188
2298.437	7166
2300.441	7098
2302.445	7205
2304.449	7106
2306.453	7196
2308.455	7214
2310.457	7196
2312.459	7271
2314.46	7170
2316.46	7242
2318.461	7179
2320.46	7174
2322.458	7107
2324.458	7246
2326.456	7020
2328.455	7096
2330.451	7058
2332.447	7136
2334.443	7030
2336.438	7167
2338.433	7024
2340.429	7182
2342.422	7109
2344.416	6998
2346.408	7103
2348.399	7045
2350.393	7115
2352.384	7015
2354.375	7028
2356.365	6980
2358.355	7059
2360.344	7034
2362.333	6943
2364.322	7115
2366.309	7097
2368.295	6910
2370.282	7075
2372.27	6976
2374.256	6973
2376.24	6987
2378.225	7053
2380.208	7011
2382.194	6934
2384.177	7003
2386.159	6981
2388.142	7071
2390.122	6882
2392.105	7022
2394.085	6896
2396.066	7055
2398.044	6754
2400.024	6989
2402.002	6881
2403.982	6972
2405.959	6803
2407.935	7023
2409.913	6928
2411.888	6889
2413.865	7040
2415.84	6983
2417.814	6939
2419.788	6935
2421.762	6951
2423.735	7068
2425.708	6819
2427.68	6850
2429.651	6876
2431.623	6793
2433.593	6914
2435.564	6907
2437.533	6974
2439.502	6988
2441.47	6846
2443.438	6965
2445.406	6932
2447.373	6923
2449.34	6870
2451.305	6827
2453.271	6889
2455.235	6892
2457.201	6854
2459.165	6691
2461.129	6877
2463.092	6856
2465.054	6833
2467.018	6878
2468.978	6865
2470.939	6843
2472.899	6763
2474.86	6847
2476.819	6895
2478.778	6804
2480.737	6678
2482.695	6863
2484.653	6875
2486.609	6823
2488.567	6882
2490.524	6921
2492.478	6623
2494.433	6753
2496.387	6794
2498.343	6824
2500.297	6812
2502.249	6710
2504.202	6779
2506.153	6766
2508.105	6724
2510.057	6821
2512.008	6782
2513.957	6796
2515.906	6790
2517.855	6753
2519.805	6774
2521.754	6772
2523.7	6712
2525.647	6720
2527.594	6644
2529.54	6704
2531.486	6662
2533.431	6721
2535.376	6881
2537.32	6693
2539.263	6729
2541.207	6777
2543.151	6677
2545.093	6754
2547.034	6653
2548.975	6695
2550.917	6813
2552.856	6688
2554.796	6747
2556.735	6792
2558.673	6708
2560.611	6750
2562.55	6712
2564.487	6739
2566.424	6715
2568.36	6624
2570.296	6788
2572.232	6770
2574.167	6778
2576.101	6712
2578.035	6663
2579.969	6691
2581.902	6634
2583.834	6680
2585.766	6676
2587.698	6598
2589.628	6762
2591.557	6713
2593.489	6817
2595.419	6849
2597.348	6636
2599.275	6733
2601.204	6719
2603.131	6727
2605.059	6730
2606.986	6883
2608.911	6677
2610.837	6669
2612.76	6743
2614.687	6669
2616.61	6761
2618.534	6618
2620.457	6825
2622.38	6663
2624.302	6782
2626.225	6749
2628.145	6722
2630.067	6749
2631.986	6805
2633.906	6772
2635.827	6663
2637.745	6665
2639.662	6670
2641.581	6767
2643.498	6796
2645.415	6755
2647.331	6661
2649.248	6685
2651.163	6834
2653.077	6681
2654.993	6655
2656.906	6685
2658.821	6745
2660.733	6695
2662.646	6821
2664.557	6765
2666.47	6710
2668.381	6733
2670.291	6754
2672.201	6643
2674.11	6755
2676.021	6779
2677.929	6627
2679.837	6708
2681.745	6705
2683.652	6705
2685.56	6663
2687.466	6607
2689.371	6566
2691.276	6634
2693.181	6651
2695.085	6579
2696.991	6583
2698.893	6613
2700.796	6611
2702.698	6681
2704.601	6572
2706.502	6702
2708.404	6409
2710.304	6699
2712.203	6602
2714.103	6556
2716.003	6606
2717.902	6593
2719.8	6665
2721.697	6615
2723.594	6538
2725.49	6551
2727.389	6611
2729.283	6383
2731.179	6569
2733.073	6712
2734.968	6578
2736.863	6490
2738.757	6600
2740.649	6497
2742.541	6536
2744.433	6709
2746.324	6558
2748.216	6583
2750.107	6672
2751.997	6515
2753.886	6478
2755.776	6515
2757.666	6541
2759.553	6523
2761.44	6542
2763.327	6530
2765.215	6493
2767.102	6504
2768.988	6646
2770.873	6451
2772.757	6424
2774.641	6441
2776.525	6611
2778.41	6457
2780.292	6495
2782.175	6521
2784.057	6534
2785.938	6547
2787.821	6457
2789.701	6547
2791.581	6529
2793.461	6403
2795.34	6419
2797.219	6375
2799.099	6456
2800.975	6466
2802.853	6374
2804.73	6533
2806.606	6454
2808.484	6558
2810.358	6418
2812.233	6465
2814.108	6400
2815.981	6406
2817.857	6475
2819.73	6364
2821.602	6311
2823.474	6435
2825.346	6366
2827.217	6430
2829.089	6458
2830.959	6399
2832.829	6362
2834.698	6434
2836.567	6449
2838.436	6548
2840.305	6438
2842.172	6497
2844.04	6532
2845.905	6548
2847.772	6468
2849.639	6432
2851.503	6471
2853.369	6584
2855.232	6546
2857.096	6716
2858.961	6574
2860.824	6556
2862.686	6704
2864.547	6746
2866.41	6587
2868.272	6653
2870.132	6758
2871.992	6875
2873.851	6886
2875.711	6931
2877.57	6960
2879.429	6869
2881.287	7069
2883.144	6976
2885.001	7169
2886.857	7045
2888.714	7032
2890.57	7173
2892.425	7166
2894.279	7196
2896.133	7059
2897.987	7210
2899.842	7011
2901.694	7100
2903.547	7151
2905.397	7181
2907.249	7036
2909.101	7216
2910.952	7079
2912.802	7118
2914.652	7103
2916.5	7242
2918.35	7254
2920.198	7385
2922.045	7346
2923.893	7441
2925.74	7488
2927.585	7469
2929.433	7592
2931.279	7545
2933.123	7679
2934.968	7757
2936.811	7844
2938.656	7902
2940.5	7864
2942.342	8161
2944.185	8009
2946.026	7966
2947.87	7984
2949.71	8063
2951.549	7910
2953.39	8136
2955.229	7820
2957.069	7832
2958.908	7710
2960.746	7694
2962.584	7792
2964.421	7677
2966.257	7565
2968.094	7485
2969.931	7401
2971.766	7295
2973.601	7380
2975.435	7266
2977.27	7229
2979.105	7058
2980.938	7206
2982.77	7088
2984.602	7098
2986.434	6953
2988.267	7018
2990.097	7009
2991.927	6937
2993.757	6846
2995.587	6819
2997.417	6825
2999.246	6745
3001.074	6748
3002.902	6705
3004.729	6613
3006.556	6553
3008.384	6492
3010.21	6532
3012.036	6462
3013.861	6207
3015.684	6385
3017.51	6368
3019.334	6265
3021.157	6221
3022.981	6269
3024.802	6175
3026.624	6208
3028.448	6071
3030.267	6049
3032.088	6155
3033.909	6036
3035.728	6108
3037.549	5994
3039.368	6094
3041.186	6068
3043.004	6009
3044.821	6022
3046.64	5942
3048.455	6043
3050.272	6076
3052.087	6035
3053.903	6001
3055.717	5977
3057.534	6022
3059.347	6008
3061.16	6000
3062.974	6027
3064.785	5925
3066.598	6081
3068.411	5935
3070.222	5962
3072.032	6051
3073.844	5951
3075.653	5978
3077.463	5837
3079.272	5890
3081.08	5948
3082.889	5826
3084.697	5846
3086.505	5970
3088.312	5832
3090.118	5900
3091.924	5882
3093.729	5877
3095.535	5859
3097.34	5864
3099.144	5844
3100.947	5920
3102.75	5743
3104.553	5848
3106.357	5780
3108.159	5810
3109.961	5854
3111.762	5801
3113.562	5780
3115.365	5734
3117.164	5655
3118.964	5748
3120.761	5793
3122.56	5685
3124.36	5711
3126.158	5612
3127.954	5801
3129.75	5755
3131.547	5690
3133.343	5592
3135.139	5692
3136.934	5638
3138.729	5758
3140.522	5615
3142.317	5709
3144.11	5654
3145.904	5591
3147.695	5751
3149.488	5721
3151.28	5701
3153.07	5612
3154.863	5694
3156.652	5669
3158.441	5674
3160.231	5490
3162.019	5711
3163.81	5587
3165.597	5640
3167.384	5640
3169.172	5632
3170.958	5734
3172.745	5579
3174.532	5608
3176.317	5570
3178.101	5577
3179.885	5577
3181.67	5677
3183.455	5607
3185.238	5673
3187.02	5573
3188.802	5615
3190.585	5635
3192.368	5519
3194.149	5568
3195.929	5517
3197.709	5591
3199.489	5545
3201.268	5551
3203.048	5656
3204.826	5541
3206.604	5588
3208.382	5527
3210.159	5490
3211.937	5437
3213.713	5594
3215.489	5483
3217.263	5498
3219.038	5580
3220.815	5543
3222.589	5465
3224.363	5568
3226.136	5562
3227.908	5528
3229.681	5523
3231.454	5427
3233.226	5539
3234.996	5487
3236.767	5533
3238.538	5546
3240.308	5495
3242.078	5570
3243.847	5529
3245.615	5621
3247.384	5578
3249.15	5553
3250.92	5558
3252.686	5487
3254.453	5532
3256.218	5583
3257.984	5568
3259.75	5405
3261.515	5460
3263.279	5530
3265.044	5457
3266.806	5408
3268.57	5498
3270.334	5673
3272.095	5433
3273.856	5602
3275.619	5462
3277.379	5426
3279.14	5446
3280.9	5507
3282.661	5499
3284.419	5544
3286.178	5440
3287.937	5534
3289.695	5393
3291.453	5471
3293.21	5553
3294.967	5577
3296.723	5499
3298.48	5455
3300.235	5431
3301.99	5548
3303.744	5508
3305.498	5591
3307.253	5549
3309.006	5468
3310.759	5613
3312.511	5473
3314.263	5587
3316.017	5531
3317.768	5546
3319.519	5479
3321.268	5499
3323.018	5524
3324.767	5536
3326.518	5537
3328.267	5444
3330.014	5512
3331.762	5369
3333.509	5434
3335.258	5418
3337.003	5439
3338.75	5510
3340.496	5520
3342.24	5424
3343.987	5463
3345.732	5503
3347.475	5422
3349.219	5378
3350.961	5422
3352.705	5474
3354.448	5475
3356.19	5460
3357.931	5393
3359.672	5453
3361.412	5428
3363.155	5434
3364.894	5398
3366.633	5359
3368.372	5355
3370.11	5364
3371.849	5389
3373.588	5304
3375.325	5252
3377.061	5305
3378.799	5359
3380.534	5377
3382.271	5236
3384.006	5313
3385.741	5333
3387.475	5284
3389.209	5248
3390.944	5292
3392.677	5266
3394.409	5378
3396.143	5267
3397.874	5193
3399.606	5243
3401.338	5259
3403.069	5266
3404.799	5246
3406.528	5316
3408.258	5245
3409.988	5227
3411.717	5238
3413.445	5248
3415.173	5220
3416.899	5254
3418.626	5306
3420.354	5273
3422.08	5228
3423.806	5249
3425.531	5263
3427.255	5202
3428.981	5179
3430.705	5174
3432.429	5188
3434.151	5273
3435.875	5136
3437.599	5150
3439.321	5129
3441.042	5236
3442.763	5148
3444.483	5046
3446.204	5196
3447.926	5149
3449.645	5085
3451.364	5205
3453.082	5033
3454.801	5104
3456.52	4994
3458.238	5083
3459.954	5048
3461.671	5013
3463.387	5076
3465.104	5056
3466.82	4931
3468.534	5007
3470.25	5044
3471.963	4972
3473.676	5004
3475.392	5030
3477.104	5017
3478.817	5024
3480.528	5010
3482.241	5007
3483.954	5057
3485.664	4885
3487.374	4906
3489.084	5030
3490.795	4931
3492.504	4916
3494.214	4863
3495.922	4932
3497.63	4969
3499.338	4937
3501.045	4860
3502.753	4841
3504.459	4928
3506.166	4937
3507.871	4876
3509.576	4865
3511.283	4952
3512.987	4826
3514.691	4923
3516.395	4809
3518.098	4799
3519.8	4889
3521.504	4873
3523.206	4872
3524.908	4820
3526.609	4777
3528.309	4813
3530.011	4823
3531.711	4787
3533.411	4828
3535.109	4783
3536.808	4702
3538.507	4817
3540.206	4774
3541.904	4760
3543.601	4750
3545.297	4626
3546.994	4751
3548.69	4699
3550.387	4700
3552.081	4774
3553.776	4757
3555.47	4749
3557.166	4824
3558.859	4692
3560.553	4651
3562.245	4669
3563.938	4707
3565.629	4718
3567.322	4601
3569.014	4656
3570.704	4722
3572.394	4644
3574.084	4609
3575.775	4615
3577.464	4663
3579.152	4673
3580.842	4652
3582.529	4700
3584.216	4602
3585.905	4661
3587.591	4508
3589.279	4648
3590.964	4657
3592.649	4551
3594.336	4696
3596.021	4575
3597.705	4593
3599.388	4615
3601.072	4589
3602.757	4564
3604.439	4582
3606.122	4478
3607.803	4499
3609.485	4533
3611.167	4443
3612.849	4449
3614.529	4511
3616.208	4603
3617.888	4514
3619.567	4491
3621.247	4461
3622.926	4380
3624.603	4444
3626.281	4466
3627.958	4426
3629.635	4438
3631.312	4477
3632.989	4379
3634.665	4447
3636.339	4449
3638.014	4383
3639.691	4429
3641.364	4416
3643.038	4377
3644.71	4364
3646.384	4422
3648.058	4273
3649.729	4329
3651.402	4384
3653.073	4382
3654.744	4309
3656.414	4356
3658.085	4248
3659.755	4344
3661.424	4336
3663.094	4299
3664.762	4342
3666.431	4281
3668.099	4390
3669.766	4241
3671.433	4230
3673.099	4214
3674.768	4300
3676.433	4338
3678.098	4346
3679.763	4304
3681.428	4273
3683.093	4204
3684.757	4276
3686.421	4264
3688.083	4222
3689.746	4223
3691.408	4279
3693.071	4200
3694.733	4242
3696.394	4181
3698.054	4303
3699.715	4196
3701.375	4198
3703.036	4323
3704.695	4241
3706.354	4250
3708.012	4283
3709.67	4216
3711.329	4173
3712.987	4230
3714.644	4283
3716.299	4223
3717.955	4247
3719.613	4162
3721.268	4181
3722.923	4153
3724.577	4122
3726.231	4183
3727.885	4205
3729.539	4256
3731.192	4201
3732.845	4125
3734.497	4168
3736.149	4177
3737.802	4148
3739.453	4153
3741.104	4150
3742.753	4128
3744.404	4087
3746.052	4179
3747.704	4079
3749.352	4074
3751	4109
3752.648	4053
3754.296	4080
3755.944	4022
3757.59	4055
3759.238	4103
3760.883	4037
3762.528	4139
3764.176	4127
3765.82	4003
3767.464	4172
3769.109	4145
3770.753	4029
3772.396	3950
3774.04	4052
3775.683	4031
3777.325	4037
3778.967	4003
3780.608	4007
3782.25	3970
3783.89	4095
3785.531	4023
3787.17	3972
3788.81	4060
3790.45	3952
3792.09	4029
3793.729	4018
3795.366	4012
3797.003	3968
3798.64	4085
3800.278	4043
3801.915	3939
3803.551	4024
3805.187	3971
3806.822	3959
3808.458	3987
3810.093	4018
3811.726	3927
3813.36	4018
3814.994	3930
3816.627	4044
3818.262	3953
3819.893	3990
3821.525	3919
3823.157	3897
3824.787	3923
3826.42	3933
3828.051	3895
3829.68	3917
3831.31	3932
3832.938	3956
3834.569	3925
3836.198	3882
3837.825	3899
3839.454	3901
3841.08	3893
3842.708	3893
3844.335	3840
3845.962	3931
3847.587	3893
3849.212	3886
3850.838	3944
3852.463	3816
3854.089	3892
3855.712	3801
3857.335	3830
3858.959	3810
3860.582	3878
3862.205	3929
3863.827	3835
3865.449	3802
3867.07	3809
3868.691	3832
3870.312	3856
3871.933	3878
3873.553	3828
3875.173	3808
3876.792	3757
3878.411	3859
3880.03	3787
3881.647	3789
3883.265	3783
3884.882	3792
3886.499	3745
3888.116	3727
3889.732	3791
3891.348	3729
3892.964	3768
3894.579	3773
3896.195	3787
3897.809	3719
3899.423	3686
3901.036	3761
3902.648	3743
3904.261	3715
3905.875	3702
3907.487	3837
3909.099	3814
3910.709	3803
3912.321	3711
3913.933	3789
3915.542	3785
3917.152	3732
3918.762	3752
3920.37	3776
3921.98	3622
3923.589	3781
3925.196	3697
3926.804	3736
3928.41	3733
3930.018	3728
3931.626	3747
3933.231	3745
3934.838	3698
3936.442	3651
3938.046	3669
3939.653	3737
3941.257	3688
3942.861	3757
3944.464	3682
3946.068	3727
3947.67	3653
3949.273	3713
3950.876	3635
3952.477	3593
3954.078	3704
3955.678	3721
3957.281	3669
3958.881	3664
3960.48	3667
3962.079	3618
3963.678	3689
3965.279	3601
3966.877	3601
3968.475	3625
3970.072	3650
3971.669	3588
3973.266	3653
3974.864	3559
3976.459	3611
3978.055	3603
3979.65	3640
3981.245	3658
3982.841	3565
3984.436	3596
3986.03	3602
3987.623	3600
3989.216	3547
3990.809	3615
3992.403	3553
3993.995	3481
3995.586	3617
3997.177	3552
3998.768	3517
4000.361	3561
4001.951	3559
4003.54	3504
4005.13	3547
4006.719	3504
4008.31	3507
4009.897	3490
4011.485	3456
4013.073	3515
4014.66	3517
4016.247	3503
4017.834	3432
4019.421	3538
4021.006	3484
4022.592	3399
4024.178	3527
4025.763	3381
4027.348	3488
4028.932	3376
4030.515	3408
4032.099	3402
4033.682	3429
4035.266	3425
4036.847	3452
4038.429	3430
4040.011	3366
4041.592	3399
4043.173	3428
4044.755	3392
4046.334	3378
4047.913	3395
4049.494	3465
4051.074	3433
4052.652	3411
4054.23	3366
4055.807	3432
4057.385	3417
4058.963	3363
4060.541	3465
4062.117	3473
4063.693	3340
4065.269	3400
4066.844	3313
4068.42	3402
4069.995	3374
4071.569	3388
4073.143	3435
4074.716	3303
4076.291	3319
4077.864	3374
4079.436	3254
4081.009	3346
4082.58	3342
4084.152	3363
4085.723	3291
4087.294	3318
4088.865	3335
4090.435	3278
4092.005	3336
4093.574	3293
4095.143	3304
4096.712	3288
4098.279	3325
4099.848	3357
4101.416	3378
4102.984	3276
4104.55	3305
4106.117	3313
4107.682	3299
4109.248	3306
4110.815	3281
4112.379	3303
4113.945	3367
4115.508	3292
4117.073	3223
4118.637	3252
4120.201	3260
4121.763	3260
4123.325	3275
4124.888	3276
4126.449	3291
4128.013	3262
4129.573	3234
4131.133	3235
4132.694	3222
4134.254	3205
4135.814	3226
4137.374	3210
4138.933	3199
4140.491	3151
4142.049	3208
4143.607	3136
4145.167	3154
4146.724	3158
4148.28	3164
4149.836	3277
4151.392	3180
4152.949	3184
4154.504	3192
4156.059	3133
4157.614	3135
4159.168	3166
4160.723	3180
4162.277	3206
4163.83	3065
4165.383	3179
4166.936	3178
4168.488	3153
4170.041	3121
4171.593	3110
4173.144	3128
4174.695	3134
4176.246	3098
4177.796	3122
4179.346	3087
4180.896	3129
4182.445	3074
4183.994	3136
4185.542	3095
4187.091	3062
4188.639	3102
4190.185	3049
4191.732	3028
4193.279	3097
4194.826	3080
4196.373	3064
4197.918	3039
4199.463	3033
4201.008	3122
4202.553	3064
4204.098	3042
4205.641	3072
4207.185	3024
4208.728	2996
4210.271	2960
4211.814	3022
4213.357	2990
4214.898	3102
4216.439	3041
4217.98	3001
4219.522	3047
4221.062	3073
4222.603	3059
4224.142	3076
4225.681	3046
4227.222	3021
4228.76	2971
4230.298	2989
4231.835	2941
4233.373	2972
4234.911	2988
4236.449	3029
4237.985	2960
4239.521	2974
4241.057	2977
4242.592	2990
4244.128	2959
4245.663	2931
4247.197	2986
4248.731	2912
4250.265	3020
4251.798	2943
4253.333	2946
4254.865	3020
4256.397	2930
4257.93	3023
4259.461	3051
4260.994	3011
4262.525	2961
4264.056	2941
4265.586	2927
4267.115	2952
4268.646	3009
4270.176	2992
4271.705	2932
4273.232	2900
4274.761	2927
4276.289	2906
4277.818	2922
4279.345	2932
4280.872	2983
4282.399	2918
4283.924	2903
4285.452	2932
4286.976	2894
4288.502	2881
4290.026	2887
4291.551	2894
4293.074	2862
4294.6	2823
4296.123	2880
4297.646	2910
4299.168	2821
4300.691	2920
4302.214	2929
4303.736	2924
4305.257	2890
4306.778	2864
4308.299	2817
4309.82	2872
4311.34	2871
4312.86	2841
4314.379	2806
