400.0745	4300
402.597	4302
405.1208	4375
407.6419	4282
410.1623	4394
412.6819	4322
415.201	4383
417.7172	4385
420.2369	4467
422.7538	4550
425.2701	4520
427.7856	4554
430.3005	4570
432.8147	4587
435.3282	4604
437.841	4604
440.3511	4658
442.8625	4666
445.3753	4646
447.8854	4680
450.3927	4677
452.9014	4644
455.4073	4655
457.9146	4712
460.4233	4690
462.9272	4650
465.4325	4639
467.935	4656
470.4389	4684
472.9421	4691
475.4446	4753
477.9444	4566
480.4456	4780
482.944	4693
485.4417	4841
487.9429	4754
490.4393	4748
492.935	4775
495.4321	4816
497.9264	4852
500.4221	4834
502.9171	4788
505.4094	4847
507.9011	4793
510.392	4884
512.8864	4904
515.3759	4934
517.8649	4904
520.3531	4883
522.8406	4920
525.3275	4917
527.8178	4891
530.3033	4926
532.7881	4873
535.2723	4873
537.7558	4852
540.2407	4842
542.7228	4972
545.2043	5004
547.6851	4856
550.1652	4921
552.6467	4875
555.1255	4911
557.6016	5016
560.079	4937
562.5557	4931
565.0318	4960
567.5092	4991
569.984	5034
572.456	5021
574.9294	4992
577.4022	5050
579.8762	5099
582.3456	5099
584.8163	5082
587.2863	5103
589.7557	5107
592.2224	5153
594.6924	5115
597.1578	5107
599.6245	5094
602.0905	4993
604.5538	5136
607.0206	5073
609.4825	5079
611.9459	5169
614.4066	5118
616.8686	5094
619.33	5079
621.7906	5043
624.2487	5011
626.708	5082
629.1647	5018
631.6207	5070
634.0801	5103
636.5348	5073
638.9888	5082
641.4442	5122
643.8969	5080
646.3509	5118
648.8022	5073
651.255	5052
653.705	5152
656.1544	5238
658.6031	5268
661.0532	5270
663.5026	5251
665.9493	5256
668.3954	5218
670.8409	5229
673.2877	5138
675.7318	5233
678.1752	5295
680.618	5150
683.0601	5184
685.5035	5203
687.9444	5289
690.3845	5300
692.824	5321
695.2628	5355
697.701	5360
700.1406	5265
702.5774	5282
705.0116	5442
707.4472	5406
709.8821	5316
712.3183	5371
714.7519	5292
717.1829	5272
719.6151	5458
722.0468	5407
724.4777	5414
726.908	5461
729.3377	5381
731.7667	5480
734.1931	5489
736.6208	5471
739.0498	5574
741.4742	5472
743.9	5561
746.3231	5544
748.7476	5528
751.1713	5610
753.5945	5587
756.015	5557
758.4368	5675
760.856	5635
763.2766	5601
765.6965	5610
768.1157	5569
770.5323	5589
772.9483	5705
775.3656	5581
777.7822	5558
780.1963	5550
782.6116	5638
785.0244	5652
787.4365	5647
789.8499	5675
792.2626	5610
794.6728	5546
797.0823	5707
799.4911	5744
801.8994	5737
804.3109	5723
806.7178	5752
809.124	5604
811.5297	5711
813.9347	5725
816.341	5700
818.7447	5786
821.1478	5792
823.5502	5672
825.952	5748
828.3531	5764
830.7556	5727
833.1554	5745
835.5546	5774
837.9532	5759
840.3511	5817
842.7504	5825
845.1451	5759
847.5411	5764
849.9365	5860
852.3312	5845
854.7272	5847
857.1187	5808
859.5115	5818
861.9037	5830
864.2952	5820
866.6842	5811
869.0764	5811
871.4661	5905
873.8531	5752
876.2415	5937
878.6272	5870
881.0162	5786
883.4026	5808
885.7866	5797
888.1717	5778
890.5543	5847
892.9382	5818
895.3215	5939
897.7041	5744
900.0842	5845
902.4655	5873
904.8443	5791
907.2244	5813
909.6039	5789
911.9808	5889
914.357	5872
916.7346	5905
919.1115	6014
921.4859	6015
923.8616	5968
926.2347	6005
928.6071	6032
930.979	6052
933.3541	5948
935.7247	5948
938.0946	6053
940.4639	6036
942.8326	6109
945.2026	6146
947.5701	6282
949.9369	6341
952.305	6357
954.6705	6505
957.0355	6661
959.4017	6778
961.7654	6883
964.1284	6759
966.4908	6760
968.8527	6638
971.2138	6387
973.5743	6336
975.9343	6197
978.2936	6225
980.6522	6067
983.0122	6073
985.3696	6025
987.7245	5971
990.0807	6007
992.4362	6003
994.7911	5989
997.1474	5977
999.4991	6049
1001.852	6043
1004.205	6042
1006.555	6047
1008.908	6113
1011.258	6056
1013.606	5994
1015.956	5966
1018.302	5970
1020.652	6075
1022.998	6057
1025.345	6106
1027.691	6018
1030.035	6047
1032.378	6049
1034.724	6147
1037.066	6059
1039.409	6184
1041.75	6134
1044.092	6039
1046.433	6199
1048.771	6056
1051.112	6074
1053.449	5978
1055.786	6138
1058.124	6181
1060.462	6184
1062.797	6184
1065.131	6064
1067.467	6228
1069.8	6110
1072.135	6221
1074.467	6250
1076.798	6167
1079.129	6232
1081.459	6193
1083.792	6207
1086.121	6221
1088.449	6211
1090.777	6181
1093.104	6075
1095.431	6129
1097.759	6211
1100.084	6351
1102.408	6124
1104.732	6159
1107.056	6118
1109.379	6119
1111.701	6266
1114.022	6253
1116.343	6188
1118.664	6166
1120.983	6149
1123.303	6182
1125.621	6222
1127.939	6161
1130.256	6253
1132.573	6134
1134.889	6102
1137.205	6176
1139.52	6197
1141.832	6257
1144.146	6140
1146.461	6205
1148.771	6195
1151.083	6119
1153.392	6294
1155.703	6135
1158.011	6264
1160.323	6205
1162.629	6236
1164.938	6095
1167.243	6169
1169.55	6239
1171.857	6268
1174.163	6097
1176.466	6096
1178.769	6224
1181.073	6196
1183.374	6172
1185.677	6176
1187.979	6171
1190.279	6110
1192.578	6201
1194.878	6238
1197.178	6235
1199.476	6049
1201.772	6212
1204.068	6139
1206.366	6099
1208.663	6205
1210.957	6187
1213.251	6135
1215.544	6326
1217.836	6157
1220.128	6294
1222.421	6303
1224.712	6251
1227.002	6221
1229.292	6224
1231.581	6339
1233.871	6309
1236.159	6374
1238.446	6404
1240.732	6387
1243.018	6368
1245.304	6470
1247.59	6448
1249.874	6399
1252.156	6434
1254.439	6422
1256.721	6396
1259.005	6381
1261.286	6260
1263.565	6475
1265.845	6431
1268.125	6380
1270.403	6493
1272.682	6386
1274.959	6405
1277.234	6420
1279.511	6367
1281.787	6366
1284.062	6382
1286.337	6409
1288.609	6505
1290.882	6390
1293.153	6486
1295.428	6347
1297.698	6434
1299.969	6367
1302.237	6364
1304.507	6361
1306.777	6372
1309.044	6280
1311.312	6292
1313.578	6344
1315.844	6307
1318.109	6267
1320.375	6341
1322.638	6275
1324.903	6239
1327.165	6342
1329.427	6302
1331.69	6296
1333.952	6350
1336.212	6329
1338.471	6302
1340.73	6437
1342.988	6351
1345.248	6357
1347.505	6282
1349.763	6381
1352.019	6404
1354.274	6248
1356.53	6338
1358.784	6379
1361.038	6318
1363.291	6349
1365.543	6210
1367.797	6368
1370.048	6377
1372.296	6435
1374.546	6368
1376.796	6384
1379.045	6370
1381.295	6278
1383.542	6494
1385.787	6401
1388.034	6363
1390.28	6464
1392.527	6417
1394.772	6392
1397.014	6322
1399.258	6493
1401.501	6482
1403.741	6488
1405.985	6429
1408.226	6487
1410.465	6508
1412.705	6453
1414.943	6477
1417.184	6490
1419.42	6545
1421.658	6446
1423.894	6444
1426.13	6538
1428.366	6524
1430.602	6504
1432.835	6576
1435.069	6494
1437.301	6582
1439.535	6517
1441.767	6624
1443.997	6513
1446.229	6679
1448.458	6480
1450.687	6656
1452.916	6648
1455.146	6565
1457.372	6648
1459.599	6616
1461.824	6554
1464.051	6562
1466.277	6667
1468.501	6507
1470.725	6475
1472.948	6587
1475.17	6422
1477.393	6555
1479.614	6446
1481.837	6459
1484.057	6514
1486.276	6443
1488.497	6324
1490.715	6421
1492.932	6253
1495.148	6366
1497.364	6368
1499.58	6373
1501.798	6332
1504.012	6357
1506.227	6359
1508.44	6263
1510.653	6282
1512.866	6351
1515.078	6391
1517.289	6273
1519.5	6381
1521.711	6259
1523.92	6251
1526.13	6433
1528.338	6313
1530.544	6304
1532.752	6356
1534.959	6442
1537.165	6392
1539.371	6308
1541.574	6309
1543.779	6312
1545.983	6363
1548.187	6379
1550.39	6486
1552.59	6368
1554.792	6536
1556.991	6465
1559.19	6364
1561.392	6449
1563.59	6446
1565.789	6458
1567.986	6428
1570.182	6420
1572.381	6333
1574.576	6449
1576.771	6580
1578.966	6479
1581.16	6542
1583.354	6463
1585.546	6639
1587.74	6545
1589.931	6550
1592.121	6511
1594.311	6501
1596.502	6565
1598.693	6539
1600.881	6465
1603.069	6565
1605.256	6543
1607.445	6537
1609.631	6492
1611.816	6495
1614.001	6518
1616.186	6468
1618.37	6629
1620.555	6582
1622.737	6588
1624.919	6635
1627.101	6481
1629.282	6660
1631.463	6598
1633.643	6648
1635.822	6614
1638.001	6595
1640.179	6565
1642.359	6670
1644.534	6557
1646.711	6598
1648.887	6636
1651.062	6718
1653.235	6675
1655.412	6693
1657.586	6470
1659.757	6614
1661.93	6529
1664.1	6710
1666.274	6503
1668.445	6684
1670.614	6635
1672.784	6765
1674.951	6615
1677.12	6555
1679.289	6658
1681.457	6740
1683.622	6630
1685.789	6638
1687.953	6588
1690.121	6572
1692.284	6686
1694.447	6554
1696.611	6590
1698.772	6689
1700.935	6515
1703.098	6569
1705.258	6519
1707.417	6568
1709.576	6570
1711.736	6443
1713.896	6453
1716.053	6567
1718.21	6469
1720.366	6486
1722.522	6507
1724.68	6510
1726.835	6601
1728.989	6545
1731.142	6472
1733.295	6479
1735.449	6399
1737.601	6550
1739.753	6437
1741.903	6579
1744.054	6577
1746.203	6468
1748.354	6540
1750.503	6500
1752.651	6542
1754.798	6475
1756.944	6521
1759.092	6554
1761.238	6449
1763.383	6509
1765.528	6650
1767.672	6524
1769.814	6563
1771.959	6517
1774.102	6583
1776.242	6495
1778.384	6455
1780.525	6629
1782.665	6635
1784.805	6574
1786.945	6599
1789.082	6520
1791.22	6534
1793.36	6521
1795.495	6624
1797.632	6499
1799.766	6561
1801.902	6583
1804.035	6454
1806.172	6537
1808.304	6581
1810.436	6527
1812.569	6539
1814.699	6636
1816.833	6469
1818.963	6558
1821.092	6568
1823.222	6576
1825.35	6489
1827.478	6556
1829.608	6469
1831.734	6503
1833.86	6438
1835.986	6601
1838.11	6436
1840.238	6537
1842.362	6446
1844.485	6472
1846.608	6580
1848.73	6448
1850.853	6528
1852.974	6455
1855.097	6515
1857.217	6451
1859.336	6508
1861.455	6423
1863.576	6456
1865.693	6487
1867.811	6541
1869.926	6420
1872.042	6493
1874.16	6518
1876.275	6495
1878.39	6476
1880.504	6538
1882.618	6447
1884.731	6614
1886.843	6542
1888.956	6493
1891.067	6504
1893.178	6469
1895.287	6477
1897.399	6560
1899.508	6567
1901.617	6589
1903.724	6465
1905.832	6552
1907.941	6507
1910.046	6559
1912.152	6612
1914.256	6486
1916.361	6622
1918.464	6562
1920.57	6441
1922.672	6492
1924.775	6585
1926.876	6567
1928.978	6594
1931.08	6559
1933.181	6490
1935.28	6486
1937.38	6413
1939.478	6554
1941.577	6588
1943.675	6584
1945.771	6521
1947.867	6539
1949.964	6565
1952.058	6596
1954.154	6565
1956.248	6536
1958.343	6506
1960.435	6546
1962.527	6616
1964.62	6456
1966.711	6583
1968.802	6588
1970.892	6475
1972.983	6490
1975.072	6613
1977.162	6489
1979.25	6517
1981.337	6383
1983.424	6508
1985.51	6535
1987.598	6492
1989.683	6450
1991.768	6567
1993.852	6493
1995.934	6548
1998.019	6450
2000.102	6402
2002.184	6440
2004.266	6406
2006.347	6495
2008.427	6470
2010.508	6618
2012.587	6464
2014.666	6559
2016.745	6531
2018.821	6460
2020.9	6554
2022.977	6564
2025.052	6378
2027.128	6394
2029.204	6681
2031.277	6429
2033.353	6495
2035.425	6410
2037.499	6535
2039.57	6438
2041.642	6453
2043.714	6549
2045.786	6551
2047.855	6428
2049.925	6369
2051.993	6517
2054.064	6509
2056.132	6504
2058.2	6435
2060.266	6478
2062.332	6414
2064.398	6388
2066.465	6551
2068.529	6469
2070.592	6609
2072.657	6472
2074.719	6511
2076.783	6533
2078.845	6529
2080.907	6503
2082.968	6429
2085.028	6410
2087.087	6503
2089.148	6507
2091.207	6371
2093.264	6397
2095.322	6459
2097.379	6493
2099.439	6399
2101.495	6394
2103.55	6516
2105.605	6449
2107.658	6386
2109.713	6498
2111.767	6377
2113.82	6458
2115.872	6540
2117.924	6361
2119.975	6359
2122.028	6554
2124.078	6418
2126.126	6383
2128.176	6394
2130.225	6513
2132.275	6465
2134.321	6332
2136.368	6469
2138.415	6510
2140.461	6449
2142.505	6400
2144.552	6454
2146.597	6373
2148.64	6422
2150.684	6307
2152.725	6434
2154.77	6410
2156.811	6508
2158.852	6448
2160.894	6334
2162.933	6416
2164.973	6264
2167.013	6367
2169.051	6359
2171.089	6367
2173.126	6375
2175.164	6427
2177.201	6339
2179.236	6336
2181.273	6327
2183.307	6390
2185.341	6289
2187.377	6277
2189.41	6236
2191.442	6420
2193.473	6349
2195.506	6328
2197.539	6282
2199.569	6320
2201.598	6334
2203.628	6176
2205.656	6295
2207.686	6331
2209.716	6263
2211.743	6176
2213.769	6319
2215.796	6280
2217.821	6201
2219.848	6269
2221.873	6178
2223.897	6160
2225.921	6221
2227.944	6280
2229.967	6280
2231.991	6303
2234.011	6275
2236.032	6231
2238.053	6176
2240.073	6363
2242.094	6370
2244.114	6225
2246.131	6157
2248.149	6345
2250.167	6297
2252.186	6205
2254.201	6235
2256.218	6322
2258.233	6245
2260.247	6267
2262.262	6201
2264.278	6138
2266.29	6176
2268.303	6349
2270.315	6222
2272.327	6177
2274.341	6199
2276.35	6125
2278.361	6302
2280.37	6246
2282.38	6319
2284.388	6330
2286.397	6203
2288.405	6192
2290.412	6270
2292.419	6384
2294.425	6198
2296.431	6369
2298.437	6193
2300.441	6279
2302.445	6202
2304.449	6259
2306.453	6295
2308.455	6096
2310.457	6250
2312.459	6286
2314.46	6240
2316.46	6221
2318.461	6173
2320.46	6178
2322.458	6152
2324.458	6060
2326.456	6186
2328.455	6189
2330.451	6211
2332.447	6206
2334.443	6143
2336.438	6253
2338.433	6092
2340.429	6083
2342.422	6217
2344.416	6091
2346.408	6144
2348.399	6082
2350.393	6135
2352.384	6051
2354.375	6085
2356.365	6217
2358.355	6056
2360.344	5988
2362.333	5979
2364.322	6146
2366.309	6107
2368.295	6017
2370.282	6049
2372.27	6168
2374.256	6073
2376.24	5952
2378.225	6026
2380.208	6065
2382.194	6041
2384.177	6019
2386.159	5973
2388.142	6025
2390.122	5973
2392.105	6120
2394.085	6042
2396.066	5877
2398.044	6054
2400.024	6123
2402.002	5925
2403.982	5984
2405.959	6033
2407.935	5974
2409.913	6066
2411.888	5983
2413.865	6030
2415.84	5976
2417.814	5903
2419.788	6000
2421.762	6028
2423.735	5987
2425.708	5986
2427.68	5865
2429.651	5972
2431.623	6092
2433.593	5978
2435.564	5923
2437.533	5935
2439.502	5981
2441.47	5953
2443.438	6014
2445.406	5994
2447.373	5929
2449.34	5989
2451.305	6025
2453.271	5896
2455.235	5981
2457.201	5904
2459.165	5944
2461.129	5913
2463.092	5989
2465.054	5868
2467.018	5948
2468.978	5995
2470.939	5845
2472.899	5883
2474.86	5927
2476.819	5920
2478.778	5829
2480.737	5880
2482.695	5821
2484.653	6005
2486.609	5776
2488.567	5872
2490.524	6019
2492.478	5652
2494.433	5997
2496.387	5899
2498.343	5734
2500.297	5943
2502.249	5920
2504.202	5889
2506.153	5869
2508.105	5786
2510.057	5903
2512.008	5915
2513.957	5911
2515.906	5751
2517.855	5805
2519.805	5891
2521.754	5821
2523.7	5820
2525.647	5828
2527.594	5867
2529.54	5723
2531.486	5843
2533.431	5833
2535.376	5735
2537.32	5760
2539.263	5782
2541.207	5858
2543.151	5776
2545.093	5695
2547.034	5855
2548.975	5856
2550.917	5760
2552.856	5780
2554.796	5852
2556.735	5849
2558.673	5855
2560.611	5889
2562.55	5825
2564.487	5886
2566.424	5739
2568.36	5754
2570.296	5933
2572.232	5692
2574.167	5792
2576.101	5766
2578.035	5780
2579.969	5818
2581.902	5781
2583.834	5783
2585.766	5876
2587.698	5755
2589.628	5938
2591.557	5707
2593.489	5884
2595.419	5719
2597.348	5794
2599.275	5754
2601.204	5855
2603.131	5895
2605.059	5812
2606.986	5782
2608.911	5768
2610.837	5737
2612.76	5726
2614.687	5746
2616.61	5821
2618.534	5737
2620.457	5826
2622.38	5758
2624.302	5770
2626.225	5768
2628.145	5828
2630.067	5779
2631.986	5806
2633.906	5851
2635.827	5818
2637.745	5746
2639.662	5960
2641.581	5856
2643.498	5834
2645.415	5842
2647.331	5837
2649.248	5846
2651.163	5717
2653.077	5768
2654.993	5852
2656.906	5674
2658.821	5869
2660.733	5751
2662.646	5774
2664.557	5768
2666.47	5818
2668.381	5758
2670.291	5722
2672.201	5802
2674.11	5779
2676.021	5796
2677.929	5656
2679.837	5848
2681.745	5737
2683.652	5761
2685.56	5694
2687.466	5671
2689.371	5827
2691.276	5731
2693.181	5753
2695.085	5767
2696.991	5772
2698.893	5667
2700.796	5751
2702.698	5730
2704.601	5685
2706.502	5681
2708.404	5663
2710.304	5658
2712.203	5747
2714.103	5666
2716.003	5771
2717.902	5751
2719.8	5582
2721.697	5620
2723.594	5657
2725.49	5804
2727.389	5646
2729.283	5622
2731.179	5722
2733.073	5728
2734.968	5692
2736.863	5683
2738.757	5598
2740.649	5645
2742.541	5600
2744.433	5636
2746.324	5496
2748.216	5662
2750.107	5662
2751.997	5684
2753.886	5547
2755.776	5695
2757.666	5561
2759.553	5641
2761.44	5678
2763.327	5632
2765.215	5581
2767.102	5681
2768.988	5671
2770.873	5676
2772.757	5582
2774.641	5590
2776.525	5574
2778.41	5647
2780.292	5608
2782.175	5560
2784.057	5491
2785.938	5524
2787.821	5542
2789.701	5621
2791.581	5542
2793.461	5501
2795.34	5603
2797.219	5523
2799.099	5571
2800.975	5539
2802.853	5618
2804.73	5506
2806.606	5508
2808.484	5518
2810.358	5533
2812.233	5558
2814.108	5508
2815.981	5467
2817.857	5460
2819.73	5493
2821.602	5609
2823.474	5537
2825.346	5531
2827.217	5424
2829.089	5449
2830.959	5539
2832.829	5639
2834.698	5473
2836.567	5506
2838.436	5546
2840.305	5495
2842.172	5482
2844.04	5603
2845.905	5517
2847.772	5620
2849.639	5523
2851.503	5517
2853.369	5586
2855.232	5553
2857.096	5588
2858.961	5550
2860.824	5591
2862.686	5592
2864.547	5653
2866.41	5654
2868.272	5612
2870.132	5746
2871.992	5703
2873.851	5790
2875.711	5791
2877.57	5806
2879.429	5777
2881.287	5774
2883.144	5866
2885.001	5899
2886.857	5867
2888.714	5823
2890.57	5909
2892.425	5831
2894.279	5942
2896.133	5846
2897.987	5841
2899.842	5838
2901.694	5751
2903.547	5821
2905.397	5797
2907.249	5766
2909.101	5850
2910.952	5855
2912.802	5862
2914.652	5857
2916.5	5829
2918.35	5960
2920.198	5940
2922.045	6018
2923.893	6081
2925.74	6111
2927.585	6081
2929.433	6169
2931.279	6178
2933.123	6357
2934.968	6218
2936.811	6261
2938.656	6346
2940.5	6401
2942.342	6379
2944.185	6433
2946.026	6372
2947.87	6435
2949.71	6393
2951.549	6362
2953.39	6186
2955.229	6275
2957.069	6320
2958.908	6237
2960.746	6173
2962.584	6153
2964.421	6051
2966.257	6034
2968.094	6013
2969.931	6036
2971.766	6009
2973.601	5951
2975.435	5958
2977.27	5969
2979.105	5935
2980.938	5764
2982.77	5828
2984.602	5934
2986.434	5837
2988.267	5767
2990.097	5699
2991.927	5766
2993.757	5686
2995.587	5595
2997.417	5669
2999.246	5718
3001.074	5602
3002.902	5520
3004.729	5534
3006.556	5464
3008.384	5425
3010.21	5512
3012.036	5343
3013.861	5287
3015.684	5378
3017.51	5338
3019.334	5296
3021.157	5402
3022.981	5215
3024.802	5271
3026.624	5266
3028.448	5207
3030.267	5210
3032.088	5205
3033.909	5191
3035.728	5189
3037.549	5124
3039.368	5043
3041.186	5216
3043.004	5123
3044.821	5213
3046.64	5165
3048.455	5193
3050.272	5078
3052.087	5144
3053.903	5136
3055.717	5119
3057.534	5155
3059.347	5063
3061.16	5106
3062.974	5059
3064.785	5129
3066.598	5046
3068.411	5177
3070.222	5039
3072.032	5079
3073.844	5035
3075.653	5108
3077.463	5189
3079.272	5009
3081.08	5018
3082.889	5102
3084.697	5005
3086.505	5026
3088.312	4938
3090.118	5097
3091.924	5026
3093.729	4910
3095.535	5017
3097.34	4992
3099.144	5101
3100.947	5050
3102.75	4884
3104.553	4883
3106.357	4973
3108.159	4990
3109.961	4982
3111.762	4943
3113.562	4869
3115.365	4893
3117.164	4852
3118.964	4893
3120.761	4915
3122.56	4894
3124.36	4931
3126.158	4840
3127.954	4796
3129.75	4755
3131.547	4913
3133.343	4764
3135.139	4907
3136.934	4931
3138.729	4872
3140.522	4806
3142.317	4871
3144.11	4948
3145.904	4827
3147.695	4864
3149.488	4834
3151.28	4788
3153.07	5008
3154.863	4802
3156.652	4844
3158.441	4877
3160.231	4810
3162.019	4788
3163.81	4815
3165.597	4782
3167.384	4803
3169.172	4796
3170.958	4691
3172.745	4698
3174.532	4882
3176.317	4719
3178.101	4877
3179.885	4784
3181.67	4728
3183.455	4808
3185.238	4678
3187.02	4658
3188.802	4715
3190.585	4706
3192.368	4727
3194.149	4743
3195.929	4772
3197.709	4740
3199.489	4731
3201.268	4755
3203.048	4692
3204.826	4708
3206.604	4720
3208.382	4708
3210.159	4721
3211.937	4787
3213.713	4803
3215.489	4642
3217.263	4740
3219.038	4685
3220.815	4709
3222.589	4725
3224.363	4724
3226.136	4787
3227.908	4744
3229.681	4805
3231.454	4711
3233.226	4705
3234.996	4672
3236.767	4753
3238.538	4699
3240.308	4581
3242.078	4698
3243.847	4782
3245.615	4683
3247.384	4642
3249.15	4719
3250.92	4791
3252.686	4643
3254.453	4667
3256.218	4619
3257.984	4707
3259.75	4635
3261.515	4660
3263.279	4724
3265.044	4666
3266.806	4705
3268.57	4706
3270.334	4728
3272.095	4626
3273.856	4724
3275.619	4615
3277.379	4726
3279.14	4764
3280.9	4639
3282.661	4657
3284.419	4726
3286.178	4707
3287.937	4809
3289.695	4573
3291.453	4618
3293.21	4634
3294.967	4680
3296.723	4696
3298.48	4649
3300.235	4663
3301.99	4667
3303.744	4653
3305.498	4661
3307.253	4666
3309.006	4571
3310.759	4611
3312.511	4704
3314.263	4620
3316.017	4614
3317.768	4680
3319.519	4699
3321.268	4621
3323.018	4618
3324.767	4705
3326.518	4680
3328.267	4730
3330.014	4685
3331.762	4574
3333.509	4603
3335.258	4563
3337.003	4526
3338.75	4642
3340.496	4568
3342.24	4554
3343.987	4608
3345.732	4655
3347.475	4573
3349.219	4537
3350.961	4636
3352.705	4588
3354.448	4576
3356.19	4518
3357.931	4571
3359.672	4545
3361.412	4541
3363.155	4526
3364.894	4563
3366.633	4684
3368.372	4507
3370.11	4569
3371.849	4481
3373.588	4613
3375.325	4524
3377.061	4559
3378.799	4485
3380.534	4554
3382.271	4489
3384.006	4446
3385.741	4492
3387.475	4555
3389.209	4545
3390.944	4547
3392.677	4578
3394.409	4495
3396.143	4560
3397.874	4483
3399.606	4496
3401.338	4472
3403.069	4442
3404.799	4495
3406.528	4463
3408.258	4380
3409.988	4454
3411.717	4428
3413.445	4414
3415.173	4464
3416.899	4421
3418.626	4502
3420.354	4438
3422.08	4416
3423.806	4373
3425.531	4439
3427.255	4472
3428.981	4347
3430.705	4349
3432.429	4396
3434.151	4409
3435.875	4479
3437.599	4359
3439.321	4354
3441.042	4411
3442.763	4362
3444.483	4346
3446.204	4390
3447.926	4416
3449.645	4332
3451.364	4419
3453.082	4263
3454.801	4335
3456.52	4299
3458.238	4357
3459.954	4287
3461.671	4348
3463.387	4382
3465.104	4251
3466.82	4290
3468.534	4259
3470.25	4221
3471.963	4239
3473.676	4204
3475.392	4321
3477.104	4161
3478.817	4281
3480.528	4206
3482.241	4215
3483.954	4271
3485.664	4228
3487.374	4228
3489.084	4284
3490.795	4277
3492.504	4302
3494.214	4145
3495.922	4129
3497.63	4285
3499.338	4173
3501.045	4178
3502.753	4271
3504.459	4185
3506.166	4124
3507.871	4170
3509.576	4209
3511.283	4133
3512.987	4167
3514.691	4167
3516.395	4196
3518.098	4201
3519.8	4200
3521.504	4110
3523.206	4093
3524.908	4100
3526.609	4146
3528.309	4044
3530.011	4148
3531.711	4133
3533.411	4109
3535.109	4040
3536.808	4107
3538.507	4102
3540.206	4054
3541.904	4081
3543.601	4096
3545.297	4147
3546.994	4109
3548.69	4009
3550.387	4022
3552.081	4075
3553.776	4089
3555.47	4054
3557.166	4089
3558.859	3958
3560.553	4046
3562.245	4098
3563.938	4035
3565.629	4086
3567.322	4048
3569.014	3948
3570.704	4062
3572.394	3981
3574.084	4027
3575.775	3975
3577.464	3971
3579.152	3957
3580.842	3946
3582.529	4108
3584.216	3957
3585.905	3990
3587.591	4057
3589.279	3979
3590.964	3895
3592.649	3950
3594.336	3898
3596.021	3880
3597.705	3826
3599.388	3885
3601.072	3871
3602.757	3904
3604.439	3930
3606.122	3904
3607.803	3855
3609.485	3862
3611.167	3831
3612.849	3911
3614.529	3854
3616.208	3871
3617.888	3785
3619.567	3777
3621.247	3888
3622.926	3829
3624.603	3768
3626.281	3882
3627.958	3848
3629.635	3855
3631.312	3857
3632.989	3767
3634.665	3759
3636.339	3832
3638.014	3790
3639.691	3793
3641.364	3775
3643.038	3847
3644.71	3730
3646.384	3751
3648.058	3795
3649.729	3746
3651.402	3683
3653.073	3712
3654.744	3828
3656.414	3765
3658.085	3756
3659.755	3746
3661.424	3750
3663.094	3771
3664.762	3726
3666.431	3769
3668.099	3650
3669.766	3666
3671.433	3695
3673.099	3725
3674.768	3692
3676.433	3656
3678.098	3619
3679.763	3699
3681.428	3651
3683.093	3691
3684.757	3686
3686.421	3691
3688.083	3762
3689.746	3622
3691.408	3751
3693.071	3638
3694.733	3682
3696.394	3657
3698.054	3680
3699.715	3641
3701.375	3679
3703.036	3599
3704.695	3650
3706.354	3664
3708.012	3701
3709.67	3611
3711.329	3636
3712.987	3642
3714.644	3638
3716.299	3632
3717.955	3684
3719.613	3476
3721.268	3599
3722.923	3662
3724.577	3604
3726.231	3623
3727.885	3590
3729.539	3691
3731.192	3617
3732.845	3581
3734.497	3519
3736.149	3554
3737.802	3620
3739.453	3628
3741.104	3611
3742.753	3536
3744.404	3538
3746.052	3490
3747.704	3617
3749.352	3542
3751	3623
3752.648	3489
3754.296	3561
3755.944	3557
3757.59	3637
3759.238	3638
3760.883	3493
3762.528	3582
3764.176	3503
3765.82	3504
3767.464	3528
3769.109	3547
3770.753	3520
3772.396	3445
3774.04	3549
3775.683	3546
3777.325	3557
3778.967	3480
3780.608	3584
3782.25	3483
3783.89	3451
3785.531	3607
3787.17	3489
3788.81	3426
3790.45	3434
3792.09	3500
3793.729	3497
3795.366	3396
3797.003	3546
3798.64	3537
3800.278	3479
3801.915	3393
3803.551	3469
3805.187	3435
3806.822	3447
3808.458	3489
3810.093	3359
3811.726	3450
3813.36	3465
3814.994	3395
3816.627	3448
3818.262	3446
3819.893	3408
3821.525	3423
3823.157	3454
3824.787	3389
3826.42	3393
3828.051	3382
3829.68	3463
3831.31	3422
3832.938	3400
3834.569	3345
3836.198	3365
3837.825	3391
3839.454	3321
3841.08	3330
3842.708	3318
3844.335	3360
3845.962	3401
3847.587	3349
3849.212	3321
3850.838	3402
3852.463	3371
3854.089	3339
3855.712	3360
3857.335	3333
3858.959	3447
3860.582	3298
3862.205	3399
3863.827	3366
3865.449	3392
3867.07	3326
3868.691	3354
3870.312	3271
3871.933	3341
3873.553	3363
3875.173	3321
3876.792	3255
3878.411	3377
3880.03	3307
3881.647	3357
3883.265	3224
3884.882	3310
3886.499	3354
3888.116	3373
3889.732	3284
3891.348	3381
3892.964	3230
3894.579	3341
3896.195	3283
3897.809	3239
3899.423	3330
3901.036	3325
3902.648	3185
3904.261	3232
3905.875	3274
3907.487	3208
3909.099	3256
3910.709	3257
3912.321	3238
3913.933	3231
3915.542	3261
3917.152	3274
3918.762	3328
3920.37	3234
3921.98	3234
3923.589	3240
3925.196	3250
3926.804	3238
3928.41	3202
3930.018	3193
3931.626	3220
3933.231	3258
3934.838	3132
3936.442	3162
3938.046	3271
3939.653	3144
3941.257	3188
3942.861	3223
3944.464	3214
3946.068	3245
3947.67	3194
3949.273	3187
3950.876	3221
3952.477	3252
3954.078	3275
3955.678	3224
3957.281	3243
3958.881	3122
3960.48	3083
3962.079	3141
3963.678	3169
3965.279	3230
3966.877	3186
3968.475	3142
3970.072	3113
3971.669	3134
3973.266	3152
3974.864	3151
3976.459	3115
3978.055	3155
3979.65	3211
3981.245	3112
3982.841	3073
3984.436	3072
3986.03	3098
3987.623	3141
3989.216	3111
3990.809	3164
3992.403	3007
3993.995	3106
3995.586	3126
3997.177	3106
3998.768	3115
4000.361	3036
4001.951	3086
4003.54	2988
4005.13	3091
4006.719	3072
4008.31	3070
4009.897	3032
4011.485	3033
4013.073	2981
4014.66	3037
4016.247	3084
4017.834	3100
4019.421	2983
4021.006	3059
4022.592	3058
4024.178	3018
4025.763	2928
4027.348	3035
4028.932	2987
4030.515	2977
4032.099	3040
4033.682	3013
4035.266	2975
4036.847	3063
4038.429	3062
4040.011	3006
4041.592	2993
4043.173	2994
4044.755	2920
4046.334	2986
4047.913	3019
4049.494	2951
4051.074	2981
4052.652	2906
4054.23	2901
4055.807	3007
4057.385	3027
4058.963	2933
4060.541	2920
4062.117	2920
4063.693	2947
4065.269	2923
4066.844	2927
4068.42	2888
4069.995	3013
4071.569	2923
4073.143	2958
4074.716	2840
4076.291	2907
4077.864	2939
4079.436	2909
4081.009	2914
4082.58	2933
4084.152	2935
4085.723	2988
4087.294	2901
4088.865	2855
4090.435	2909
4092.005	2929
4093.574	2880
4095.143	2940
4096.712	2959
4098.279	2865
4099.848	2867
4101.416	2902
4102.984	2858
4104.55	2906
4106.117	2924
4107.682	2877
4109.248	2873
4110.815	2876
4112.379	2779
4113.945	2812
4115.508	2861
4117.073	2798
4118.637	2846
4120.201	2830
4121.763	2790
4123.325	2910
4124.888	2878
4126.449	2762
4128.013	2783
4129.573	2870
4131.133	2827
4132.694	2780
4134.254	2832
4135.814	2803
4137.374	2823
4138.933	2801
4140.491	2851
4142.049	2823
4143.607	2758
4145.167	2816
4146.724	2784
4148.28	2780
4149.836	2791
4151.392	2823
4152.949	2749
4154.504	2807
4156.059	2834
4157.614	2744
4159.168	2813
4160.723	2782
4162.277	2769
4163.83	2697
4165.383	2715
4166.936	2802
4168.488	2709
4170.041	2709
4171.593	2711
4173.144	2737
4174.695	2740
4176.246	2725
4177.796	2707
4179.346	2699
4180.896	2678
4182.445	2726
4183.994	2694
4185.542	2765
4187.091	2665
4188.639	2742
4190.185	2777
4191.732	2640
4193.279	2645
4194.826	2729
4196.373	2741
4197.918	2660
4199.463	2662
4201.008	2633
4202.553	2699
4204.098	2725
4205.641	2718
4207.185	2652
4208.728	2698
4210.271	2696
4211.814	2669
4213.357	2650
4214.898	2608
4216.439	2661
4217.98	2667
4219.522	2636
4221.062	2654
4222.603	2708
4224.142	2573
4225.681	2619
4227.222	2615
4228.76	2634
4230.298	2636
4231.835	2654
4233.373	2660
4234.911	2654
4236.449	2629
4237.985	2612
4239.521	2583
4241.057	2636
4242.592	2633
4244.128	2582
4245.663	2550
4247.197	2687
4248.731	2571
4250.265	2585
4251.798	2599
4253.333	2576
4254.865	2626
4256.397	2560
4257.93	2690
4259.461	2549
4260.994	2603
4262.525	2618
4264.056	2542
4265.586	2576
4267.115	2506
4268.646	2595
4270.176	2571
4271.705	2540
4273.232	2522
4274.761	2535
4276.289	2557
4277.818	2618
4279.345	2601
4280.872	2558
4282.399	2554
4283.924	2490
4285.452	2564
4286.976	2584
4288.502	2527
4290.026	2586
4291.551	2442
4293.074	2542
4294.6	2520
4296.123	2538
4297.646	2574
4299.168	2516
4300.691	2490
4302.214	2502
4303.736	2517
4305.257	2468
4306.778	2561
4308.299	2543
4309.82	2528
4311.34	2521
4312.86	2478
4314.379	2514
