400.0745	4914
402.597	4912
405.1208	4883
407.6419	4993
410.1623	4951
412.6819	5031
415.201	5015
417.7172	5006
420.2369	5157
422.7538	5172
425.2701	5156
427.7856	5285
430.3005	5230
432.8147	5314
435.3282	5183
437.841	5209
440.3511	5256
442.8625	5241
445.3753	5210
447.8854	5273
450.3927	5253
452.9014	5294
455.4073	5267
457.9146	5345
460.4233	5321
462.9272	5249
465.4325	5315
467.935	5354
470.4389	5327
472.9421	5240
475.4446	5328
477.9444	5307
480.4456	5307
482.944	5323
485.4417	5328
487.9429	5466
490.4393	5362
492.935	5470
495.4321	5415
497.9264	5462
500.4221	5417
502.9171	5474
505.4094	5488
507.9011	5436
510.392	5395
512.8864	5655
515.3759	5498
517.8649	5432
520.3531	5534
522.8406	5540
525.3275	5474
527.8178	5589
530.3033	5496
532.7881	5543
535.2723	5528
537.7558	5681
540.2407	5599
542.7228	5478
545.2043	5562
547.6851	5549
550.1652	5473
552.6467	5501
555.1255	5618
557.6016	5549
560.079	5599
562.5557	5672
565.0318	5564
567.5092	5611
569.984	5643
572.456	5642
574.9294	5685
577.4022	5710
579.8762	5698
582.3456	5730
584.8163	5725
587.2863	5669
589.7557	5812
592.2224	5667
594.6924	5775
597.1578	5767
599.6245	5724
602.0905	5727
604.5538	5683
607.0206	5727
609.4825	5770
611.9459	5675
614.4066	5673
616.8686	5721
619.33	5703
621.7906	5745
624.2487	5784
626.708	5815
629.1647	5679
631.6207	5618
634.0801	5749
636.5348	5733
638.9888	5674
641.4442	5777
643.8969	5727
646.3509	5699
648.8022	5753
651.255	5731
653.705	5746
656.1544	5851
658.6031	5756
661.0532	5846
663.5026	5890
665.9493	5847
668.3954	5905
670.8409	5808
673.2877	5945
675.7318	5821
678.1752	5918
680.618	5988
683.0601	5865
685.5035	5882
687.9444	5870
690.3845	6000
692.824	5869
695.2628	5927
697.701	5918
700.1406	6000
702.5774	5989
705.0116	6020
707.4472	6003
709.8821	6053
712.3183	5994
714.7519	6087
717.1829	6138
719.6151	6058
722.0468	6034
724.4777	6195
726.908	6113
729.3377	6036
731.7667	6189
734.1931	6116
736.6208	6124
739.0498	6182
741.4742	6165
743.9	6284
746.3231	6214
748.7476	6247
751.1713	6349
753.5945	6369
756.015	6296
758.4368	6356
760.856	6262
763.2766	6229
765.6965	6285
768.1157	6309
770.5323	6422
772.9483	6314
775.3656	6368
777.7822	6387
780.1963	6372
782.6116	6481
785.0244	6331
787.4365	6411
789.8499	6379
792.2626	6317
794.6728	6294
797.0823	6536
799.4911	6396
801.8994	6402
804.3109	6436
806.7178	6555
809.124	6287
811.5297	6388
813.9347	6551
816.341	6441
818.7447	6435
821.1478	6534
823.5502	6513
825.952	6531
828.3531	6490
830.7556	6570
833.1554	6424
835.5546	6380
837.9532	6555
840.3511	6599
842.7504	6393
845.1451	6573
847.5411	6523
849.9365	6639
852.3312	6745
854.7272	6600
857.1187	6725
859.5115	6675
861.9037	6570
864.2952	6560
866.6842	6582
869.0764	6609
871.4661	6542
873.8531	6541
876.2415	6617
878.6272	6555
881.0162	6584
883.4026	6494
885.7866	6549
888.1717	6583
890.5543	6463
892.9382	6488
895.3215	6550
897.7041	6639
900.0842	6637
902.4655	6507
904.8443	6517
907.2244	6588
909.6039	6623
911.9808	6652
914.357	6759
916.7346	6838
919.1115	6819
921.4859	6892
923.8616	6878
926.2347	6767
928.6071	6816
930.979	6846
933.3541	6908
935.7247	6910
938.0946	6893
940.4639	6994
942.8326	7092
945.2026	7054
947.5701	7179
949.9369	7373
952.305	7455
954.6705	7648
957.0355	7924
959.4017	8073
961.7654	8243
964.1284	8199
966.4908	8128
968.8527	7788
971.2138	7507
973.5743	7276
975.9343	7189
978.2936	6949
980.6522	6981
983.0122	6956
985.3696	6782
987.7245	6872
990.0807	6701
992.4362	6817
994.7911	6688
997.1474	6732
999.4991	6709
1001.852	6801
1004.205	6900
1006.555	6860
1008.908	6743
1011.258	6704
1013.606	6832
1015.956	6799
1018.302	6862
1020.652	6808
1022.998	6897
1025.345	6853
1027.691	6911
1030.035	6888
1032.378	6931
1034.724	7047
1037.066	6814
1039.409	6818
1041.75	6855
1044.092	6756
1046.433	6954
1048.771	6947
1051.112	6880
1053.449	6931
1055.786	6989
1058.124	6866
1060.462	6977
1062.797	6935
1065.131	7050
1067.467	6926
1069.8	7069
1072.135	7035
1074.467	7048
1076.798	7216
1079.129	7046
1081.459	6964
1083.792	6929
1086.121	7006
1088.449	6942
1090.777	7013
1093.104	6941
1095.431	6929
1097.759	6965
1100.084	6888
1102.408	6925
1104.732	6967
1107.056	6913
1109.379	6893
1111.701	6975
1114.022	7025
1116.343	7020
1118.664	7010
1120.983	6953
1123.303	6897
1125.621	6908
1127.939	6933
1130.256	6947
1132.573	6998
1134.889	6916
1137.205	6988
1139.52	7007
1141.832	7072
1144.146	6859
1146.461	7078
1148.771	6904
1151.083	6978
1153.392	6871
1155.703	6985
1158.011	6951
1160.323	6945
1162.629	6995
1164.938	7032
1167.243	7059
1169.55	7073
1171.857	7050
1174.163	6855
1176.466	6876
1178.769	7106
1181.073	7060
1183.374	7048
1185.677	6975
1187.979	7037
1190.279	6959
1192.578	6998
1194.878	6988
1197.178	6963
1199.476	7128
1201.772	7009
1204.068	7021
1206.366	7038
1208.663	7182
1210.957	7087
1213.251	7011
1215.544	7038
1217.836	7036
1220.128	7109
1222.421	6996
1224.712	7042
1227.002	7136
1229.292	7060
1231.581	7170
1233.871	7145
1236.159	7135
1238.446	7122
1240.732	7301
1243.018	7246
1245.304	7202
1247.59	7289
1249.874	7300
1252.156	7259
1254.439	7165
1256.721	7221
1259.005	7140
1261.286	7237
1263.565	7239
1265.845	7164
1268.125	7257
1270.403	7232
1272.682	7287
1274.959	7225
1277.234	7203
1279.511	7243
1281.787	7171
1284.062	7198
1286.337	7264
1288.609	7272
1290.882	7159
1293.153	7158
1295.428	7110
1297.698	7069
1299.969	7153
1302.237	7195
1304.507	7044
1306.777	7122
1309.044	7103
1311.312	7007
1313.578	7236
1315.844	7156
1318.109	7193
1320.375	7191
1322.638	7120
1324.903	7029
1327.165	7197
1329.427	7077
1331.69	7080
1333.952	7096
1336.212	7160
1338.471	7264
1340.73	7082
1342.988	7144
1345.248	7236
1347.505	7249
1349.763	7109
1352.019	7159
1354.274	7084
1356.53	7204
1358.784	7116
1361.038	7137
1363.291	7041
1365.543	7157
1367.797	7074
1370.048	7153
1372.296	7115
1374.546	7201
1376.796	7287
1379.045	7240
1381.295	7132
1383.542	7251
1385.787	7104
1388.034	7342
1390.28	7227
1392.527	7228
1394.772	7214
1397.014	7259
1399.258	7236
1401.501	7297
1403.741	7369
1405.985	7343
1408.226	7339
1410.465	7350
1412.705	7268
1414.943	7391
1417.184	7248
1419.42	7259
1421.658	7309
1423.894	7354
1426.13	7343
1428.366	7369
1430.602	7237
1432.835	7370
1435.069	7392
1437.301	7347
1439.535	7471
1441.767	7348
1443.997	7479
1446.229	7498
1448.458	7417
1450.687	7452
1452.916	7425
1455.146	7378
1457.372	7426
1459.599	7528
1461.824	7436
1464.051	7507
1466.277	7504
1468.501	7355
1470.725	7266
1472.948	7330
1475.17	7270
1477.393	7307
1479.614	7252
1481.837	7241
1484.057	7332
1486.276	7193
1488.497	7105
1490.715	7179
1492.932	7119
1495.148	7156
1497.364	7050
1499.58	7129
1501.798	7115
1504.012	6985
1506.227	7032
1508.44	7076
1510.653	7022
1512.866	7140
1515.078	7067
1517.289	7127
1519.5	7138
1521.711	7042
1523.92	7129
1526.13	7068
1528.338	7210
1530.544	7121
1532.752	7150
1534.959	7107
1537.165	7120
1539.371	7172
1541.574	7186
1543.779	7122
1545.983	7200
1548.187	7064
1550.39	7220
1552.59	7219
1554.792	7200
1556.991	7192
1559.19	7214
1561.392	7220
1563.59	7273
1565.789	7262
1567.986	7282
1570.182	7326
1572.381	7289
1574.576	7209
1576.771	7186
1578.966	7212
1581.16	7401
1583.354	7267
1585.546	7426
1587.74	7221
1589.931	7448
1592.121	7335
1594.311	7255
1596.502	7310
1598.693	7275
1600.881	7287
1603.069	7402
1605.256	7273
1607.445	7384
1609.631	7282
1611.816	7336
1614.001	7464
1616.186	7300
1618.37	7215
1620.555	7437
1622.737	7325
1624.919	7409
1627.101	7478
1629.282	7329
1631.463	7504
1633.643	7520
1635.822	7349
1638.001	7455
1640.179	7312
1642.359	7545
1644.534	7490
1646.711	7374
1648.887	7415
1651.062	7513
1653.235	7388
1655.412	7409
1657.586	7381
1659.757	7444
1661.93	7367
1664.1	7654
1666.274	7500
1668.445	7534
1670.614	7482
1672.784	7500
1674.951	7395
1677.12	7454
1679.289	7439
1681.457	7462
1683.622	7363
1685.789	7448
1687.953	7525
1690.121	7442
1692.284	7545
1694.447	7429
1696.611	7363
1698.772	7412
1700.935	7325
1703.098	7340
1705.258	7340
1707.417	7330
1709.576	7256
1711.736	7305
1713.896	7308
1716.053	7220
1718.21	7338
1720.366	7363
1722.522	7291
1724.68	7287
1726.835	7208
1728.989	7254
1731.142	7262
1733.295	7306
1735.449	7334
1737.601	7364
1739.753	7269
1741.903	7355
1744.054	7338
1746.203	7276
1748.354	7266
1750.503	7193
1752.651	7341
1754.798	7301
1756.944	7363
1759.092	7327
1761.238	7385
1763.383	7336
1765.528	7346
1767.672	7325
1769.814	7281
1771.959	7386
1774.102	7381
1776.242	7237
1778.384	7409
1780.525	7399
1782.665	7264
1784.805	7309
1786.945	7355
1789.082	7360
1791.22	7407
1793.36	7426
1795.495	7362
1797.632	7293
1799.766	7404
1801.902	7476
1804.035	7385
1806.172	7446
1808.304	7349
1810.436	7319
1812.569	7396
1814.699	7406
1816.833	7291
1818.963	7318
1821.092	7316
1823.222	7211
1825.35	7320
1827.478	7254
1829.608	7267
1831.734	7368
1833.86	7232
1835.986	7280
1838.11	7282
1840.238	7295
1842.362	7333
1844.485	7226
1846.608	7381
1848.73	7195
1850.853	7333
1852.974	7192
1855.097	7249
1857.217	7297
1859.336	7224
1861.455	7203
1863.576	7338
1865.693	7250
1867.811	7303
1869.926	7346
1872.042	7281
1874.16	7243
1876.275	7164
1878.39	7226
1880.504	7304
1882.618	7397
1884.731	7234
1886.843	7228
1888.956	7313
1891.067	7233
1893.178	7287
1895.287	7289
1897.399	7364
1899.508	7216
1901.617	7344
1903.724	7380
1905.832	7289
1907.941	7398
1910.046	7341
1912.152	7183
1914.256	7162
1916.361	7283
1918.464	7266
1920.57	7316
1922.672	7383
1924.775	7407
1926.876	7393
1928.978	7388
1931.08	7353
1933.181	7438
1935.28	7339
1937.38	7329
1939.478	7365
1941.577	7342
1943.675	7438
1945.771	7431
1947.867	7347
1949.964	7365
1952.058	7399
1954.154	7398
1956.248	7385
1958.343	7361
1960.435	7468
1962.527	7415
1964.62	7405
1966.711	7310
1968.802	7374
1970.892	7189
1972.983	7392
1975.072	7368
1977.162	7336
1979.25	7207
1981.337	7262
1983.424	7354
1985.51	7249
1987.598	7391
1989.683	7287
1991.768	7283
1993.852	7300
1995.934	7223
1998.019	7308
2000.102	7255
2002.184	7214
2004.266	7348
2006.347	7260
2008.427	7263
2010.508	7282
2012.587	7234
2014.666	7325
2016.745	7329
2018.821	7390
2020.9	7327
2022.977	7286
2025.052	7192
2027.128	7378
2029.204	7180
2031.277	7256
2033.353	7373
2035.425	7120
2037.499	7304
2039.57	7278
2041.642	7276
2043.714	7390
2045.786	7215
2047.855	7280
2049.925	7332
2051.993	7323
2054.064	7200
2056.132	7264
2058.2	7337
2060.266	7364
2062.332	7288
2064.398	7333
2066.465	7399
2068.529	7217
2070.592	7339
2072.657	7167
2074.719	7326
2076.783	7291
2078.845	7332
2080.907	7242
2082.968	7398
2085.028	7335
2087.087	7267
2089.148	7317
2091.207	7278
2093.264	7256
2095.322	7386
2097.379	7285
2099.439	7221
2101.495	7281
2103.55	7166
2105.605	7313
2107.658	7240
2109.713	7360
2111.767	7226
2113.82	7318
2115.872	7447
2117.924	7218
2119.975	7307
2122.028	7252
2124.078	7338
2126.126	7323
2128.176	7199
2130.225	7295
2132.275	7289
2134.321	7241
2136.368	7205
2138.415	7194
2140.461	7272
2142.505	7266
2144.552	7130
2146.597	7344
2148.64	7293
2150.684	7278
2152.725	7248
2154.77	7104
2156.811	7192
2158.852	7080
2160.894	7222
2162.933	7154
2164.973	7266
2167.013	7195
2169.051	7087
2171.089	7158
2173.126	7117
2175.164	7157
2177.201	7205
2179.236	7087
2181.273	7216
2183.307	7114
2185.341	7144
2187.377	7035
2189.41	7175
2191.442	7062
2193.473	7165
2195.506	7078
2197.539	7137
2199.569	7093
2201.598	7210
2203.628	7052
2205.656	7058
2207.686	7096
2209.716	7069
2211.743	7061
2213.769	6965
2215.796	7040
2217.821	6927
2219.848	6940
2221.873	6995
2223.897	7046
2225.921	6969
2227.944	7009
2229.967	7037
2231.991	6929
2234.011	7119
2236.032	6990
2238.053	7020
2240.073	7158
2242.094	6989
2244.114	7110
2246.131	7082
2248.149	7073
2250.167	7034
2252.186	6914
2254.201	7060
2256.218	7037
2258.233	7141
2260.247	7028
2262.262	7052
2264.278	7113
2266.29	7013
2268.303	7033
2270.315	6982
2272.327	6964
2274.341	6994
2276.35	6990
2278.361	7021
2280.37	7018
2282.38	7037
2284.388	6982
2286.397	7046
2288.405	7158
2290.412	6976
2292.419	7156
2294.425	6942
2296.431	6902
2298.437	7044
2300.441	7009
2302.445	6951
2304.449	6941
2306.453	7089
2308.455	6839
2310.457	6953
2312.459	6963
2314.46	6947
2316.46	6884
2318.461	6929
2320.46	7004
2322.458	6869
2324.458	6871
2326.456	6896
2328.455	6971
2330.451	6924
2332.447	6885
2334.443	6887
2336.438	6944
2338.433	6983
2340.429	6836
2342.422	6925
2344.416	6885
2346.408	6907
2348.399	6893
2350.393	6954
2352.384	6984
2354.375	6911
2356.365	6943
2358.355	6865
2360.344	6830
2362.333	6943
2364.322	6849
2366.309	6905
2368.295	6879
2370.282	6900
2372.27	6892
2374.256	6836
2376.24	6865
2378.225	6813
2380.208	6775
2382.194	6810
2384.177	6836
2386.159	6726
2388.142	6835
2390.122	6777
2392.105	6786
2394.085	6821
2396.066	6828
2398.044	6823
2400.024	6825
2402.002	6716
2403.982	6715
2405.959	6671
2407.935	6802
2409.913	6625
2411.888	6747
2413.865	6784
2415.84	6848
2417.814	6754
2419.788	6765
2421.762	6704
2423.735	6805
2425.708	6828
2427.68	6803
2429.651	6776
2431.623	6747
2433.593	6740
2435.564	6713
2437.533	6725
2439.502	6801
2441.47	6710
2443.438	6698
2445.406	6715
2447.373	6654
2449.34	6848
2451.305	6730
2453.271	6644
2455.235	6614
2457.201	6760
2459.165	6658
2461.129	6556
2463.092	6702
2465.054	6751
2467.018	6654
2468.978	6817
2470.939	6655
2472.899	6691
2474.86	6711
2476.819	6692
2478.778	6622
2480.737	6663
2482.695	6541
2484.653	6569
2486.609	6678
2488.567	6657
2490.524	6561
2492.478	6671
2494.433	6603
2496.387	6678
2498.343	6783
2500.297	6645
2502.249	6465
2504.202	6522
2506.153	6622
2508.105	6665
2510.057	6563
2512.008	6681
2513.957	6604
2515.906	6433
2517.855	6582
2519.805	6618
2521.754	6485
2523.7	6602
2525.647	6580
2527.594	6522
2529.54	6665
2531.486	6534
2533.431	6635
2535.376	6530
2537.32	6659
2539.263	6492
2541.207	6504
2543.151	6578
2545.093	6650
2547.034	6616
2548.975	6627
2550.917	6533
2552.856	6713
2554.796	6662
2556.735	6741
2558.673	6581
2560.611	6581
2562.55	6502
2564.487	6606
2566.424	6552
2568.36	6554
2570.296	6533
2572.232	6554
2574.167	6601
2576.101	6556
2578.035	6557
2579.969	6441
2581.902	6550
2583.834	6521
2585.766	6609
2587.698	6512
2589.628	6554
2591.557	6655
2593.489	6483
2595.419	6521
2597.348	6489
2599.275	6698
2601.204	6618
2603.131	6615
2605.059	6500
2606.986	6572
2608.911	6400
2610.837	6521
2612.76	6640
2614.687	6617
2616.61	6564
2618.534	6737
2620.457	6471
2622.38	6608
2624.302	6601
2626.225	6582
2628.145	6595
2630.067	6530
2631.986	6501
2633.906	6680
2635.827	6518
2637.745	6506
2639.662	6516
2641.581	6535
2643.498	6540
2645.415	6555
2647.331	6499
2649.248	6495
2651.163	6495
2653.077	6645
2654.993	6565
2656.906	6523
2658.821	6615
2660.733	6643
2662.646	6467
2664.557	6529
2666.47	6611
2668.381	6440
2670.291	6413
2672.201	6499
2674.11	6563
2676.021	6555
2677.929	6444
2679.837	6502
2681.745	6544
2683.652	6540
2685.56	6286
2687.466	6590
2689.371	6478
2691.276	6523
2693.181	6461
2695.085	6402
2696.991	6430
2698.893	6490
2700.796	6472
2702.698	6408
2704.601	6427
2706.502	6538
2708.404	6372
2710.304	6513
2712.203	6431
2714.103	6382
2716.003	6490
2717.902	6479
2719.8	6385
2721.697	6423
2723.594	6405
2725.49	6345
2727.389	6427
2729.283	6399
2731.179	6429
2733.073	6373
2734.968	6345
2736.863	6299
2738.757	6281
2740.649	6388
2742.541	6386
2744.433	6286
2746.324	6342
2748.216	6474
2750.107	6492
2751.997	6383
2753.886	6311
2755.776	6331
2757.666	6395
2759.553	6293
2761.44	6347
2763.327	6365
2765.215	6284
2767.102	6376
2768.988	6393
2770.873	6408
2772.757	6378
2774.641	6293
2776.525	6237
2778.41	6108
2780.292	6317
2782.175	6236
2784.057	6332
2785.938	6210
2787.821	6291
2789.701	6389
2791.581	6369
2793.461	6306
2795.34	6227
2797.219	6347
2799.099	6323
2800.975	6304
2802.853	6207
2804.73	6293
2806.606	6155
2808.484	6196
2810.358	6229
2812.233	6223
2814.108	6145
2815.981	6247
2817.857	6274
2819.73	6240
2821.602	6360
2823.474	6253
2825.346	6283
2827.217	6245
2829.089	6215
2830.959	6153
2832.829	6230
2834.698	6141
2836.567	6271
2838.436	6309
2840.305	6187
2842.172	6226
2844.04	6258
2845.905	6343
2847.772	6267
2849.639	6289
2851.503	6202
2853.369	6375
2855.232	6177
2857.096	6274
2858.961	6390
2860.824	6326
2862.686	6348
2864.547	6326
2866.41	6451
2868.272	6450
2870.132	6511
2871.992	6574
2873.851	6551
2875.711	6692
2877.57	6595
2879.429	6670
2881.287	6745
2883.144	6628
2885.001	6791
2886.857	6799
2888.714	6791
2890.57	6805
2892.425	6687
2894.279	6649
2896.133	6718
2897.987	6838
2899.842	6693
2901.694	6635
2903.547	6616
2905.397	6708
2907.249	6723
2909.101	6749
2910.952	6703
2912.802	6867
2914.652	6864
2916.5	6885
2918.35	6950
2920.198	6973
2922.045	7124
2923.893	7068
2925.74	7107
2927.585	7163
2929.433	7213
2931.279	7324
2933.123	7456
2934.968	7392
2936.811	7521
2938.656	7417
2940.5	7416
2942.342	7605
2944.185	7586
2946.026	7616
2947.87	7565
2949.71	7547
2951.549	7490
2953.39	7569
2955.229	7456
2957.069	7459
2958.908	7403
2960.746	7313
2962.584	7238
2964.421	7223
2966.257	7169
2968.094	7030
2969.931	6926
2971.766	6899
2973.601	6859
2975.435	6935
2977.27	6910
2979.105	6870
2980.938	6903
2982.77	6671
2984.602	6749
2986.434	6842
2988.267	6751
2990.097	6720
2991.927	6692
2993.757	6645
2995.587	6529
2997.417	6514
2999.246	6528
3001.074	6402
3002.902	6340
3004.729	6376
3006.556	6333
3008.384	6323
3010.21	6295
3012.036	6298
3013.861	6119
3015.684	5999
3017.51	6042
3019.334	6140
3021.157	6048
3022.981	5981
3024.802	6039
3026.624	5913
3028.448	5908
3030.267	5959
3032.088	5863
3033.909	5900
3035.728	5792
3037.549	5863
3039.368	5854
3041.186	5941
3043.004	5847
3044.821	5897
3046.64	5778
3048.455	5967
3050.272	5859
3052.087	5832
3053.903	5915
3055.717	5864
3057.534	5930
3059.347	5803
3061.16	5855
3062.974	5820
3064.785	5844
3066.598	5757
3068.411	5915
3070.222	5754
3072.032	5800
3073.844	5978
3075.653	5667
3077.463	5883
3079.272	5739
3081.08	5727
3082.889	5821
3084.697	5715
3086.505	5793
3088.312	5659
3090.118	5778
3091.924	5680
3093.729	5761
3095.535	5710
3097.34	5669
3099.144	5595
3100.947	5572
3102.75	5491
3104.553	5619
3106.357	5664
3108.159	5613
3109.961	5609
3111.762	5655
3113.562	5639
3115.365	5544
3117.164	5635
3118.964	5594
3120.761	5555
3122.56	5565
3124.36	5663
3126.158	5597
3127.954	5548
3129.75	5483
3131.547	5635
3133.343	5548
3135.139	5529
3136.934	5535
3138.729	5455
3140.522	5474
3142.317	5549
3144.11	5646
3145.904	5501
3147.695	5505
3149.488	5476
3151.28	5515
3153.07	5568
3154.863	5465
3156.652	5453
3158.441	5455
3160.231	5488
3162.019	5384
3163.81	5491
3165.597	5354
3167.384	5428
3169.172	5439
3170.958	5474
3172.745	5506
3174.532	5489
3176.317	5538
3178.101	5478
3179.885	5444
3181.67	5326
3183.455	5486
3185.238	5357
3187.02	5384
3188.802	5501
3190.585	5416
3192.368	5400
3194.149	5337
3195.929	5348
3197.709	5438
3199.489	5401
3201.268	5483
3203.048	5468
3204.826	5388
3206.604	5384
3208.382	5417
3210.159	5341
3211.937	5356
3213.713	5371
3215.489	5308
3217.263	5341
3219.038	5453
3220.815	5420
3222.589	5391
3224.363	5358
3226.136	5358
3227.908	5349
3229.681	5384
3231.454	5346
3233.226	5391
3234.996	5402
3236.767	5362
3238.538	5387
3240.308	5344
3242.078	5393
3243.847	5343
3245.615	5366
3247.384	5436
3249.15	5344
3250.92	5418
3252.686	5320
3254.453	5333
3256.218	5396
3257.984	5415
3259.75	5389
3261.515	5403
3263.279	5363
3265.044	5307
3266.806	5364
3268.57	5341
3270.334	5403
3272.095	5401
3273.856	5444
3275.619	5364
3277.379	5384
3279.14	5368
3280.9	5477
3282.661	5294
3284.419	5392
3286.178	5326
3287.937	5352
3289.695	5359
3291.453	5412
3293.21	5398
3294.967	5283
3296.723	5391
3298.48	5360
3300.235	5297
3301.99	5274
3303.744	5277
3305.498	5309
3307.253	5396
3309.006	5334
3310.759	5378
3312.511	5396
3314.263	5300
3316.017	5432
3317.768	5297
3319.519	5239
3321.268	5361
3323.018	5318
3324.767	5299
3326.518	5338
3328.267	5329
3330.014	5353
3331.762	5309
3333.509	5318
3335.258	5401
3337.003	5330
3338.75	5198
3340.496	5254
3342.24	5294
3343.987	5192
3345.732	5297
3347.475	5259
3349.219	5416
3350.961	5338
3352.705	5314
3354.448	5326
3356.19	5376
3357.931	5200
3359.672	5269
3361.412	5248
3363.155	5295
3364.894	5245
3366.633	5171
3368.372	5247
3370.11	5218
3371.849	5213
3373.588	5225
3375.325	5163
3377.061	5168
3378.799	5191
3380.534	5122
3382.271	5176
3384.006	5122
3385.741	5256
3387.475	5103
3389.209	5183
3390.944	5269
3392.677	5133
3394.409	5114
3396.143	5058
3397.874	5123
3399.606	5101
3401.338	5189
3403.069	5150
3404.799	5005
3406.528	5192
3408.258	5145
3409.988	5083
3411.717	4987
3413.445	5121
3415.173	5172
3416.899	5086
3418.626	4934
3420.354	5066
3422.08	5024
3423.806	5074
3425.531	5118
3427.255	5123
3428.981	5109
3430.705	5100
3432.429	5180
3434.151	5051
3435.875	4993
3437.599	5029
3439.321	5031
3441.042	5024
3442.763	4916
3444.483	4922
3446.204	5078
3447.926	4959
3449.645	4955
3451.364	4972
3453.082	5000
3454.801	4930
3456.52	4895
3458.238	4986
3459.954	4965
3461.671	4936
3463.387	5055
3465.104	5017
3466.82	4815
3468.534	4910
3470.25	4803
3471.963	4909
3473.676	4815
3475.392	4909
3477.104	4794
3478.817	4834
3480.528	4905
3482.241	4800
3483.954	4841
3485.664	4866
3487.374	4876
3489.084	4876
3490.795	4941
3492.504	4835
3494.214	4744
3495.922	4832
3497.63	4722
3499.338	4764
3501.045	4753
3502.753	4705
3504.459	4689
3506.166	4761
3507.871	4767
3509.576	4719
3511.283	4822
3512.987	4685
3514.691	4784
3516.395	4629
3518.098	4619
3519.8	4716
3521.504	4737
3523.206	4724
3524.908	4657
3526.609	4727
3528.309	4563
3530.011	4754
3531.711	4673
3533.411	4708
3535.109	4651
3536.808	4633
3538.507	4694
3540.206	4551
3541.904	4679
3543.601	4596
3545.297	4738
3546.994	4662
3548.69	4599
3550.387	4573
3552.081	4687
3553.776	4651
3555.47	4600
3557.166	4652
3558.859	4592
3560.553	4680
3562.245	4707
3563.938	4628
3565.629	4521
3567.322	4635
3569.014	4498
3570.704	4503
3572.394	4593
3574.084	4582
3575.775	4463
3577.464	4542
3579.152	4574
3580.842	4534
3582.529	4457
3584.216	4580
3585.905	4539
3587.591	4552
3589.279	4433
3590.964	4488
3592.649	4477
3594.336	4488
3596.021	4432
3597.705	4428
3599.388	4467
3601.072	4435
3602.757	4415
3604.439	4400
3606.122	4473
3607.803	4475
3609.485	4385
3611.167	4349
3612.849	4330
3614.529	4369
3616.208	4451
3617.888	4294
3619.567	4267
3621.247	4414
3622.926	4382
3624.603	4340
3626.281	4308
3627.958	4313
3629.635	4344
3631.312	4338
3632.989	4190
3634.665	4343
3636.339	4218
3638.014	4309
3639.691	4295
3641.364	4206
3643.038	4278
3644.71	4147
3646.384	4314
3648.058	4341
3649.729	4239
3651.402	4200
3653.073	4240
3654.744	4225
3656.414	4204
3658.085	4357
3659.755	4290
3661.424	4182
3663.094	4200
3664.762	4256
3666.431	4232
3668.099	4141
3669.766	4077
3671.433	4207
3673.099	4151
3674.768	4139
3676.433	4169
3678.098	4127
3679.763	4134
3681.428	4164
3683.093	4202
3684.757	4137
3686.421	4100
3688.083	4171
3689.746	4102
3691.408	4211
3693.071	4103
3694.733	4174
3696.394	4040
3698.054	4213
3699.715	4173
3701.375	4067
3703.036	4141
3704.695	4105
3706.354	4119
3708.012	4109
3709.67	4142
3711.329	4107
3712.987	4092
3714.644	4183
3716.299	4075
3717.955	4049
3719.613	4151
3721.268	4122
3722.923	4162
3724.577	3991
3726.231	4125
3727.885	4010
3729.539	4061
3731.192	4012
3732.845	4062
3734.497	4089
3736.149	4012
3737.802	4046
3739.453	4048
3741.104	3943
3742.753	3986
3744.404	4003
3746.052	4065
3747.704	3970
3749.352	4073
3751	4079
3752.648	4005
3754.296	4115
3755.944	4055
3757.59	4008
3759.238	4009
3760.883	4016
3762.528	4053
3764.176	3995
3765.82	3965
3767.464	3966
3769.109	3972
3770.753	3951
3772.396	3924
3774.04	3989
3775.683	4037
3777.325	4030
3778.967	3877
3780.608	3912
3782.25	3900
3783.89	3924
3785.531	3907
3787.17	3882
3788.81	3858
3790.45	3905
3792.09	3969
3793.729	3885
3795.366	3947
3797.003	3856
3798.64	3819
3800.278	3923
3801.915	4038
3803.551	3963
3805.187	3870
3806.822	3908
3808.458	3890
3810.093	3903
3811.726	3889
3813.36	3817
3814.994	3861
3816.627	3875
3818.262	3936
3819.893	3783
3821.525	3917
3823.157	3819
3824.787	3844
3826.42	3856
3828.051	3827
3829.68	3785
3831.31	3818
3832.938	3822
3834.569	3843
3836.198	3966
3837.825	3875
3839.454	3802
3841.08	3779
3842.708	3719
3844.335	3840
3845.962	3867
3847.587	3792
3849.212	3764
3850.838	3775
3852.463	3702
3854.089	3757
3855.712	3760
3857.335	3824
3858.959	3785
3860.582	3746
3862.205	3754
3863.827	3722
3865.449	3757
3867.07	3770
3868.691	3682
3870.312	3698
3871.933	3788
3873.553	3842
3875.173	3696
3876.792	3727
3878.411	3771
3880.03	3786
3881.647	3600
3883.265	3821
3884.882	3761
3886.499	3685
3888.116	3660
3889.732	3646
3891.348	3725
3892.964	3715
3894.579	3720
3896.195	3680
3897.809	3685
3899.423	3789
3901.036	3690
3902.648	3674
3904.261	3777
3905.875	3778
3907.487	3624
3909.099	3665
3910.709	3639
3912.321	3678
3913.933	3678
3915.542	3681
3917.152	3600
3918.762	3586
3920.37	3633
3921.98	3625
3923.589	3637
3925.196	3588
3926.804	3578
3928.41	3642
3930.018	3632
3931.626	3594
3933.231	3688
3934.838	3564
3936.442	3596
3938.046	3653
3939.653	3668
3941.257	3566
3942.861	3634
3944.464	3604
3946.068	3630
3947.67	3620
3949.273	3544
3950.876	3590
3952.477	3602
3954.078	3614
3955.678	3520
3957.281	3574
3958.881	3561
3960.48	3589
3962.079	3522
3963.678	3645
3965.279	3579
3966.877	3560
3968.475	3528
3970.072	3560
3971.669	3494
3973.266	3564
3974.864	3527
3976.459	3550
3978.055	3488
3979.65	3565
3981.245	3529
3982.841	3528
3984.436	3543
3986.03	3456
3987.623	3511
3989.216	3467
3990.809	3449
3992.403	3468
3993.995	3584
3995.586	3450
3997.177	3569
3998.768	3426
4000.361	3468
4001.951	3502
4003.54	3467
4005.13	3459
4006.719	3575
4008.31	3428
4009.897	3375
4011.485	3386
4013.073	3448
4014.66	3375
4016.247	3397
4017.834	3366
4019.421	3425
4021.006	3365
4022.592	3368
4024.178	3474
4025.763	3331
4027.348	3388
4028.932	3301
4030.515	3322
4032.099	3315
4033.682	3405
4035.266	3385
4036.847	3383
4038.429	3355
4040.011	3383
4041.592	3380
4043.173	3339
4044.755	3365
4046.334	3364
4047.913	3317
4049.494	3331
4051.074	3287
4052.652	3307
4054.23	3394
4055.807	3377
4057.385	3323
4058.963	3289
4060.541	3343
4062.117	3315
4063.693	3288
4065.269	3340
4066.844	3350
4068.42	3249
4069.995	3285
4071.569	3261
4073.143	3302
4074.716	3264
4076.291	3214
4077.864	3310
4079.436	3320
4081.009	3273
4082.58	3280
4084.152	3295
4085.723	3301
4087.294	3231
4088.865	3274
4090.435	3339
4092.005	3263
4093.574	3223
4095.143	3234
4096.712	3201
4098.279	3232
4099.848	3287
4101.416	3231
4102.984	3218
4104.55	3267
4106.117	3255
4107.682	3247
4109.248	3223
4110.815	3259
4112.379	3158
4113.945	3249
4115.508	3170
4117.073	3207
4118.637	3191
4120.201	3206
4121.763	3215
4123.325	3195
4124.888	3209
4126.449	3211
4128.013	3173
4129.573	3189
4131.133	3117
4132.694	3207
4134.254	3210
4135.814	3138
4137.374	3153
4138.933	3178
4140.491	3137
4142.049	3154
4143.607	3107
4145.167	3143
4146.724	3190
4148.28	3147
4149.836	3166
4151.392	3018
4152.949	3150
4154.504	3073
4156.059	3081
4157.614	3111
4159.168	3160
4160.723	3120
4162.277	3132
4163.83	3112
4165.383	3096
4166.936	3073
4168.488	3049
4170.041	3028
4171.593	3124
4173.144	3050
4174.695	3008
4176.246	3074
4177.796	3083
4179.346	2939
4180.896	3046
4182.445	3020
4183.994	3108
4185.542	3022
4187.091	3059
4188.639	3030
4190.185	3066
4191.732	3020
4193.279	3005
4194.826	2936
4196.373	2997
4197.918	2926
4199.463	2921
4201.008	2981
4202.553	2954
4204.098	2986
4205.641	2990
4207.185	2938
4208.728	3023
4210.271	2978
4211.814	2983
4213.357	2978
4214.898	2984
4216.439	2971
4217.98	2908
4219.522	2858
4221.062	2943
4222.603	2933
4224.142	2965
4225.681	2959
4227.222	2981
4228.76	2914
4230.298	2982
4231.835	2894
4233.373	2901
4234.911	2945
4236.449	2984
4237.985	2953
4239.521	2913
4241.057	2930
4242.592	2986
4244.128	2944
4245.663	2968
4247.197	2951
4248.731	2879
4250.265	2893
4251.798	2901
4253.333	2962
4254.865	2904
4256.397	2902
4257.93	2908
4259.461	3015
4260.994	2922
4262.525	2885
4264.056	2881
4265.586	2904
4267.115	2846
4268.646	2800
4270.176	2888
4271.705	2933
4273.232	2848
4274.761	2849
4276.289	2878
4277.818	2888
4279.345	2779
4280.872	2846
4282.399	2922
4283.924	2844
4285.452	2813
4286.976	2830
4288.502	2830
4290.026	2887
4291.551	2816
4293.074	2859
4294.6	2857
4296.123	2837
4297.646	2840
4299.168	2869
4300.691	2885
4302.214	2759
4303.736	2831
4305.257	2811
4306.778	2861
4308.299	2785
4309.82	2804
4311.34	2837
4312.86	2820
4314.379	2800
