400.0745	3543
402.597	3673
405.1208	3615
407.6419	3608
410.1623	3633
412.6819	3769
415.201	3668
417.7172	3639
420.2369	3785
422.7538	3931
425.2701	3844
427.7856	3810
430.3005	3876
432.8147	3863
435.3282	3860
437.841	3854
440.3511	3850
442.8625	3855
445.3753	3906
447.8854	3856
450.3927	3880
452.9014	3889
455.4073	3883
457.9146	3850
460.4233	3874
462.9272	3867
465.4325	3768
467.935	3845
470.4389	3794
472.9421	3841
475.4446	3827
477.9444	3925
480.4456	3879
482.944	3769
485.4417	3868
487.9429	3868
490.4393	3900
492.935	3886
495.4321	3938
497.9264	3843
500.4221	3895
502.9171	3861
505.4094	3895
507.9011	3923
510.392	3850
512.8864	3955
515.3759	3994
517.8649	4000
520.3531	3949
522.8406	3989
525.3275	3972
527.8178	3897
530.3033	3959
532.7881	3929
535.2723	4015
537.7558	3928
540.2407	3982
542.7228	3923
545.2043	3963
547.6851	4037
550.1652	3971
552.6467	3994
555.1255	4034
557.6016	3985
560.079	4108
562.5557	4083
565.0318	3998
567.5092	4072
569.984	4066
572.456	4118
574.9294	4109
577.4022	4005
579.8762	4246
582.3456	4260
584.8163	4161
587.2863	4083
589.7557	4156
592.2224	4304
594.6924	4227
597.1578	4225
599.6245	4096
602.0905	4189
604.5538	4216
607.0206	4147
609.4825	4216
611.9459	4115
614.4066	4147
616.8686	4061
619.33	4076
621.7906	4182
624.2487	4082
626.708	4063
629.1647	4141
631.6207	4157
634.0801	4074
636.5348	4039
638.9888	4149
641.4442	4076
643.8969	4072
646.3509	4147
648.8022	4039
651.255	4108
653.705	4086
656.1544	4102
658.6031	4121
661.0532	4142
663.5026	4151
665.9493	4185
668.3954	4170
670.8409	4087
673.2877	4203
675.7318	4192
678.1752	4240
680.618	4272
683.0601	4202
685.5035	4265
687.9444	4241
690.3845	4113
692.824	4205
695.2628	4216
697.701	4255
700.1406	4191
702.5774	4220
705.0116	4244
707.4472	4302
709.8821	4253
712.3183	4315
714.7519	4240
717.1829	4308
719.6151	4366
722.0468	4417
724.4777	4256
726.908	4277
729.3377	4288
731.7667	4295
734.1931	4423
736.6208	4365
739.0498	4428
741.4742	4407
743.9	4396
746.3231	4392
748.7476	4373
751.1713	4490
753.5945	4494
756.015	4505
758.4368	4425
760.856	4574
763.2766	4554
765.6965	4563
768.1157	4458
770.5323	4505
772.9483	4583
775.3656	4448
777.7822	4583
780.1963	4523
782.6116	4583
785.0244	4639
787.4365	4509
789.8499	4617
792.2626	4511
794.6728	4564
797.0823	4550
799.4911	4558
801.8994	4485
804.3109	4512
806.7178	4557
809.124	4548
811.5297	4494
813.9347	4520
816.341	4595
818.7447	4521
821.1478	4629
823.5502	4575
825.952	4558
828.3531	4593
830.7556	4656
833.1554	4512
835.5546	4649
837.9532	4639
840.3511	4618
842.7504	4567
845.1451	4678
847.5411	4658
849.9365	4674
852.3312	4708
854.7272	4690
857.1187	4688
859.5115	4689
861.9037	4593
864.2952	4785
866.6842	4605
869.0764	4723
871.4661	4678
873.8531	4639
876.2415	4749
878.6272	4719
881.0162	4662
883.4026	4736
885.7866	4645
888.1717	4773
890.5543	4702
892.9382	4740
895.3215	4664
897.7041	4710
900.0842	4638
902.4655	4732
904.8443	4729
907.2244	4795
909.6039	4743
911.9808	4715
914.357	4690
916.7346	4944
919.1115	4828
921.4859	5004
923.8616	4923
926.2347	4958
928.6071	4933
930.979	4935
933.3541	5011
935.7247	5015
938.0946	5056
940.4639	5111
942.8326	5149
945.2026	5219
947.5701	5246
949.9369	5426
952.305	5594
954.6705	5818
957.0355	6156
959.4017	6263
961.7654	6428
964.1284	6220
966.4908	6262
968.8527	5985
971.2138	5832
973.5743	5498
975.9343	5393
978.2936	5166
980.6522	5138
983.0122	5068
985.3696	4909
987.7245	4942
990.0807	4912
992.4362	4927
994.7911	4900
997.1474	4933
999.4991	4892
1001.852	5012
1004.205	4921
1006.555	4902
1008.908	4930
1011.258	4982
1013.606	4943
1015.956	4863
1018.302	4999
1020.652	4916
1022.998	4820
1025.345	4970
1027.691	5024
1030.035	5023
1032.378	4927
1034.724	5017
1037.066	5030
1039.409	4989
1041.75	4945
1044.092	5015
1046.433	4978
1048.771	4998
1051.112	5011
1053.449	4960
1055.786	5024
1058.124	5071
1060.462	4916
1062.797	4956
1065.131	5063
1067.467	5172
1069.8	5075
1072.135	5145
1074.467	5089
1076.798	5118
1079.129	5163
1081.459	5128
1083.792	5055
1086.121	5017
1088.449	5110
1090.777	5066
1093.104	4997
1095.431	5086
1097.759	4965
1100.084	4931
1102.408	4949
1104.732	4954
1107.056	4998
1109.379	4980
1111.701	5005
1114.022	4988
1116.343	4851
1118.664	4999
1120.983	5021
1123.303	4975
1125.621	4988
1127.939	5047
1130.256	5070
1132.573	4974
1134.889	4998
1137.205	4943
1139.52	5005
1141.832	4968
1144.146	4891
1146.461	4890
1148.771	4860
1151.083	4973
1153.392	4924
1155.703	4952
1158.011	5014
1160.323	5041
1162.629	4985
1164.938	4873
1167.243	4996
1169.55	4968
1171.857	4952
1174.163	4980
1176.466	4944
1178.769	4930
1181.073	4954
1183.374	5014
1185.677	5017
1187.979	4972
1190.279	4940
1192.578	5075
1194.878	4961
1197.178	4910
1199.476	4962
1201.772	5020
1204.068	5000
1206.366	5038
1208.663	5005
1210.957	4936
1213.251	4986
1215.544	5048
1217.836	5059
1220.128	5001
1222.421	4998
1224.712	5016
1227.002	5057
1229.292	5156
1231.581	5145
1233.871	5090
1236.159	5146
1238.446	5186
1240.732	5156
1243.018	5246
1245.304	5208
1247.59	5231
1249.874	5160
1252.156	5239
1254.439	5280
1256.721	5296
1259.005	5187
1261.286	5237
1263.565	5292
1265.845	5201
1268.125	5154
1270.403	5241
1272.682	5223
1274.959	5185
1277.234	5224
1279.511	5206
1281.787	5292
1284.062	5091
1286.337	5150
1288.609	5245
1290.882	5162
1293.153	5078
1295.428	5090
1297.698	5097
1299.969	5138
1302.237	5063
1304.507	5059
1306.777	5052
1309.044	5061
1311.312	5052
1313.578	5064
1315.844	5141
1318.109	5107
1320.375	5059
1322.638	5050
1324.903	5110
1327.165	5168
1329.427	5034
1331.69	5152
1333.952	5156
1336.212	4984
1338.471	5128
1340.73	5158
1342.988	5049
1345.248	5080
1347.505	5047
1349.763	5141
1352.019	5021
1354.274	5003
1356.53	5082
1358.784	5116
1361.038	5093
1363.291	5048
1365.543	5018
1367.797	5082
1370.048	5141
1372.296	5143
1374.546	5138
1376.796	5179
1379.045	5078
1381.295	5150
1383.542	5150
1385.787	5072
1388.034	5122
1390.28	5151
1392.527	5149
1394.772	5180
1397.014	5185
1399.258	5125
1401.501	5194
1403.741	5151
1405.985	5229
1408.226	5217
1410.465	5142
1412.705	5275
1414.943	5199
1417.184	5284
1419.42	5239
1421.658	5259
1423.894	5165
1426.13	5239
1428.366	5224
1430.602	5276
1432.835	5280
1435.069	5349
1437.301	5160
1439.535	5316
1441.767	5355
1443.997	5358
1446.229	5416
1448.458	5369
1450.687	5348
1452.916	5291
1455.146	5330
1457.372	5391
1459.599	5466
1461.824	5352
1464.051	5286
1466.277	5454
1468.501	5249
1470.725	5321
1472.948	5191
1475.17	5219
1477.393	5203
1479.614	5210
1481.837	5137
1484.057	5175
1486.276	5151
1488.497	5172
1490.715	5132
1492.932	5092
1495.148	5014
1497.364	5066
1499.58	4991
1501.798	5096
1504.012	5026
1506.227	5044
1508.44	5010
1510.653	5016
1512.866	5104
1515.078	5082
1517.289	5079
1519.5	4967
1521.711	5123
1523.92	5075
1526.13	5007
1528.338	4921
1530.544	4993
1532.752	5009
1534.959	5069
1537.165	5013
1539.371	5104
1541.574	5062
1543.779	5063
1545.983	4982
1548.187	5110
1550.39	5106
1552.59	5066
1554.792	5123
1556.991	5062
1559.19	5099
1561.392	5129
1563.59	5143
1565.789	5116
1567.986	5187
1570.182	5178
1572.381	5115
1574.576	5175
1576.771	5216
1578.966	5176
1581.16	5160
1583.354	5222
1585.546	5174
1587.74	5203
1589.931	5195
1592.121	5230
1594.311	5178
1596.502	5111
1598.693	5104
1600.881	5257
1603.069	5080
1605.256	5157
1607.445	5171
1609.631	5248
1611.816	5365
1614.001	5275
1616.186	5295
1618.37	5272
1620.555	5177
1622.737	5245
1624.919	5233
1627.101	5316
1629.282	5325
1631.463	5263
1633.643	5304
1635.822	5410
1638.001	5360
1640.179	5271
1642.359	5391
1644.534	5334
1646.711	5272
1648.887	5211
1651.062	5286
1653.235	5427
1655.412	5342
1657.586	5397
1659.757	5381
1661.93	5417
1664.1	5442
1666.274	5432
1668.445	5396
1670.614	5410
1672.784	5365
1674.951	5480
1677.12	5467
1679.289	5421
1681.457	5468
1683.622	5359
1685.789	5417
1687.953	5274
1690.121	5312
1692.284	5419
1694.447	5324
1696.611	5311
1698.772	5312
1700.935	5183
1703.098	5210
1705.258	5239
1707.417	5248
1709.576	5218
1711.736	5233
1713.896	5126
1716.053	5147
1718.21	5183
1720.366	5197
1722.522	5250
1724.68	5230
1726.835	5101
1728.989	5127
1731.142	5129
1733.295	5162
1735.449	5130
1737.601	5068
1739.753	5159
1741.903	5100
1744.054	5131
1746.203	5200
1748.354	5149
1750.503	5181
1752.651	5280
1754.798	5102
1756.944	5187
1759.092	5267
1761.238	5076
1763.383	5139
1765.528	5175
1767.672	5239
1769.814	5247
1771.959	5254
1774.102	5233
1776.242	5153
1778.384	5223
1780.525	5244
1782.665	5223
1784.805	5235
1786.945	5210
1789.082	5074
1791.22	5261
1793.36	5314
1795.495	5177
1797.632	5266
1799.766	5239
1801.902	5206
1804.035	5223
1806.172	5174
1808.304	5154
1810.436	5108
1812.569	5231
1814.699	5129
1816.833	5239
1818.963	5164
1821.092	5180
1823.222	5225
1825.35	5162
1827.478	5098
1829.608	5210
1831.734	5152
1833.86	5135
1835.986	5233
1838.11	5150
1840.238	5104
1842.362	5148
1844.485	5108
1846.608	5167
1848.73	5118
1850.853	5147
1852.974	5121
1855.097	5086
1857.217	5175
1859.336	5096
1861.455	5154
1863.576	5125
1865.693	5278
1867.811	5179
1869.926	5170
1872.042	5148
1874.16	5134
1876.275	5121
1878.39	5078
1880.504	5148
1882.618	5095
1884.731	5072
1886.843	5207
1888.956	5124
1891.067	5093
1893.178	5006
1895.287	5153
1897.399	5201
1899.508	5103
1901.617	5222
1903.724	5236
1905.832	5122
1907.941	5165
1910.046	5172
1912.152	5195
1914.256	5193
1916.361	5177
1918.464	5150
1920.57	5274
1922.672	5146
1924.775	5192
1926.876	5222
1928.978	5188
1931.08	5261
1933.181	5261
1935.28	5234
1937.38	5188
1939.478	5184
1941.577	5262
1943.675	5248
1945.771	5119
1947.867	5271
1949.964	5242
1952.058	5287
1954.154	5211
1956.248	5153
1958.343	5152
1960.435	5186
1962.527	5249
1964.62	5203
1966.711	5193
1968.802	5210
1970.892	5205
1972.983	5191
1975.072	5242
1977.162	5219
1979.25	5041
1981.337	5225
1983.424	5167
1985.51	5143
1987.598	5210
1989.683	5221
1991.768	5245
1993.852	5150
1995.934	5212
1998.019	5287
2000.102	5097
2002.184	5121
2004.266	5139
2006.347	5100
2008.427	5129
2010.508	5096
2012.587	5147
2014.666	5137
2016.745	5149
2018.821	5186
2020.9	5121
2022.977	5229
2025.052	5124
2027.128	5126
2029.204	5163
2031.277	5090
2033.353	5199
2035.425	5084
2037.499	5158
2039.57	5154
2041.642	5164
2043.714	5114
2045.786	5254
2047.855	5127
2049.925	5133
2051.993	5164
2054.064	5044
2056.132	5055
2058.2	5106
2060.266	5148
2062.332	5120
2064.398	5157
2066.465	5079
2068.529	5183
2070.592	5118
2072.657	5145
2074.719	5154
2076.783	5159
2078.845	5277
2080.907	5132
2082.968	5122
2085.028	5132
2087.087	5185
2089.148	5118
2091.207	5190
2093.264	5169
2095.322	5079
2097.379	5255
2099.439	5117
2101.495	5167
2103.55	5185
2105.605	5158
2107.658	5159
2109.713	5156
2111.767	5194
2113.82	5162
2115.872	5148
2117.924	5154
2119.975	5068
2122.028	5149
2124.078	5147
2126.126	5114
2128.176	5203
2130.225	5157
2132.275	5131
2134.321	5135
2136.368	5198
2138.415	5126
2140.461	5178
2142.505	5013
2144.552	5067
2146.597	5017
2148.64	5120
2150.684	5109
2152.725	5099
2154.77	5140
2156.811	5145
2158.852	5089
2160.894	5017
2162.933	5041
2164.973	5107
2167.013	5102
2169.051	5074
2171.089	5103
2173.126	5063
2175.164	5084
2177.201	5059
2179.236	4981
2181.273	5158
2183.307	4998
2185.341	5041
2187.377	5040
2189.41	4983
2191.442	5062
2193.473	5029
2195.506	4927
2197.539	5067
2199.569	5058
2201.598	4929
2203.628	4944
2205.656	5054
2207.686	5059
2209.716	5133
2211.743	5012
2213.769	4966
2215.796	5013
2217.821	4989
2219.848	5032
2221.873	4997
2223.897	4938
2225.921	5003
2227.944	4930
2229.967	4912
2231.991	5077
2234.011	4964
2236.032	4982
2238.053	4966
2240.073	5027
2242.094	4935
2244.114	4950
2246.131	4920
2248.149	4958
2250.167	4987
2252.186	4944
2254.201	5014
2256.218	5113
2258.233	4960
2260.247	5058
2262.262	5010
2264.278	5017
2266.29	4881
2268.303	4974
2270.315	4986
2272.327	4971
2274.341	4929
2276.35	5046
2278.361	4987
2280.37	4962
2282.38	4904
2284.388	4967
2286.397	5009
2288.405	5029
2290.412	5065
2292.419	5017
2294.425	4966
2296.431	4997
2298.437	4984
2300.441	4946
2302.445	4982
2304.449	4934
2306.453	4920
2308.455	4890
2310.457	4996
2312.459	4902
2314.46	4943
2316.46	4902
2318.461	4899
2320.46	4949
2322.458	4980
2324.458	4953
2326.456	4878
2328.455	4965
2330.451	4885
2332.447	4769
2334.443	4920
2336.438	4867
2338.433	4840
2340.429	4917
2342.422	4908
2344.416	4843
2346.408	4864
2348.399	4837
2350.393	4858
2352.384	4902
2354.375	4870
2356.365	4852
2358.355	4875
2360.344	4893
2362.333	4962
2364.322	4840
2366.309	4846
2368.295	4840
2370.282	4831
2372.27	4857
2374.256	4861
2376.24	4906
2378.225	4847
2380.208	4815
2382.194	4830
2384.177	4759
2386.159	4875
2388.142	4951
2390.122	4759
2392.105	4842
2394.085	4733
2396.066	4733
2398.044	4876
2400.024	4857
2402.002	4828
2403.982	4893
2405.959	4849
2407.935	4860
2409.913	4861
2411.888	4840
2413.865	4906
2415.84	4803
2417.814	4788
2419.788	4907
2421.762	4823
2423.735	4799
2425.708	4798
2427.68	4713
2429.651	4845
2431.623	4794
2433.593	4714
2435.564	4649
2437.533	4813
2439.502	4818
2441.47	4845
2443.438	4829
2445.406	4677
2447.373	4797
2449.34	4825
2451.305	4826
2453.271	4837
2455.235	4754
2457.201	4787
2459.165	4804
2461.129	4779
2463.092	4776
2465.054	4797
2467.018	4753
2468.978	4712
2470.939	4785
2472.899	4667
2474.86	4717
2476.819	4712
2478.778	4753
2480.737	4766
2482.695	4716
2484.653	4769
2486.609	4725
2488.567	4708
2490.524	4751
2492.478	4622
2494.433	4785
2496.387	4788
2498.343	4745
2500.297	4593
2502.249	4600
2504.202	4640
2506.153	4748
2508.105	4668
2510.057	4719
2512.008	4719
2513.957	4636
2515.906	4665
2517.855	4747
2519.805	4730
2521.754	4670
2523.7	4584
2525.647	4717
2527.594	4636
2529.54	4739
2531.486	4616
2533.431	4664
2535.376	4720
2537.32	4685
2539.263	4709
2541.207	4703
2543.151	4693
2545.093	4688
2547.034	4693
2548.975	4708
2550.917	4665
2552.856	4634
2554.796	4579
2556.735	4597
2558.673	4677
2560.611	4635
2562.55	4643
2564.487	4679
2566.424	4715
2568.36	4754
2570.296	4672
2572.232	4686
2574.167	4717
2576.101	4657
2578.035	4658
2579.969	4617
2581.902	4736
2583.834	4563
2585.766	4704
2587.698	4533
2589.628	4691
2591.557	4593
2593.489	4708
2595.419	4657
2597.348	4601
2599.275	4627
2601.204	4711
2603.131	4678
2605.059	4660
2606.986	4622
2608.911	4677
2610.837	4667
2612.76	4605
2614.687	4711
2616.61	4677
2618.534	4742
2620.457	4628
2622.38	4757
2624.302	4677
2626.225	4657
2628.145	4754
2630.067	4687
2631.986	4726
2633.906	4736
2635.827	4593
2637.745	4714
2639.662	4629
2641.581	4547
2643.498	4757
2645.415	4693
2647.331	4706
2649.248	4647
2651.163	4694
2653.077	4682
2654.993	4660
2656.906	4623
2658.821	4683
2660.733	4661
2662.646	4607
2664.557	4616
2666.47	4743
2668.381	4584
2670.291	4624
2672.201	4568
2674.11	4697
2676.021	4687
2677.929	4677
2679.837	4780
2681.745	4543
2683.652	4641
2685.56	4661
2687.466	4735
2689.371	4631
2691.276	4608
2693.181	4686
2695.085	4629
2696.991	4741
2698.893	4711
2700.796	4562
2702.698	4567
2704.601	4664
2706.502	4704
2708.404	4570
2710.304	4573
2712.203	4641
2714.103	4532
2716.003	4551
2717.902	4596
2719.8	4598
2721.697	4537
2723.594	4589
2725.49	4477
2727.389	4523
2729.283	4513
2731.179	4633
2733.073	4574
2734.968	4591
2736.863	4539
2738.757	4607
2740.649	4507
2742.541	4606
2744.433	4512
2746.324	4540
2748.216	4572
2750.107	4577
2751.997	4577
2753.886	4497
2755.776	4486
2757.666	4631
2759.553	4536
2761.44	4505
2763.327	4523
2765.215	4514
2767.102	4602
2768.988	4496
2770.873	4573
2772.757	4571
2774.641	4533
2776.525	4560
2778.41	4475
2780.292	4505
2782.175	4650
2784.057	4563
2785.938	4462
2787.821	4580
2789.701	4582
2791.581	4453
2793.461	4422
2795.34	4437
2797.219	4512
2799.099	4453
2800.975	4477
2802.853	4566
2804.73	4436
2806.606	4457
2808.484	4472
2810.358	4493
2812.233	4393
2814.108	4415
2815.981	4524
2817.857	4529
2819.73	4496
2821.602	4485
2823.474	4514
2825.346	4449
2827.217	4520
2829.089	4361
2830.959	4564
2832.829	4427
2834.698	4621
2836.567	4598
2838.436	4442
2840.305	4463
2842.172	4499
2844.04	4677
2845.905	4506
2847.772	4535
2849.639	4543
2851.503	4653
2853.369	4561
2855.232	4644
2857.096	4595
2858.961	4617
2860.824	4687
2862.686	4698
2864.547	4669
2866.41	4718
2868.272	4779
2870.132	4778
2871.992	4825
2873.851	4857
2875.711	4895
2877.57	4926
2879.429	4912
2881.287	5011
2883.144	4922
2885.001	5038
2886.857	5031
2888.714	4984
2890.57	5009
2892.425	5033
2894.279	5065
2896.133	5033
2897.987	4945
2899.842	5038
2901.694	4934
2903.547	5021
2905.397	5107
2907.249	5086
2909.101	5060
2910.952	5012
2912.802	5161
2914.652	5190
2916.5	5146
2918.35	5226
2920.198	5254
2922.045	5256
2923.893	5327
2925.74	5362
2927.585	5412
2929.433	5395
2931.279	5521
2933.123	5521
2934.968	5579
2936.811	5657
2938.656	5735
2940.5	5770
2942.342	5867
2944.185	5744
2946.026	5731
2947.87	5798
2949.71	5838
2951.549	5631
2953.39	5562
2955.229	5521
2957.069	5561
2958.908	5418
2960.746	5437
2962.584	5360
2964.421	5314
2966.257	5258
2968.094	5228
2969.931	5307
2971.766	5296
2973.601	5090
2975.435	5200
2977.27	5088
2979.105	5114
2980.938	5059
2982.77	5077
2984.602	5052
2986.434	5037
2988.267	5120
2990.097	4981
2991.927	4924
2993.757	4899
2995.587	4858
2997.417	4750
2999.246	4833
3001.074	4714
3002.902	4689
3004.729	4645
3006.556	4560
3008.384	4496
3010.21	4554
3012.036	4519
3013.861	4386
3015.684	4507
3017.51	4399
3019.334	4347
3021.157	4399
3022.981	4430
3024.802	4327
3026.624	4211
3028.448	4388
3030.267	4373
3032.088	4364
3033.909	4209
3035.728	4360
3037.549	4235
3039.368	4293
3041.186	4257
3043.004	4326
3044.821	4305
3046.64	4247
3048.455	4204
3050.272	4210
3052.087	4277
3053.903	4147
3055.717	4183
3057.534	4267
3059.347	4250
3061.16	4192
3062.974	4242
3064.785	4190
3066.598	4259
3068.411	4257
3070.222	4207
3072.032	4152
3073.844	4236
3075.653	4113
3077.463	4184
3079.272	4047
3081.08	4216
3082.889	4158
3084.697	4133
3086.505	4096
3088.312	4105
3090.118	4076
3091.924	4026
3093.729	4136
3095.535	4094
3097.34	4109
3099.144	4051
3100.947	4086
3102.75	4021
3104.553	4128
3106.357	4105
3108.159	4043
3109.961	4071
3111.762	4033
3113.562	3953
3115.365	3956
3117.164	4035
3118.964	4085
3120.761	4103
3122.56	4018
3124.36	4025
3126.158	4040
3127.954	4075
3129.75	4089
3131.547	4003
3133.343	3979
3135.139	4043
3136.934	4022
3138.729	3981
3140.522	4003
3142.317	4047
3144.11	3966
3145.904	3942
3147.695	4117
3149.488	4010
3151.28	3997
3153.07	4018
3154.863	3873
3156.652	4022
3158.441	3986
3160.231	3951
3162.019	4021
3163.81	3922
3165.597	3985
3167.384	3977
3169.172	3928
3170.958	3903
3172.745	4020
3174.532	3885
3176.317	3907
3178.101	3865
3179.885	3960
3181.67	3986
3183.455	3963
3185.238	3878
3187.02	3950
3188.802	3979
3190.585	3966
3192.368	3979
3194.149	3921
3195.929	4011
3197.709	3962
3199.489	3913
3201.268	3927
3203.048	3931
3204.826	4004
3206.604	3921
3208.382	3929
3210.159	3917
3211.937	3888
3213.713	3923
3215.489	3887
3217.263	3886
3219.038	3940
3220.815	3945
3222.589	3883
3224.363	3886
3226.136	4037
3227.908	3884
3229.681	3925
3231.454	3850
3233.226	3877
3234.996	3880
3236.767	3903
3238.538	3965
3240.308	3938
3242.078	3976
3243.847	3862
3245.615	3978
3247.384	3861
3249.15	3874
3250.92	3970
3252.686	3901
3254.453	3900
3256.218	3953
3257.984	3881
3259.75	3913
3261.515	3969
3263.279	3947
3265.044	3923
3266.806	3971
3268.57	3925
3270.334	3874
3272.095	3983
3273.856	4003
3275.619	3842
3277.379	3883
3279.14	3929
3280.9	3908
3282.661	3969
3284.419	3907
3286.178	3956
3287.937	3901
3289.695	3913
3291.453	3977
3293.21	3929
3294.967	3844
3296.723	3913
3298.48	3957
3300.235	3882
3301.99	3927
3303.744	3920
3305.498	3888
3307.253	3853
3309.006	3892
3310.759	3840
3312.511	3949
3314.263	3980
3316.017	3931
3317.768	3985
3319.519	3951
3321.268	3889
3323.018	3934
3324.767	3877
3326.518	3952
3328.267	3840
3330.014	3905
3331.762	3921
3333.509	3890
3335.258	3943
3337.003	3878
3338.75	3917
3340.496	3909
3342.24	3853
3343.987	3831
3345.732	3937
3347.475	3847
3349.219	3775
3350.961	3855
3352.705	3854
3354.448	3912
3356.19	3887
3357.931	3863
3359.672	3929
3361.412	3870
3363.155	3835
3364.894	3881
3366.633	3838
3368.372	3882
3370.11	3813
3371.849	3746
3373.588	3842
3375.325	3822
3377.061	3817
3378.799	3869
3380.534	3881
3382.271	3843
3384.006	3698
3385.741	3743
3387.475	3837
3389.209	3738
3390.944	3810
3392.677	3801
3394.409	3795
3396.143	3770
3397.874	3833
3399.606	3789
3401.338	3750
3403.069	3794
3404.799	3756
3406.528	3770
3408.258	3776
3409.988	3708
3411.717	3749
3413.445	3794
3415.173	3659
3416.899	3809
3418.626	3721
3420.354	3699
3422.08	3814
3423.806	3688
3425.531	3778
3427.255	3705
3428.981	3713
3430.705	3669
3432.429	3700
3434.151	3665
3435.875	3663
3437.599	3725
3439.321	3736
3441.042	3727
3442.763	3698
3444.483	3590
3446.204	3686
3447.926	3697
3449.645	3637
3451.364	3582
3453.082	3602
3454.801	3661
3456.52	3638
3458.238	3647
3459.954	3573
3461.671	3610
3463.387	3604
3465.104	3642
3466.82	3707
3468.534	3604
3470.25	3498
3471.963	3619
3473.676	3498
3475.392	3693
3477.104	3507
3478.817	3510
3480.528	3556
3482.241	3537
3483.954	3491
3485.664	3489
3487.374	3452
3489.084	3443
3490.795	3554
3492.504	3572
3494.214	3456
3495.922	3505
3497.63	3514
3499.338	3498
3501.045	3454
3502.753	3412
3504.459	3431
3506.166	3405
3507.871	3461
3509.576	3470
3511.283	3479
3512.987	3398
3514.691	3469
3516.395	3414
3518.098	3492
3519.8	3441
3521.504	3370
3523.206	3410
3524.908	3432
3526.609	3462
3528.309	3386
3530.011	3382
3531.711	3501
3533.411	3365
3535.109	3433
3536.808	3415
3538.507	3437
3540.206	3371
3541.904	3324
3543.601	3385
3545.297	3382
3546.994	3365
3548.69	3366
3550.387	3362
3552.081	3349
3553.776	3404
3555.47	3374
3557.166	3369
3558.859	3407
3560.553	3387
3562.245	3385
3563.938	3339
3565.629	3347
3567.322	3319
3569.014	3288
3570.704	3304
3572.394	3352
3574.084	3299
3575.775	3358
3577.464	3282
3579.152	3311
3580.842	3303
3582.529	3253
3584.216	3272
3585.905	3263
3587.591	3354
3589.279	3256
3590.964	3252
3592.649	3199
3594.336	3357
3596.021	3218
3597.705	3236
3599.388	3245
3601.072	3224
3602.757	3239
3604.439	3182
3606.122	3158
3607.803	3237
3609.485	3225
3611.167	3239
3612.849	3233
3614.529	3228
3616.208	3194
3617.888	3170
3619.567	3179
3621.247	3169
3622.926	3134
3624.603	3173
3626.281	3204
3627.958	3111
3629.635	3169
3631.312	3138
3632.989	3176
3634.665	3164
3636.339	3143
3638.014	3130
3639.691	3096
3641.364	3156
3643.038	3125
3644.71	3104
3646.384	3075
3648.058	3061
3649.729	3089
3651.402	3058
3653.073	3088
3654.744	3100
3656.414	3056
3658.085	3116
3659.755	3044
3661.424	3131
3663.094	3079
3664.762	3037
3666.431	3056
3668.099	3084
3669.766	3088
3671.433	3070
3673.099	3011
3674.768	3057
3676.433	3040
3678.098	2928
3679.763	3102
3681.428	3117
3683.093	3076
3684.757	3016
3686.421	2997
3688.083	2947
3689.746	2941
3691.408	3088
3693.071	3037
3694.733	2971
3696.394	3022
3698.054	3036
3699.715	3006
3701.375	2997
3703.036	3056
3704.695	2973
3706.354	2986
3708.012	3055
3709.67	2954
3711.329	2966
3712.987	2968
3714.644	3047
3716.299	2942
3717.955	2962
3719.613	2961
3721.268	2998
3722.923	2952
3724.577	3020
3726.231	2924
3727.885	3003
3729.539	2986
3731.192	2868
3732.845	2941
3734.497	3023
3736.149	2875
3737.802	2949
3739.453	2918
3741.104	2829
3742.753	2940
3744.404	2880
3746.052	2958
3747.704	2872
3749.352	2936
3751	2871
3752.648	2908
3754.296	2867
3755.944	2879
3757.59	2946
3759.238	2923
3760.883	2908
3762.528	2882
3764.176	2914
3765.82	2977
3767.464	2849
3769.109	2979
3770.753	2932
3772.396	2874
3774.04	2914
3775.683	2840
3777.325	2890
3778.967	2822
3780.608	2873
3782.25	2923
3783.89	2869
3785.531	2802
3787.17	2874
3788.81	2890
3790.45	2945
3792.09	2928
3793.729	2775
3795.366	2893
3797.003	2901
3798.64	2882
3800.278	2802
3801.915	2827
3803.551	2746
3805.187	2823
3806.822	2888
3808.458	2832
3810.093	2836
3811.726	2795
3813.36	2809
3814.994	2814
3816.627	2781
3818.262	2782
3819.893	2820
3821.525	2825
3823.157	2860
3824.787	2712
3826.42	2789
3828.051	2810
3829.68	2821
3831.31	2787
3832.938	2787
3834.569	2779
3836.198	2766
3837.825	2796
3839.454	2751
3841.08	2785
3842.708	2735
3844.335	2742
3845.962	2781
3847.587	2742
3849.212	2700
3850.838	2812
3852.463	2708
3854.089	2724
3855.712	2736
3857.335	2705
3858.959	2716
3860.582	2742
3862.205	2772
3863.827	2742
3865.449	2748
3867.07	2729
3868.691	2703
3870.312	2748
3871.933	2790
3873.553	2754
3875.173	2754
3876.792	2733
3878.411	2694
3880.03	2750
3881.647	2698
3883.265	2775
3884.882	2699
3886.499	2729
3888.116	2753
3889.732	2668
3891.348	2724
3892.964	2730
3894.579	2709
3896.195	2646
3897.809	2699
3899.423	2700
3901.036	2678
3902.648	2687
3904.261	2688
3905.875	2725
3907.487	2699
3909.099	2710
3910.709	2749
3912.321	2623
3913.933	2721
3915.542	2736
3917.152	2669
3918.762	2648
3920.37	2733
3921.98	2669
3923.589	2685
3925.196	2680
3926.804	2683
3928.41	2640
3930.018	2607
3931.626	2639
3933.231	2647
3934.838	2669
3936.442	2629
3938.046	2637
3939.653	2691
3941.257	2684
3942.861	2631
3944.464	2647
3946.068	2663
3947.67	2655
3949.273	2662
3950.876	2606
3952.477	2646
3954.078	2671
3955.678	2631
3957.281	2618
3958.881	2651
3960.48	2584
3962.079	2553
3963.678	2567
3965.279	2599
3966.877	2627
3968.475	2632
3970.072	2600
3971.669	2580
3973.266	2592
3974.864	2703
3976.459	2542
3978.055	2560
3979.65	2564
3981.245	2556
3982.841	2566
3984.436	2551
3986.03	2604
3987.623	2523
3989.216	2599
3990.809	2550
3992.403	2514
3993.995	2534
3995.586	2539
3997.177	2564
3998.768	2546
4000.361	2588
4001.951	2496
4003.54	2508
4005.13	2504
4006.719	2499
4008.31	2492
4009.897	2506
4011.485	2480
4013.073	2575
4014.66	2526
4016.247	2544
4017.834	2520
4019.421	2475
4021.006	2536
4022.592	2484
4024.178	2505
4025.763	2448
4027.348	2474
4028.932	2442
4030.515	2522
4032.099	2496
4033.682	2475
4035.266	2468
4036.847	2492
4038.429	2465
4040.011	2461
4041.592	2524
4043.173	2434
4044.755	2449
4046.334	2406
4047.913	2431
4049.494	2458
4051.074	2396
4052.652	2414
4054.23	2475
4055.807	2405
4057.385	2436
4058.963	2428
4060.541	2431
4062.117	2445
4063.693	2412
4065.269	2474
4066.844	2436
4068.42	2406
4069.995	2424
4071.569	2384
4073.143	2456
4074.716	2401
4076.291	2448
4077.864	2383
4079.436	2448
4081.009	2381
4082.58	2445
4084.152	2341
4085.723	2442
4087.294	2384
4088.865	2356
4090.435	2342
4092.005	2348
4093.574	2455
4095.143	2398
4096.712	2403
4098.279	2414
4099.848	2274
4101.416	2344
4102.984	2392
4104.55	2417
4106.117	2362
4107.682	2392
4109.248	2376
4110.815	2345
4112.379	2330
4113.945	2300
4115.508	2343
4117.073	2327
4118.637	2387
4120.201	2382
4121.763	2342
4123.325	2318
4124.888	2396
4126.449	2338
4128.013	2295
4129.573	2353
4131.133	2338
4132.694	2276
4134.254	2329
4135.814	2347
4137.374	2325
4138.933	2310
4140.491	2277
4142.049	2328
4143.607	2307
4145.167	2288
4146.724	2342
4148.28	2304
4149.836	2308
4151.392	2277
4152.949	2296
4154.504	2278
4156.059	2279
4157.614	2279
4159.168	2254
4160.723	2236
4162.277	2212
4163.83	2319
4165.383	2327
4166.936	2273
4168.488	2305
4170.041	2218
4171.593	2254
4173.144	2230
4174.695	2254
4176.246	2242
4177.796	2298
4179.346	2277
4180.896	2181
4182.445	2273
4183.994	2232
4185.542	2253
4187.091	2239
4188.639	2243
4190.185	2187
4191.732	2205
4193.279	2258
4194.826	2214
4196.373	2235
4197.918	2213
4199.463	2243
4201.008	2272
4202.553	2209
4204.098	2202
4205.641	2226
4207.185	2220
4208.728	2243
4210.271	2222
4211.814	2187
4213.357	2212
4214.898	2228
4216.439	2251
4217.98	2166
4219.522	2183
4221.062	2210
4222.603	2174
4224.142	2183
4225.681	2256
4227.222	2223
4228.76	2115
4230.298	2165
4231.835	2135
4233.373	2219
4234.911	2182
4236.449	2231
4237.985	2159
4239.521	2190
4241.057	2133
4242.592	2196
4244.128	2141
4245.663	2128
4247.197	2102
4248.731	2206
4250.265	2196
4251.798	2174
4253.333	2159
4254.865	2123
4256.397	2189
4257.93	2146
4259.461	2164
4260.994	2129
4262.525	2116
4264.056	2083
4265.586	2116
4267.115	2101
4268.646	2159
4270.176	2044
4271.705	2162
4273.232	2150
4274.761	2113
4276.289	2142
4277.818	2106
4279.345	2089
4280.872	2112
4282.399	2124
4283.924	2162
4285.452	2149
4286.976	2084
4288.502	2132
4290.026	2064
4291.551	2175
4293.074	2112
4294.6	2078
4296.123	2131
4297.646	2102
4299.168	2078
4300.691	2074
4302.214	2055
4303.736	2098
4305.257	2131
4306.778	2074
4308.299	2102
4309.82	2121
4311.34	2127
4312.86	2076
4314.379	2117
