400.0745	4439
402.597	4533
405.1208	4547
407.6419	4568
410.1623	4585
412.6819	4615
415.201	4668
417.7172	4595
420.2369	4750
422.7538	4691
425.2701	4855
427.7856	4867
430.3005	4914
432.8147	4924
435.3282	4909
437.841	4988
440.3511	4855
442.8625	4858
445.3753	4903
447.8854	4799
450.3927	4835
452.9014	4934
455.4073	4914
457.9146	4871
460.4233	4878
462.9272	4860
465.4325	4828
467.935	4846
470.4389	4956
472.9421	4861
475.4446	4866
477.9444	4771
480.4456	4815
482.944	4939
485.4417	4946
487.9429	4869
490.4393	4894
492.935	4915
495.4321	4804
497.9264	4971
500.4221	5045
502.9171	4967
505.4094	5045
507.9011	4851
510.392	4967
512.8864	5000
515.3759	4941
517.8649	5019
520.3531	4955
522.8406	4998
525.3275	5027
527.8178	5034
530.3033	5051
532.7881	4985
535.2723	5034
537.7558	5070
540.2407	4951
542.7228	5017
545.2043	5083
547.6851	5055
550.1652	5114
552.6467	5064
555.1255	5138
557.6016	5127
560.079	5039
562.5557	5099
565.0318	5107
567.5092	5185
569.984	5131
572.456	5176
574.9294	5125
577.4022	5292
579.8762	5215
582.3456	5283
584.8163	5326
587.2863	5270
589.7557	5349
592.2224	5325
594.6924	5272
597.1578	5278
599.6245	5284
602.0905	5305
604.5538	5268
607.0206	5212
609.4825	5200
611.9459	5215
614.4066	5260
616.8686	5232
619.33	5202
621.7906	5254
624.2487	5192
626.708	5274
629.1647	5261
631.6207	5249
634.0801	5109
636.5348	5210
638.9888	5121
641.4442	5166
643.8969	5291
646.3509	5208
648.8022	5183
651.255	5204
653.705	5193
656.1544	5268
658.6031	5229
661.0532	5311
663.5026	5304
665.9493	5315
668.3954	5298
670.8409	5237
673.2877	5320
675.7318	5359
678.1752	5329
680.618	5457
683.0601	5405
685.5035	5489
687.9444	5300
690.3845	5393
692.824	5440
695.2628	5375
697.701	5351
700.1406	5379
702.5774	5417
705.0116	5394
707.4472	5518
709.8821	5391
712.3183	5532
714.7519	5577
717.1829	5577
719.6151	5559
722.0468	5464
724.4777	5530
726.908	5572
729.3377	5560
731.7667	5616
734.1931	5480
736.6208	5559
739.0498	5716
741.4742	5561
743.9	5637
746.3231	5679
748.7476	5665
751.1713	5715
753.5945	5782
756.015	5633
758.4368	5813
760.856	5746
763.2766	5689
765.6965	5801
768.1157	5805
770.5323	5821
772.9483	5785
775.3656	5877
777.7822	5788
780.1963	5726
782.6116	5836
785.0244	5802
787.4365	5774
789.8499	5794
792.2626	5807
794.6728	5819
797.0823	5736
799.4911	5765
801.8994	5837
804.3109	5824
806.7178	5864
809.124	5795
811.5297	5986
813.9347	5924
816.341	5842
818.7447	5898
821.1478	5913
823.5502	5992
825.952	5854
828.3531	5809
830.7556	5926
833.1554	5887
835.5546	5980
837.9532	5819
840.3511	5893
842.7504	5941
845.1451	6049
847.5411	5976
849.9365	6064
852.3312	6044
854.7272	6096
857.1187	6023
859.5115	5983
861.9037	6007
864.2952	6080
866.6842	6114
869.0764	5956
871.4661	6050
873.8531	6124
876.2415	6001
878.6272	6117
881.0162	5983
883.4026	5987
885.7866	5814
888.1717	5971
890.5543	5963
892.9382	5971
895.3215	5933
897.7041	5973
900.0842	5925
902.4655	5965
904.8443	6112
907.2244	5966
909.6039	6046
911.9808	6017
914.357	6115
916.7346	6219
919.1115	6217
921.4859	6203
923.8616	6375
926.2347	6337
928.6071	6381
930.979	6284
933.3541	6398
935.7247	6449
938.0946	6402
940.4639	6582
942.8326	6546
945.2026	6674
947.5701	6844
949.9369	7007
952.305	7342
954.6705	7653
957.0355	7911
959.4017	8307
961.7654	8377
964.1284	8292
966.4908	8087
968.8527	7725
971.2138	7389
973.5743	6994
975.9343	6721
978.2936	6536
980.6522	6441
983.0122	6337
985.3696	6297
987.7245	6242
990.0807	6212
992.4362	6162
994.7911	6300
997.1474	6134
999.4991	6183
1001.852	6318
1004.205	6298
1006.555	6334
1008.908	6266
1011.258	6279
1013.606	6299
1015.956	6302
1018.302	6385
1020.652	6223
1022.998	6324
1025.345	6283
1027.691	6331
1030.035	6254
1032.378	6376
1034.724	6410
1037.066	6346
1039.409	6453
1041.75	6384
1044.092	6261
1046.433	6384
1048.771	6315
1051.112	6325
1053.449	6344
1055.786	6379
1058.124	6421
1060.462	6394
1062.797	6540
1065.131	6361
1067.467	6578
1069.8	6559
1072.135	6626
1074.467	6542
1076.798	6526
1079.129	6408
1081.459	6467
1083.792	6448
1086.121	6472
1088.449	6427
1090.777	6344
1093.104	6331
1095.431	6387
1097.759	6331
1100.084	6407
1102.408	6487
1104.732	6347
1107.056	6382
1109.379	6342
1111.701	6331
1114.022	6322
1116.343	6324
1118.664	6362
1120.983	6433
1123.303	6376
1125.621	6273
1127.939	6381
1130.256	6168
1132.573	6339
1134.889	6419
1137.205	6343
1139.52	6301
1141.832	6361
1144.146	6359
1146.461	6335
1148.771	6331
1151.083	6269
1153.392	6370
1155.703	6326
1158.011	6293
1160.323	6274
1162.629	6471
1164.938	6241
1167.243	6354
1169.55	6350
1171.857	6393
1174.163	6484
1176.466	6370
1178.769	6272
1181.073	6431
1183.374	6366
1185.677	6235
1187.979	6389
1190.279	6286
1192.578	6360
1194.878	6418
1197.178	6417
1199.476	6295
1201.772	6342
1204.068	6390
1206.366	6480
1208.663	6373
1210.957	6366
1213.251	6491
1215.544	6318
1217.836	6457
1220.128	6467
1222.421	6455
1224.712	6464
1227.002	6406
1229.292	6438
1231.581	6496
1233.871	6517
1236.159	6563
1238.446	6446
1240.732	6558
1243.018	6506
1245.304	6624
1247.59	6604
1249.874	6635
1252.156	6596
1254.439	6592
1256.721	6620
1259.005	6591
1261.286	6618
1263.565	6582
1265.845	6550
1268.125	6580
1270.403	6677
1272.682	6535
1274.959	6677
1277.234	6591
1279.511	6636
1281.787	6533
1284.062	6503
1286.337	6537
1288.609	6497
1290.882	6572
1293.153	6525
1295.428	6523
1297.698	6574
1299.969	6383
1302.237	6458
1304.507	6408
1306.777	6526
1309.044	6536
1311.312	6433
1313.578	6451
1315.844	6576
1318.109	6480
1320.375	6389
1322.638	6507
1324.903	6424
1327.165	6328
1329.427	6533
1331.69	6501
1333.952	6426
1336.212	6403
1338.471	6489
1340.73	6527
1342.988	6458
1345.248	6566
1347.505	6478
1349.763	6415
1352.019	6528
1354.274	6387
1356.53	6524
1358.784	6421
1361.038	6476
1363.291	6410
1365.543	6495
1367.797	6535
1370.048	6385
1372.296	6461
1374.546	6461
1376.796	6511
1379.045	6475
1381.295	6638
1383.542	6543
1385.787	6540
1388.034	6611
1390.28	6516
1392.527	6688
1394.772	6581
1397.014	6579
1399.258	6533
1401.501	6611
1403.741	6714
1405.985	6601
1408.226	6618
1410.465	6635
1412.705	6638
1414.943	6635
1417.184	6674
1419.42	6711
1421.658	6754
1423.894	6680
1426.13	6677
1428.366	6603
1430.602	6715
1432.835	6721
1435.069	6780
1437.301	6783
1439.535	6718
1441.767	6903
1443.997	6820
1446.229	6880
1448.458	6949
1450.687	6865
1452.916	6905
1455.146	6898
1457.372	6813
1459.599	6935
1461.824	6817
1464.051	6764
1466.277	6802
1468.501	6809
1470.725	6794
1472.948	6646
1475.17	6680
1477.393	6702
1479.614	6698
1481.837	6520
1484.057	6591
1486.276	6492
1488.497	6393
1490.715	6555
1492.932	6537
1495.148	6547
1497.364	6547
1499.58	6471
1501.798	6460
1504.012	6493
1506.227	6388
1508.44	6425
1510.653	6470
1512.866	6555
1515.078	6399
1517.289	6532
1519.5	6438
1521.711	6385
1523.92	6482
1526.13	6346
1528.338	6540
1530.544	6511
1532.752	6470
1534.959	6514
1537.165	6469
1539.371	6324
1541.574	6473
1543.779	6456
1545.983	6381
1548.187	6483
1550.39	6512
1552.59	6520
1554.792	6577
1556.991	6530
1559.19	6600
1561.392	6613
1563.59	6588
1565.789	6524
1567.986	6694
1570.182	6611
1572.381	6535
1574.576	6649
1576.771	6645
1578.966	6484
1581.16	6650
1583.354	6653
1585.546	6729
1587.74	6693
1589.931	6689
1592.121	6595
1594.311	6699
1596.502	6612
1598.693	6794
1600.881	6686
1603.069	6714
1605.256	6762
1607.445	6680
1609.631	6633
1611.816	6735
1614.001	6645
1616.186	6792
1618.37	6675
1620.555	6653
1622.737	6842
1624.919	6775
1627.101	6737
1629.282	6905
1631.463	6877
1633.643	6730
1635.822	6835
1638.001	6831
1640.179	6757
1642.359	6755
1644.534	6797
1646.711	6819
1648.887	6786
1651.062	6785
1653.235	6854
1655.412	6836
1657.586	6859
1659.757	6900
1661.93	6839
1664.1	6851
1666.274	6888
1668.445	6920
1670.614	6742
1672.784	7079
1674.951	7005
1677.12	6811
1679.289	6924
1681.457	6825
1683.622	6844
1685.789	6902
1687.953	6852
1690.121	6725
1692.284	6789
1694.447	6824
1696.611	6759
1698.772	6629
1700.935	6680
1703.098	6686
1705.258	6648
1707.417	6682
1709.576	6654
1711.736	6585
1713.896	6609
1716.053	6644
1718.21	6556
1720.366	6623
1722.522	6523
1724.68	6598
1726.835	6641
1728.989	6589
1731.142	6487
1733.295	6604
1735.449	6537
1737.601	6508
1739.753	6638
1741.903	6601
1744.054	6653
1746.203	6639
1748.354	6633
1750.503	6643
1752.651	6651
1754.798	6616
1756.944	6688
1759.092	6629
1761.238	6636
1763.383	6644
1765.528	6788
1767.672	6586
1769.814	6651
1771.959	6645
1774.102	6574
1776.242	6712
1778.384	6654
1780.525	6657
1782.665	6657
1784.805	6662
1786.945	6754
1789.082	6721
1791.22	6593
1793.36	6733
1795.495	6691
1797.632	6737
1799.766	6705
1801.902	6673
1804.035	6582
1806.172	6600
1808.304	6776
1810.436	6679
1812.569	6635
1814.699	6743
1816.833	6615
1818.963	6522
1821.092	6697
1823.222	6487
1825.35	6537
1827.478	6705
1829.608	6614
1831.734	6652
1833.86	6658
1835.986	6523
1838.11	6618
1840.238	6594
1842.362	6602
1844.485	6567
1846.608	6662
1848.73	6515
1850.853	6573
1852.974	6495
1855.097	6481
1857.217	6530
1859.336	6575
1861.455	6597
1863.576	6571
1865.693	6646
1867.811	6535
1869.926	6663
1872.042	6596
1874.16	6568
1876.275	6432
1878.39	6672
1880.504	6591
1882.618	6550
1884.731	6539
1886.843	6671
1888.956	6538
1891.067	6680
1893.178	6662
1895.287	6522
1897.399	6646
1899.508	6646
1901.617	6638
1903.724	6681
1905.832	6717
1907.941	6614
1910.046	6681
1912.152	6585
1914.256	6711
1916.361	6728
1918.464	6685
1920.57	6607
1922.672	6749
1924.775	6606
1926.876	6736
1928.978	6702
1931.08	6644
1933.181	6696
1935.28	6797
1937.38	6701
1939.478	6747
1941.577	6746
1943.675	6792
1945.771	6632
1947.867	6754
1949.964	6662
1952.058	6647
1954.154	6685
1956.248	6796
1958.343	6753
1960.435	6542
1962.527	6761
1964.62	6713
1966.711	6670
1968.802	6822
1970.892	6655
1972.983	6679
1975.072	6682
1977.162	6667
1979.25	6617
1981.337	6598
1983.424	6554
1985.51	6625
1987.598	6635
1989.683	6654
1991.768	6712
1993.852	6527
1995.934	6619
1998.019	6517
2000.102	6612
2002.184	6472
2004.266	6690
2006.347	6662
2008.427	6620
2010.508	6687
2012.587	6520
2014.666	6671
2016.745	6619
2018.821	6627
2020.9	6531
2022.977	6642
2025.052	6618
2027.128	6542
2029.204	6689
2031.277	6648
2033.353	6607
2035.425	6687
2037.499	6648
2039.57	6602
2041.642	6593
2043.714	6579
2045.786	6552
2047.855	6670
2049.925	6618
2051.993	6557
2054.064	6542
2056.132	6688
2058.2	6682
2060.266	6577
2062.332	6542
2064.398	6580
2066.465	6531
2068.529	6578
2070.592	6552
2072.657	6534
2074.719	6587
2076.783	6628
2078.845	6599
2080.907	6678
2082.968	6590
2085.028	6638
2087.087	6624
2089.148	6552
2091.207	6631
2093.264	6646
2095.322	6584
2097.379	6670
2099.439	6668
2101.495	6528
2103.55	6494
2105.605	6651
2107.658	6525
2109.713	6672
2111.767	6604
2113.82	6634
2115.872	6536
2117.924	6566
2119.975	6592
2122.028	6436
2124.078	6502
2126.126	6475
2128.176	6556
2130.225	6538
2132.275	6489
2134.321	6605
2136.368	6695
2138.415	6653
2140.461	6451
2142.505	6539
2144.552	6635
2146.597	6464
2148.64	6483
2150.684	6480
2152.725	6600
2154.77	6451
2156.811	6472
2158.852	6498
2160.894	6534
2162.933	6508
2164.973	6530
2167.013	6585
2169.051	6494
2171.089	6443
2173.126	6491
2175.164	6475
2177.201	6467
2179.236	6324
2181.273	6539
2183.307	6520
2185.341	6406
2187.377	6356
2189.41	6451
2191.442	6520
2193.473	6422
2195.506	6531
2197.539	6547
2199.569	6441
2201.598	6508
2203.628	6394
2205.656	6316
2207.686	6351
2209.716	6467
2211.743	6415
2213.769	6347
2215.796	6304
2217.821	6396
2219.848	6422
2221.873	6423
2223.897	6403
2225.921	6465
2227.944	6427
2229.967	6378
2231.991	6263
2234.011	6322
2236.032	6397
2238.053	6466
2240.073	6407
2242.094	6281
2244.114	6437
2246.131	6371
2248.149	6444
2250.167	6332
2252.186	6328
2254.201	6381
2256.218	6383
2258.233	6417
2260.247	6310
2262.262	6371
2264.278	6419
2266.29	6342
2268.303	6457
2270.315	6314
2272.327	6394
2274.341	6358
2276.35	6349
2278.361	6415
2280.37	6342
2282.38	6396
2284.388	6389
2286.397	6439
2288.405	6351
2290.412	6401
2292.419	6360
2294.425	6469
2296.431	6288
2298.437	6294
2300.441	6465
2302.445	6348
2304.449	6232
2306.453	6355
2308.455	6308
2310.457	6364
2312.459	6381
2314.46	6317
2316.46	6286
2318.461	6360
2320.46	6300
2322.458	6386
2324.458	6357
2326.456	6326
2328.455	6277
2330.451	6204
2332.447	6302
2334.443	6357
2336.438	6298
2338.433	6255
2340.429	6252
2342.422	6306
2344.416	6294
2346.408	6175
2348.399	6139
2350.393	6276
2352.384	6335
2354.375	6377
2356.365	6139
2358.355	6216
2360.344	6207
2362.333	6225
2364.322	6198
2366.309	6183
2368.295	6156
2370.282	6210
2372.27	6213
2374.256	6249
2376.24	6105
2378.225	6196
2380.208	6164
2382.194	6235
2384.177	6150
2386.159	6142
2388.142	6159
2390.122	6140
2392.105	6148
2394.085	6106
2396.066	6184
2398.044	6098
2400.024	6155
2402.002	6032
2403.982	6188
2405.959	6161
2407.935	6203
2409.913	6117
2411.888	6031
2413.865	6090
2415.84	6094
2417.814	6162
2419.788	6100
2421.762	6098
2423.735	6147
2425.708	6086
2427.68	6035
2429.651	6120
2431.623	6102
2433.593	6144
2435.564	6052
2437.533	6090
2439.502	6167
2441.47	6050
2443.438	6082
2445.406	6096
2447.373	6045
2449.34	6162
2451.305	6007
2453.271	6105
2455.235	6022
2457.201	6137
2459.165	6088
2461.129	6128
2463.092	6055
2465.054	6118
2467.018	6004
2468.978	6081
2470.939	6080
2472.899	6083
2474.86	6037
2476.819	5996
2478.778	6017
2480.737	6067
2482.695	6033
2484.653	6049
2486.609	5974
2488.567	6075
2490.524	6077
2492.478	5935
2494.433	5961
2496.387	5933
2498.343	5989
2500.297	6024
2502.249	5959
2504.202	6034
2506.153	5892
2508.105	6003
2510.057	5826
2512.008	6023
2513.957	5967
2515.906	5918
2517.855	6071
2519.805	5989
2521.754	5888
2523.7	6129
2525.647	5982
2527.594	5924
2529.54	5939
2531.486	5882
2533.431	5983
2535.376	5925
2537.32	5965
2539.263	5769
2541.207	5919
2543.151	5883
2545.093	5987
2547.034	6048
2548.975	5999
2550.917	5893
2552.856	6011
2554.796	6074
2556.735	5932
2558.673	5863
2560.611	5892
2562.55	5941
2564.487	5974
2566.424	5932
2568.36	5967
2570.296	5931
2572.232	5889
2574.167	5902
2576.101	5844
2578.035	5960
2579.969	5948
2581.902	5997
2583.834	5922
2585.766	6027
2587.698	6000
2589.628	5970
2591.557	5859
2593.489	5900
2595.419	5906
2597.348	5861
2599.275	6003
2601.204	5857
2603.131	5905
2605.059	5936
2606.986	6045
2608.911	5961
2610.837	5978
2612.76	5955
2614.687	5990
2616.61	5940
2618.534	5962
2620.457	5966
2622.38	5926
2624.302	5909
2626.225	5904
2628.145	5970
2630.067	5923
2631.986	5885
2633.906	5857
2635.827	5886
2637.745	5944
2639.662	6160
2641.581	5931
2643.498	5969
2645.415	5851
2647.331	5868
2649.248	5883
2651.163	6032
2653.077	5880
2654.993	5923
2656.906	5913
2658.821	5981
2660.733	5868
2662.646	5880
2664.557	5901
2666.47	5855
2668.381	5922
2670.291	5846
2672.201	5902
2674.11	5778
2676.021	5951
2677.929	5895
2679.837	5945
2681.745	5955
2683.652	5835
2685.56	5822
2687.466	5762
2689.371	5903
2691.276	5879
2693.181	5924
2695.085	5767
2696.991	5922
2698.893	5889
2700.796	5878
2702.698	5741
2704.601	5779
2706.502	5918
2708.404	5801
2710.304	5895
2712.203	5817
2714.103	5781
2716.003	5726
2717.902	5848
2719.8	5837
2721.697	5797
2723.594	5808
2725.49	5798
2727.389	5849
2729.283	5717
2731.179	5785
2733.073	5832
2734.968	5736
2736.863	5770
2738.757	5831
2740.649	5781
2742.541	5763
2744.433	5811
2746.324	5752
2748.216	5725
2750.107	5721
2751.997	5805
2753.886	5732
2755.776	5673
2757.666	5752
2759.553	5688
2761.44	5690
2763.327	5717
2765.215	5783
2767.102	5696
2768.988	5716
2770.873	5773
2772.757	5688
2774.641	5651
2776.525	5725
2778.41	5869
2780.292	5703
2782.175	5751
2784.057	5847
2785.938	5616
2787.821	5749
2789.701	5739
2791.581	5747
2793.461	5790
2795.34	5632
2797.219	5549
2799.099	5703
2800.975	5605
2802.853	5578
2804.73	5529
2806.606	5612
2808.484	5690
2810.358	5588
2812.233	5675
2814.108	5611
2815.981	5848
2817.857	5585
2819.73	5647
2821.602	5774
2823.474	5666
2825.346	5687
2827.217	5682
2829.089	5596
2830.959	5702
2832.829	5663
2834.698	5604
2836.567	5775
2838.436	5731
2840.305	5684
2842.172	5680
2844.04	5666
2845.905	5793
2847.772	5714
2849.639	5819
2851.503	5672
2853.369	5752
2855.232	5737
2857.096	5746
2858.961	5704
2860.824	5759
2862.686	5784
2864.547	5882
2866.41	5906
2868.272	5855
2870.132	5909
2871.992	5939
2873.851	6023
2875.711	6127
2877.57	6163
2879.429	6172
2881.287	6131
2883.144	6257
2885.001	6306
2886.857	6291
2888.714	6214
2890.57	6298
2892.425	6296
2894.279	6211
2896.133	6266
2897.987	6327
2899.842	6266
2901.694	6196
2903.547	6168
2905.397	6123
2907.249	6297
2909.101	6221
2910.952	6187
2912.802	6231
2914.652	6372
2916.5	6389
2918.35	6487
2920.198	6498
2922.045	6598
2923.893	6590
2925.74	6703
2927.585	6805
2929.433	6723
2931.279	6838
2933.123	6951
2934.968	7020
2936.811	7059
2938.656	6997
2940.5	6991
2942.342	7167
2944.185	7164
2946.026	7213
2947.87	7254
2949.71	7181
2951.549	6996
2953.39	7153
2955.229	7076
2957.069	6899
2958.908	6868
2960.746	6969
2962.584	6590
2964.421	6696
2966.257	6649
2968.094	6575
2969.931	6541
2971.766	6523
2973.601	6454
2975.435	6404
2977.27	6492
2979.105	6345
2980.938	6568
2982.77	6434
2984.602	6298
2986.434	6266
2988.267	6343
2990.097	6300
2991.927	6318
2993.757	6165
2995.587	6160
2997.417	6076
2999.246	6061
3001.074	5922
3002.902	6046
3004.729	5908
3006.556	5833
3008.384	5721
3010.21	5720
3012.036	5728
3013.861	5562
3015.684	5605
3017.51	5556
3019.334	5560
3021.157	5529
3022.981	5413
3024.802	5437
3026.624	5446
3028.448	5404
3030.267	5505
3032.088	5519
3033.909	5433
3035.728	5346
3037.549	5367
3039.368	5341
3041.186	5399
3043.004	5362
3044.821	5389
3046.64	5365
3048.455	5357
3050.272	5352
3052.087	5322
3053.903	5288
3055.717	5273
3057.534	5478
3059.347	5196
3061.16	5446
3062.974	5303
3064.785	5359
3066.598	5356
3068.411	5352
3070.222	5297
3072.032	5262
3073.844	5386
3075.653	5350
3077.463	5252
3079.272	5186
3081.08	5241
3082.889	5243
3084.697	5220
3086.505	5126
3088.312	5238
3090.118	5194
3091.924	5274
3093.729	5201
3095.535	5165
3097.34	5153
3099.144	5123
3100.947	5224
3102.75	5148
3104.553	5110
3106.357	5177
3108.159	5124
3109.961	5177
3111.762	5034
3113.562	5233
3115.365	5103
3117.164	5096
3118.964	5117
3120.761	5054
3122.56	5053
3124.36	4964
3126.158	5089
3127.954	5151
3129.75	5084
3131.547	5050
3133.343	5030
3135.139	5136
3136.934	5009
3138.729	5092
3140.522	5061
3142.317	5042
3144.11	5052
3145.904	5016
3147.695	5026
3149.488	5055
3151.28	4966
3153.07	5029
3154.863	4973
3156.652	5068
3158.441	5052
3160.231	4904
3162.019	4961
3163.81	5003
3165.597	4995
3167.384	4944
3169.172	4967
3170.958	5000
3172.745	4962
3174.532	5072
3176.317	5067
3178.101	4989
3179.885	4948
3181.67	4959
3183.455	4949
3185.238	4983
3187.02	4960
3188.802	5001
3190.585	5029
3192.368	4949
3194.149	4895
3195.929	4924
3197.709	4944
3199.489	5027
3201.268	4899
3203.048	4956
3204.826	4999
3206.604	4921
3208.382	4999
3210.159	4946
3211.937	4951
3213.713	4966
3215.489	4947
3217.263	4970
3219.038	4966
3220.815	5006
3222.589	4959
3224.363	4896
3226.136	4968
3227.908	4933
3229.681	5001
3231.454	5044
3233.226	4918
3234.996	4911
3236.767	4995
3238.538	4976
3240.308	4998
3242.078	4985
3243.847	4932
3245.615	5015
3247.384	5060
3249.15	4938
3250.92	4972
3252.686	4910
3254.453	4872
3256.218	4829
3257.984	4950
3259.75	4893
3261.515	4931
3263.279	4866
3265.044	4884
3266.806	4922
3268.57	4919
3270.334	5017
3272.095	5052
3273.856	4876
3275.619	4890
3277.379	4952
3279.14	4953
3280.9	4878
3282.661	4930
3284.419	4940
3286.178	4918
3287.937	4925
3289.695	4892
3291.453	4939
3293.21	4960
3294.967	4996
3296.723	4914
3298.48	4927
3300.235	4918
3301.99	4977
3303.744	4889
3305.498	4925
3307.253	4933
3309.006	4879
3310.759	4918
3312.511	4885
3314.263	4958
3316.017	4891
3317.768	4978
3319.519	4903
3321.268	4880
3323.018	4954
3324.767	5003
3326.518	4941
3328.267	4887
3330.014	4991
3331.762	4955
3333.509	4959
3335.258	4944
3337.003	4966
3338.75	4908
3340.496	4963
3342.24	4927
3343.987	4851
3345.732	4884
3347.475	4960
3349.219	4859
3350.961	4884
3352.705	4840
3354.448	4880
3356.19	4847
3357.931	4914
3359.672	4811
3361.412	4783
3363.155	4850
3364.894	4845
3366.633	4809
3368.372	4805
3370.11	4900
3371.849	4854
3373.588	4823
3375.325	4840
3377.061	4769
3378.799	4787
3380.534	4664
3382.271	4821
3384.006	4729
3385.741	4738
3387.475	4690
3389.209	4827
3390.944	4766
3392.677	4673
3394.409	4741
3396.143	4771
3397.874	4767
3399.606	4829
3401.338	4595
3403.069	4736
3404.799	4717
3406.528	4657
3408.258	4708
3409.988	4767
3411.717	4764
3413.445	4784
3415.173	4736
3416.899	4728
3418.626	4682
3420.354	4696
3422.08	4674
3423.806	4611
3425.531	4709
3427.255	4705
3428.981	4656
3430.705	4624
3432.429	4567
3434.151	4552
3435.875	4617
3437.599	4633
3439.321	4581
3441.042	4609
3442.763	4640
3444.483	4586
3446.204	4650
3447.926	4532
3449.645	4625
3451.364	4530
3453.082	4604
3454.801	4603
3456.52	4562
3458.238	4534
3459.954	4497
3461.671	4520
3463.387	4560
3465.104	4443
3466.82	4550
3468.534	4497
3470.25	4463
3471.963	4446
3473.676	4526
3475.392	4461
3477.104	4441
3478.817	4459
3480.528	4465
3482.241	4422
3483.954	4404
3485.664	4491
3487.374	4431
3489.084	4413
3490.795	4454
3492.504	4442
3494.214	4414
3495.922	4417
3497.63	4405
3499.338	4462
3501.045	4501
3502.753	4303
3504.459	4382
3506.166	4338
3507.871	4402
3509.576	4460
3511.283	4427
3512.987	4421
3514.691	4364
3516.395	4304
3518.098	4366
3519.8	4356
3521.504	4283
3523.206	4301
3524.908	4304
3526.609	4297
3528.309	4301
3530.011	4303
3531.711	4329
3533.411	4274
3535.109	4257
3536.808	4218
3538.507	4302
3540.206	4312
3541.904	4223
3543.601	4256
3545.297	4225
3546.994	4131
3548.69	4293
3550.387	4341
3552.081	4260
3553.776	4257
3555.47	4302
3557.166	4203
3558.859	4172
3560.553	4122
3562.245	4137
3563.938	4201
3565.629	4188
3567.322	4252
3569.014	4212
3570.704	4088
3572.394	4155
3574.084	4206
3575.775	4275
3577.464	4228
3579.152	4133
3580.842	4077
3582.529	4107
3584.216	4202
3585.905	4091
3587.591	4119
3589.279	4097
3590.964	4131
3592.649	4003
3594.336	4011
3596.021	4108
3597.705	4046
3599.388	4097
3601.072	4029
3602.757	4033
3604.439	4039
3606.122	4039
3607.803	4123
3609.485	3977
3611.167	3934
3612.849	3966
3614.529	3970
3616.208	3925
3617.888	3965
3619.567	3985
3621.247	3929
3622.926	3984
3624.603	3959
3626.281	3976
3627.958	3916
3629.635	3991
3631.312	3924
3632.989	3860
3634.665	3877
3636.339	3913
3638.014	3850
3639.691	3822
3641.364	3925
3643.038	3872
3644.71	3839
3646.384	3918
3648.058	3847
3649.729	3841
3651.402	3902
3653.073	3786
3654.744	3896
3656.414	3826
3658.085	3873
3659.755	3778
3661.424	3850
3663.094	3817
3664.762	3761
3666.431	3853
3668.099	3810
3669.766	3775
3671.433	3756
3673.099	3799
3674.768	3779
3676.433	3819
3678.098	3785
3679.763	3863
3681.428	3764
3683.093	3736
3684.757	3727
3686.421	3729
3688.083	3708
3689.746	3726
3691.408	3720
3693.071	3701
3694.733	3773
3696.394	3723
3698.054	3719
3699.715	3761
3701.375	3699
3703.036	3721
3704.695	3714
3706.354	3757
3708.012	3734
3709.67	3681
3711.329	3709
3712.987	3693
3714.644	3689
3716.299	3725
3717.955	3731
3719.613	3716
3721.268	3765
3722.923	3792
3724.577	3646
3726.231	3747
3727.885	3736
3729.539	3685
3731.192	3625
3732.845	3700
3734.497	3669
3736.149	3712
3737.802	3707
3739.453	3643
3741.104	3578
3742.753	3668
3744.404	3633
3746.052	3694
3747.704	3704
3749.352	3612
3751	3650
3752.648	3637
3754.296	3691
3755.944	3598
3757.59	3614
3759.238	3540
3760.883	3639
3762.528	3572
3764.176	3607
3765.82	3562
3767.464	3602
3769.109	3469
3770.753	3657
3772.396	3594
3774.04	3554
3775.683	3542
3777.325	3547
3778.967	3513
3780.608	3612
3782.25	3575
3783.89	3527
3785.531	3465
3787.17	3543
3788.81	3564
3790.45	3590
3792.09	3522
3793.729	3492
3795.366	3539
3797.003	3519
3798.64	3642
3800.278	3526
3801.915	3462
3803.551	3467
3805.187	3570
3806.822	3513
3808.458	3447
3810.093	3485
3811.726	3461
3813.36	3483
3814.994	3446
3816.627	3404
3818.262	3477
3819.893	3515
3821.525	3400
3823.157	3500
3824.787	3455
3826.42	3495
3828.051	3491
3829.68	3416
3831.31	3493
3832.938	3457
3834.569	3497
3836.198	3464
3837.825	3422
3839.454	3438
3841.08	3430
3842.708	3452
3844.335	3408
3845.962	3363
3847.587	3406
3849.212	3394
3850.838	3396
3852.463	3391
3854.089	3437
3855.712	3353
3857.335	3374
3858.959	3389
3860.582	3343
3862.205	3366
3863.827	3373
3865.449	3381
3867.07	3412
3868.691	3427
3870.312	3298
3871.933	3393
3873.553	3381
3875.173	3333
3876.792	3335
3878.411	3361
3880.03	3294
3881.647	3376
3883.265	3426
3884.882	3477
3886.499	3346
3888.116	3405
3889.732	3304
3891.348	3325
3892.964	3313
3894.579	3315
3896.195	3293
3897.809	3375
3899.423	3334
3901.036	3377
3902.648	3310
3904.261	3318
3905.875	3345
3907.487	3285
3909.099	3389
3910.709	3290
3912.321	3285
3913.933	3266
3915.542	3298
3917.152	3339
3918.762	3165
3920.37	3321
3921.98	3333
3923.589	3252
3925.196	3323
3926.804	3277
3928.41	3259
3930.018	3255
3931.626	3270
3933.231	3315
3934.838	3243
3936.442	3266
3938.046	3167
3939.653	3298
3941.257	3281
3942.861	3305
3944.464	3211
3946.068	3385
3947.67	3304
3949.273	3253
3950.876	3242
3952.477	3240
3954.078	3218
3955.678	3184
3957.281	3304
3958.881	3220
3960.48	3297
3962.079	3227
3963.678	3260
3965.279	3246
3966.877	3169
3968.475	3173
3970.072	3198
3971.669	3300
3973.266	3238
3974.864	3223
3976.459	3223
3978.055	3149
3979.65	3127
3981.245	3201
3982.841	3161
3984.436	3158
3986.03	3120
3987.623	3221
3989.216	3192
3990.809	3141
3992.403	3130
3993.995	3150
3995.586	3108
3997.177	3176
3998.768	3119
4000.361	3067
4001.951	3162
4003.54	3155
4005.13	3099
4006.719	3134
4008.31	3083
4009.897	3113
4011.485	3092
4013.073	3065
4014.66	3119
4016.247	3123
4017.834	3050
4019.421	3065
4021.006	3079
4022.592	3092
4024.178	3043
4025.763	3114
4027.348	3047
4028.932	2957
4030.515	3114
4032.099	3019
4033.682	3018
4035.266	3100
4036.847	3094
4038.429	3001
4040.011	2988
4041.592	3028
4043.173	3026
4044.755	2958
4046.334	3020
4047.913	3013
4049.494	2995
4051.074	3004
4052.652	3037
4054.23	3052
4055.807	2971
4057.385	3044
4058.963	2951
4060.541	3074
4062.117	2956
4063.693	2981
4065.269	3016
4066.844	2941
4068.42	2974
4069.995	2999
4071.569	2901
4073.143	3011
4074.716	2933
4076.291	2945
4077.864	2958
4079.436	3010
4081.009	2950
4082.58	3010
4084.152	2964
4085.723	2956
4087.294	2969
4088.865	2971
4090.435	2945
4092.005	2934
4093.574	2909
4095.143	2930
4096.712	2892
4098.279	2928
4099.848	2889
4101.416	2941
4102.984	2880
4104.55	2924
4106.117	2959
4107.682	2913
4109.248	2888
4110.815	2857
4112.379	2934
4113.945	2906
4115.508	2821
4117.073	2920
4118.637	2894
4120.201	2852
4121.763	2904
4123.325	2875
4124.888	2897
4126.449	2844
4128.013	2893
4129.573	2834
4131.133	2910
4132.694	2856
4134.254	2817
4135.814	2885
4137.374	2757
4138.933	2874
4140.491	2876
4142.049	2771
4143.607	2780
4145.167	2782
4146.724	2840
4148.28	2908
4149.836	2790
4151.392	2824
4152.949	2803
4154.504	2790
4156.059	2849
4157.614	2776
4159.168	2824
4160.723	2839
4162.277	2732
4163.83	2850
4165.383	2738
4166.936	2767
4168.488	2788
4170.041	2711
4171.593	2822
4173.144	2799
4174.695	2729
4176.246	2752
4177.796	2708
4179.346	2732
4180.896	2709
4182.445	2686
4183.994	2732
4185.542	2737
4187.091	2683
4188.639	2740
4190.185	2736
4191.732	2689
4193.279	2730
4194.826	2679
4196.373	2686
4197.918	2675
4199.463	2638
4201.008	2680
4202.553	2672
4204.098	2649
4205.641	2675
4207.185	2691
4208.728	2724
4210.271	2671
4211.814	2653
4213.357	2643
4214.898	2690
4216.439	2639
4217.98	2659
4219.522	2680
4221.062	2636
4222.603	2651
4224.142	2624
4225.681	2687
4227.222	2707
4228.76	2655
4230.298	2698
4231.835	2695
4233.373	2649
4234.911	2625
4236.449	2650
4237.985	2700
4239.521	2621
4241.057	2671
4242.592	2612
4244.128	2686
4245.663	2649
4247.197	2721
4248.731	2631
4250.265	2649
4251.798	2649
4253.333	2586
4254.865	2676
4256.397	2633
4257.93	2586
4259.461	2634
4260.994	2653
4262.525	2693
4264.056	2651
4265.586	2669
4267.115	2610
4268.646	2606
4270.176	2633
4271.705	2551
4273.232	2604
4274.761	2576
4276.289	2663
4277.818	2568
4279.345	2569
4280.872	2599
4282.399	2586
4283.924	2605
4285.452	2592
4286.976	2538
4288.502	2505
4290.026	2595
4291.551	2543
4293.074	2541
4294.6	2618
4296.123	2553
4297.646	2600
4299.168	2500
4300.691	2538
4302.214	2580
4303.736	2500
4305.257	2516
4306.778	2539
4308.299	2552
4309.82	2499
4311.34	2516
4312.86	2536
4314.379	2490
