400.0745	5069
402.597	5090
405.1208	5092
407.6419	5085
410.1623	5172
412.6819	5143
415.201	5257
417.7172	5255
420.2369	5235
422.7538	5311
425.2701	5412
427.7856	5344
430.3005	5484
432.8147	5518
435.3282	5505
437.841	5527
440.3511	5484
442.8625	5496
445.3753	5469
447.8854	5504
450.3927	5443
452.9014	5391
455.4073	5384
457.9146	5478
460.4233	5532
462.9272	5485
465.4325	5537
467.935	5531
470.4389	5599
472.9421	5491
475.4446	5499
477.9444	5500
480.4456	5482
482.944	5510
485.4417	5402
487.9429	5436
490.4393	5575
492.935	5609
495.4321	5590
497.9264	5630
500.4221	5581
502.9171	5685
505.4094	5616
507.9011	5730
510.392	5634
512.8864	5695
515.3759	5723
517.8649	5636
520.3531	5654
522.8406	5733
525.3275	5759
527.8178	5726
530.3033	5657
532.7881	5708
535.2723	5702
537.7558	5700
540.2407	5796
542.7228	5739
545.2043	5799
547.6851	5773
550.1652	5868
552.6467	5690
555.1255	5775
557.6016	5707
560.079	5828
562.5557	5815
565.0318	5779
567.5092	5837
569.984	5837
572.456	5961
574.9294	6010
577.4022	5964
579.8762	5991
582.3456	6142
584.8163	5947
587.2863	5969
589.7557	5972
592.2224	5989
594.6924	6070
597.1578	6038
599.6245	5942
602.0905	5963
604.5538	5890
607.0206	5929
609.4825	6012
611.9459	5966
614.4066	5947
616.8686	6055
619.33	5833
621.7906	6023
624.2487	5885
626.708	5989
629.1647	5954
631.6207	6012
634.0801	5896
636.5348	5970
638.9888	6028
641.4442	5881
643.8969	5896
646.3509	5919
648.8022	6033
651.255	6019
653.705	5948
656.1544	6009
658.6031	6101
661.0532	5995
663.5026	6018
665.9493	6013
668.3954	6016
670.8409	5998
673.2877	6058
675.7318	6157
678.1752	6055
680.618	6105
683.0601	6097
685.5035	6112
687.9444	6062
690.3845	6086
692.824	6041
695.2628	6058
697.701	6269
700.1406	6123
702.5774	6163
705.0116	6166
707.4472	6223
709.8821	6219
712.3183	6211
714.7519	6283
717.1829	6188
719.6151	6257
722.0468	6202
724.4777	6182
726.908	6360
729.3377	6254
731.7667	6249
734.1931	6337
736.6208	6401
739.0498	6386
741.4742	6384
743.9	6466
746.3231	6354
748.7476	6464
751.1713	6418
753.5945	6567
756.015	6513
758.4368	6545
760.856	6673
763.2766	6598
765.6965	6599
768.1157	6538
770.5323	6640
772.9483	6605
775.3656	6708
777.7822	6570
780.1963	6647
782.6116	6580
785.0244	6642
787.4365	6621
789.8499	6673
792.2626	6645
794.6728	6623
797.0823	6633
799.4911	6625
801.8994	6736
804.3109	6663
806.7178	6730
809.124	6637
811.5297	6707
813.9347	6756
816.341	6769
818.7447	6710
821.1478	6709
823.5502	6738
825.952	6696
828.3531	6761
830.7556	6569
833.1554	6618
835.5546	6627
837.9532	6816
840.3511	6787
842.7504	6816
845.1451	6767
847.5411	6849
849.9365	6967
852.3312	6940
854.7272	6836
857.1187	6921
859.5115	6926
861.9037	6836
864.2952	6782
866.6842	6868
869.0764	6922
871.4661	6795
873.8531	6841
876.2415	6780
878.6272	6906
881.0162	6816
883.4026	6695
885.7866	6865
888.1717	6775
890.5543	6887
892.9382	6833
895.3215	6730
897.7041	6877
900.0842	6964
902.4655	6988
904.8443	6867
907.2244	6898
909.6039	6785
911.9808	6910
914.357	6850
916.7346	7019
919.1115	6983
921.4859	7199
923.8616	7219
926.2347	7273
928.6071	7297
930.979	7177
933.3541	7149
935.7247	7233
938.0946	7156
940.4639	7340
942.8326	7439
945.2026	7426
947.5701	7594
949.9369	7652
952.305	7766
954.6705	8050
957.0355	8390
959.4017	8709
961.7654	8764
964.1284	8612
966.4908	8429
968.8527	8205
971.2138	7960
973.5743	7695
975.9343	7406
978.2936	7196
980.6522	7106
983.0122	7088
985.3696	7134
987.7245	7020
990.0807	6938
992.4362	7111
994.7911	7136
997.1474	7023
999.4991	6976
1001.852	7210
1004.205	7163
1006.555	7089
1008.908	7147
1011.258	7050
1013.606	7159
1015.956	7119
1018.302	7044
1020.652	7109
1022.998	7041
1025.345	7121
1027.691	7178
1030.035	7172
1032.378	7201
1034.724	7259
1037.066	7144
1039.409	7143
1041.75	7263
1044.092	7248
1046.433	7105
1048.771	7155
1051.112	7073
1053.449	7299
1055.786	7232
1058.124	7168
1060.462	7408
1062.797	7128
1065.131	7341
1067.467	7257
1069.8	7297
1072.135	7366
1074.467	7444
1076.798	7364
1079.129	7294
1081.459	7250
1083.792	7165
1086.121	7189
1088.449	7356
1090.777	7229
1093.104	7214
1095.431	7162
1097.759	7305
1100.084	7241
1102.408	7245
1104.732	7238
1107.056	7297
1109.379	7368
1111.701	7277
1114.022	7212
1116.343	7190
1118.664	7362
1120.983	7357
1123.303	7285
1125.621	7241
1127.939	7350
1130.256	7279
1132.573	7140
1134.889	7155
1137.205	7179
1139.52	7237
1141.832	7288
1144.146	7299
1146.461	7255
1148.771	7137
1151.083	7228
1153.392	7264
1155.703	7143
1158.011	7196
1160.323	7296
1162.629	7293
1164.938	7202
1167.243	7305
1169.55	7305
1171.857	7179
1174.163	7291
1176.466	7229
1178.769	7129
1181.073	7462
1183.374	7210
1185.677	7379
1187.979	7192
1190.279	7210
1192.578	7161
1194.878	7276
1197.178	7253
1199.476	7306
1201.772	7091
1204.068	7247
1206.366	7259
1208.663	7158
1210.957	7208
1213.251	7201
1215.544	7375
1217.836	7232
1220.128	7293
1222.421	7248
1224.712	7286
1227.002	7376
1229.292	7340
1231.581	7477
1233.871	7450
1236.159	7408
1238.446	7575
1240.732	7380
1243.018	7518
1245.304	7714
1247.59	7578
1249.874	7607
1252.156	7660
1254.439	7560
1256.721	7492
1259.005	7583
1261.286	7609
1263.565	7562
1265.845	7589
1268.125	7509
1270.403	7566
1272.682	7514
1274.959	7621
1277.234	7605
1279.511	7488
1281.787	7461
1284.062	7570
1286.337	7490
1288.609	7507
1290.882	7354
1293.153	7477
1295.428	7440
1297.698	7429
1299.969	7351
1302.237	7387
1304.507	7301
1306.777	7332
1309.044	7396
1311.312	7509
1313.578	7450
1315.844	7474
1318.109	7356
1320.375	7337
1322.638	7506
1324.903	7469
1327.165	7496
1329.427	7432
1331.69	7365
1333.952	7396
1336.212	7324
1338.471	7327
1340.73	7525
1342.988	7381
1345.248	7413
1347.505	7438
1349.763	7439
1352.019	7346
1354.274	7443
1356.53	7441
1358.784	7490
1361.038	7425
1363.291	7391
1365.543	7346
1367.797	7425
1370.048	7335
1372.296	7375
1374.546	7465
1376.796	7450
1379.045	7363
1381.295	7478
1383.542	7407
1385.787	7591
1388.034	7482
1390.28	7377
1392.527	7482
1394.772	7646
1397.014	7708
1399.258	7598
1401.501	7707
1403.741	7576
1405.985	7519
1408.226	7556
1410.465	7433
1412.705	7697
1414.943	7577
1417.184	7458
1419.42	7585
1421.658	7549
1423.894	7530
1426.13	7499
1428.366	7611
1430.602	7615
1432.835	7660
1435.069	7647
1437.301	7749
1439.535	7711
1441.767	7751
1443.997	7643
1446.229	7734
1448.458	7777
1450.687	7808
1452.916	7762
1455.146	7769
1457.372	7771
1459.599	7825
1461.824	7716
1464.051	7827
1466.277	7766
1468.501	7695
1470.725	7572
1472.948	7703
1475.17	7587
1477.393	7546
1479.614	7566
1481.837	7445
1484.057	7661
1486.276	7456
1488.497	7419
1490.715	7432
1492.932	7467
1495.148	7417
1497.364	7451
1499.58	7441
1501.798	7439
1504.012	7357
1506.227	7358
1508.44	7361
1510.653	7286
1512.866	7329
1515.078	7237
1517.289	7361
1519.5	7397
1521.711	7294
1523.92	7402
1526.13	7400
1528.338	7251
1530.544	7320
1532.752	7450
1534.959	7351
1537.165	7369
1539.371	7540
1541.574	7440
1543.779	7378
1545.983	7429
1548.187	7423
1550.39	7348
1552.59	7512
1554.792	7385
1556.991	7424
1559.19	7499
1561.392	7372
1563.59	7515
1565.789	7447
1567.986	7483
1570.182	7617
1572.381	7504
1574.576	7620
1576.771	7549
1578.966	7576
1581.16	7574
1583.354	7599
1585.546	7524
1587.74	7581
1589.931	7584
1592.121	7575
1594.311	7495
1596.502	7565
1598.693	7541
1600.881	7556
1603.069	7633
1605.256	7629
1607.445	7618
1609.631	7657
1611.816	7532
1614.001	7619
1616.186	7638
1618.37	7635
1620.555	7662
1622.737	7605
1624.919	7527
1627.101	7675
1629.282	7757
1631.463	7617
1633.643	7773
1635.822	7773
1638.001	7689
1640.179	7833
1642.359	7749
1644.534	7752
1646.711	7795
1648.887	7725
1651.062	7632
1653.235	7774
1655.412	7882
1657.586	7607
1659.757	7930
1661.93	7806
1664.1	7877
1666.274	7780
1668.445	7692
1670.614	7827
1672.784	7859
1674.951	7773
1677.12	7870
1679.289	7784
1681.457	7746
1683.622	7671
1685.789	7785
1687.953	7717
1690.121	7783
1692.284	7720
1694.447	7674
1696.611	7750
1698.772	7596
1700.935	7558
1703.098	7546
1705.258	7647
1707.417	7680
1709.576	7472
1711.736	7535
1713.896	7566
1716.053	7589
1718.21	7531
1720.366	7432
1722.522	7553
1724.68	7549
1726.835	7555
1728.989	7463
1731.142	7498
1733.295	7375
1735.449	7542
1737.601	7540
1739.753	7548
1741.903	7556
1744.054	7506
1746.203	7612
1748.354	7554
1750.503	7617
1752.651	7510
1754.798	7441
1756.944	7546
1759.092	7607
1761.238	7560
1763.383	7575
1765.528	7680
1767.672	7511
1769.814	7637
1771.959	7541
1774.102	7596
1776.242	7609
1778.384	7753
1780.525	7606
1782.665	7561
1784.805	7571
1786.945	7571
1789.082	7650
1791.22	7657
1793.36	7583
1795.495	7713
1797.632	7590
1799.766	7599
1801.902	7491
1804.035	7590
1806.172	7537
1808.304	7508
1810.436	7599
1812.569	7610
1814.699	7543
1816.833	7560
1818.963	7494
1821.092	7502
1823.222	7601
1825.35	7596
1827.478	7687
1829.608	7542
1831.734	7568
1833.86	7512
1835.986	7582
1838.11	7568
1840.238	7557
1842.362	7538
1844.485	7502
1846.608	7688
1848.73	7566
1850.853	7528
1852.974	7465
1855.097	7457
1857.217	7562
1859.336	7526
1861.455	7426
1863.576	7485
1865.693	7476
1867.811	7621
1869.926	7447
1872.042	7342
1874.16	7576
1876.275	7437
1878.39	7592
1880.504	7418
1882.618	7627
1884.731	7397
1886.843	7512
1888.956	7494
1891.067	7515
1893.178	7472
1895.287	7624
1897.399	7554
1899.508	7528
1901.617	7607
1903.724	7452
1905.832	7609
1907.941	7496
1910.046	7606
1912.152	7642
1914.256	7669
1916.361	7624
1918.464	7549
1920.57	7529
1922.672	7574
1924.775	7635
1926.876	7549
1928.978	7500
1931.08	7555
1933.181	7478
1935.28	7737
1937.38	7524
1939.478	7665
1941.577	7555
1943.675	7621
1945.771	7590
1947.867	7625
1949.964	7578
1952.058	7584
1954.154	7441
1956.248	7652
1958.343	7560
1960.435	7599
1962.527	7639
1964.62	7632
1966.711	7659
1968.802	7559
1970.892	7524
1972.983	7526
1975.072	7553
1977.162	7538
1979.25	7521
1981.337	7552
1983.424	7465
1985.51	7658
1987.598	7570
1989.683	7424
1991.768	7487
1993.852	7669
1995.934	7458
1998.019	7496
2000.102	7474
2002.184	7576
2004.266	7500
2006.347	7466
2008.427	7504
2010.508	7618
2012.587	7478
2014.666	7537
2016.745	7425
2018.821	7467
2020.9	7572
2022.977	7558
2025.052	7557
2027.128	7429
2029.204	7546
2031.277	7440
2033.353	7430
2035.425	7536
2037.499	7385
2039.57	7500
2041.642	7545
2043.714	7535
2045.786	7504
2047.855	7508
2049.925	7534
2051.993	7484
2054.064	7681
2056.132	7504
2058.2	7488
2060.266	7567
2062.332	7564
2064.398	7431
2066.465	7490
2068.529	7613
2070.592	7414
2072.657	7465
2074.719	7440
2076.783	7418
2078.845	7604
2080.907	7478
2082.968	7432
2085.028	7452
2087.087	7496
2089.148	7460
2091.207	7465
2093.264	7503
2095.322	7574
2097.379	7474
2099.439	7433
2101.495	7546
2103.55	7380
2105.605	7557
2107.658	7544
2109.713	7430
2111.767	7602
2113.82	7515
2115.872	7438
2117.924	7474
2119.975	7577
2122.028	7498
2124.078	7572
2126.126	7518
2128.176	7416
2130.225	7505
2132.275	7339
2134.321	7451
2136.368	7406
2138.415	7496
2140.461	7450
2142.505	7466
2144.552	7447
2146.597	7497
2148.64	7420
2150.684	7388
2152.725	7358
2154.77	7422
2156.811	7303
2158.852	7353
2160.894	7394
2162.933	7403
2164.973	7572
2167.013	7366
2169.051	7480
2171.089	7400
2173.126	7366
2175.164	7403
2177.201	7252
2179.236	7368
2181.273	7309
2183.307	7477
2185.341	7403
2187.377	7210
2189.41	7290
2191.442	7168
2193.473	7359
2195.506	7312
2197.539	7313
2199.569	7267
2201.598	7278
2203.628	7284
2205.656	7393
2207.686	7217
2209.716	7380
2211.743	7310
2213.769	7240
2215.796	7179
2217.821	7220
2219.848	7286
2221.873	7243
2223.897	7349
2225.921	7206
2227.944	7097
2229.967	7175
2231.991	7180
2234.011	7291
2236.032	7254
2238.053	7238
2240.073	7247
2242.094	7210
2244.114	7292
2246.131	7231
2248.149	7220
2250.167	7334
2252.186	7100
2254.201	7232
2256.218	7187
2258.233	7079
2260.247	7230
2262.262	7210
2264.278	7310
2266.29	7190
2268.303	7276
2270.315	7229
2272.327	7280
2274.341	7276
2276.35	7301
2278.361	7150
2280.37	7182
2282.38	7244
2284.388	7124
2286.397	7199
2288.405	7141
2290.412	7191
2292.419	7261
2294.425	7155
2296.431	7134
2298.437	7212
2300.441	7249
2302.445	7272
2304.449	7123
2306.453	7179
2308.455	7157
2310.457	7217
2312.459	7232
2314.46	7318
2316.46	7222
2318.461	7191
2320.46	7166
2322.458	7166
2324.458	7115
2326.456	7121
2328.455	7100
2330.451	7097
2332.447	7075
2334.443	7120
2336.438	7102
2338.433	7097
2340.429	7075
2342.422	7116
2344.416	7022
2346.408	7103
2348.399	6997
2350.393	7226
2352.384	7048
2354.375	7019
2356.365	7009
2358.355	7004
2360.344	7002
2362.333	6960
2364.322	7019
2366.309	7093
2368.295	7098
2370.282	7140
2372.27	7058
2374.256	6798
2376.24	7067
2378.225	6944
2380.208	6836
2382.194	6935
2384.177	7015
2386.159	7039
2388.142	6975
2390.122	6959
2392.105	6940
2394.085	6898
2396.066	6960
2398.044	7048
2400.024	6914
2402.002	6910
2403.982	6876
2405.959	6866
2407.935	6990
2409.913	6900
2411.888	6980
2413.865	6857
2415.84	6927
2417.814	6986
2419.788	6949
2421.762	6938
2423.735	6942
2425.708	6840
2427.68	7002
2429.651	7055
2431.623	6916
2433.593	6758
2435.564	6831
2437.533	6924
2439.502	7009
2441.47	6901
2443.438	7014
2445.406	7011
2447.373	6763
2449.34	6898
2451.305	6933
2453.271	6907
2455.235	6925
2457.201	6916
2459.165	6816
2461.129	6929
2463.092	6804
2465.054	6898
2467.018	6824
2468.978	6817
2470.939	6964
2472.899	6842
2474.86	6865
2476.819	6790
2478.778	6773
2480.737	6815
2482.695	6709
2484.653	6731
2486.609	6797
2488.567	6715
2490.524	6833
2492.478	6846
2494.433	6821
2496.387	6864
2498.343	6859
2500.297	6720
2502.249	6693
2504.202	6669
2506.153	6784
2508.105	6758
2510.057	6741
2512.008	6723
2513.957	6813
2515.906	6740
2517.855	6838
2519.805	6643
2521.754	6793
2523.7	6756
2525.647	6755
2527.594	6817
2529.54	6706
2531.486	6681
2533.431	6788
2535.376	6727
2537.32	6823
2539.263	6652
2541.207	6757
2543.151	6792
2545.093	6675
2547.034	6773
2548.975	6720
2550.917	6751
2552.856	6737
2554.796	6748
2556.735	6752
2558.673	6654
2560.611	6535
2562.55	6709
2564.487	6864
2566.424	6650
2568.36	6675
2570.296	6701
2572.232	6627
2574.167	6779
2576.101	6763
2578.035	6815
2579.969	6893
2581.902	6748
2583.834	6716
2585.766	6774
2587.698	6764
2589.628	6846
2591.557	6743
2593.489	6743
2595.419	6658
2597.348	6688
2599.275	6808
2601.204	6655
2603.131	6724
2605.059	6846
2606.986	6680
2608.911	6684
2610.837	6708
2612.76	6707
2614.687	6754
2616.61	6910
2618.534	6649
2620.457	6771
2622.38	6598
2624.302	6746
2626.225	6743
2628.145	6669
2630.067	6838
2631.986	6721
2633.906	6786
2635.827	6702
2637.745	6541
2639.662	6798
2641.581	6709
2643.498	6721
2645.415	6740
2647.331	6892
2649.248	6811
2651.163	6619
2653.077	6664
2654.993	6658
2656.906	6828
2658.821	6773
2660.733	6640
2662.646	6648
2664.557	6708
2666.47	6720
2668.381	6625
2670.291	6664
2672.201	6762
2674.11	6663
2676.021	6657
2677.929	6701
2679.837	6653
2681.745	6599
2683.652	6584
2685.56	6622
2687.466	6633
2689.371	6679
2691.276	6598
2693.181	6675
2695.085	6653
2696.991	6719
2698.893	6621
2700.796	6763
2702.698	6614
2704.601	6608
2706.502	6557
2708.404	6586
2710.304	6527
2712.203	6574
2714.103	6480
2716.003	6650
2717.902	6601
2719.8	6638
2721.697	6494
2723.594	6590
2725.49	6583
2727.389	6574
2729.283	6581
2731.179	6511
2733.073	6597
2734.968	6598
2736.863	6612
2738.757	6533
2740.649	6585
2742.541	6628
2744.433	6524
2746.324	6480
2748.216	6525
2750.107	6458
2751.997	6528
2753.886	6428
2755.776	6493
2757.666	6452
2759.553	6514
2761.44	6576
2763.327	6539
2765.215	6402
2767.102	6586
2768.988	6520
2770.873	6579
2772.757	6406
2774.641	6497
2776.525	6492
2778.41	6394
2780.292	6554
2782.175	6446
2784.057	6539
2785.938	6383
2787.821	6538
2789.701	6516
2791.581	6362
2793.461	6418
2795.34	6415
2797.219	6499
2799.099	6501
2800.975	6365
2802.853	6563
2804.73	6327
2806.606	6633
2808.484	6494
2810.358	6424
2812.233	6442
2814.108	6326
2815.981	6374
2817.857	6384
2819.73	6381
2821.602	6369
2823.474	6480
2825.346	6496
2827.217	6337
2829.089	6493
2830.959	6396
2832.829	6566
2834.698	6372
2836.567	6515
2838.436	6437
2840.305	6561
2842.172	6444
2844.04	6395
2845.905	6488
2847.772	6415
2849.639	6581
2851.503	6502
2853.369	6520
2855.232	6628
2857.096	6515
2858.961	6548
2860.824	6609
2862.686	6599
2864.547	6749
2866.41	6728
2868.272	6681
2870.132	6704
2871.992	6733
2873.851	6868
2875.711	6892
2877.57	6952
2879.429	6987
2881.287	7053
2883.144	7098
2885.001	7131
2886.857	7152
2888.714	7070
2890.57	7159
2892.425	7102
2894.279	7194
2896.133	7179
2897.987	7105
2899.842	7128
2901.694	7101
2903.547	7023
2905.397	6996
2907.249	6981
2909.101	6980
2910.952	6989
2912.802	7161
2914.652	7190
2916.5	7178
2918.35	7295
2920.198	7493
2922.045	7295
2923.893	7397
2925.74	7509
2927.585	7561
2929.433	7585
2931.279	7776
2933.123	7554
2934.968	7806
2936.811	7863
2938.656	7943
2940.5	7969
2942.342	8036
2944.185	7997
2946.026	8137
2947.87	8141
2949.71	8116
2951.549	7995
2953.39	8082
2955.229	8007
2957.069	7928
2958.908	7855
2960.746	7672
2962.584	7798
2964.421	7628
2966.257	7581
2968.094	7442
2969.931	7445
2971.766	7361
2973.601	7297
2975.435	7342
2977.27	7170
2979.105	7194
2980.938	7243
2982.77	7037
2984.602	7087
2986.434	7086
2988.267	7050
2990.097	7038
2991.927	7032
2993.757	6891
2995.587	6837
2997.417	6850
2999.246	6724
3001.074	6713
3002.902	6602
3004.729	6587
3006.556	6486
3008.384	6501
3010.21	6503
3012.036	6388
3013.861	6356
3015.684	6366
3017.51	6355
3019.334	6266
3021.157	6160
3022.981	6289
3024.802	6181
3026.624	6117
3028.448	6109
3030.267	6201
3032.088	6062
3033.909	6188
3035.728	6143
3037.549	5993
3039.368	6065
3041.186	5980
3043.004	5930
3044.821	6051
3046.64	5970
3048.455	5982
3050.272	5984
3052.087	6031
3053.903	6040
3055.717	5975
3057.534	6030
3059.347	5996
3061.16	5942
3062.974	5966
3064.785	5941
3066.598	5977
3068.411	6022
3070.222	5974
3072.032	5928
3073.844	6048
3075.653	5935
3077.463	5886
3079.272	5968
3081.08	5917
3082.889	5961
3084.697	5740
3086.505	5993
3088.312	5876
3090.118	5975
3091.924	5750
3093.729	5889
3095.535	5734
3097.34	5759
3099.144	5714
3100.947	5756
3102.75	5766
3104.553	5766
3106.357	5797
3108.159	5731
3109.961	5669
3111.762	5836
3113.562	5776
3115.365	5790
3117.164	5696
3118.964	5708
3120.761	5759
3122.56	5714
3124.36	5636
3126.158	5670
3127.954	5718
3129.75	5622
3131.547	5747
3133.343	5651
3135.139	5687
3136.934	5639
3138.729	5817
3140.522	5612
3142.317	5648
3144.11	5768
3145.904	5751
3147.695	5706
3149.488	5604
3151.28	5747
3153.07	5718
3154.863	5557
3156.652	5599
3158.441	5605
3160.231	5579
3162.019	5576
3163.81	5675
3165.597	5675
3167.384	5609
3169.172	5633
3170.958	5618
3172.745	5625
3174.532	5576
3176.317	5645
3178.101	5648
3179.885	5491
3181.67	5616
3183.455	5546
3185.238	5577
3187.02	5529
3188.802	5626
3190.585	5595
3192.368	5486
3194.149	5642
3195.929	5577
3197.709	5558
3199.489	5617
3201.268	5582
3203.048	5532
3204.826	5551
3206.604	5531
3208.382	5481
3210.159	5575
3211.937	5466
3213.713	5626
3215.489	5506
3217.263	5500
3219.038	5693
3220.815	5583
3222.589	5438
3224.363	5532
3226.136	5558
3227.908	5636
3229.681	5496
3231.454	5599
3233.226	5528
3234.996	5585
3236.767	5562
3238.538	5609
3240.308	5511
3242.078	5587
3243.847	5515
3245.615	5448
3247.384	5563
3249.15	5548
3250.92	5602
3252.686	5551
3254.453	5479
3256.218	5493
3257.984	5459
3259.75	5573
3261.515	5482
3263.279	5531
3265.044	5444
3266.806	5593
3268.57	5495
3270.334	5509
3272.095	5481
3273.856	5508
3275.619	5555
3277.379	5415
3279.14	5419
3280.9	5553
3282.661	5441
3284.419	5556
3286.178	5575
3287.937	5512
3289.695	5520
3291.453	5506
3293.21	5448
3294.967	5632
3296.723	5605
3298.48	5485
3300.235	5594
3301.99	5574
3303.744	5521
3305.498	5550
3307.253	5426
3309.006	5511
3310.759	5485
3312.511	5444
3314.263	5525
3316.017	5428
3317.768	5543
3319.519	5505
3321.268	5478
3323.018	5573
3324.767	5574
3326.518	5550
3328.267	5413
3330.014	5548
3331.762	5509
3333.509	5496
3335.258	5513
3337.003	5524
3338.75	5445
3340.496	5506
3342.24	5503
3343.987	5442
3345.732	5497
3347.475	5541
3349.219	5435
3350.961	5423
3352.705	5486
3354.448	5405
3356.19	5446
3357.931	5380
3359.672	5418
3361.412	5241
3363.155	5426
3364.894	5411
3366.633	5323
3368.372	5343
3370.11	5474
3371.849	5420
3373.588	5356
3375.325	5319
3377.061	5365
3378.799	5509
3380.534	5305
3382.271	5323
3384.006	5341
3385.741	5277
3387.475	5314
3389.209	5441
3390.944	5319
3392.677	5405
3394.409	5201
3396.143	5315
3397.874	5325
3399.606	5261
3401.338	5309
3403.069	5256
3404.799	5206
3406.528	5341
3408.258	5123
3409.988	5317
3411.717	5235
3413.445	5322
3415.173	5255
3416.899	5215
3418.626	5211
3420.354	5303
3422.08	5248
3423.806	5310
3425.531	5297
3427.255	5107
3428.981	5216
3430.705	5219
3432.429	5183
3434.151	5138
3435.875	5138
3437.599	5163
3439.321	5199
3441.042	5140
3442.763	5193
3444.483	5141
3446.204	5126
3447.926	5121
3449.645	5116
3451.364	5105
3453.082	5091
3454.801	5121
3456.52	5042
3458.238	5093
3459.954	5021
3461.671	5067
3463.387	5090
3465.104	5127
3466.82	4976
3468.534	4998
3470.25	5100
3471.963	4989
3473.676	4946
3475.392	5004
3477.104	4985
3478.817	4953
3480.528	5007
3482.241	4903
3483.954	5016
3485.664	4902
3487.374	4836
3489.084	5074
3490.795	4898
3492.504	4834
3494.214	4861
3495.922	4910
3497.63	4914
3499.338	4944
3501.045	4866
3502.753	4928
3504.459	4806
3506.166	4926
3507.871	4886
3509.576	4849
3511.283	4865
3512.987	4959
3514.691	4903
3516.395	4902
3518.098	4841
3519.8	4783
3521.504	4740
3523.206	4939
3524.908	4810
3526.609	4828
3528.309	4674
3530.011	4817
3531.711	4769
3533.411	4843
3535.109	4756
3536.808	4847
3538.507	4875
3540.206	4776
3541.904	4694
3543.601	4769
3545.297	4722
3546.994	4745
3548.69	4686
3550.387	4647
3552.081	4728
3553.776	4731
3555.47	4785
3557.166	4626
3558.859	4713
3560.553	4584
3562.245	4640
3563.938	4742
3565.629	4746
3567.322	4697
3569.014	4706
3570.704	4648
3572.394	4598
3574.084	4688
3575.775	4597
3577.464	4609
3579.152	4679
3580.842	4627
3582.529	4654
3584.216	4622
3585.905	4579
3587.591	4635
3589.279	4543
3590.964	4650
3592.649	4651
3594.336	4563
3596.021	4524
3597.705	4639
3599.388	4484
3601.072	4491
3602.757	4567
3604.439	4467
3606.122	4531
3607.803	4517
3609.485	4414
3611.167	4510
3612.849	4456
3614.529	4504
3616.208	4391
3617.888	4436
3619.567	4395
3621.247	4472
3622.926	4480
3624.603	4414
3626.281	4423
3627.958	4458
3629.635	4368
3631.312	4430
3632.989	4471
3634.665	4420
3636.339	4302
3638.014	4425
3639.691	4377
3641.364	4269
3643.038	4315
3644.71	4349
3646.384	4308
3648.058	4409
3649.729	4358
3651.402	4293
3653.073	4355
3654.744	4318
3656.414	4354
3658.085	4418
3659.755	4347
3661.424	4408
3663.094	4316
3664.762	4304
3666.431	4307
3668.099	4307
3669.766	4223
3671.433	4368
3673.099	4256
3674.768	4275
3676.433	4235
3678.098	4234
3679.763	4290
3681.428	4327
3683.093	4229
3684.757	4202
3686.421	4317
3688.083	4191
3689.746	4216
3691.408	4238
3693.071	4236
3694.733	4185
3696.394	4268
3698.054	4306
3699.715	4242
3701.375	4105
3703.036	4107
3704.695	4227
3706.354	4183
3708.012	4206
3709.67	4182
3711.329	4130
3712.987	4208
3714.644	4128
3716.299	4208
3717.955	4220
3719.613	4147
3721.268	4180
3722.923	4248
3724.577	4216
3726.231	4233
3727.885	4116
3729.539	4176
3731.192	4095
3732.845	4131
3734.497	4163
3736.149	4070
3737.802	4103
3739.453	4088
3741.104	4051
3742.753	4121
3744.404	4112
3746.052	4129
3747.704	4132
3749.352	4118
3751	4079
3752.648	4110
3754.296	4068
3755.944	4138
3757.59	4055
3759.238	4106
3760.883	4032
3762.528	4074
3764.176	4133
3765.82	4064
3767.464	4068
3769.109	4053
3770.753	4041
3772.396	4097
3774.04	4044
3775.683	4148
3777.325	4012
3778.967	4028
3780.608	4064
3782.25	4075
3783.89	4013
3785.531	4049
3787.17	3960
3788.81	3951
3790.45	3963
3792.09	4112
3793.729	3961
3795.366	3928
3797.003	3962
3798.64	3953
3800.278	3963
3801.915	3984
3803.551	3960
3805.187	3889
3806.822	3953
3808.458	4000
3810.093	4009
3811.726	3840
3813.36	3908
3814.994	3957
3816.627	3867
3818.262	3987
3819.893	3909
3821.525	3872
3823.157	3917
3824.787	3943
3826.42	3864
3828.051	3818
3829.68	3905
3831.31	3890
3832.938	3874
3834.569	4002
3836.198	3852
3837.825	3849
3839.454	3847
3841.08	3899
3842.708	3796
3844.335	3912
3845.962	3894
3847.587	3884
3849.212	3884
3850.838	3801
3852.463	3849
3854.089	3814
3855.712	3818
3857.335	3829
3858.959	3819
3860.582	3802
3862.205	3895
3863.827	3805
3865.449	3816
3867.07	3844
3868.691	3784
3870.312	3759
3871.933	3757
3873.553	3780
3875.173	3820
3876.792	3780
3878.411	3760
3880.03	3744
3881.647	3800
3883.265	3814
3884.882	3747
3886.499	3774
3888.116	3759
3889.732	3735
3891.348	3685
3892.964	3820
3894.579	3790
3896.195	3739
3897.809	3732
3899.423	3814
3901.036	3815
3902.648	3759
3904.261	3828
3905.875	3732
3907.487	3702
3909.099	3717
3910.709	3682
3912.321	3745
3913.933	3711
3915.542	3764
3917.152	3712
3918.762	3732
3920.37	3723
3921.98	3736
3923.589	3712
3925.196	3762
3926.804	3680
3928.41	3678
3930.018	3680
3931.626	3689
3933.231	3653
3934.838	3664
3936.442	3654
3938.046	3676
3939.653	3652
3941.257	3657
3942.861	3607
3944.464	3659
3946.068	3773
3947.67	3652
3949.273	3658
3950.876	3599
3952.477	3603
3954.078	3726
3955.678	3636
3957.281	3641
3958.881	3611
3960.48	3648
3962.079	3546
3963.678	3565
3965.279	3615
3966.877	3668
3968.475	3575
3970.072	3596
3971.669	3559
3973.266	3599
3974.864	3578
3976.459	3591
3978.055	3606
3979.65	3570
3981.245	3587
3982.841	3538
3984.436	3541
3986.03	3607
3987.623	3591
3989.216	3527
3990.809	3533
3992.403	3493
3993.995	3528
3995.586	3557
3997.177	3548
3998.768	3566
4000.361	3448
4001.951	3538
4003.54	3484
4005.13	3487
4006.719	3532
4008.31	3482
4009.897	3396
4011.485	3435
4013.073	3451
4014.66	3566
4016.247	3517
4017.834	3421
4019.421	3446
4021.006	3442
4022.592	3437
4024.178	3488
4025.763	3416
4027.348	3376
4028.932	3447
4030.515	3394
4032.099	3439
4033.682	3419
4035.266	3387
4036.847	3444
4038.429	3475
4040.011	3432
4041.592	3402
4043.173	3353
4044.755	3403
4046.334	3418
4047.913	3389
4049.494	3446
4051.074	3401
4052.652	3366
4054.23	3373
4055.807	3378
4057.385	3343
4058.963	3342
4060.541	3448
4062.117	3290
4063.693	3343
4065.269	3326
4066.844	3380
4068.42	3330
4069.995	3383
4071.569	3335
4073.143	3370
4074.716	3325
4076.291	3345
4077.864	3370
4079.436	3433
4081.009	3308
4082.58	3399
4084.152	3266
4085.723	3295
4087.294	3334
4088.865	3346
4090.435	3303
4092.005	3291
4093.574	3251
4095.143	3274
4096.712	3307
4098.279	3299
4099.848	3243
4101.416	3332
4102.984	3275
4104.55	3319
4106.117	3321
4107.682	3321
4109.248	3315
4110.815	3288
4112.379	3246
4113.945	3350
4115.508	3258
4117.073	3228
4118.637	3201
4120.201	3246
4121.763	3237
4123.325	3287
4124.888	3225
4126.449	3177
4128.013	3238
4129.573	3174
4131.133	3222
4132.694	3253
4134.254	3175
4135.814	3238
4137.374	3175
4138.933	3137
4140.491	3180
4142.049	3153
4143.607	3210
4145.167	3239
4146.724	3230
4148.28	3142
4149.836	3127
4151.392	3161
4152.949	3055
4154.504	3103
4156.059	3109
4157.614	3119
4159.168	3163
4160.723	3104
4162.277	3132
4163.83	3048
4165.383	3120
4166.936	3147
4168.488	3078
4170.041	3117
4171.593	3072
4173.144	3086
4174.695	3084
4176.246	3201
4177.796	3059
4179.346	3082
4180.896	3115
4182.445	3131
4183.994	3076
4185.542	3112
4187.091	3074
4188.639	3023
4190.185	3155
4191.732	3009
4193.279	3178
4194.826	2963
4196.373	3081
4197.918	2959
4199.463	3042
4201.008	3013
4202.553	3024
4204.098	3035
4205.641	3065
4207.185	2979
4208.728	3040
4210.271	3041
4211.814	2987
4213.357	3019
4214.898	3013
4216.439	3034
4217.98	3009
4219.522	2959
4221.062	3057
4222.603	2979
4224.142	3067
4225.681	2988
4227.222	3030
4228.76	3040
4230.298	3023
4231.835	2987
4233.373	2961
4234.911	2972
4236.449	2960
4237.985	2984
4239.521	2929
4241.057	2926
4242.592	2975
4244.128	2953
4245.663	2919
4247.197	2911
4248.731	2966
4250.265	2923
4251.798	2966
4253.333	2922
4254.865	2894
4256.397	2943
4257.93	2958
4259.461	2929
4260.994	2960
4262.525	2970
4264.056	2903
4265.586	2997
4267.115	2899
4268.646	2979
4270.176	2856
4271.705	2895
4273.232	2883
4274.761	2916
4276.289	2917
4277.818	2895
4279.345	3007
4280.872	2867
4282.399	2880
4283.924	2920
4285.452	2903
4286.976	2890
4288.502	2887
4290.026	2883
4291.551	2802
4293.074	2870
4294.6	2866
4296.123	2892
4297.646	2920
4299.168	2858
4300.691	2867
4302.214	2896
4303.736	2851
4305.257	2801
4306.778	2831
4308.299	2777
4309.82	2756
4311.34	2846
4312.86	2838
4314.379	2838
