400.0745	4998
402.597	4936
405.1208	5048
407.6419	4985
410.1623	5115
412.6819	5025
415.201	4968
417.7172	5044
420.2369	5122
422.7538	5160
425.2701	5168
427.7856	5233
430.3005	5200
432.8147	5321
435.3282	5234
437.841	5254
440.3511	5339
442.8625	5340
445.3753	5402
447.8854	5334
450.3927	5296
452.9014	5378
455.4073	5326
457.9146	5365
460.4233	5291
462.9272	5232
465.4325	5326
467.935	5340
470.4389	5390
472.9421	5355
475.4446	5301
477.9444	5395
480.4456	5332
482.944	5332
485.4417	5341
487.9429	5423
490.4393	5493
492.935	5541
495.4321	5424
497.9264	5478
500.4221	5572
502.9171	5533
505.4094	5544
507.9011	5464
510.392	5671
512.8864	5551
515.3759	5544
517.8649	5569
520.3531	5516
522.8406	5518
525.3275	5558
527.8178	5481
530.3033	5584
532.7881	5556
535.2723	5504
537.7558	5549
540.2407	5565
542.7228	5532
545.2043	5538
547.6851	5534
550.1652	5471
552.6467	5609
555.1255	5611
557.6016	5543
560.079	5691
562.5557	5707
565.0318	5613
567.5092	5806
569.984	5686
572.456	5770
574.9294	5711
577.4022	5756
579.8762	5742
582.3456	5829
584.8163	5671
587.2863	5865
589.7557	5830
592.2224	5722
594.6924	5901
597.1578	5781
599.6245	5762
602.0905	5747
604.5538	5867
607.0206	5844
609.4825	5928
611.9459	5800
614.4066	5856
616.8686	5770
619.33	5816
621.7906	5654
624.2487	5810
626.708	5799
629.1647	5740
631.6207	5805
634.0801	5890
636.5348	5832
638.9888	5794
641.4442	5799
643.8969	5885
646.3509	5829
648.8022	5852
651.255	5901
653.705	5883
656.1544	5829
658.6031	5826
661.0532	5977
663.5026	5960
665.9493	5887
668.3954	5974
670.8409	5879
673.2877	5993
675.7318	5968
678.1752	5939
680.618	5927
683.0601	6086
685.5035	5975
687.9444	6034
690.3845	6046
692.824	5997
695.2628	5993
697.701	6091
700.1406	6046
702.5774	6016
705.0116	6042
707.4472	6135
709.8821	6074
712.3183	6214
714.7519	6177
717.1829	6123
719.6151	6149
722.0468	6044
724.4777	6126
726.908	6205
729.3377	6098
731.7667	6183
734.1931	6259
736.6208	6267
739.0498	6213
741.4742	6236
743.9	6344
746.3231	6269
748.7476	6378
751.1713	6464
753.5945	6361
756.015	6311
758.4368	6485
760.856	6417
763.2766	6396
765.6965	6399
768.1157	6415
770.5323	6469
772.9483	6376
775.3656	6413
777.7822	6499
780.1963	6521
782.6116	6477
785.0244	6455
787.4365	6442
789.8499	6398
792.2626	6530
794.6728	6419
797.0823	6534
799.4911	6399
801.8994	6474
804.3109	6485
806.7178	6536
809.124	6421
811.5297	6473
813.9347	6592
816.341	6572
818.7447	6586
821.1478	6498
823.5502	6571
825.952	6548
828.3531	6582
830.7556	6397
833.1554	6703
835.5546	6640
837.9532	6521
840.3511	6652
842.7504	6649
845.1451	6573
847.5411	6638
849.9365	6619
852.3312	6653
854.7272	6745
857.1187	6527
859.5115	6660
861.9037	6650
864.2952	6695
866.6842	6589
869.0764	6599
871.4661	6696
873.8531	6601
876.2415	6626
878.6272	6684
881.0162	6637
883.4026	6675
885.7866	6617
888.1717	6706
890.5543	6442
892.9382	6667
895.3215	6727
897.7041	6675
900.0842	6653
902.4655	6698
904.8443	6690
907.2244	6673
909.6039	6669
911.9808	6790
914.357	6862
916.7346	6723
919.1115	6816
921.4859	6873
923.8616	6893
926.2347	6892
928.6071	6816
930.979	6913
933.3541	6903
935.7247	7062
938.0946	6969
940.4639	7037
942.8326	6963
945.2026	7047
947.5701	7181
949.9369	7301
952.305	7386
954.6705	7445
957.0355	7630
959.4017	7844
961.7654	7894
964.1284	7829
966.4908	7817
968.8527	7623
971.2138	7391
973.5743	7212
975.9343	7075
978.2936	6954
980.6522	6869
983.0122	6892
985.3696	6810
987.7245	6822
990.0807	6710
992.4362	6813
994.7911	6924
997.1474	6877
999.4991	6788
1001.852	6893
1004.205	6976
1006.555	7004
1008.908	6903
1011.258	6781
1013.606	6945
1015.956	6800
1018.302	6901
1020.652	7001
1022.998	6835
1025.345	6904
1027.691	6827
1030.035	6924
1032.378	7038
1034.724	7003
1037.066	6926
1039.409	6929
1041.75	6839
1044.092	7015
1046.433	6930
1048.771	6920
1051.112	6929
1053.449	6856
1055.786	6951
1058.124	6989
1060.462	6962
1062.797	7009
1065.131	7063
1067.467	7154
1069.8	7078
1072.135	7134
1074.467	7120
1076.798	7025
1079.129	7161
1081.459	7036
1083.792	7013
1086.121	7150
1088.449	7138
1090.777	7045
1093.104	6985
1095.431	6970
1097.759	7032
1100.084	6997
1102.408	7097
1104.732	6956
1107.056	7023
1109.379	7033
1111.701	7081
1114.022	7183
1116.343	7093
1118.664	7001
1120.983	7026
1123.303	7046
1125.621	6959
1127.939	7174
1130.256	7030
1132.573	7115
1134.889	6970
1137.205	7052
1139.52	7022
1141.832	7037
1144.146	7004
1146.461	7055
1148.771	7021
1151.083	7096
1153.392	7184
1155.703	7057
1158.011	7019
1160.323	7041
1162.629	7091
1164.938	7106
1167.243	7159
1169.55	7170
1171.857	6988
1174.163	7100
1176.466	7049
1178.769	7198
1181.073	7041
1183.374	7116
1185.677	7061
1187.979	7098
1190.279	7058
1192.578	7030
1194.878	7032
1197.178	7141
1199.476	7064
1201.772	7102
1204.068	7012
1206.366	7171
1208.663	7142
1210.957	7055
1213.251	7114
1215.544	7065
1217.836	7105
1220.128	7220
1222.421	7126
1224.712	7143
1227.002	7018
1229.292	7272
1231.581	7223
1233.871	7288
1236.159	7215
1238.446	7313
1240.732	7330
1243.018	7263
1245.304	7197
1247.59	7261
1249.874	7294
1252.156	7295
1254.439	7271
1256.721	7249
1259.005	7374
1261.286	7377
1263.565	7293
1265.845	7349
1268.125	7323
1270.403	7282
1272.682	7356
1274.959	7395
1277.234	7263
1279.511	7255
1281.787	7273
1284.062	7307
1286.337	7356
1288.609	7268
1290.882	7297
1293.153	7168
1295.428	7283
1297.698	7272
1299.969	7192
1302.237	7240
1304.507	7185
1306.777	7267
1309.044	7178
1311.312	7208
1313.578	7335
1315.844	7215
1318.109	7209
1320.375	7192
1322.638	7179
1324.903	7233
1327.165	7200
1329.427	7164
1331.69	7201
1333.952	7295
1336.212	7260
1338.471	7239
1340.73	7229
1342.988	7153
1345.248	7209
1347.505	7335
1349.763	7360
1352.019	7328
1354.274	7261
1356.53	7251
1358.784	7303
1361.038	7241
1363.291	7239
1365.543	7244
1367.797	7278
1370.048	7269
1372.296	7136
1374.546	7293
1376.796	7161
1379.045	7188
1381.295	7205
1383.542	7248
1385.787	7097
1388.034	7266
1390.28	7289
1392.527	7310
1394.772	7213
1397.014	7321
1399.258	7287
1401.501	7275
1403.741	7327
1405.985	7308
1408.226	7341
1410.465	7338
1412.705	7408
1414.943	7290
1417.184	7301
1419.42	7355
1421.658	7286
1423.894	7449
1426.13	7280
1428.366	7415
1430.602	7364
1432.835	7435
1435.069	7421
1437.301	7380
1439.535	7386
1441.767	7364
1443.997	7491
1446.229	7376
1448.458	7500
1450.687	7542
1452.916	7458
1455.146	7572
1457.372	7455
1459.599	7465
1461.824	7513
1464.051	7603
1466.277	7434
1468.501	7448
1470.725	7465
1472.948	7458
1475.17	7390
1477.393	7393
1479.614	7427
1481.837	7342
1484.057	7240
1486.276	7329
1488.497	7223
1490.715	7273
1492.932	7258
1495.148	7255
1497.364	7141
1499.58	7200
1501.798	7256
1504.012	7312
1506.227	7313
1508.44	7279
1510.653	7197
1512.866	7256
1515.078	7209
1517.289	7184
1519.5	7171
1521.711	7122
1523.92	7162
1526.13	7225
1528.338	7268
1530.544	7085
1532.752	7202
1534.959	7296
1537.165	7305
1539.371	7112
1541.574	7243
1543.779	7269
1545.983	7284
1548.187	7324
1550.39	7256
1552.59	7270
1554.792	7334
1556.991	7294
1559.19	7188
1561.392	7221
1563.59	7285
1565.789	7304
1567.986	7416
1570.182	7367
1572.381	7334
1574.576	7356
1576.771	7436
1578.966	7333
1581.16	7370
1583.354	7424
1585.546	7255
1587.74	7496
1589.931	7560
1592.121	7353
1594.311	7433
1596.502	7431
1598.693	7490
1600.881	7366
1603.069	7524
1605.256	7542
1607.445	7461
1609.631	7488
1611.816	7544
1614.001	7451
1616.186	7389
1618.37	7434
1620.555	7382
1622.737	7467
1624.919	7479
1627.101	7362
1629.282	7432
1631.463	7418
1633.643	7551
1635.822	7398
1638.001	7549
1640.179	7408
1642.359	7515
1644.534	7515
1646.711	7435
1648.887	7605
1651.062	7497
1653.235	7547
1655.412	7513
1657.586	7387
1659.757	7530
1661.93	7452
1664.1	7707
1666.274	7541
1668.445	7655
1670.614	7580
1672.784	7527
1674.951	7525
1677.12	7471
1679.289	7508
1681.457	7398
1683.622	7582
1685.789	7464
1687.953	7416
1690.121	7541
1692.284	7430
1694.447	7472
1696.611	7477
1698.772	7431
1700.935	7327
1703.098	7383
1705.258	7416
1707.417	7401
1709.576	7382
1711.736	7319
1713.896	7334
1716.053	7309
1718.21	7316
1720.366	7344
1722.522	7319
1724.68	7157
1726.835	7276
1728.989	7340
1731.142	7549
1733.295	7344
1735.449	7324
1737.601	7287
1739.753	7311
1741.903	7467
1744.054	7361
1746.203	7394
1748.354	7460
1750.503	7332
1752.651	7344
1754.798	7379
1756.944	7533
1759.092	7291
1761.238	7318
1763.383	7403
1765.528	7384
1767.672	7394
1769.814	7304
1771.959	7490
1774.102	7582
1776.242	7472
1778.384	7346
1780.525	7515
1782.665	7512
1784.805	7368
1786.945	7450
1789.082	7418
1791.22	7463
1793.36	7447
1795.495	7545
1797.632	7413
1799.766	7468
1801.902	7466
1804.035	7436
1806.172	7430
1808.304	7382
1810.436	7502
1812.569	7499
1814.699	7596
1816.833	7426
1818.963	7514
1821.092	7386
1823.222	7430
1825.35	7376
1827.478	7295
1829.608	7316
1831.734	7392
1833.86	7499
1835.986	7372
1838.11	7441
1840.238	7384
1842.362	7332
1844.485	7410
1846.608	7322
1848.73	7432
1850.853	7382
1852.974	7451
1855.097	7291
1857.217	7297
1859.336	7352
1861.455	7424
1863.576	7335
1865.693	7329
1867.811	7284
1869.926	7289
1872.042	7337
1874.16	7405
1876.275	7260
1878.39	7332
1880.504	7314
1882.618	7473
1884.731	7428
1886.843	7417
1888.956	7459
1891.067	7374
1893.178	7362
1895.287	7346
1897.399	7372
1899.508	7390
1901.617	7331
1903.724	7448
1905.832	7494
1907.941	7470
1910.046	7406
1912.152	7316
1914.256	7460
1916.361	7616
1918.464	7441
1920.57	7363
1922.672	7423
1924.775	7421
1926.876	7381
1928.978	7544
1931.08	7425
1933.181	7476
1935.28	7385
1937.38	7454
1939.478	7424
1941.577	7511
1943.675	7458
1945.771	7400
1947.867	7451
1949.964	7444
1952.058	7453
1954.154	7329
1956.248	7441
1958.343	7437
1960.435	7358
1962.527	7367
1964.62	7403
1966.711	7491
1968.802	7361
1970.892	7552
1972.983	7463
1975.072	7410
1977.162	7446
1979.25	7382
1981.337	7387
1983.424	7405
1985.51	7387
1987.598	7445
1989.683	7377
1991.768	7426
1993.852	7442
1995.934	7400
1998.019	7357
2000.102	7449
2002.184	7381
2004.266	7261
2006.347	7239
2008.427	7277
2010.508	7389
2012.587	7354
2014.666	7335
2016.745	7311
2018.821	7277
2020.9	7375
2022.977	7307
2025.052	7261
2027.128	7348
2029.204	7324
2031.277	7159
2033.353	7243
2035.425	7326
2037.499	7260
2039.57	7380
2041.642	7266
2043.714	7317
2045.786	7304
2047.855	7376
2049.925	7344
2051.993	7386
2054.064	7323
2056.132	7365
2058.2	7295
2060.266	7165
2062.332	7414
2064.398	7412
2066.465	7305
2068.529	7259
2070.592	7305
2072.657	7371
2074.719	7262
2076.783	7369
2078.845	7408
2080.907	7361
2082.968	7288
2085.028	7377
2087.087	7329
2089.148	7420
2091.207	7375
2093.264	7398
2095.322	7389
2097.379	7424
2099.439	7274
2101.495	7310
2103.55	7292
2105.605	7328
2107.658	7346
2109.713	7240
2111.767	7377
2113.82	7242
2115.872	7381
2117.924	7336
2119.975	7417
2122.028	7210
2124.078	7371
2126.126	7294
2128.176	7389
2130.225	7282
2132.275	7304
2134.321	7494
2136.368	7345
2138.415	7165
2140.461	7238
2142.505	7292
2144.552	7299
2146.597	7254
2148.64	7291
2150.684	7276
2152.725	7226
2154.77	7256
2156.811	7219
2158.852	7276
2160.894	7236
2162.933	7255
2164.973	7127
2167.013	7170
2169.051	7120
2171.089	7263
2173.126	7212
2175.164	7204
2177.201	7149
2179.236	7219
2181.273	7240
2183.307	7194
2185.341	7186
2187.377	7122
2189.41	7190
2191.442	7092
2193.473	7211
2195.506	7067
2197.539	7186
2199.569	7115
2201.598	7092
2203.628	7064
2205.656	7111
2207.686	7115
2209.716	7074
2211.743	7139
2213.769	7078
2215.796	7178
2217.821	7137
2219.848	7130
2221.873	7005
2223.897	7052
2225.921	7146
2227.944	7036
2229.967	7071
2231.991	6973
2234.011	7095
2236.032	7148
2238.053	6952
2240.073	7034
2242.094	7034
2244.114	7028
2246.131	6969
2248.149	7063
2250.167	7054
2252.186	7039
2254.201	7019
2256.218	7026
2258.233	7045
2260.247	7073
2262.262	7040
2264.278	6980
2266.29	7147
2268.303	7071
2270.315	7121
2272.327	7164
2274.341	7089
2276.35	7046
2278.361	7036
2280.37	7006
2282.38	7063
2284.388	6998
2286.397	6982
2288.405	7093
2290.412	7034
2292.419	7073
2294.425	7031
2296.431	7022
2298.437	7090
2300.441	7050
2302.445	7035
2304.449	6891
2306.453	7100
2308.455	7009
2310.457	6975
2312.459	7063
2314.46	6997
2316.46	7119
2318.461	6964
2320.46	7015
2322.458	7040
2324.458	7127
2326.456	6914
2328.455	6932
2330.451	6943
2332.447	6900
2334.443	7052
2336.438	6932
2338.433	6989
2340.429	6935
2342.422	6881
2344.416	7071
2346.408	6932
2348.399	6957
2350.393	6913
2352.384	6811
2354.375	6948
2356.365	6846
2358.355	6940
2360.344	6780
2362.333	6970
2364.322	6775
2366.309	6966
2368.295	6867
2370.282	6869
2372.27	6824
2374.256	6916
2376.24	6906
2378.225	6716
2380.208	6797
2382.194	6879
2384.177	6862
2386.159	6763
2388.142	6723
2390.122	6740
2392.105	6807
2394.085	6760
2396.066	6672
2398.044	6692
2400.024	6856
2402.002	6753
2403.982	6838
2405.959	6785
2407.935	6711
2409.913	6729
2411.888	6770
2413.865	6743
2415.84	6894
2417.814	6748
2419.788	6788
2421.762	6680
2423.735	6725
2425.708	6806
2427.68	6724
2429.651	6745
2431.623	6715
2433.593	6839
2435.564	6779
2437.533	6742
2439.502	6617
2441.47	6817
2443.438	6803
2445.406	6735
2447.373	6643
2449.34	6639
2451.305	6777
2453.271	6623
2455.235	6698
2457.201	6685
2459.165	6722
2461.129	6672
2463.092	6731
2465.054	6725
2467.018	6708
2468.978	6803
2470.939	6663
2472.899	6665
2474.86	6680
2476.819	6709
2478.778	6679
2480.737	6738
2482.695	6509
2484.653	6697
2486.609	6581
2488.567	6595
2490.524	6578
2492.478	6515
2494.433	6691
2496.387	6645
2498.343	6635
2500.297	6686
2502.249	6703
2504.202	6630
2506.153	6694
2508.105	6616
2510.057	6616
2512.008	6603
2513.957	6576
2515.906	6511
2517.855	6508
2519.805	6413
2521.754	6566
2523.7	6477
2525.647	6589
2527.594	6606
2529.54	6535
2531.486	6455
2533.431	6591
2535.376	6610
2537.32	6514
2539.263	6531
2541.207	6616
2543.151	6571
2545.093	6600
2547.034	6580
2548.975	6652
2550.917	6485
2552.856	6475
2554.796	6583
2556.735	6535
2558.673	6553
2560.611	6592
2562.55	6472
2564.487	6526
2566.424	6565
2568.36	6452
2570.296	6498
2572.232	6465
2574.167	6600
2576.101	6545
2578.035	6529
2579.969	6514
2581.902	6427
2583.834	6562
2585.766	6633
2587.698	6544
2589.628	6511
2591.557	6426
2593.489	6562
2595.419	6616
2597.348	6548
2599.275	6476
2601.204	6525
2603.131	6449
2605.059	6539
2606.986	6514
2608.911	6485
2610.837	6683
2612.76	6473
2614.687	6479
2616.61	6670
2618.534	6556
2620.457	6518
2622.38	6595
2624.302	6556
2626.225	6599
2628.145	6400
2630.067	6530
2631.986	6524
2633.906	6613
2635.827	6458
2637.745	6555
2639.662	6516
2641.581	6445
2643.498	6601
2645.415	6627
2647.331	6670
2649.248	6422
2651.163	6489
2653.077	6486
2654.993	6433
2656.906	6355
2658.821	6635
2660.733	6499
2662.646	6453
2664.557	6566
2666.47	6513
2668.381	6483
2670.291	6499
2672.201	6535
2674.11	6463
2676.021	6435
2677.929	6414
2679.837	6575
2681.745	6393
2683.652	6592
2685.56	6394
2687.466	6408
2689.371	6353
2691.276	6371
2693.181	6420
2695.085	6516
2696.991	6393
2698.893	6353
2700.796	6485
2702.698	6500
2704.601	6348
2706.502	6469
2708.404	6288
2710.304	6367
2712.203	6389
2714.103	6365
2716.003	6259
2717.902	6379
2719.8	6255
2721.697	6281
2723.594	6385
2725.49	6363
2727.389	6385
2729.283	6305
2731.179	6375
2733.073	6377
2734.968	6349
2736.863	6284
2738.757	6341
2740.649	6292
2742.541	6216
2744.433	6303
2746.324	6404
2748.216	6282
2750.107	6258
2751.997	6288
2753.886	6224
2755.776	6236
2757.666	6202
2759.553	6270
2761.44	6234
2763.327	6088
2765.215	6334
2767.102	6209
2768.988	6360
2770.873	6208
2772.757	6303
2774.641	6257
2776.525	6307
2778.41	6302
2780.292	6248
2782.175	6254
2784.057	6361
2785.938	6207
2787.821	6171
2789.701	6164
2791.581	6162
2793.461	6225
2795.34	6220
2797.219	6141
2799.099	6147
2800.975	6130
2802.853	6317
2804.73	6252
2806.606	6252
2808.484	6225
2810.358	6171
2812.233	6211
2814.108	6253
2815.981	6297
2817.857	6132
2819.73	6127
2821.602	6236
2823.474	6102
2825.346	6165
2827.217	6157
2829.089	6147
2830.959	6114
2832.829	6190
2834.698	6180
2836.567	6137
2838.436	6294
2840.305	6179
2842.172	6100
2844.04	6082
2845.905	6208
2847.772	6150
2849.639	6047
2851.503	6284
2853.369	6080
2855.232	6086
2857.096	6160
2858.961	6277
2860.824	6225
2862.686	6146
2864.547	6298
2866.41	6288
2868.272	6296
2870.132	6362
2871.992	6415
2873.851	6406
2875.711	6481
2877.57	6362
2879.429	6433
2881.287	6499
2883.144	6404
2885.001	6466
2886.857	6480
2888.714	6573
2890.57	6521
2892.425	6503
2894.279	6382
2896.133	6512
2897.987	6401
2899.842	6447
2901.694	6392
2903.547	6393
2905.397	6349
2907.249	6360
2909.101	6493
2910.952	6499
2912.802	6602
2914.652	6466
2916.5	6550
2918.35	6592
2920.198	6562
2922.045	6525
2923.893	6727
2925.74	6684
2927.585	6816
2929.433	6729
2931.279	6802
2933.123	6887
2934.968	6717
2936.811	6984
2938.656	7009
2940.5	6943
2942.342	6940
2944.185	7115
2946.026	7013
2947.87	7070
2949.71	7030
2951.549	6944
2953.39	7054
2955.229	6913
2957.069	6829
2958.908	6823
2960.746	6821
2962.584	6641
2964.421	6704
2966.257	6670
2968.094	6702
2969.931	6572
2971.766	6600
2973.601	6526
2975.435	6510
2977.27	6504
2979.105	6426
2980.938	6644
2982.77	6382
2984.602	6505
2986.434	6444
2988.267	6406
2990.097	6345
2991.927	6209
2993.757	6273
2995.587	6309
2997.417	6123
2999.246	6252
3001.074	6216
3002.902	6183
3004.729	6036
3006.556	6074
3008.384	6077
3010.21	5954
3012.036	5987
3013.861	6024
3015.684	5927
3017.51	5879
3019.334	5914
3021.157	5893
3022.981	5823
3024.802	5891
3026.624	5784
3028.448	5798
3030.267	5851
3032.088	5732
3033.909	5884
3035.728	5789
3037.549	5746
3039.368	5653
3041.186	5701
3043.004	5730
3044.821	5824
3046.64	5726
3048.455	5689
3050.272	5660
3052.087	5683
3053.903	5783
3055.717	5724
3057.534	5762
3059.347	5695
3061.16	5721
3062.974	5692
3064.785	5723
3066.598	5757
3068.411	5647
3070.222	5633
3072.032	5668
3073.844	5702
3075.653	5696
3077.463	5639
3079.272	5631
3081.08	5585
3082.889	5625
3084.697	5565
3086.505	5534
3088.312	5628
3090.118	5711
3091.924	5484
3093.729	5653
3095.535	5539
3097.34	5552
3099.144	5515
3100.947	5472
3102.75	5568
3104.553	5521
3106.357	5521
3108.159	5525
3109.961	5509
3111.762	5472
3113.562	5523
3115.365	5461
3117.164	5462
3118.964	5394
3120.761	5393
3122.56	5438
3124.36	5434
3126.158	5536
3127.954	5362
3129.75	5452
3131.547	5432
3133.343	5316
3135.139	5397
3136.934	5454
3138.729	5430
3140.522	5407
3142.317	5443
3144.11	5376
3145.904	5370
3147.695	5387
3149.488	5418
3151.28	5235
3153.07	5288
3154.863	5337
3156.652	5340
3158.441	5412
3160.231	5416
3162.019	5263
3163.81	5365
3165.597	5376
3167.384	5431
3169.172	5283
3170.958	5307
3172.745	5356
3174.532	5311
3176.317	5383
3178.101	5280
3179.885	5338
3181.67	5361
3183.455	5313
3185.238	5262
3187.02	5269
3188.802	5374
3190.585	5227
3192.368	5236
3194.149	5246
3195.929	5260
3197.709	5183
3199.489	5281
3201.268	5299
3203.048	5259
3204.826	5122
3206.604	5332
3208.382	5207
3210.159	5243
3211.937	5265
3213.713	5267
3215.489	5267
3217.263	5280
3219.038	5211
3220.815	5144
3222.589	5293
3224.363	5220
3226.136	5170
3227.908	5292
3229.681	5275
3231.454	5207
3233.226	5193
3234.996	5338
3236.767	5196
3238.538	5197
3240.308	5185
3242.078	5161
3243.847	5272
3245.615	5258
3247.384	5221
3249.15	5179
3250.92	5238
3252.686	5170
3254.453	5146
3256.218	5140
3257.984	5196
3259.75	5123
3261.515	5212
3263.279	5220
3265.044	5176
3266.806	5119
3268.57	5160
3270.334	5125
3272.095	5164
3273.856	5133
3275.619	5166
3277.379	5302
3279.14	5154
3280.9	5144
3282.661	5097
3284.419	5234
3286.178	5209
3287.937	5201
3289.695	5129
3291.453	5120
3293.21	5107
3294.967	5130
3296.723	5082
3298.48	5156
3300.235	5159
3301.99	5135
3303.744	5192
3305.498	5113
3307.253	5192
3309.006	5045
3310.759	5224
3312.511	5084
3314.263	5118
3316.017	5184
3317.768	5201
3319.519	5115
3321.268	5167
3323.018	5103
3324.767	5171
3326.518	5087
3328.267	5196
3330.014	5184
3331.762	5107
3333.509	5032
3335.258	5121
3337.003	5124
3338.75	5078
3340.496	5197
3342.24	5087
3343.987	5192
3345.732	5101
3347.475	5112
3349.219	5105
3350.961	5082
3352.705	4948
3354.448	5053
3356.19	5112
3357.931	5003
3359.672	5021
3361.412	5058
3363.155	5134
3364.894	5108
3366.633	5016
3368.372	5029
3370.11	5025
3371.849	4945
3373.588	4939
3375.325	4974
3377.061	4973
3378.799	4958
3380.534	5017
3382.271	4948
3384.006	4907
3385.741	5009
3387.475	4830
3389.209	4889
3390.944	4975
3392.677	4981
3394.409	4871
3396.143	4872
3397.874	4951
3399.606	4973
3401.338	4946
3403.069	4975
3404.799	4963
3406.528	5005
3408.258	4804
3409.988	4983
3411.717	4916
3413.445	4843
3415.173	4902
3416.899	4830
3418.626	4896
3420.354	4802
3422.08	4987
3423.806	4889
3425.531	4939
3427.255	4845
3428.981	4886
3430.705	4789
3432.429	4930
3434.151	4857
3435.875	4883
3437.599	4774
3439.321	4846
3441.042	4899
3442.763	4782
3444.483	4778
3446.204	4789
3447.926	4727
3449.645	4704
3451.364	4730
3453.082	4721
3454.801	4705
3456.52	4785
3458.238	4701
3459.954	4695
3461.671	4648
3463.387	4805
3465.104	4779
3466.82	4752
3468.534	4796
3470.25	4663
3471.963	4764
3473.676	4636
3475.392	4702
3477.104	4688
3478.817	4700
3480.528	4717
3482.241	4657
3483.954	4695
3485.664	4740
3487.374	4567
3489.084	4620
3490.795	4656
3492.504	4677
3494.214	4591
3495.922	4704
3497.63	4690
3499.338	4530
3501.045	4538
3502.753	4627
3504.459	4603
3506.166	4532
3507.871	4561
3509.576	4509
3511.283	4522
3512.987	4472
3514.691	4556
3516.395	4526
3518.098	4727
3519.8	4534
3521.504	4612
3523.206	4561
3524.908	4606
3526.609	4401
3528.309	4490
3530.011	4527
3531.711	4489
3533.411	4472
3535.109	4581
3536.808	4529
3538.507	4476
3540.206	4520
3541.904	4507
3543.601	4473
3545.297	4422
3546.994	4451
3548.69	4461
3550.387	4462
3552.081	4504
3553.776	4566
3555.47	4420
3557.166	4378
3558.859	4398
3560.553	4418
3562.245	4470
3563.938	4454
3565.629	4460
3567.322	4387
3569.014	4278
3570.704	4510
3572.394	4332
3574.084	4451
3575.775	4484
3577.464	4392
3579.152	4487
3580.842	4471
3582.529	4336
3584.216	4424
3585.905	4368
3587.591	4302
3589.279	4365
3590.964	4309
3592.649	4278
3594.336	4353
3596.021	4391
3597.705	4266
3599.388	4401
3601.072	4298
3602.757	4252
3604.439	4368
3606.122	4261
3607.803	4245
3609.485	4274
3611.167	4281
3612.849	4234
3614.529	4266
3616.208	4238
3617.888	4248
3619.567	4242
3621.247	4298
3622.926	4233
3624.603	4233
3626.281	4214
3627.958	4271
3629.635	4151
3631.312	4176
3632.989	4079
3634.665	4236
3636.339	4191
3638.014	4274
3639.691	4176
3641.364	4153
3643.038	4182
3644.71	4122
3646.384	4234
3648.058	4136
3649.729	4152
3651.402	4067
3653.073	4104
3654.744	4162
3656.414	4167
3658.085	4151
3659.755	4111
3661.424	4157
3663.094	4102
3664.762	4126
3666.431	4167
3668.099	4087
3669.766	4076
3671.433	4075
3673.099	4054
3674.768	4085
3676.433	4161
3678.098	4079
3679.763	4108
3681.428	4058
3683.093	4063
3684.757	4071
3686.421	4053
3688.083	4075
3689.746	4088
3691.408	4072
3693.071	3959
3694.733	4001
3696.394	3910
3698.054	3940
3699.715	4021
3701.375	4022
3703.036	4081
3704.695	3984
3706.354	3978
3708.012	3961
3709.67	4029
3711.329	4021
3712.987	3983
3714.644	4105
3716.299	3986
3717.955	3996
3719.613	3948
3721.268	3965
3722.923	3974
3724.577	4077
3726.231	4015
3727.885	3988
3729.539	3952
3731.192	3888
3732.845	3964
3734.497	3877
3736.149	4035
3737.802	3948
3739.453	3992
3741.104	3957
3742.753	3953
3744.404	3918
3746.052	3966
3747.704	3877
3749.352	3978
3751	3888
3752.648	3952
3754.296	3913
3755.944	3907
3757.59	3836
3759.238	3892
3760.883	3910
3762.528	3914
3764.176	3939
3765.82	3887
3767.464	3919
3769.109	3859
3770.753	3874
3772.396	3885
3774.04	3845
3775.683	3888
3777.325	3903
3778.967	3819
3780.608	3881
3782.25	3830
3783.89	3737
3785.531	3838
3787.17	3823
3788.81	3759
3790.45	3831
3792.09	3754
3793.729	3787
3795.366	3751
3797.003	3823
3798.64	3826
3800.278	3729
3801.915	3777
3803.551	3916
3805.187	3826
3806.822	3774
3808.458	3788
3810.093	3790
3811.726	3749
3813.36	3878
3814.994	3789
3816.627	3749
3818.262	3767
3819.893	3722
3821.525	3688
3823.157	3732
3824.787	3737
3826.42	3636
3828.051	3692
3829.68	3760
3831.31	3685
3832.938	3735
3834.569	3732
3836.198	3724
3837.825	3693
3839.454	3628
3841.08	3657
3842.708	3714
3844.335	3716
3845.962	3706
3847.587	3676
3849.212	3717
3850.838	3649
3852.463	3666
3854.089	3673
3855.712	3608
3857.335	3658
3858.959	3683
3860.582	3651
3862.205	3583
3863.827	3723
3865.449	3570
3867.07	3599
3868.691	3675
3870.312	3661
3871.933	3622
3873.553	3681
3875.173	3598
3876.792	3622
3878.411	3555
3880.03	3716
3881.647	3606
3883.265	3572
3884.882	3606
3886.499	3567
3888.116	3594
3889.732	3635
3891.348	3553
3892.964	3610
3894.579	3517
3896.195	3598
3897.809	3580
3899.423	3557
3901.036	3618
3902.648	3577
3904.261	3480
3905.875	3611
3907.487	3600
3909.099	3551
3910.709	3565
3912.321	3553
3913.933	3607
3915.542	3538
3917.152	3538
3918.762	3546
3920.37	3545
3921.98	3515
3923.589	3561
3925.196	3477
3926.804	3559
3928.41	3602
3930.018	3572
3931.626	3490
3933.231	3527
3934.838	3551
3936.442	3561
3938.046	3505
3939.653	3530
3941.257	3470
3942.861	3528
3944.464	3517
3946.068	3551
3947.67	3450
3949.273	3518
3950.876	3483
3952.477	3608
3954.078	3496
3955.678	3457
3957.281	3525
3958.881	3435
3960.48	3525
3962.079	3468
3963.678	3399
3965.279	3530
3966.877	3511
3968.475	3425
3970.072	3479
3971.669	3429
3973.266	3437
3974.864	3429
3976.459	3402
3978.055	3438
3979.65	3381
3981.245	3439
3982.841	3379
3984.436	3360
3986.03	3431
3987.623	3361
3989.216	3381
3990.809	3345
3992.403	3380
3993.995	3398
3995.586	3450
3997.177	3319
3998.768	3319
4000.361	3344
4001.951	3298
4003.54	3363
4005.13	3310
4006.719	3324
4008.31	3297
4009.897	3359
4011.485	3307
4013.073	3339
4014.66	3299
4016.247	3324
4017.834	3274
4019.421	3224
4021.006	3344
4022.592	3257
4024.178	3290
4025.763	3254
4027.348	3236
4028.932	3275
4030.515	3326
4032.099	3271
4033.682	3236
4035.266	3233
4036.847	3315
4038.429	3251
4040.011	3176
4041.592	3227
4043.173	3307
4044.755	3248
4046.334	3198
4047.913	3235
4049.494	3282
4051.074	3174
4052.652	3195
4054.23	3227
4055.807	3221
4057.385	3270
4058.963	3179
4060.541	3278
4062.117	3204
4063.693	3252
4065.269	3245
4066.844	3157
4068.42	3174
4069.995	3145
4071.569	3206
4073.143	3207
4074.716	3144
4076.291	3251
4077.864	3178
4079.436	3188
4081.009	3193
4082.58	3162
4084.152	3120
4085.723	3162
4087.294	3131
4088.865	3178
4090.435	3203
4092.005	3203
4093.574	3130
4095.143	3153
4096.712	3115
4098.279	3095
4099.848	3083
4101.416	3029
4102.984	3133
4104.55	3081
4106.117	3131
4107.682	3150
4109.248	3086
4110.815	3079
4112.379	3048
4113.945	3081
4115.508	3148
4117.073	3072
4118.637	3034
4120.201	3057
4121.763	3089
4123.325	3096
4124.888	3047
4126.449	3059
4128.013	3059
4129.573	3079
4131.133	3022
4132.694	3071
4134.254	3054
4135.814	3049
4137.374	3046
4138.933	2990
4140.491	3028
4142.049	3059
4143.607	3074
4145.167	3006
4146.724	3079
4148.28	3030
4149.836	2954
4151.392	3016
4152.949	3058
4154.504	3075
4156.059	2924
4157.614	3000
4159.168	3044
4160.723	3029
4162.277	2948
4163.83	2912
4165.383	2961
4166.936	2947
4168.488	2911
4170.041	3054
4171.593	2918
4173.144	2876
4174.695	2921
4176.246	2964
4177.796	2971
4179.346	2945
4180.896	2933
4182.445	3048
4183.994	2925
4185.542	2852
4187.091	2882
4188.639	2893
4190.185	2861
4191.732	2953
4193.279	2937
4194.826	2891
4196.373	2987
4197.918	2945
4199.463	2926
4201.008	2863
4202.553	2931
4204.098	2848
4205.641	2848
4207.185	2874
4208.728	2901
4210.271	2862
4211.814	2865
4213.357	2874
4214.898	2845
4216.439	2910
4217.98	2894
4219.522	2824
4221.062	2880
4222.603	2825
4224.142	2864
4225.681	2921
4227.222	2795
4228.76	2921
4230.298	2866
4231.835	2873
4233.373	2870
4234.911	2825
4236.449	2889
4237.985	2842
4239.521	2788
4241.057	2838
4242.592	2846
4244.128	2853
4245.663	2811
4247.197	2811
4248.731	2817
4250.265	2839
4251.798	2869
4253.333	2770
4254.865	2768
4256.397	2856
4257.93	2785
4259.461	2827
4260.994	2818
4262.525	2770
4264.056	2813
4265.586	2822
4267.115	2827
4268.646	2783
4270.176	2801
4271.705	2683
4273.232	2759
4274.761	2774
4276.289	2726
4277.818	2794
4279.345	2776
4280.872	2737
4282.399	2768
4283.924	2659
4285.452	2734
4286.976	2783
4288.502	2758
4290.026	2799
4291.551	2735
4293.074	2777
4294.6	2732
4296.123	2704
4297.646	2719
4299.168	2796
4300.691	2750
4302.214	2668
4303.736	2774
4305.257	2661
4306.778	2643
4308.299	2684
4309.82	2683
4311.34	2650
4312.86	2714
4314.379	2686
