400.0745	3870
402.597	3777
405.1208	3874
407.6419	3903
410.1623	3943
412.6819	4061
415.201	3840
417.7172	4039
420.2369	4018
422.7538	4132
425.2701	4063
427.7856	4082
430.3005	4091
432.8147	4252
435.3282	4102
437.841	4144
440.3511	4154
442.8625	4182
445.3753	4174
447.8854	4182
450.3927	4152
452.9014	4162
455.4073	4095
457.9146	4169
460.4233	4165
462.9272	4182
465.4325	4161
467.935	4134
470.4389	4156
472.9421	4139
475.4446	4128
477.9444	4153
480.4456	4101
482.944	4190
485.4417	4241
487.9429	4197
490.4393	4172
492.935	4178
495.4321	4211
497.9264	4236
500.4221	4202
502.9171	4254
505.4094	4255
507.9011	4269
510.392	4262
512.8864	4297
515.3759	4359
517.8649	4360
520.3531	4383
522.8406	4349
525.3275	4353
527.8178	4322
530.3033	4295
532.7881	4330
535.2723	4282
537.7558	4349
540.2407	4300
542.7228	4347
545.2043	4372
547.6851	4373
550.1652	4425
552.6467	4416
555.1255	4252
557.6016	4380
560.079	4408
562.5557	4314
565.0318	4431
567.5092	4396
569.984	4469
572.456	4443
574.9294	4466
577.4022	4535
579.8762	4414
582.3456	4455
584.8163	4545
587.2863	4595
589.7557	4563
592.2224	4572
594.6924	4559
597.1578	4603
599.6245	4546
602.0905	4496
604.5538	4560
607.0206	4551
609.4825	4504
611.9459	4497
614.4066	4493
616.8686	4495
619.33	4567
621.7906	4491
624.2487	4490
626.708	4443
629.1647	4452
631.6207	4517
634.0801	4409
636.5348	4454
638.9888	4460
641.4442	4463
643.8969	4525
646.3509	4444
648.8022	4428
651.255	4578
653.705	4455
656.1544	4535
658.6031	4638
661.0532	4587
663.5026	4577
665.9493	4567
668.3954	4534
670.8409	4506
673.2877	4549
675.7318	4647
678.1752	4617
680.618	4621
683.0601	4622
685.5035	4584
687.9444	4693
690.3845	4703
692.824	4693
695.2628	4635
697.701	4581
700.1406	4666
702.5774	4585
705.0116	4710
707.4472	4697
709.8821	4666
712.3183	4721
714.7519	4728
717.1829	4705
719.6151	4708
722.0468	4790
724.4777	4880
726.908	4646
729.3377	4714
731.7667	4812
734.1931	4826
736.6208	4800
739.0498	4868
741.4742	4912
743.9	4844
746.3231	4886
748.7476	4828
751.1713	4909
753.5945	4990
756.015	4950
758.4368	4889
760.856	4888
763.2766	4786
765.6965	4834
768.1157	5056
770.5323	4939
772.9483	4983
775.3656	4952
777.7822	5039
780.1963	5048
782.6116	5036
785.0244	4969
787.4365	4971
789.8499	5036
792.2626	4922
794.6728	4941
797.0823	5006
799.4911	4987
801.8994	4983
804.3109	4952
806.7178	5063
809.124	5026
811.5297	5063
813.9347	4978
816.341	5050
818.7447	5048
821.1478	5029
823.5502	5055
825.952	4933
828.3531	4909
830.7556	5030
833.1554	5060
835.5546	5137
837.9532	5060
840.3511	5065
842.7504	5037
845.1451	5116
847.5411	5145
849.9365	5084
852.3312	5207
854.7272	5127
857.1187	5147
859.5115	5150
861.9037	5082
864.2952	5152
866.6842	5151
869.0764	5094
871.4661	5228
873.8531	5206
876.2415	5178
878.6272	5005
881.0162	5155
883.4026	5161
885.7866	5219
888.1717	5157
890.5543	5137
892.9382	5120
895.3215	5134
897.7041	5129
900.0842	5160
902.4655	5102
904.8443	5092
907.2244	5135
909.6039	5217
911.9808	5185
914.357	5233
916.7346	5321
919.1115	5343
921.4859	5331
923.8616	5420
926.2347	5493
928.6071	5399
930.979	5391
933.3541	5404
935.7247	5503
938.0946	5541
940.4639	5529
942.8326	5549
945.2026	5566
947.5701	5638
949.9369	5766
952.305	6056
954.6705	6265
957.0355	6355
959.4017	6751
961.7654	6792
964.1284	6641
966.4908	6610
968.8527	6294
971.2138	5990
973.5743	5784
975.9343	5578
978.2936	5508
980.6522	5415
983.0122	5394
985.3696	5334
987.7245	5348
990.0807	5295
992.4362	5343
994.7911	5284
997.1474	5330
999.4991	5283
1001.852	5415
1004.205	5392
1006.555	5274
1008.908	5414
1011.258	5270
1013.606	5377
1015.956	5258
1018.302	5384
1020.652	5393
1022.998	5389
1025.345	5385
1027.691	5357
1030.035	5400
1032.378	5445
1034.724	5447
1037.066	5409
1039.409	5435
1041.75	5396
1044.092	5500
1046.433	5478
1048.771	5420
1051.112	5518
1053.449	5389
1055.786	5500
1058.124	5434
1060.462	5481
1062.797	5449
1065.131	5554
1067.467	5493
1069.8	5588
1072.135	5542
1074.467	5584
1076.798	5605
1079.129	5490
1081.459	5528
1083.792	5539
1086.121	5582
1088.449	5471
1090.777	5442
1093.104	5586
1095.431	5444
1097.759	5394
1100.084	5426
1102.408	5494
1104.732	5434
1107.056	5361
1109.379	5533
1111.701	5519
1114.022	5538
1116.343	5398
1118.664	5528
1120.983	5538
1123.303	5485
1125.621	5455
1127.939	5469
1130.256	5428
1132.573	5529
1134.889	5416
1137.205	5497
1139.52	5426
1141.832	5492
1144.146	5488
1146.461	5494
1148.771	5370
1151.083	5390
1153.392	5498
1155.703	5486
1158.011	5398
1160.323	5360
1162.629	5455
1164.938	5501
1167.243	5586
1169.55	5346
1171.857	5484
1174.163	5570
1176.466	5345
1178.769	5399
1181.073	5461
1183.374	5389
1185.677	5483
1187.979	5487
1190.279	5393
1192.578	5408
1194.878	5383
1197.178	5458
1199.476	5459
1201.772	5396
1204.068	5517
1206.366	5428
1208.663	5345
1210.957	5482
1213.251	5463
1215.544	5486
1217.836	5479
1220.128	5515
1222.421	5419
1224.712	5618
1227.002	5472
1229.292	5545
1231.581	5615
1233.871	5591
1236.159	5592
1238.446	5650
1240.732	5643
1243.018	5763
1245.304	5679
1247.59	5705
1249.874	5700
1252.156	5613
1254.439	5720
1256.721	5657
1259.005	5631
1261.286	5675
1263.565	5671
1265.845	5652
1268.125	5744
1270.403	5682
1272.682	5664
1274.959	5695
1277.234	5695
1279.511	5644
1281.787	5661
1284.062	5706
1286.337	5581
1288.609	5651
1290.882	5577
1293.153	5570
1295.428	5587
1297.698	5704
1299.969	5582
1302.237	5584
1304.507	5575
1306.777	5621
1309.044	5699
1311.312	5551
1313.578	5512
1315.844	5635
1318.109	5591
1320.375	5608
1322.638	5475
1324.903	5555
1327.165	5640
1329.427	5624
1331.69	5674
1333.952	5599
1336.212	5560
1338.471	5684
1340.73	5630
1342.988	5621
1345.248	5623
1347.505	5499
1349.763	5635
1352.019	5556
1354.274	5619
1356.53	5578
1358.784	5489
1361.038	5615
1363.291	5636
1365.543	5521
1367.797	5496
1370.048	5606
1372.296	5604
1374.546	5524
1376.796	5724
1379.045	5548
1381.295	5529
1383.542	5568
1385.787	5549
1388.034	5595
1390.28	5584
1392.527	5511
1394.772	5684
1397.014	5670
1399.258	5654
1401.501	5677
1403.741	5800
1405.985	5718
1408.226	5723
1410.465	5594
1412.705	5795
1414.943	5636
1417.184	5689
1419.42	5708
1421.658	5709
1423.894	5784
1426.13	5720
1428.366	5764
1430.602	5683
1432.835	5805
1435.069	5762
1437.301	5786
1439.535	5934
1441.767	5966
1443.997	5845
1446.229	5914
1448.458	5821
1450.687	5863
1452.916	5861
1455.146	5926
1457.372	5852
1459.599	5803
1461.824	5801
1464.051	5813
1466.277	5830
1468.501	5800
1470.725	5856
1472.948	5741
1475.17	5684
1477.393	5748
1479.614	5687
1481.837	5737
1484.057	5678
1486.276	5609
1488.497	5597
1490.715	5573
1492.932	5510
1495.148	5681
1497.364	5553
1499.58	5546
1501.798	5543
1504.012	5496
1506.227	5534
1508.44	5551
1510.653	5594
1512.866	5555
1515.078	5570
1517.289	5513
1519.5	5511
1521.711	5660
1523.92	5575
1526.13	5528
1528.338	5399
1530.544	5524
1532.752	5522
1534.959	5554
1537.165	5536
1539.371	5500
1541.574	5638
1543.779	5557
1545.983	5540
1548.187	5615
1550.39	5713
1552.59	5635
1554.792	5631
1556.991	5662
1559.19	5668
1561.392	5718
1563.59	5571
1565.789	5707
1567.986	5704
1570.182	5773
1572.381	5640
1574.576	5703
1576.771	5692
1578.966	5736
1581.16	5757
1583.354	5777
1585.546	5662
1587.74	5677
1589.931	5649
1592.121	5723
1594.311	5634
1596.502	5738
1598.693	5703
1600.881	5763
1603.069	5747
1605.256	5827
1607.445	5753
1609.631	5786
1611.816	5712
1614.001	5788
1616.186	5774
1618.37	5850
1620.555	5708
1622.737	5884
1624.919	5687
1627.101	5728
1629.282	5773
1631.463	5715
1633.643	5971
1635.822	5783
1638.001	5696
1640.179	5782
1642.359	5785
1644.534	5835
1646.711	5888
1648.887	5818
1651.062	5911
1653.235	5810
1655.412	5898
1657.586	5881
1659.757	5892
1661.93	5857
1664.1	5925
1666.274	5936
1668.445	5919
1670.614	5890
1672.784	5871
1674.951	5777
1677.12	5878
1679.289	5866
1681.457	5761
1683.622	5832
1685.789	5870
1687.953	5859
1690.121	5929
1692.284	5688
1694.447	5747
1696.611	5833
1698.772	5765
1700.935	5761
1703.098	5667
1705.258	5748
1707.417	5683
1709.576	5723
1711.736	5758
1713.896	5693
1716.053	5648
1718.21	5689
1720.366	5751
1722.522	5623
1724.68	5732
1726.835	5770
1728.989	5690
1731.142	5722
1733.295	5726
1735.449	5787
1737.601	5577
1739.753	5752
1741.903	5739
1744.054	5716
1746.203	5695
1748.354	5691
1750.503	5753
1752.651	5647
1754.798	5673
1756.944	5665
1759.092	5709
1761.238	5649
1763.383	5736
1765.528	5783
1767.672	5692
1769.814	5690
1771.959	5686
1774.102	5704
1776.242	5769
1778.384	5795
1780.525	5862
1782.665	5671
1784.805	5678
1786.945	5816
1789.082	5610
1791.22	5819
1793.36	5719
1795.495	5862
1797.632	5682
1799.766	5766
1801.902	5807
1804.035	5729
1806.172	5737
1808.304	5770
1810.436	5675
1812.569	5714
1814.699	5769
1816.833	5721
1818.963	5720
1821.092	5679
1823.222	5725
1825.35	5786
1827.478	5770
1829.608	5769
1831.734	5761
1833.86	5772
1835.986	5743
1838.11	5721
1840.238	5688
1842.362	5661
1844.485	5700
1846.608	5670
1848.73	5575
1850.853	5662
1852.974	5678
1855.097	5607
1857.217	5729
1859.336	5748
1861.455	5639
1863.576	5706
1865.693	5699
1867.811	5717
1869.926	5717
1872.042	5516
1874.16	5635
1876.275	5669
1878.39	5598
1880.504	5606
1882.618	5701
1884.731	5818
1886.843	5721
1888.956	5635
1891.067	5775
1893.178	5694
1895.287	5725
1897.399	5715
1899.508	5841
1901.617	5764
1903.724	5766
1905.832	5726
1907.941	5824
1910.046	5686
1912.152	5762
1914.256	5811
1916.361	5783
1918.464	5832
1920.57	5776
1922.672	5670
1924.775	5761
1926.876	5791
1928.978	5786
1931.08	5738
1933.181	5808
1935.28	5719
1937.38	5745
1939.478	5848
1941.577	5849
1943.675	5814
1945.771	5675
1947.867	5670
1949.964	5873
1952.058	5819
1954.154	5773
1956.248	5714
1958.343	5777
1960.435	5840
1962.527	5747
1964.62	5712
1966.711	5687
1968.802	5756
1970.892	5786
1972.983	5763
1975.072	5672
1977.162	5706
1979.25	5724
1981.337	5733
1983.424	5731
1985.51	5668
1987.598	5731
1989.683	5708
1991.768	5673
1993.852	5678
1995.934	5691
1998.019	5677
2000.102	5687
2002.184	5763
2004.266	5670
2006.347	5587
2008.427	5682
2010.508	5794
2012.587	5651
2014.666	5652
2016.745	5678
2018.821	5688
2020.9	5603
2022.977	5697
2025.052	5667
2027.128	5712
2029.204	5701
2031.277	5572
2033.353	5633
2035.425	5765
2037.499	5694
2039.57	5770
2041.642	5688
2043.714	5675
2045.786	5612
2047.855	5626
2049.925	5610
2051.993	5598
2054.064	5635
2056.132	5687
2058.2	5692
2060.266	5641
2062.332	5680
2064.398	5625
2066.465	5738
2068.529	5671
2070.592	5773
2072.657	5708
2074.719	5655
2076.783	5645
2078.845	5632
2080.907	5687
2082.968	5665
2085.028	5806
2087.087	5754
2089.148	5720
2091.207	5652
2093.264	5703
2095.322	5693
2097.379	5709
2099.439	5667
2101.495	5665
2103.55	5662
2105.605	5680
2107.658	5584
2109.713	5715
2111.767	5522
2113.82	5757
2115.872	5742
2117.924	5710
2119.975	5659
2122.028	5712
2124.078	5667
2126.126	5644
2128.176	5840
2130.225	5639
2132.275	5683
2134.321	5655
2136.368	5566
2138.415	5611
2140.461	5616
2142.505	5690
2144.552	5588
2146.597	5639
2148.64	5471
2150.684	5619
2152.725	5664
2154.77	5589
2156.811	5654
2158.852	5749
2160.894	5697
2162.933	5566
2164.973	5688
2167.013	5582
2169.051	5581
2171.089	5657
2173.126	5604
2175.164	5605
2177.201	5629
2179.236	5602
2181.273	5713
2183.307	5578
2185.341	5572
2187.377	5608
2189.41	5581
2191.442	5506
2193.473	5587
2195.506	5629
2197.539	5525
2199.569	5488
2201.598	5516
2203.628	5641
2205.656	5527
2207.686	5463
2209.716	5609
2211.743	5591
2213.769	5470
2215.796	5535
2217.821	5471
2219.848	5553
2221.873	5493
2223.897	5414
2225.921	5654
2227.944	5545
2229.967	5582
2231.991	5436
2234.011	5540
2236.032	5452
2238.053	5527
2240.073	5470
2242.094	5614
2244.114	5554
2246.131	5411
2248.149	5471
2250.167	5535
2252.186	5559
2254.201	5522
2256.218	5505
2258.233	5616
2260.247	5463
2262.262	5541
2264.278	5597
2266.29	5433
2268.303	5492
2270.315	5501
2272.327	5460
2274.341	5546
2276.35	5590
2278.361	5576
2280.37	5544
2282.38	5511
2284.388	5541
2286.397	5524
2288.405	5538
2290.412	5564
2292.419	5531
2294.425	5473
2296.431	5564
2298.437	5534
2300.441	5469
2302.445	5454
2304.449	5525
2306.453	5526
2308.455	5488
2310.457	5541
2312.459	5448
2314.46	5449
2316.46	5551
2318.461	5487
2320.46	5468
2322.458	5508
2324.458	5403
2326.456	5454
2328.455	5323
2330.451	5388
2332.447	5443
2334.443	5462
2336.438	5441
2338.433	5304
2340.429	5393
2342.422	5393
2344.416	5385
2346.408	5370
2348.399	5441
2350.393	5423
2352.384	5298
2354.375	5411
2356.365	5395
2358.355	5282
2360.344	5480
2362.333	5421
2364.322	5425
2366.309	5273
2368.295	5288
2370.282	5310
2372.27	5362
2374.256	5259
2376.24	5405
2378.225	5334
2380.208	5329
2382.194	5422
2384.177	5353
2386.159	5300
2388.142	5264
2390.122	5348
2392.105	5370
2394.085	5293
2396.066	5389
2398.044	5337
2400.024	5294
2402.002	5327
2403.982	5281
2405.959	5357
2407.935	5363
2409.913	5269
2411.888	5329
2413.865	5374
2415.84	5399
2417.814	5321
2419.788	5241
2421.762	5344
2423.735	5224
2425.708	5389
2427.68	5351
2429.651	5299
2431.623	5290
2433.593	5378
2435.564	5232
2437.533	5270
2439.502	5268
2441.47	5233
2443.438	5217
2445.406	5340
2447.373	5201
2449.34	5364
2451.305	5240
2453.271	5233
2455.235	5246
2457.201	5331
2459.165	5197
2461.129	5201
2463.092	5221
2465.054	5231
2467.018	5233
2468.978	5252
2470.939	5298
2472.899	5224
2474.86	5206
2476.819	5245
2478.778	5211
2480.737	5178
2482.695	5121
2484.653	5200
2486.609	5182
2488.567	5183
2490.524	5165
2492.478	5225
2494.433	5191
2496.387	5151
2498.343	5216
2500.297	5160
2502.249	5153
2504.202	5155
2506.153	5138
2508.105	5221
2510.057	5188
2512.008	5081
2513.957	5193
2515.906	5132
2517.855	5218
2519.805	5189
2521.754	5127
2523.7	5099
2525.647	5190
2527.594	5120
2529.54	5083
2531.486	5187
2533.431	5173
2535.376	5108
2537.32	5135
2539.263	5219
2541.207	5102
2543.151	5119
2545.093	5102
2547.034	5193
2548.975	5213
2550.917	5168
2552.856	5121
2554.796	5182
2556.735	5114
2558.673	5066
2560.611	5049
2562.55	5152
2564.487	5268
2566.424	5135
2568.36	5130
2570.296	5181
2572.232	5188
2574.167	5123
2576.101	5084
2578.035	5096
2579.969	5136
2581.902	5109
2583.834	5043
2585.766	5181
2587.698	5070
2589.628	5210
2591.557	5072
2593.489	5181
2595.419	5101
2597.348	5199
2599.275	5151
2601.204	5155
2603.131	5163
2605.059	5135
2606.986	5073
2608.911	5154
2610.837	5123
2612.76	5103
2614.687	5255
2616.61	5085
2618.534	5111
2620.457	5074
2622.38	5202
2624.302	5228
2626.225	5137
2628.145	5185
2630.067	5053
2631.986	5221
2633.906	5147
2635.827	5084
2637.745	5083
2639.662	5145
2641.581	5184
2643.498	5197
2645.415	5233
2647.331	5099
2649.248	5084
2651.163	5112
2653.077	5160
2654.993	5115
2656.906	5094
2658.821	5227
2660.733	5158
2662.646	5098
2664.557	5085
2666.47	5136
2668.381	5093
2670.291	5216
2672.201	5093
2674.11	5050
2676.021	5162
2677.929	5109
2679.837	5068
2681.745	5097
2683.652	5122
2685.56	4977
2687.466	5002
2689.371	5182
2691.276	5056
2693.181	5100
2695.085	5176
2696.991	5073
2698.893	5103
2700.796	5075
2702.698	5046
2704.601	5083
2706.502	5129
2708.404	5065
2710.304	5065
2712.203	5045
2714.103	5088
2716.003	5075
2717.902	4939
2719.8	4989
2721.697	5052
2723.594	5005
2725.49	4941
2727.389	4960
2729.283	5105
2731.179	5011
2733.073	5101
2734.968	5012
2736.863	4988
2738.757	5129
2740.649	4999
2742.541	4966
2744.433	5010
2746.324	5044
2748.216	5011
2750.107	5000
2751.997	4957
2753.886	4973
2755.776	4985
2757.666	5041
2759.553	4997
2761.44	4994
2763.327	4996
2765.215	5035
2767.102	4919
2768.988	4941
2770.873	5020
2772.757	5052
2774.641	5048
2776.525	5016
2778.41	4982
2780.292	4942
2782.175	4902
2784.057	4865
2785.938	4945
2787.821	4914
2789.701	4894
2791.581	4923
2793.461	4914
2795.34	4929
2797.219	4967
2799.099	4975
2800.975	4938
2802.853	5010
2804.73	4925
2806.606	4905
2808.484	4891
2810.358	4866
2812.233	5052
2814.108	4918
2815.981	4909
2817.857	5004
2819.73	4901
2821.602	5073
2823.474	5025
2825.346	4968
2827.217	4867
2829.089	4941
2830.959	4909
2832.829	4842
2834.698	4927
2836.567	4905
2838.436	4940
2840.305	4889
2842.172	5026
2844.04	4937
2845.905	4960
2847.772	4905
2849.639	5049
2851.503	4941
2853.369	4938
2855.232	5001
2857.096	5070
2858.961	5013
2860.824	5038
2862.686	5050
2864.547	5078
2866.41	5106
2868.272	5038
2870.132	5191
2871.992	5255
2873.851	5198
2875.711	5183
2877.57	5256
2879.429	5296
2881.287	5278
2883.144	5334
2885.001	5354
2886.857	5282
2888.714	5452
2890.57	5402
2892.425	5333
2894.279	5317
2896.133	5414
2897.987	5417
2899.842	5299
2901.694	5283
2903.547	5439
2905.397	5257
2907.249	5313
2909.101	5383
2910.952	5397
2912.802	5392
2914.652	5374
2916.5	5477
2918.35	5435
2920.198	5482
2922.045	5553
2923.893	5618
2925.74	5696
2927.585	5630
2929.433	5759
2931.279	5709
2933.123	5859
2934.968	5783
2936.811	5902
2938.656	5935
2940.5	5915
2942.342	5980
2944.185	5954
2946.026	5940
2947.87	6111
2949.71	5896
2951.549	6087
2953.39	5769
2955.229	5989
2957.069	5808
2958.908	5798
2960.746	5717
2962.584	5679
2964.421	5624
2966.257	5660
2968.094	5521
2969.931	5533
2971.766	5553
2973.601	5429
2975.435	5478
2977.27	5476
2979.105	5384
2980.938	5404
2982.77	5466
2984.602	5420
2986.434	5281
2988.267	5313
2990.097	5150
2991.927	5211
2993.757	5192
2995.587	5195
2997.417	5182
2999.246	5221
3001.074	5073
3002.902	5110
3004.729	4907
3006.556	4971
3008.384	4904
3010.21	4857
3012.036	4866
3013.861	4886
3015.684	4895
3017.51	4763
3019.334	4854
3021.157	4781
3022.981	4796
3024.802	4676
3026.624	4742
3028.448	4702
3030.267	4695
3032.088	4754
3033.909	4625
3035.728	4640
3037.549	4626
3039.368	4627
3041.186	4669
3043.004	4590
3044.821	4594
3046.64	4585
3048.455	4689
3050.272	4638
3052.087	4632
3053.903	4631
3055.717	4507
3057.534	4605
3059.347	4620
3061.16	4605
3062.974	4608
3064.785	4609
3066.598	4485
3068.411	4678
3070.222	4604
3072.032	4521
3073.844	4564
3075.653	4532
3077.463	4541
3079.272	4537
3081.08	4499
3082.889	4497
3084.697	4427
3086.505	4507
3088.312	4449
3090.118	4392
3091.924	4515
3093.729	4369
3095.535	4531
3097.34	4453
3099.144	4473
3100.947	4441
3102.75	4418
3104.553	4509
3106.357	4519
3108.159	4368
3109.961	4511
3111.762	4418
3113.562	4490
3115.365	4444
3117.164	4443
3118.964	4328
3120.761	4372
3122.56	4395
3124.36	4454
3126.158	4409
3127.954	4386
3129.75	4486
3131.547	4390
3133.343	4416
3135.139	4324
3136.934	4446
3138.729	4309
3140.522	4356
3142.317	4317
3144.11	4447
3145.904	4369
3147.695	4280
3149.488	4340
3151.28	4438
3153.07	4381
3154.863	4359
3156.652	4265
3158.441	4375
3160.231	4394
3162.019	4299
3163.81	4318
3165.597	4235
3167.384	4295
3169.172	4217
3170.958	4359
3172.745	4372
3174.532	4417
3176.317	4308
3178.101	4389
3179.885	4339
3181.67	4283
3183.455	4316
3185.238	4247
3187.02	4228
3188.802	4357
3190.585	4265
3192.368	4304
3194.149	4327
3195.929	4249
3197.709	4284
3199.489	4263
3201.268	4324
3203.048	4355
3204.826	4322
3206.604	4238
3208.382	4361
3210.159	4262
3211.937	4199
3213.713	4333
3215.489	4231
3217.263	4211
3219.038	4281
3220.815	4288
3222.589	4244
3224.363	4275
3226.136	4286
3227.908	4225
3229.681	4276
3231.454	4295
3233.226	4157
3234.996	4353
3236.767	4255
3238.538	4289
3240.308	4233
3242.078	4241
3243.847	4205
3245.615	4187
3247.384	4219
3249.15	4183
3250.92	4258
3252.686	4321
3254.453	4265
3256.218	4256
3257.984	4243
3259.75	4343
3261.515	4208
3263.279	4289
3265.044	4319
3266.806	4208
3268.57	4236
3270.334	4366
3272.095	4229
3273.856	4283
3275.619	4164
3277.379	4293
3279.14	4222
3280.9	4218
3282.661	4264
3284.419	4213
3286.178	4329
3287.937	4226
3289.695	4315
3291.453	4323
3293.21	4231
3294.967	4340
3296.723	4261
3298.48	4326
3300.235	4098
3301.99	4247
3303.744	4172
3305.498	4268
3307.253	4251
3309.006	4228
3310.759	4220
3312.511	4178
3314.263	4288
3316.017	4232
3317.768	4216
3319.519	4164
3321.268	4105
3323.018	4201
3324.767	4266
3326.518	4242
3328.267	4213
3330.014	4199
3331.762	4263
3333.509	4300
3335.258	4278
3337.003	4183
3338.75	4235
3340.496	4242
3342.24	4124
3343.987	4167
3345.732	4118
3347.475	4149
3349.219	4185
3350.961	4179
3352.705	4225
3354.448	4185
3356.19	4178
3357.931	4151
3359.672	4214
3361.412	4153
3363.155	4139
3364.894	4189
3366.633	4135
3368.372	4164
3370.11	4159
3371.849	4131
3373.588	4130
3375.325	4126
3377.061	4130
3378.799	4061
3380.534	4121
3382.271	4091
3384.006	4109
3385.741	4004
3387.475	4122
3389.209	4122
3390.944	4019
3392.677	4108
3394.409	4019
3396.143	4071
3397.874	4131
3399.606	4095
3401.338	4002
3403.069	4075
3404.799	4051
3406.528	4084
3408.258	4040
3409.988	4010
3411.717	4069
3413.445	4002
3415.173	4079
3416.899	4020
3418.626	4100
3420.354	4022
3422.08	4063
3423.806	4019
3425.531	4084
3427.255	3965
3428.981	4035
3430.705	4073
3432.429	3995
3434.151	4044
3435.875	4102
3437.599	4045
3439.321	3949
3441.042	3986
3442.763	3967
3444.483	3940
3446.204	4038
3447.926	3933
3449.645	3947
3451.364	3991
3453.082	3932
3454.801	3928
3456.52	3989
3458.238	3900
3459.954	3935
3461.671	3916
3463.387	4016
3465.104	3856
3466.82	3873
3468.534	3925
3470.25	3832
3471.963	3839
3473.676	3852
3475.392	3846
3477.104	3809
3478.817	3815
3480.528	3827
3482.241	3785
3483.954	3816
3485.664	3959
3487.374	3930
3489.084	3784
3490.795	3849
3492.504	3829
3494.214	3852
3495.922	3794
3497.63	3750
3499.338	3781
3501.045	3791
3502.753	3757
3504.459	3737
3506.166	3710
3507.871	3782
3509.576	3800
3511.283	3830
3512.987	3730
3514.691	3783
3516.395	3713
3518.098	3743
3519.8	3753
3521.504	3736
3523.206	3762
3524.908	3661
3526.609	3691
3528.309	3740
3530.011	3735
3531.711	3719
3533.411	3810
3535.109	3677
3536.808	3614
3538.507	3766
3540.206	3683
3541.904	3689
3543.601	3730
3545.297	3672
3546.994	3657
3548.69	3703
3550.387	3666
3552.081	3647
3553.776	3672
3555.47	3696
3557.166	3748
3558.859	3597
3560.553	3723
3562.245	3583
3563.938	3733
3565.629	3659
3567.322	3620
3569.014	3625
3570.704	3605
3572.394	3633
3574.084	3655
3575.775	3649
3577.464	3595
3579.152	3695
3580.842	3661
3582.529	3662
3584.216	3570
3585.905	3574
3587.591	3594
3589.279	3571
3590.964	3486
3592.649	3451
3594.336	3561
3596.021	3573
3597.705	3568
3599.388	3457
3601.072	3506
3602.757	3550
3604.439	3556
3606.122	3518
3607.803	3510
3609.485	3462
3611.167	3376
3612.849	3517
3614.529	3449
3616.208	3416
3617.888	3543
3619.567	3445
3621.247	3522
3622.926	3441
3624.603	3515
3626.281	3449
3627.958	3476
3629.635	3398
3631.312	3460
3632.989	3392
3634.665	3447
3636.339	3349
3638.014	3477
3639.691	3397
3641.364	3583
3643.038	3379
3644.71	3406
3646.384	3421
3648.058	3322
3649.729	3432
3651.402	3393
3653.073	3291
3654.744	3446
3656.414	3355
3658.085	3305
3659.755	3401
3661.424	3322
3663.094	3325
3664.762	3362
3666.431	3342
3668.099	3299
3669.766	3416
3671.433	3220
3673.099	3336
3674.768	3372
3676.433	3325
3678.098	3311
3679.763	3361
3681.428	3336
3683.093	3333
3684.757	3257
3686.421	3273
3688.083	3330
3689.746	3307
3691.408	3252
3693.071	3321
3694.733	3312
3696.394	3304
3698.054	3275
3699.715	3320
3701.375	3369
3703.036	3220
3704.695	3252
3706.354	3311
3708.012	3274
3709.67	3266
3711.329	3231
3712.987	3218
3714.644	3277
3716.299	3266
3717.955	3244
3719.613	3245
3721.268	3307
3722.923	3306
3724.577	3197
3726.231	3261
3727.885	3214
3729.539	3260
3731.192	3267
3732.845	3237
3734.497	3207
3736.149	3197
3737.802	3195
3739.453	3317
3741.104	3128
3742.753	3143
3744.404	3242
3746.052	3200
3747.704	3219
3749.352	3214
3751	3277
3752.648	3221
3754.296	3198
3755.944	3104
3757.59	3167
3759.238	3133
3760.883	3248
3762.528	3160
3764.176	3181
3765.82	3149
3767.464	3190
3769.109	3257
3770.753	3184
3772.396	3204
3774.04	3180
3775.683	3232
3777.325	3187
3778.967	3114
3780.608	3144
3782.25	3058
3783.89	3092
3785.531	3125
3787.17	3135
3788.81	3150
3790.45	3018
3792.09	3080
3793.729	3161
3795.366	3052
3797.003	3079
3798.64	3081
3800.278	3094
3801.915	3139
3803.551	3109
3805.187	3068
3806.822	3170
3808.458	3136
3810.093	3064
3811.726	3068
3813.36	3137
3814.994	3175
3816.627	3047
3818.262	3054
3819.893	3120
3821.525	3026
3823.157	3083
3824.787	3065
3826.42	3007
3828.051	3036
3829.68	3058
3831.31	3061
3832.938	3078
3834.569	2991
3836.198	3111
3837.825	3034
3839.454	3085
3841.08	2986
3842.708	2980
3844.335	3049
3845.962	3063
3847.587	3025
3849.212	3069
3850.838	3039
3852.463	3004
3854.089	3062
3855.712	3017
3857.335	2998
3858.959	2934
3860.582	3023
3862.205	2948
3863.827	3019
3865.449	2980
3867.07	2969
3868.691	2978
3870.312	2964
3871.933	2988
3873.553	2958
3875.173	2986
3876.792	2943
3878.411	2942
3880.03	2983
3881.647	2990
3883.265	2950
3884.882	2988
3886.499	2936
3888.116	2955
3889.732	2905
3891.348	2948
3892.964	2905
3894.579	2980
3896.195	2876
3897.809	2971
3899.423	2913
3901.036	2965
3902.648	2945
3904.261	2873
3905.875	2951
3907.487	2945
3909.099	2857
3910.709	2929
3912.321	2936
3913.933	2916
3915.542	2927
3917.152	2891
3918.762	2904
3920.37	2898
3921.98	2954
3923.589	2923
3925.196	2894
3926.804	2922
3928.41	2934
3930.018	2982
3931.626	2817
3933.231	2932
3934.838	2884
3936.442	2907
3938.046	2896
3939.653	2926
3941.257	2901
3942.861	2900
3944.464	2864
3946.068	2889
3947.67	2871
3949.273	2889
3950.876	2948
3952.477	2831
3954.078	2907
3955.678	2870
3957.281	2802
3958.881	2908
3960.48	2861
3962.079	2839
3963.678	2829
3965.279	2886
3966.877	2891
3968.475	2844
3970.072	2787
3971.669	2789
3973.266	2871
3974.864	2822
3976.459	2826
3978.055	2824
3979.65	2867
3981.245	2834
3982.841	2828
3984.436	2803
3986.03	2742
3987.623	2783
3989.216	2822
3990.809	2733
3992.403	2808
3993.995	2768
3995.586	2774
3997.177	2798
3998.768	2774
4000.361	2731
4001.951	2726
4003.54	2736
4005.13	2749
4006.719	2773
4008.31	2732
4009.897	2708
4011.485	2748
4013.073	2791
4014.66	2847
4016.247	2682
4017.834	2657
4019.421	2690
4021.006	2715
4022.592	2715
4024.178	2711
4025.763	2674
4027.348	2713
4028.932	2770
4030.515	2727
4032.099	2687
4033.682	2720
4035.266	2726
4036.847	2653
4038.429	2626
4040.011	2655
4041.592	2626
4043.173	2674
4044.755	2664
4046.334	2708
4047.913	2692
4049.494	2610
4051.074	2676
4052.652	2686
4054.23	2597
4055.807	2664
4057.385	2664
4058.963	2664
4060.541	2569
4062.117	2654
4063.693	2599
4065.269	2531
4066.844	2589
4068.42	2621
4069.995	2588
4071.569	2623
4073.143	2558
4074.716	2642
4076.291	2666
4077.864	2651
4079.436	2597
4081.009	2594
4082.58	2625
4084.152	2661
4085.723	2656
4087.294	2613
4088.865	2642
4090.435	2600
4092.005	2551
4093.574	2591
4095.143	2590
4096.712	2612
4098.279	2594
4099.848	2586
4101.416	2569
4102.984	2599
4104.55	2554
4106.117	2539
4107.682	2589
4109.248	2644
4110.815	2546
4112.379	2551
4113.945	2581
4115.508	2571
4117.073	2542
4118.637	2574
4120.201	2568
4121.763	2614
4123.325	2540
4124.888	2557
4126.449	2517
4128.013	2559
4129.573	2534
4131.133	2488
4132.694	2519
4134.254	2495
4135.814	2482
4137.374	2481
4138.933	2495
4140.491	2481
4142.049	2459
4143.607	2520
4145.167	2509
4146.724	2507
4148.28	2484
4149.836	2488
4151.392	2438
4152.949	2470
4154.504	2546
4156.059	2505
4157.614	2456
4159.168	2509
4160.723	2453
4162.277	2455
4163.83	2482
4165.383	2408
4166.936	2476
4168.488	2499
4170.041	2411
4171.593	2475
4173.144	2441
4174.695	2433
4176.246	2482
4177.796	2399
4179.346	2454
4180.896	2425
4182.445	2429
4183.994	2440
4185.542	2420
4187.091	2380
4188.639	2432
4190.185	2388
4191.732	2437
4193.279	2436
4194.826	2446
4196.373	2397
4197.918	2473
4199.463	2431
4201.008	2380
4202.553	2356
4204.098	2418
4205.641	2383
4207.185	2428
4208.728	2340
4210.271	2374
4211.814	2423
4213.357	2373
4214.898	2420
4216.439	2386
4217.98	2347
4219.522	2403
4221.062	2254
4222.603	2425
4224.142	2389
4225.681	2389
4227.222	2410
4228.76	2345
4230.298	2429
4231.835	2339
4233.373	2347
4234.911	2378
4236.449	2342
4237.985	2373
4239.521	2290
4241.057	2304
4242.592	2391
4244.128	2347
4245.663	2372
4247.197	2356
4248.731	2328
4250.265	2313
4251.798	2283
4253.333	2371
4254.865	2345
4256.397	2398
4257.93	2318
4259.461	2361
4260.994	2354
4262.525	2363
4264.056	2304
4265.586	2308
4267.115	2397
4268.646	2371
4270.176	2377
4271.705	2237
4273.232	2242
4274.761	2257
4276.289	2304
4277.818	2258
4279.345	2329
4280.872	2276
4282.399	2297
4283.924	2322
4285.452	2328
4286.976	2255
4288.502	2247
4290.026	2340
4291.551	2278
4293.074	2285
4294.6	2345
4296.123	2257
4297.646	2303
4299.168	2266
4300.691	2306
4302.214	2270
4303.736	2257
4305.257	2266
4306.778	2365
4308.299	2319
4309.82	2220
4311.34	2195
4312.86	2316
4314.379	2272
