400.0745	4147
402.597	4085
405.1208	4200
407.6419	4202
410.1623	4200
412.6819	4243
415.201	4171
417.7172	4295
420.2369	4331
422.7538	4370
425.2701	4470
427.7856	4461
430.3005	4403
432.8147	4404
435.3282	4439
437.841	4478
440.3511	4412
442.8625	4506
445.3753	4407
447.8854	4538
450.3927	4546
452.9014	4502
455.4073	4450
457.9146	4461
460.4233	4431
462.9272	4486
465.4325	4461
467.935	4462
470.4389	4444
472.9421	4481
475.4446	4482
477.9444	4503
480.4456	4477
482.944	4499
485.4417	4578
487.9429	4465
490.4393	4468
492.935	4601
495.4321	4564
497.9264	4637
500.4221	4544
502.9171	4585
505.4094	4576
507.9011	4545
510.392	4650
512.8864	4635
515.3759	4619
517.8649	4707
520.3531	4609
522.8406	4621
525.3275	4558
527.8178	4714
530.3033	4663
532.7881	4608
535.2723	4621
537.7558	4608
540.2407	4678
542.7228	4640
545.2043	4603
547.6851	4670
550.1652	4720
552.6467	4771
555.1255	4718
557.6016	4707
560.079	4691
562.5557	4709
565.0318	4719
567.5092	4798
569.984	4789
572.456	4664
574.9294	4785
577.4022	4854
579.8762	4862
582.3456	4878
584.8163	4914
587.2863	4851
589.7557	4920
592.2224	4909
594.6924	4937
597.1578	4787
599.6245	4869
602.0905	4802
604.5538	4879
607.0206	4869
609.4825	4844
611.9459	4874
614.4066	4781
616.8686	4868
619.33	4832
621.7906	4756
624.2487	4796
626.708	4835
629.1647	4729
631.6207	4728
634.0801	4801
636.5348	4807
638.9888	4746
641.4442	4880
643.8969	4838
646.3509	4803
648.8022	4797
651.255	4892
653.705	4821
656.1544	4913
658.6031	4902
661.0532	4947
663.5026	4965
665.9493	4889
668.3954	4924
670.8409	5019
673.2877	5061
675.7318	4963
678.1752	5014
680.618	4967
683.0601	5008
685.5035	4989
687.9444	5044
690.3845	4955
692.824	4956
695.2628	5038
697.701	4985
700.1406	4965
702.5774	4957
705.0116	4997
707.4472	5005
709.8821	4944
712.3183	5110
714.7519	5072
717.1829	5079
719.6151	5238
722.0468	5212
724.4777	5108
726.908	5178
729.3377	5126
731.7667	5026
734.1931	5148
736.6208	5179
739.0498	5189
741.4742	5208
743.9	5211
746.3231	5283
748.7476	5245
751.1713	5334
753.5945	5260
756.015	5226
758.4368	5318
760.856	5284
763.2766	5381
765.6965	5384
768.1157	5199
770.5323	5284
772.9483	5328
775.3656	5372
777.7822	5298
780.1963	5376
782.6116	5380
785.0244	5441
787.4365	5353
789.8499	5215
792.2626	5393
794.6728	5352
797.0823	5322
799.4911	5342
801.8994	5373
804.3109	5403
806.7178	5460
809.124	5424
811.5297	5417
813.9347	5532
816.341	5323
818.7447	5497
821.1478	5431
823.5502	5346
825.952	5431
828.3531	5416
830.7556	5389
833.1554	5405
835.5546	5452
837.9532	5549
840.3511	5414
842.7504	5452
845.1451	5531
847.5411	5526
849.9365	5486
852.3312	5507
854.7272	5584
857.1187	5529
859.5115	5631
861.9037	5581
864.2952	5540
866.6842	5444
869.0764	5593
871.4661	5650
873.8531	5573
876.2415	5567
878.6272	5555
881.0162	5577
883.4026	5543
885.7866	5520
888.1717	5522
890.5543	5500
892.9382	5595
895.3215	5520
897.7041	5511
900.0842	5534
902.4655	5546
904.8443	5610
907.2244	5551
909.6039	5540
911.9808	5615
914.357	5546
916.7346	5652
919.1115	5720
921.4859	5719
923.8616	5852
926.2347	5728
928.6071	5739
930.979	5685
933.3541	5873
935.7247	5774
938.0946	5879
940.4639	5855
942.8326	5862
945.2026	6047
947.5701	6035
949.9369	6278
952.305	6379
954.6705	6396
957.0355	6806
959.4017	6828
961.7654	6927
964.1284	6901
966.4908	6690
968.8527	6539
971.2138	6302
973.5743	6139
975.9343	5846
978.2936	5891
980.6522	5813
983.0122	5804
985.3696	5704
987.7245	5678
990.0807	5669
992.4362	5708
994.7911	5650
997.1474	5643
999.4991	5677
1001.852	5805
1004.205	5778
1006.555	5694
1008.908	5742
1011.258	5725
1013.606	5758
1015.956	5778
1018.302	5748
1020.652	5703
1022.998	5839
1025.345	5746
1027.691	5742
1030.035	5657
1032.378	5802
1034.724	5829
1037.066	5863
1039.409	5748
1041.75	5921
1044.092	5849
1046.433	5774
1048.771	5875
1051.112	5751
1053.449	5800
1055.786	5799
1058.124	5827
1060.462	5931
1062.797	5879
1065.131	5907
1067.467	5998
1069.8	6002
1072.135	5923
1074.467	5949
1076.798	5833
1079.129	5895
1081.459	5866
1083.792	5806
1086.121	5882
1088.449	5881
1090.777	5766
1093.104	5891
1095.431	5866
1097.759	5892
1100.084	5881
1102.408	5846
1104.732	5707
1107.056	5914
1109.379	5841
1111.701	5846
1114.022	5864
1116.343	5975
1118.664	5899
1120.983	5923
1123.303	5851
1125.621	5920
1127.939	5883
1130.256	5795
1132.573	5963
1134.889	5826
1137.205	5893
1139.52	5902
1141.832	5889
1144.146	5806
1146.461	5982
1148.771	5850
1151.083	5895
1153.392	5853
1155.703	5763
1158.011	5797
1160.323	5856
1162.629	5949
1164.938	5827
1167.243	5880
1169.55	5825
1171.857	5913
1174.163	5946
1176.466	5859
1178.769	5924
1181.073	5954
1183.374	5898
1185.677	5865
1187.979	5955
1190.279	5864
1192.578	5813
1194.878	5947
1197.178	5789
1199.476	5929
1201.772	5910
1204.068	6005
1206.366	5834
1208.663	5826
1210.957	5935
1213.251	5924
1215.544	5838
1217.836	5964
1220.128	5944
1222.421	6023
1224.712	5915
1227.002	5958
1229.292	5913
1231.581	6078
1233.871	5969
1236.159	6175
1238.446	6014
1240.732	6045
1243.018	6029
1245.304	6177
1247.59	6124
1249.874	6034
1252.156	6171
1254.439	6191
1256.721	6066
1259.005	6105
1261.286	6148
1263.565	6107
1265.845	6126
1268.125	6245
1270.403	6117
1272.682	6101
1274.959	6114
1277.234	6220
1279.511	6031
1281.787	5994
1284.062	6095
1286.337	6066
1288.609	6015
1290.882	6074
1293.153	6059
1295.428	6112
1297.698	5928
1299.969	5959
1302.237	5898
1304.507	5953
1306.777	6015
1309.044	5962
1311.312	6034
1313.578	6052
1315.844	6043
1318.109	6052
1320.375	6033
1322.638	5943
1324.903	6030
1327.165	5987
1329.427	6077
1331.69	6022
1333.952	6039
1336.212	5924
1338.471	6009
1340.73	6048
1342.988	6026
1345.248	6123
1347.505	6016
1349.763	5942
1352.019	5939
1354.274	5916
1356.53	6035
1358.784	6015
1361.038	5958
1363.291	5948
1365.543	5957
1367.797	6073
1370.048	6123
1372.296	5972
1374.546	5990
1376.796	6001
1379.045	6132
1381.295	6105
1383.542	6093
1385.787	6031
1388.034	6040
1390.28	6066
1392.527	6032
1394.772	6062
1397.014	6088
1399.258	6074
1401.501	6102
1403.741	6104
1405.985	6167
1408.226	6094
1410.465	6211
1412.705	6141
1414.943	6168
1417.184	6083
1419.42	6149
1421.658	6191
1423.894	6094
1426.13	6138
1428.366	6103
1430.602	6223
1432.835	6183
1435.069	6159
1437.301	6204
1439.535	6235
1441.767	6184
1443.997	6339
1446.229	6296
1448.458	6257
1450.687	6256
1452.916	6380
1455.146	6253
1457.372	6287
1459.599	6220
1461.824	6305
1464.051	6323
1466.277	6278
1468.501	6183
1470.725	6300
1472.948	6208
1475.17	6194
1477.393	6221
1479.614	6051
1481.837	6165
1484.057	6148
1486.276	6041
1488.497	6159
1490.715	6033
1492.932	6016
1495.148	6057
1497.364	6041
1499.58	6055
1501.798	5914
1504.012	5950
1506.227	5901
1508.44	5866
1510.653	6101
1512.866	5876
1515.078	6048
1517.289	5970
1519.5	5957
1521.711	6071
1523.92	6089
1526.13	6023
1528.338	6042
1530.544	5934
1532.752	5974
1534.959	6047
1537.165	5995
1539.371	5880
1541.574	6038
1543.779	6052
1545.983	6001
1548.187	6097
1550.39	6003
1552.59	6001
1554.792	5991
1556.991	6125
1559.19	5948
1561.392	5915
1563.59	6065
1565.789	5991
1567.986	6196
1570.182	6153
1572.381	6007
1574.576	6122
1576.771	6186
1578.966	6140
1581.16	6080
1583.354	6042
1585.546	6207
1587.74	6134
1589.931	6270
1592.121	6239
1594.311	6164
1596.502	6257
1598.693	6178
1600.881	6255
1603.069	6111
1605.256	6263
1607.445	6180
1609.631	6164
1611.816	6239
1614.001	6119
1616.186	6064
1618.37	6208
1620.555	6249
1622.737	6212
1624.919	6243
1627.101	6205
1629.282	6318
1631.463	6302
1633.643	6221
1635.822	6185
1638.001	6255
1640.179	6171
1642.359	6321
1644.534	6146
1646.711	6196
1648.887	6198
1651.062	6309
1653.235	6366
1655.412	6308
1657.586	6370
1659.757	6323
1661.93	6297
1664.1	6330
1666.274	6373
1668.445	6215
1670.614	6237
1672.784	6374
1674.951	6320
1677.12	6382
1679.289	6149
1681.457	6272
1683.622	6410
1685.789	6375
1687.953	6322
1690.121	6188
1692.284	6313
1694.447	6223
1696.611	6201
1698.772	6297
1700.935	6273
1703.098	6253
1705.258	6185
1707.417	6179
1709.576	6248
1711.736	6196
1713.896	6063
1716.053	6154
1718.21	6315
1720.366	6218
1722.522	6175
1724.68	6047
1726.835	6151
1728.989	6183
1731.142	6101
1733.295	6162
1735.449	6222
1737.601	6089
1739.753	6147
1741.903	6201
1744.054	6084
1746.203	6222
1748.354	6095
1750.503	6102
1752.651	6131
1754.798	6183
1756.944	6115
1759.092	6179
1761.238	6158
1763.383	6133
1765.528	6234
1767.672	6061
1769.814	6157
1771.959	6131
1774.102	6177
1776.242	6106
1778.384	6169
1780.525	6268
1782.665	6155
1784.805	6169
1786.945	6265
1789.082	6093
1791.22	6257
1793.36	6223
1795.495	6061
1797.632	6252
1799.766	6127
1801.902	6199
1804.035	6127
1806.172	6334
1808.304	6138
1810.436	6150
1812.569	6207
1814.699	6161
1816.833	6187
1818.963	6196
1821.092	6087
1823.222	6120
1825.35	6211
1827.478	6171
1829.608	6218
1831.734	6084
1833.86	6248
1835.986	6130
1838.11	6135
1840.238	6075
1842.362	6160
1844.485	6065
1846.608	6103
1848.73	6141
1850.853	6063
1852.974	6137
1855.097	6221
1857.217	6025
1859.336	6049
1861.455	6111
1863.576	6104
1865.693	6175
1867.811	6136
1869.926	6251
1872.042	6210
1874.16	6115
1876.275	6016
1878.39	6028
1880.504	6224
1882.618	6104
1884.731	6232
1886.843	6166
1888.956	6172
1891.067	6132
1893.178	6232
1895.287	6177
1897.399	6121
1899.508	6115
1901.617	6172
1903.724	6186
1905.832	6181
1907.941	6090
1910.046	6187
1912.152	6229
1914.256	6345
1916.361	6182
1918.464	6269
1920.57	6154
1922.672	6197
1924.775	6187
1926.876	6211
1928.978	6337
1931.08	6276
1933.181	6295
1935.28	6157
1937.38	6171
1939.478	6263
1941.577	6305
1943.675	6297
1945.771	6129
1947.867	6148
1949.964	6324
1952.058	6263
1954.154	6124
1956.248	6148
1958.343	6217
1960.435	6170
1962.527	6322
1964.62	6242
1966.711	6162
1968.802	6218
1970.892	6190
1972.983	6307
1975.072	6171
1977.162	6262
1979.25	6164
1981.337	6104
1983.424	6213
1985.51	6273
1987.598	6181
1989.683	6118
1991.768	6166
1993.852	6114
1995.934	6172
1998.019	6216
2000.102	6106
2002.184	6211
2004.266	6172
2006.347	6134
2008.427	6096
2010.508	6187
2012.587	6088
2014.666	6163
2016.745	6089
2018.821	6083
2020.9	6085
2022.977	6085
2025.052	6149
2027.128	6191
2029.204	6136
2031.277	6162
2033.353	6104
2035.425	6146
2037.499	6151
2039.57	6100
2041.642	6103
2043.714	6193
2045.786	6118
2047.855	6065
2049.925	6095
2051.993	6192
2054.064	6182
2056.132	6134
2058.2	6140
2060.266	6117
2062.332	6169
2064.398	6173
2066.465	6045
2068.529	6166
2070.592	6138
2072.657	6117
2074.719	6280
2076.783	6080
2078.845	6127
2080.907	6180
2082.968	6083
2085.028	6058
2087.087	6227
2089.148	6134
2091.207	6114
2093.264	6053
2095.322	6122
2097.379	6036
2099.439	6087
2101.495	6118
2103.55	6146
2105.605	6042
2107.658	6119
2109.713	6053
2111.767	6204
2113.82	6057
2115.872	6154
2117.924	6220
2119.975	6062
2122.028	6095
2124.078	6064
2126.126	6144
2128.176	6158
2130.225	6184
2132.275	6124
2134.321	6072
2136.368	6121
2138.415	6138
2140.461	6100
2142.505	6170
2144.552	6105
2146.597	6101
2148.64	6119
2150.684	6123
2152.725	6133
2154.77	6061
2156.811	6068
2158.852	6062
2160.894	6000
2162.933	5965
2164.973	6117
2167.013	5952
2169.051	5980
2171.089	6083
2173.126	6008
2175.164	5954
2177.201	5966
2179.236	5973
2181.273	5993
2183.307	6050
2185.341	6038
2187.377	6043
2189.41	5913
2191.442	5935
2193.473	6009
2195.506	5945
2197.539	5996
2199.569	6035
2201.598	5811
2203.628	5941
2205.656	5817
2207.686	6034
2209.716	5986
2211.743	6049
2213.769	5859
2215.796	5904
2217.821	5912
2219.848	5856
2221.873	5931
2223.897	5838
2225.921	5949
2227.944	5915
2229.967	5872
2231.991	5901
2234.011	5985
2236.032	6001
2238.053	5834
2240.073	8386
2242.094	9023
2244.114	5892
2246.131	5947
2248.149	5963
2250.167	5871
2252.186	5926
2254.201	5965
2256.218	5887
2258.233	5850
2260.247	5981
2262.262	5925
2264.278	5911
2266.29	5904
2268.303	5847
2270.315	5912
2272.327	5942
2274.341	5924
2276.35	5885
2278.361	5789
2280.37	5894
2282.38	6043
2284.388	5836
2286.397	5901
2288.405	5954
2290.412	5953
2292.419	5819
2294.425	5973
2296.431	5840
2298.437	5834
2300.441	5877
2302.445	5888
2304.449	5827
2306.453	5982
2308.455	5853
2310.457	5846
2312.459	6012
2314.46	5958
2316.46	5888
2318.461	5830
2320.46	5831
2322.458	5840
2324.458	5816
2326.456	5947
2328.455	5791
2330.451	5800
2332.447	5829
2334.443	5727
2336.438	5782
2338.433	5836
2340.429	5790
2342.422	5871
2344.416	5850
2346.408	5817
2348.399	5857
2350.393	5781
2352.384	5741
2354.375	5811
2356.365	5814
2358.355	5860
2360.344	5850
2362.333	5657
2364.322	5783
2366.309	5800
2368.295	5749
2370.282	5806
2372.27	5830
2374.256	5691
2376.24	5789
2378.225	5796
2380.208	5764
2382.194	5704
2384.177	5812
2386.159	5673
2388.142	5690
2390.122	5696
2392.105	5674
2394.085	5711
2396.066	5897
2398.044	5787
2400.024	5813
2402.002	5675
2403.982	5646
2405.959	5823
2407.935	5771
2409.913	5708
2411.888	5655
2413.865	5712
2415.84	5670
2417.814	5604
2419.788	5718
2421.762	5583
2423.735	5700
2425.708	5644
2427.68	5721
2429.651	5788
2431.623	5721
2433.593	5681
2435.564	5683
2437.533	5701
2439.502	5629
2441.47	5669
2443.438	5655
2445.406	5723
2447.373	5785
2449.34	5769
2451.305	5610
2453.271	5564
2455.235	5704
2457.201	5667
2459.165	5608
2461.129	5585
2463.092	5774
2465.054	5602
2467.018	5684
2468.978	5701
2470.939	5597
2472.899	5596
2474.86	5614
2476.819	5696
2478.778	5689
2480.737	5667
2482.695	5691
2484.653	5765
2486.609	5628
2488.567	5573
2490.524	5681
2492.478	5532
2494.433	5527
2496.387	5676
2498.343	5599
2500.297	5638
2502.249	5634
2504.202	5625
2506.153	5573
2508.105	5656
2510.057	5585
2512.008	5582
2513.957	5588
2515.906	5542
2517.855	5590
2519.805	5555
2521.754	5589
2523.7	5553
2525.647	5583
2527.594	5577
2529.54	5652
2531.486	5662
2533.431	5453
2535.376	5524
2537.32	5525
2539.263	5510
2541.207	5653
2543.151	5466
2545.093	5530
2547.034	5530
2548.975	5537
2550.917	5528
2552.856	5532
2554.796	5411
2556.735	5522
2558.673	5627
2560.611	5470
2562.55	5542
2564.487	5513
2566.424	5550
2568.36	5588
2570.296	5580
2572.232	5495
2574.167	5628
2576.101	5463
2578.035	5542
2579.969	5574
2581.902	5550
2583.834	5556
2585.766	5608
2587.698	5486
2589.628	5474
2591.557	5562
2593.489	5597
2595.419	5640
2597.348	5586
2599.275	5503
2601.204	5503
2603.131	5465
2605.059	5448
2606.986	5570
2608.911	5429
2610.837	5589
2612.76	5466
2614.687	5503
2616.61	5659
2618.534	5617
2620.457	5609
2622.38	5590
2624.302	5584
2626.225	5451
2628.145	5496
2630.067	5579
2631.986	5540
2633.906	5528
2635.827	5541
2637.745	5522
2639.662	5520
2641.581	5428
2643.498	5492
2645.415	5533
2647.331	5529
2649.248	5556
2651.163	5466
2653.077	5587
2654.993	5605
2656.906	5507
2658.821	5585
2660.733	5508
2662.646	5498
2664.557	5560
2666.47	5484
2668.381	5455
2670.291	5455
2672.201	5537
2674.11	5528
2676.021	5459
2677.929	5522
2679.837	5528
2681.745	5512
2683.652	5483
2685.56	5498
2687.466	5426
2689.371	5484
2691.276	5469
2693.181	5444
2695.085	5520
2696.991	5424
2698.893	5487
2700.796	5465
2702.698	5398
2704.601	5465
2706.502	5447
2708.404	5405
2710.304	5431
2712.203	5429
2714.103	5355
2716.003	5447
2717.902	5433
2719.8	5536
2721.697	5361
2723.594	5374
2725.49	5499
2727.389	5451
2729.283	5293
2731.179	5473
2733.073	5435
2734.968	5313
2736.863	5339
2738.757	5449
2740.649	5470
2742.541	5214
2744.433	5407
2746.324	5479
2748.216	5326
2750.107	5380
2751.997	5400
2753.886	5325
2755.776	5374
2757.666	5414
2759.553	5317
2761.44	5346
2763.327	5425
2765.215	5315
2767.102	5340
2768.988	5361
2770.873	5500
2772.757	5239
2774.641	5379
2776.525	5346
2778.41	5204
2780.292	5393
2782.175	5328
2784.057	5260
2785.938	5305
2787.821	5276
2789.701	5345
2791.581	5312
2793.461	5281
2795.34	5318
2797.219	5259
2799.099	5289
2800.975	5226
2802.853	5311
2804.73	5256
2806.606	5213
2808.484	5339
2810.358	5225
2812.233	5321
2814.108	5147
2815.981	5370
2817.857	5228
2819.73	5267
2821.602	5278
2823.474	5210
2825.346	5340
2827.217	5299
2829.089	5320
2830.959	5350
2832.829	5157
2834.698	5438
2836.567	5289
2838.436	5240
2840.305	5235
2842.172	5240
2844.04	5279
2845.905	5391
2847.772	5376
2849.639	5406
2851.503	5383
2853.369	5296
2855.232	5318
2857.096	5389
2858.961	5315
2860.824	5376
2862.686	5440
2864.547	5489
2866.41	5352
2868.272	5614
2870.132	5472
2871.992	5503
2873.851	5516
2875.711	5600
2877.57	5758
2879.429	5708
2881.287	5725
2883.144	5680
2885.001	5739
2886.857	5772
2888.714	5781
2890.57	5726
2892.425	5850
2894.279	5718
2896.133	5734
2897.987	5742
2899.842	5693
2901.694	5718
2903.547	5740
2905.397	5736
2907.249	5658
2909.101	5690
2910.952	5795
2912.802	5700
2914.652	5812
2916.5	5758
2918.35	5887
2920.198	5980
2922.045	5949
2923.893	5992
2925.74	6254
2927.585	6116
2929.433	6171
2931.279	6117
2933.123	6283
2934.968	6265
2936.811	6246
2938.656	6279
2940.5	6398
2942.342	6489
2944.185	6455
2946.026	6502
2947.87	6518
2949.71	6342
2951.549	6443
2953.39	6201
2955.229	6376
2957.069	6224
2958.908	6178
2960.746	6202
2962.584	6109
2964.421	6018
2966.257	6106
2968.094	5967
2969.931	6066
2971.766	5990
2973.601	5878
2975.435	5903
2977.27	5858
2979.105	5734
2980.938	5834
2982.77	5747
2984.602	5807
2986.434	5724
2988.267	5723
2990.097	5728
2991.927	5691
2993.757	5564
2995.587	5669
2997.417	5554
2999.246	5453
3001.074	5507
3002.902	5410
3004.729	5430
3006.556	5348
3008.384	5323
3010.21	5253
3012.036	5237
3013.861	5152
3015.684	5245
3017.51	5183
3019.334	5049
3021.157	5183
3022.981	5120
3024.802	5062
3026.624	5162
3028.448	5087
3030.267	4983
3032.088	5063
3033.909	4933
3035.728	5008
3037.549	4899
3039.368	5000
3041.186	5031
3043.004	4905
3044.821	5031
3046.64	4921
3048.455	5027
3050.272	4897
3052.087	4915
3053.903	5010
3055.717	4980
3057.534	4896
3059.347	4965
3061.16	4909
3062.974	4901
3064.785	4967
3066.598	4875
3068.411	4920
3070.222	4807
3072.032	4957
3073.844	4888
3075.653	4956
3077.463	4845
3079.272	4867
3081.08	4845
3082.889	4851
3084.697	4772
3086.505	4831
3088.312	4793
3090.118	4802
3091.924	4786
3093.729	4757
3095.535	4820
3097.34	4890
3099.144	4795
3100.947	4786
3102.75	4718
3104.553	4827
3106.357	4689
3108.159	4792
3109.961	4778
3111.762	4705
3113.562	4807
3115.365	4769
3117.164	4845
3118.964	4738
3120.761	4753
3122.56	4764
3124.36	4674
3126.158	4804
3127.954	4739
3129.75	4734
3131.547	4775
3133.343	4582
3135.139	4724
3136.934	4688
3138.729	4661
3140.522	4642
3142.317	4721
3144.11	4716
3145.904	4769
3147.695	4697
3149.488	4646
3151.28	4752
3153.07	4634
3154.863	4628
3156.652	4666
3158.441	4595
3160.231	4660
3162.019	4602
3163.81	4656
3165.597	4671
3167.384	4564
3169.172	4596
3170.958	4644
3172.745	4520
3174.532	4649
3176.317	4681
3178.101	4546
3179.885	4627
3181.67	4622
3183.455	4670
3185.238	4626
3187.02	4611
3188.802	4566
3190.585	4568
3192.368	4571
3194.149	4589
3195.929	4674
3197.709	4588
3199.489	4527
3201.268	4608
3203.048	4606
3204.826	4545
3206.604	4655
3208.382	4594
3210.159	4526
3211.937	4522
3213.713	4554
3215.489	4582
3217.263	4546
3219.038	4588
3220.815	4635
3222.589	4615
3224.363	4512
3226.136	4512
3227.908	4493
3229.681	4619
3231.454	4563
3233.226	4554
3234.996	4466
3236.767	4544
3238.538	4547
3240.308	4565
3242.078	4557
3243.847	4582
3245.615	4532
3247.384	4548
3249.15	4620
3250.92	4608
3252.686	4652
3254.453	4560
3256.218	4442
3257.984	4533
3259.75	4514
3261.515	4444
3263.279	4557
3265.044	4591
3266.806	4457
3268.57	4572
3270.334	4541
3272.095	4598
3273.856	4580
3275.619	4635
3277.379	4542
3279.14	4567
3280.9	4562
3282.661	4592
3284.419	4586
3286.178	4542
3287.937	4604
3289.695	4570
3291.453	4546
3293.21	4574
3294.967	4700
3296.723	4505
3298.48	4638
3300.235	4549
3301.99	4563
3303.744	4514
3305.498	4549
3307.253	4529
3309.006	4555
3310.759	4468
3312.511	4597
3314.263	4585
3316.017	4554
3317.768	4536
3319.519	4486
3321.268	4617
3323.018	4566
3324.767	4600
3326.518	4522
3328.267	4565
3330.014	4601
3331.762	4474
3333.509	4501
3335.258	4493
3337.003	4535
3338.75	4473
3340.496	4467
3342.24	4451
3343.987	4481
3345.732	4617
3347.475	4429
3349.219	4483
3350.961	4487
3352.705	4413
3354.448	4467
3356.19	4417
3357.931	4409
3359.672	4417
3361.412	4450
3363.155	4443
3364.894	4518
3366.633	4462
3368.372	4401
3370.11	4445
3371.849	4446
3373.588	4501
3375.325	4374
3377.061	4341
3378.799	4443
3380.534	4457
3382.271	4373
3384.006	4310
3385.741	4380
3387.475	4393
3389.209	4415
3390.944	4405
3392.677	4346
3394.409	4245
3396.143	4411
3397.874	4366
3399.606	4277
3401.338	4304
3403.069	4333
3404.799	4341
3406.528	4305
3408.258	4274
3409.988	4323
3411.717	4259
3413.445	4289
3415.173	4298
3416.899	4383
3418.626	4372
3420.354	4334
3422.08	4381
3423.806	4239
3425.531	4372
3427.255	4305
3428.981	4251
3430.705	4317
3432.429	4303
3434.151	4314
3435.875	4225
3437.599	4215
3439.321	4259
3441.042	4317
3442.763	4187
3444.483	4171
3446.204	4299
3447.926	4226
3449.645	4322
3451.364	4244
3453.082	4219
3454.801	4224
3456.52	4236
3458.238	4223
3459.954	4209
3461.671	4112
3463.387	4221
3465.104	4084
3466.82	4186
3468.534	4135
3470.25	4230
3471.963	4195
3473.676	4190
3475.392	4177
3477.104	4173
3478.817	4094
3480.528	4123
3482.241	4182
3483.954	4031
3485.664	4073
3487.374	4125
3489.084	4179
3490.795	4065
3492.504	4210
3494.214	4068
3495.922	4053
3497.63	4048
3499.338	4023
3501.045	4192
3502.753	4065
3504.459	3938
3506.166	3972
3507.871	4004
3509.576	3967
3511.283	4081
3512.987	3971
3514.691	4006
3516.395	3939
3518.098	3941
3519.8	3987
3521.504	3975
3523.206	4005
3524.908	3969
3526.609	4029
3528.309	3993
3530.011	3985
3531.711	4012
3533.411	3986
3535.109	3910
3536.808	4082
3538.507	3970
3540.206	4004
3541.904	3913
3543.601	3998
3545.297	4010
3546.994	3884
3548.69	3909
3550.387	3957
3552.081	3880
3553.776	3916
3555.47	3951
3557.166	3808
3558.859	3883
3560.553	3922
3562.245	3876
3563.938	3842
3565.629	3926
3567.322	3892
3569.014	3761
3570.704	3855
3572.394	3886
3574.084	3882
3575.775	3940
3577.464	3847
3579.152	3806
3580.842	3868
3582.529	3814
3584.216	3772
3585.905	3833
3587.591	3903
3589.279	3816
3590.964	3789
3592.649	3729
3594.336	3712
3596.021	3827
3597.705	3766
3599.388	3784
3601.072	3805
3602.757	3837
3604.439	3781
3606.122	3696
3607.803	3816
3609.485	3715
3611.167	3736
3612.849	3747
3614.529	3811
3616.208	3657
3617.888	3711
3619.567	3696
3621.247	3715
3622.926	3674
3624.603	3773
3626.281	3719
3627.958	3676
3629.635	3704
3631.312	3750
3632.989	3687
3634.665	3755
3636.339	3696
3638.014	3557
3639.691	3753
3641.364	3750
3643.038	3620
3644.71	3588
3646.384	3627
3648.058	3548
3649.729	3627
3651.402	3556
3653.073	3560
3654.744	3579
3656.414	3560
3658.085	3641
3659.755	3630
3661.424	3575
3663.094	3636
3664.762	3540
3666.431	3483
3668.099	3567
3669.766	3541
3671.433	3575
3673.099	3594
3674.768	3618
3676.433	3562
3678.098	3583
3679.763	3569
3681.428	3523
3683.093	3518
3684.757	3581
3686.421	3537
3688.083	3546
3689.746	3526
3691.408	3517
3693.071	3418
3694.733	3531
3696.394	3488
3698.054	3519
3699.715	3553
3701.375	3532
3703.036	3451
3704.695	3564
3706.354	3578
3708.012	3459
3709.67	3505
3711.329	3418
3712.987	3562
3714.644	3559
3716.299	3481
3717.955	3553
3719.613	3517
3721.268	3456
3722.923	3486
3724.577	3458
3726.231	3470
3727.885	3518
3729.539	3422
3731.192	3436
3732.845	3422
3734.497	3508
3736.149	3330
3737.802	3539
3739.453	3422
3741.104	3459
3742.753	3434
3744.404	3447
3746.052	3438
3747.704	3423
3749.352	3458
3751	3382
3752.648	3458
3754.296	3385
3755.944	3397
3757.59	3409
3759.238	3389
3760.883	3478
3762.528	3436
3764.176	3422
3765.82	3395
3767.464	3334
3769.109	3430
3770.753	3447
3772.396	3365
3774.04	3401
3775.683	3335
3777.325	3374
3778.967	3351
3780.608	3371
3782.25	3383
3783.89	3300
3785.531	3346
3787.17	3349
3788.81	3403
3790.45	3434
3792.09	3306
3793.729	3361
3795.366	3357
3797.003	3328
3798.64	3379
3800.278	3356
3801.915	3301
3803.551	3301
3805.187	3292
3806.822	3284
3808.458	3251
3810.093	3270
3811.726	3334
3813.36	3294
3814.994	3305
3816.627	3312
3818.262	3263
3819.893	3266
3821.525	3209
3823.157	3289
3824.787	3208
3826.42	3324
3828.051	3317
3829.68	3248
3831.31	3303
3832.938	3232
3834.569	3202
3836.198	3297
3837.825	3320
3839.454	3160
3841.08	3235
3842.708	3206
3844.335	3206
3845.962	3162
3847.587	3277
3849.212	3157
3850.838	3250
3852.463	3162
3854.089	3174
3855.712	3132
3857.335	3269
3858.959	3219
3860.582	3237
3862.205	3195
3863.827	3174
3865.449	3194
3867.07	3215
3868.691	3204
3870.312	3131
3871.933	3188
3873.553	3132
3875.173	3263
3876.792	3219
3878.411	3180
3880.03	3203
3881.647	3137
3883.265	3172
3884.882	3223
3886.499	3129
3888.116	3230
3889.732	3167
3891.348	3143
3892.964	3082
3894.579	3176
3896.195	3147
3897.809	3148
3899.423	3117
3901.036	3144
3902.648	3079
3904.261	3093
3905.875	3128
3907.487	3140
3909.099	3063
3910.709	3184
3912.321	3120
3913.933	3127
3915.542	3151
3917.152	3134
3918.762	3140
3920.37	3150
3921.98	3085
3923.589	3076
3925.196	3108
3926.804	3088
3928.41	3092
3930.018	3058
3931.626	3098
3933.231	3088
3934.838	3086
3936.442	3125
3938.046	3119
3939.653	3163
3941.257	3151
3942.861	3045
3944.464	3025
3946.068	3034
3947.67	3056
3949.273	3091
3950.876	3025
3952.477	3032
3954.078	3003
3955.678	3060
3957.281	3115
3958.881	3046
3960.48	3042
3962.079	3063
3963.678	3008
3965.279	3011
3966.877	3002
3968.475	3054
3970.072	3012
3971.669	2988
3973.266	2985
3974.864	3090
3976.459	2947
3978.055	3054
3979.65	2966
3981.245	2962
3982.841	3013
3984.436	3008
3986.03	2995
3987.623	3008
3989.216	2952
3990.809	3001
3992.403	2981
3993.995	2977
3995.586	2955
3997.177	2998
3998.768	2981
4000.361	2940
4001.951	2997
4003.54	2964
4005.13	2936
4006.719	2846
4008.31	2893
4009.897	2955
4011.485	2953
4013.073	2958
4014.66	2939
4016.247	2922
4017.834	2891
4019.421	2977
4021.006	2890
4022.592	2903
4024.178	2939
4025.763	2871
4027.348	2812
4028.932	2866
4030.515	2841
4032.099	2906
4033.682	2887
4035.266	2886
4036.847	2937
4038.429	2860
4040.011	2874
4041.592	2915
4043.173	2864
4044.755	2843
4046.334	2884
4047.913	2850
4049.494	2828
4051.074	2870
4052.652	2748
4054.23	2797
4055.807	2866
4057.385	2874
4058.963	2852
4060.541	2862
4062.117	2851
4063.693	2751
4065.269	2849
4066.844	2809
4068.42	2813
4069.995	2807
4071.569	2776
4073.143	2834
4074.716	2792
4076.291	2828
4077.864	2824
4079.436	2868
4081.009	2796
4082.58	2837
4084.152	2725
4085.723	2819
4087.294	2725
4088.865	2835
4090.435	2743
4092.005	2814
4093.574	2864
4095.143	2739
4096.712	2764
4098.279	2787
4099.848	2758
4101.416	2830
4102.984	2792
4104.55	2799
4106.117	2711
4107.682	2703
4109.248	2658
4110.815	2706
4112.379	2682
4113.945	2749
4115.508	2725
4117.073	2761
4118.637	2702
4120.201	2788
4121.763	2784
4123.325	2748
4124.888	2758
4126.449	2715
4128.013	2746
4129.573	2733
4131.133	2720
4132.694	2683
4134.254	2694
4135.814	2699
4137.374	2676
4138.933	2696
4140.491	2688
4142.049	2711
4143.607	2710
4145.167	2713
4146.724	2699
4148.28	2699
4149.836	2707
4151.392	2636
4152.949	2677
4154.504	2669
4156.059	2652
4157.614	2683
4159.168	2622
4160.723	2683
4162.277	2652
4163.83	2684
4165.383	2714
4166.936	2649
4168.488	2642
4170.041	2631
4171.593	2695
4173.144	2692
4174.695	2594
4176.246	2588
4177.796	2621
4179.346	2677
4180.896	2633
4182.445	2589
4183.994	2638
4185.542	2656
4187.091	2592
4188.639	2578
4190.185	2657
4191.732	2619
4193.279	2629
4194.826	2591
4196.373	2526
4197.918	2581
4199.463	2607
4201.008	2635
4202.553	2607
4204.098	2578
4205.641	2509
4207.185	2572
4208.728	2544
4210.271	2521
4211.814	2571
4213.357	2517
4214.898	2519
4216.439	2516
4217.98	2572
4219.522	2572
4221.062	2544
4222.603	2519
4224.142	2508
4225.681	2554
4227.222	2570
4228.76	2563
4230.298	2611
4231.835	2507
4233.373	2510
4234.911	2545
4236.449	2544
4237.985	2493
4239.521	2494
4241.057	2456
4242.592	2578
4244.128	2518
4245.663	2529
4247.197	2499
4248.731	2496
4250.265	2471
4251.798	2509
4253.333	2500
4254.865	2568
4256.397	2522
4257.93	2528
4259.461	2590
4260.994	2510
4262.525	2523
4264.056	2441
4265.586	2476
4267.115	2460
4268.646	2492
4270.176	2507
4271.705	2458
4273.232	2478
4274.761	2465
4276.289	2467
4277.818	2476
4279.345	2492
4280.872	2518
4282.399	2444
4283.924	2472
4285.452	2469
4286.976	2463
4288.502	2410
4290.026	2435
4291.551	2452
4293.074	2399
4294.6	2466
4296.123	2441
4297.646	2421
4299.168	2458
4300.691	2423
4302.214	2423
4303.736	2379
4305.257	2412
4306.778	2352
4308.299	2402
4309.82	2358
4311.34	2417
4312.86	2370
4314.379	2397
