400.0745	3939
402.597	3931
405.1208	3926
407.6419	3843
410.1623	3915
412.6819	3980
415.201	3922
417.7172	4025
420.2369	3983
422.7538	4034
425.2701	4068
427.7856	3985
430.3005	4121
432.8147	4178
435.3282	4044
437.841	4151
440.3511	4257
442.8625	4177
445.3753	4158
447.8854	4222
450.3927	4081
452.9014	4048
455.4073	4101
457.9146	4159
460.4233	4148
462.9272	4125
465.4325	4237
467.935	4261
470.4389	4109
472.9421	4240
475.4446	4235
477.9444	4131
480.4456	4221
482.944	4184
485.4417	4220
487.9429	4258
490.4393	4334
492.935	4228
495.4321	4310
497.9264	4207
500.4221	4366
502.9171	4298
505.4094	4379
507.9011	4315
510.392	4292
512.8864	4361
515.3759	4422
517.8649	4341
520.3531	4312
522.8406	4398
525.3275	4409
527.8178	4386
530.3033	4342
532.7881	4203
535.2723	4348
537.7558	4435
540.2407	4386
542.7228	4312
545.2043	4317
547.6851	4356
550.1652	4429
552.6467	4387
555.1255	4379
557.6016	4427
560.079	4391
562.5557	4360
565.0318	4345
567.5092	4454
569.984	4465
572.456	4492
574.9294	4491
577.4022	4442
579.8762	4506
582.3456	4561
584.8163	4401
587.2863	4509
589.7557	4495
592.2224	4543
594.6924	4573
597.1578	4515
599.6245	4524
602.0905	4493
604.5538	4582
607.0206	4537
609.4825	4511
611.9459	4478
614.4066	4549
616.8686	4504
619.33	4500
621.7906	4595
624.2487	4542
626.708	4563
629.1647	4514
631.6207	4503
634.0801	4460
636.5348	4548
638.9888	4530
641.4442	4559
643.8969	4594
646.3509	4632
648.8022	4565
651.255	4617
653.705	4590
656.1544	4595
658.6031	4625
661.0532	4611
663.5026	4686
665.9493	4620
668.3954	4648
670.8409	4664
673.2877	4629
675.7318	4670
678.1752	4641
680.618	4693
683.0601	4627
685.5035	4625
687.9444	4590
690.3845	4697
692.824	4719
695.2628	4690
697.701	4644
700.1406	4830
702.5774	4662
705.0116	4781
707.4472	4754
709.8821	4735
712.3183	4793
714.7519	4834
717.1829	4754
719.6151	4716
722.0468	4854
724.4777	4848
726.908	4804
729.3377	4923
731.7667	4856
734.1931	4880
736.6208	4949
739.0498	4884
741.4742	4909
743.9	4949
746.3231	4868
748.7476	4977
751.1713	4960
753.5945	4903
756.015	4969
758.4368	5009
760.856	4966
763.2766	5004
765.6965	5099
768.1157	5027
770.5323	5009
772.9483	5020
775.3656	5053
777.7822	5067
780.1963	4983
782.6116	4972
785.0244	5106
787.4365	5022
789.8499	5020
792.2626	4983
794.6728	4989
797.0823	5014
799.4911	5060
801.8994	5023
804.3109	4997
806.7178	5136
809.124	5063
811.5297	5064
813.9347	5016
816.341	5058
818.7447	5027
821.1478	5100
823.5502	5112
825.952	5095
828.3531	5028
830.7556	5085
833.1554	5104
835.5546	5194
837.9532	5120
840.3511	5129
842.7504	5140
845.1451	5189
847.5411	5077
849.9365	5138
852.3312	5203
854.7272	5195
857.1187	5205
859.5115	5184
861.9037	5265
864.2952	5154
866.6842	5069
869.0764	5221
871.4661	5212
873.8531	5074
876.2415	5175
878.6272	5219
881.0162	5133
883.4026	5138
885.7866	5115
888.1717	5190
890.5543	5149
892.9382	5234
895.3215	5150
897.7041	5133
900.0842	5105
902.4655	5133
904.8443	5225
907.2244	5216
909.6039	5249
911.9808	5264
914.357	5368
916.7346	5285
919.1115	5358
921.4859	5438
923.8616	5429
926.2347	5468
928.6071	5341
930.979	5413
933.3541	5429
935.7247	5337
938.0946	5391
940.4639	5419
942.8326	5455
945.2026	5588
947.5701	5517
949.9369	5661
952.305	5663
954.6705	5785
957.0355	5732
959.4017	5820
961.7654	5902
964.1284	5871
966.4908	5780
968.8527	5629
971.2138	5639
973.5743	5646
975.9343	5540
978.2936	5432
980.6522	5362
983.0122	5359
985.3696	5391
987.7245	5327
990.0807	5364
992.4362	5382
994.7911	5331
997.1474	5406
999.4991	5307
1001.852	5294
1004.205	5436
1006.555	5377
1008.908	5346
1011.258	5445
1013.606	5327
1015.956	5391
1018.302	5353
1020.652	5237
1022.998	5347
1025.345	5457
1027.691	5406
1030.035	5357
1032.378	5343
1034.724	5476
1037.066	5452
1039.409	5580
1041.75	5330
1044.092	5312
1046.433	5498
1048.771	5458
1051.112	5426
1053.449	5348
1055.786	5381
1058.124	5374
1060.462	5402
1062.797	5458
1065.131	5478
1067.467	5540
1069.8	5497
1072.135	5500
1074.467	5389
1076.798	5567
1079.129	5408
1081.459	5509
1083.792	5453
1086.121	5453
1088.449	5419
1090.777	5419
1093.104	5437
1095.431	5408
1097.759	5499
1100.084	5369
1102.408	5565
1104.732	5472
1107.056	5547
1109.379	5466
1111.701	5520
1114.022	5418
1116.343	5373
1118.664	5420
1120.983	5478
1123.303	5585
1125.621	5553
1127.939	5629
1130.256	5467
1132.573	5426
1134.889	5485
1137.205	5511
1139.52	5385
1141.832	5667
1144.146	5498
1146.461	5476
1148.771	5498
1151.083	5554
1153.392	5502
1155.703	5478
1158.011	5440
1160.323	5467
1162.629	5580
1164.938	5640
1167.243	5564
1169.55	5565
1171.857	5512
1174.163	5506
1176.466	5483
1178.769	5576
1181.073	5520
1183.374	5584
1185.677	5624
1187.979	5557
1190.279	5598
1192.578	5521
1194.878	5488
1197.178	5553
1199.476	5487
1201.772	5655
1204.068	5564
1206.366	5580
1208.663	5567
1210.957	5540
1213.251	5522
1215.544	5485
1217.836	5494
1220.128	5570
1222.421	5557
1224.712	5544
1227.002	5625
1229.292	5614
1231.581	5691
1233.871	5654
1236.159	5687
1238.446	5649
1240.732	5692
1243.018	5715
1245.304	5720
1247.59	5798
1249.874	5749
1252.156	5828
1254.439	5804
1256.721	5833
1259.005	5821
1261.286	5828
1263.565	5743
1265.845	5722
1268.125	5744
1270.403	5742
1272.682	5801
1274.959	5723
1277.234	5703
1279.511	5733
1281.787	5742
1284.062	5717
1286.337	5686
1288.609	5703
1290.882	5657
1293.153	5661
1295.428	5742
1297.698	5633
1299.969	5666
1302.237	5588
1304.507	5664
1306.777	5695
1309.044	5598
1311.312	5721
1313.578	5722
1315.844	5708
1318.109	5789
1320.375	5684
1322.638	5651
1324.903	5704
1327.165	5711
1329.427	5681
1331.69	5746
1333.952	5697
1336.212	5624
1338.471	5623
1340.73	5713
1342.988	5757
1345.248	5750
1347.505	5582
1349.763	5647
1352.019	5693
1354.274	5558
1356.53	5727
1358.784	5620
1361.038	5625
1363.291	5663
1365.543	5601
1367.797	5654
1370.048	5749
1372.296	5631
1374.546	5738
1376.796	5720
1379.045	5670
1381.295	5680
1383.542	5683
1385.787	5720
1388.034	5712
1390.28	5766
1392.527	5664
1394.772	5616
1397.014	5868
1399.258	5836
1401.501	5782
1403.741	5865
1405.985	5883
1408.226	5808
1410.465	5808
1412.705	5865
1414.943	5844
1417.184	5785
1419.42	5800
1421.658	5913
1423.894	5842
1426.13	5855
1428.366	5883
1430.602	5804
1432.835	5821
1435.069	5876
1437.301	5892
1439.535	6029
1441.767	6000
1443.997	5902
1446.229	5854
1448.458	5931
1450.687	5962
1452.916	5939
1455.146	5984
1457.372	5922
1459.599	6019
1461.824	6010
1464.051	5928
1466.277	5891
1468.501	5939
1470.725	5870
1472.948	5835
1475.17	5869
1477.393	5848
1479.614	5854
1481.837	5815
1484.057	5735
1486.276	5785
1488.497	5850
1490.715	5789
1492.932	5685
1495.148	5722
1497.364	5757
1499.58	5685
1501.798	5681
1504.012	5781
1506.227	5645
1508.44	5653
1510.653	5691
1512.866	5555
1515.078	5638
1517.289	5657
1519.5	5574
1521.711	5623
1523.92	5647
1526.13	5674
1528.338	5667
1530.544	5743
1532.752	5631
1534.959	5694
1537.165	5745
1539.371	5664
1541.574	5643
1543.779	5542
1545.983	5754
1548.187	5677
1550.39	5666
1552.59	5765
1554.792	5753
1556.991	5775
1559.19	5867
1561.392	5780
1563.59	5772
1565.789	5837
1567.986	5882
1570.182	5844
1572.381	5754
1574.576	5871
1576.771	5726
1578.966	5857
1581.16	5878
1583.354	5681
1585.546	5801
1587.74	5795
1589.931	5760
1592.121	5793
1594.311	5774
1596.502	5893
1598.693	5900
1600.881	5909
1603.069	5902
1605.256	5854
1607.445	5873
1609.631	5938
1611.816	5872
1614.001	5954
1616.186	5939
1618.37	5851
1620.555	5886
1622.737	5906
1624.919	5935
1627.101	5935
1629.282	5935
1631.463	5931
1633.643	5868
1635.822	5927
1638.001	5941
1640.179	5911
1642.359	5848
1644.534	5860
1646.711	6012
1648.887	5907
1651.062	5941
1653.235	5893
1655.412	5949
1657.586	6014
1659.757	6036
1661.93	5968
1664.1	5933
1666.274	6091
1668.445	6013
1670.614	6044
1672.784	6043
1674.951	5863
1677.12	5997
1679.289	6069
1681.457	5934
1683.622	5921
1685.789	5952
1687.953	6053
1690.121	5990
1692.284	5953
1694.447	5885
1696.611	5942
1698.772	5952
1700.935	5889
1703.098	5847
1705.258	5888
1707.417	5866
1709.576	5812
1711.736	5922
1713.896	5822
1716.053	5884
1718.21	5970
1720.366	5896
1722.522	5875
1724.68	5889
1726.835	5813
1728.989	5873
1731.142	5876
1733.295	5950
1735.449	5774
1737.601	5853
1739.753	5824
1741.903	5847
1744.054	5819
1746.203	5868
1748.354	5767
1750.503	5802
1752.651	5868
1754.798	5840
1756.944	5979
1759.092	5922
1761.238	5810
1763.383	5973
1765.528	5936
1767.672	5941
1769.814	5981
1771.959	5893
1774.102	5919
1776.242	5863
1778.384	5940
1780.525	5888
1782.665	5912
1784.805	5998
1786.945	5944
1789.082	5939
1791.22	6034
1793.36	5964
1795.495	5987
1797.632	5917
1799.766	5970
1801.902	5970
1804.035	5943
1806.172	6057
1808.304	6022
1810.436	6026
1812.569	6047
1814.699	6014
1816.833	5914
1818.963	5977
1821.092	5784
1823.222	5971
1825.35	5926
1827.478	5959
1829.608	5979
1831.734	5924
1833.86	5948
1835.986	5925
1838.11	5833
1840.238	5936
1842.362	5920
1844.485	5889
1846.608	6056
1848.73	5871
1850.853	5920
1852.974	5852
1855.097	5854
1857.217	5964
1859.336	6041
1861.455	5946
1863.576	5918
1865.693	5839
1867.811	5973
1869.926	5953
1872.042	5839
1874.16	6036
1876.275	5997
1878.39	5936
1880.504	5967
1882.618	5955
1884.731	5916
1886.843	5900
1888.956	5996
1891.067	5889
1893.178	5982
1895.287	5854
1897.399	5955
1899.508	6014
1901.617	6018
1903.724	5840
1905.832	5955
1907.941	5941
1910.046	5895
1912.152	6082
1914.256	6014
1916.361	5975
1918.464	6050
1920.57	6008
1922.672	6004
1924.775	5941
1926.876	6007
1928.978	6055
1931.08	6008
1933.181	6048
1935.28	6167
1937.38	6104
1939.478	6007
1941.577	6139
1943.675	6006
1945.771	6134
1947.867	6075
1949.964	6008
1952.058	5955
1954.154	6140
1956.248	5977
1958.343	6020
1960.435	6139
1962.527	6030
1964.62	5967
1966.711	6088
1968.802	6048
1970.892	6019
1972.983	5956
1975.072	6086
1977.162	6022
1979.25	5981
1981.337	5996
1983.424	6012
1985.51	6028
1987.598	6093
1989.683	6094
1991.768	5938
1993.852	6017
1995.934	6056
1998.019	6104
2000.102	6009
2002.184	5981
2004.266	5969
2006.347	5971
2008.427	6004
2010.508	5982
2012.587	6038
2014.666	6153
2016.745	5962
2018.821	5994
2020.9	6142
2022.977	6014
2025.052	5946
2027.128	6000
2029.204	6017
2031.277	6076
2033.353	6035
2035.425	6040
2037.499	5950
2039.57	6184
2041.642	6087
2043.714	6027
2045.786	6055
2047.855	6003
2049.925	6052
2051.993	5929
2054.064	6008
2056.132	6157
2058.2	6005
2060.266	6004
2062.332	6027
2064.398	6121
2066.465	6019
2068.529	5995
2070.592	6125
2072.657	6111
2074.719	6037
2076.783	6094
2078.845	6153
2080.907	6064
2082.968	6003
2085.028	6094
2087.087	6236
2089.148	6060
2091.207	6049
2093.264	6140
2095.322	6003
2097.379	6085
2099.439	5980
2101.495	6054
2103.55	6093
2105.605	6090
2107.658	6167
2109.713	6142
2111.767	6080
2113.82	5985
2115.872	6152
2117.924	6068
2119.975	6003
2122.028	6039
2124.078	6194
2126.126	6106
2128.176	6093
2130.225	6140
2132.275	6057
2134.321	6106
2136.368	6007
2138.415	5931
2140.461	6066
2142.505	6124
2144.552	6020
2146.597	6048
2148.64	6054
2150.684	5985
2152.725	6081
2154.77	6126
2156.811	6092
2158.852	6036
2160.894	6026
2162.933	6096
2164.973	6132
2167.013	6042
2169.051	5957
2171.089	6108
2173.126	6013
2175.164	6117
2177.201	6081
2179.236	5977
2181.273	5986
2183.307	6134
2185.341	5974
2187.377	5992
2189.41	6033
2191.442	6028
2193.473	6012
2195.506	5961
2197.539	5928
2199.569	6060
2201.598	5934
2203.628	6020
2205.656	6047
2207.686	5953
2209.716	6126
2211.743	6009
2213.769	5993
2215.796	5930
2217.821	5889
2219.848	5973
2221.873	6014
2223.897	5989
2225.921	6058
2227.944	6085
2229.967	5974
2231.991	6010
2234.011	6061
2236.032	5926
2238.053	5949
2240.073	6092
2242.094	5961
2244.114	5975
2246.131	6087
2248.149	5996
2250.167	6106
2252.186	6047
2254.201	6015
2256.218	5982
2258.233	5970
2260.247	5887
2262.262	5910
2264.278	6016
2266.29	6048
2268.303	5914
2270.315	6041
2272.327	5999
2274.341	6099
2276.35	5983
2278.361	6051
2280.37	5935
2282.38	5986
2284.388	5895
2286.397	5887
2288.405	5936
2290.412	5986
2292.419	5968
2294.425	6013
2296.431	5958
2298.437	5898
2300.441	5977
2302.445	5953
2304.449	6031
2306.453	5967
2308.455	5970
2310.457	5846
2312.459	5986
2314.46	6050
2316.46	5845
2318.461	5910
2320.46	6001
2322.458	5845
2324.458	5960
2326.456	5891
2328.455	6012
2330.451	5973
2332.447	5893
2334.443	5915
2336.438	5941
2338.433	5886
2340.429	5937
2342.422	5838
2344.416	5804
2346.408	5879
2348.399	5845
2350.393	5930
2352.384	5818
2354.375	5952
2356.365	5784
2358.355	5821
2360.344	5871
2362.333	5887
2364.322	5844
2366.309	5917
2368.295	5834
2370.282	5866
2372.27	5845
2374.256	5930
2376.24	5757
2378.225	5857
2380.208	5888
2382.194	5902
2384.177	5828
2386.159	5800
2388.142	5748
2390.122	5871
2392.105	5850
2394.085	5955
2396.066	5799
2398.044	5745
2400.024	5851
2402.002	5836
2403.982	5877
2405.959	5828
2407.935	5837
2409.913	5818
2411.888	5852
2413.865	5773
2415.84	5863
2417.814	5755
2419.788	5837
2421.762	5774
2423.735	5725
2425.708	5801
2427.68	5835
2429.651	5829
2431.623	5777
2433.593	5909
2435.564	5823
2437.533	5799
2439.502	5887
2441.47	5757
2443.438	5797
2445.406	5811
2447.373	5729
2449.34	5795
2451.305	5693
2453.271	5848
2455.235	5723
2457.201	5696
2459.165	5618
2461.129	5796
2463.092	5771
2465.054	5742
2467.018	5784
2468.978	5771
2470.939	5689
2472.899	5736
2474.86	5720
2476.819	5751
2478.778	5729
2480.737	5754
2482.695	5706
2484.653	5661
2486.609	5639
2488.567	5683
2490.524	5753
2492.478	5847
2494.433	5585
2496.387	5654
2498.343	5703
2500.297	5772
2502.249	5665
2504.202	5637
2506.153	5678
2508.105	5647
2510.057	5630
2512.008	5648
2513.957	5642
2515.906	5652
2517.855	5656
2519.805	5637
2521.754	5616
2523.7	5660
2525.647	5627
2527.594	5811
2529.54	5641
2531.486	5658
2533.431	5670
2535.376	5596
2537.32	5658
2539.263	5619
2541.207	5620
2543.151	5662
2545.093	5755
2547.034	5721
2548.975	5664
2550.917	5587
2552.856	5599
2554.796	5690
2556.735	5708
2558.673	5645
2560.611	5563
2562.55	5585
2564.487	5637
2566.424	5688
2568.36	5749
2570.296	5645
2572.232	5695
2574.167	5695
2576.101	5639
2578.035	5637
2579.969	5640
2581.902	5676
2583.834	5644
2585.766	5615
2587.698	5526
2589.628	5746
2591.557	5678
2593.489	5613
2595.419	5752
2597.348	5610
2599.275	5709
2601.204	5580
2603.131	5724
2605.059	5613
2606.986	5604
2608.911	5682
2610.837	5598
2612.76	5573
2614.687	5556
2616.61	5630
2618.534	5674
2620.457	5693
2622.38	5626
2624.302	5579
2626.225	5577
2628.145	5530
2630.067	5661
2631.986	5620
2633.906	5652
2635.827	5632
2637.745	5678
2639.662	5781
2641.581	5608
2643.498	5593
2645.415	5615
2647.331	5587
2649.248	5680
2651.163	5702
2653.077	5531
2654.993	5730
2656.906	5501
2658.821	5692
2660.733	5474
2662.646	5667
2664.557	5552
2666.47	5618
2668.381	5586
2670.291	5759
2672.201	5639
2674.11	5564
2676.021	5699
2677.929	5643
2679.837	5661
2681.745	5552
2683.652	5624
2685.56	5570
2687.466	5544
2689.371	5546
2691.276	5455
2693.181	5627
2695.085	5540
2696.991	5560
2698.893	5583
2700.796	5526
2702.698	5521
2704.601	5389
2706.502	5555
2708.404	5560
2710.304	5513
2712.203	5557
2714.103	5415
2716.003	5588
2717.902	5526
2719.8	5529
2721.697	5493
2723.594	5495
2725.49	5558
2727.389	5482
2729.283	5487
2731.179	5527
2733.073	5452
2734.968	5476
2736.863	5462
2738.757	5497
2740.649	5404
2742.541	5480
2744.433	5446
2746.324	5495
2748.216	5535
2750.107	5383
2751.997	5467
2753.886	5421
2755.776	5453
2757.666	5512
2759.553	5524
2761.44	5409
2763.327	5417
2765.215	5395
2767.102	5352
2768.988	5304
2770.873	5444
2772.757	5453
2774.641	5283
2776.525	5413
2778.41	5336
2780.292	5438
2782.175	5389
2784.057	5439
2785.938	5370
2787.821	5470
2789.701	5451
2791.581	5417
2793.461	5384
2795.34	5444
2797.219	5381
2799.099	5416
2800.975	5355
2802.853	5391
2804.73	5269
2806.606	5364
2808.484	5322
2810.358	5367
2812.233	5411
2814.108	5340
2815.981	5335
2817.857	5380
2819.73	5238
2821.602	5305
2823.474	5364
2825.346	5358
2827.217	5385
2829.089	5328
2830.959	5299
2832.829	5340
2834.698	5377
2836.567	5332
2838.436	5296
2840.305	5244
2842.172	5286
2844.04	5373
2845.905	5257
2847.772	5365
2849.639	5475
2851.503	5324
2853.369	5425
2855.232	5404
2857.096	5420
2858.961	5430
2860.824	5528
2862.686	5371
2864.547	5570
2866.41	5453
2868.272	5571
2870.132	5448
2871.992	5681
2873.851	5548
2875.711	5698
2877.57	5597
2879.429	5729
2881.287	5793
2883.144	5784
2885.001	5832
2886.857	5824
2888.714	5673
2890.57	5856
2892.425	5823
2894.279	5762
2896.133	5736
2897.987	5824
2899.842	5796
2901.694	5682
2903.547	5829
2905.397	5750
2907.249	5784
2909.101	5752
2910.952	5627
2912.802	5770
2914.652	5854
2916.5	5827
2918.35	5919
2920.198	5881
2922.045	5837
2923.893	6029
2925.74	5957
2927.585	6095
2929.433	5980
2931.279	6070
2933.123	6119
2934.968	6176
2936.811	6218
2938.656	6174
2940.5	6300
2942.342	6329
2944.185	6172
2946.026	6165
2947.87	6358
2949.71	6327
2951.549	6341
2953.39	6275
2955.229	6136
2957.069	6083
2958.908	6135
2960.746	6214
2962.584	6070
2964.421	5946
2966.257	5932
2968.094	5974
2969.931	5952
2971.766	6039
2973.601	5710
2975.435	5777
2977.27	5758
2979.105	5802
2980.938	5763
2982.77	5685
2984.602	5751
2986.434	5760
2988.267	5494
2990.097	5594
2991.927	5608
2993.757	5536
2995.587	5567
2997.417	5537
2999.246	5458
3001.074	5459
3002.902	5377
3004.729	5293
3006.556	5227
3008.384	5384
3010.21	5219
3012.036	5177
3013.861	5224
3015.684	5200
3017.51	5151
3019.334	5137
3021.157	5079
3022.981	5151
3024.802	5109
3026.624	5071
3028.448	5078
3030.267	5037
3032.088	5077
3033.909	5009
3035.728	5066
3037.549	5076
3039.368	4946
3041.186	4975
3043.004	4947
3044.821	4956
3046.64	5022
3048.455	5086
3050.272	4949
3052.087	4916
3053.903	4927
3055.717	4906
3057.534	5047
3059.347	5015
3061.16	4950
3062.974	4980
3064.785	4932
3066.598	4972
3068.411	4894
3070.222	4871
3072.032	4941
3073.844	4942
3075.653	4875
3077.463	4932
3079.272	4880
3081.08	4832
3082.889	4770
3084.697	4841
3086.505	4949
3088.312	4856
3090.118	4945
3091.924	4869
3093.729	4740
3095.535	4806
3097.34	4788
3099.144	4870
3100.947	4793
3102.75	4762
3104.553	4850
3106.357	4918
3108.159	4907
3109.961	4691
3111.762	4808
3113.562	4778
3115.365	4760
3117.164	4798
3118.964	4758
3120.761	4750
3122.56	4762
3124.36	4743
3126.158	4700
3127.954	4775
3129.75	4754
3131.547	4696
3133.343	4693
3135.139	4776
3136.934	4697
3138.729	4742
3140.522	4753
3142.317	4739
3144.11	4669
3145.904	4676
3147.695	4629
3149.488	4680
3151.28	4665
3153.07	4655
3154.863	4630
3156.652	4705
3158.441	4629
3160.231	4662
3162.019	4767
3163.81	4726
3165.597	4592
3167.384	4699
3169.172	4639
3170.958	4623
3172.745	4713
3174.532	4629
3176.317	4603
3178.101	4602
3179.885	4613
3181.67	4702
3183.455	4642
3185.238	4637
3187.02	4625
3188.802	4638
3190.585	4637
3192.368	4603
3194.149	4599
3195.929	4727
3197.709	4666
3199.489	4632
3201.268	4505
3203.048	4525
3204.826	4499
3206.604	4643
3208.382	4626
3210.159	4631
3211.937	4572
3213.713	4597
3215.489	4598
3217.263	4622
3219.038	4608
3220.815	4506
3222.589	4543
3224.363	4600
3226.136	4613
3227.908	4655
3229.681	4527
3231.454	4603
3233.226	4599
3234.996	4534
3236.767	4633
3238.538	4675
3240.308	4672
3242.078	4571
3243.847	4528
3245.615	4565
3247.384	4544
3249.15	4608
3250.92	4499
3252.686	4522
3254.453	4526
3256.218	4549
3257.984	4521
3259.75	4557
3261.515	4555
3263.279	4547
3265.044	4506
3266.806	4524
3268.57	4481
3270.334	4626
3272.095	4552
3273.856	4526
3275.619	4548
3277.379	4552
3279.14	4579
3280.9	4562
3282.661	4524
3284.419	4587
3286.178	4498
3287.937	4592
3289.695	4507
3291.453	4480
3293.21	4649
3294.967	4535
3296.723	4591
3298.48	4671
3300.235	4503
3301.99	4545
3303.744	4534
3305.498	4517
3307.253	4524
3309.006	4556
3310.759	4496
3312.511	4536
3314.263	4459
3316.017	4450
3317.768	4577
3319.519	4514
3321.268	4531
3323.018	4527
3324.767	4481
3326.518	4461
3328.267	4490
3330.014	4497
3331.762	4475
3333.509	4508
3335.258	4587
3337.003	4521
3338.75	4426
3340.496	4446
3342.24	4460
3343.987	4541
3345.732	4541
3347.475	4594
3349.219	4402
3350.961	4492
3352.705	4517
3354.448	4435
3356.19	4488
3357.931	4536
3359.672	4426
3361.412	4483
3363.155	4410
3364.894	4499
3366.633	4459
3368.372	4492
3370.11	4468
3371.849	4434
3373.588	4410
3375.325	4509
3377.061	4464
3378.799	4436
3380.534	4476
3382.271	4439
3384.006	4488
3385.741	4444
3387.475	4422
3389.209	4321
3390.944	4379
3392.677	4436
3394.409	4377
3396.143	4322
3397.874	4382
3399.606	4334
3401.338	4325
3403.069	4491
3404.799	4413
3406.528	4371
3408.258	4419
3409.988	4374
3411.717	4399
3413.445	4408
3415.173	4302
3416.899	4408
3418.626	4369
3420.354	4288
3422.08	4481
3423.806	4346
3425.531	4347
3427.255	4387
3428.981	4344
3430.705	4382
3432.429	4388
3434.151	4365
3435.875	4275
3437.599	4362
3439.321	4375
3441.042	4232
3442.763	4310
3444.483	4355
3446.204	4224
3447.926	4279
3449.645	4193
3451.364	4266
3453.082	4194
3454.801	4266
3456.52	4301
3458.238	4202
3459.954	4214
3461.671	4286
3463.387	4314
3465.104	4314
3466.82	4258
3468.534	4284
3470.25	4145
3471.963	4214
3473.676	4269
3475.392	4178
3477.104	4166
3478.817	4206
3480.528	4253
3482.241	4089
3483.954	4224
3485.664	4208
3487.374	4126
3489.084	4186
3490.795	4199
3492.504	4211
3494.214	4074
3495.922	4086
3497.63	4101
3499.338	4243
3501.045	4109
3502.753	4258
3504.459	4090
3506.166	4142
3507.871	4170
3509.576	4032
3511.283	4014
3512.987	4086
3514.691	4120
3516.395	4042
3518.098	4088
3519.8	4103
3521.504	4077
3523.206	4053
3524.908	4117
3526.609	4076
3528.309	4025
3530.011	4085
3531.711	4083
3533.411	4139
3535.109	4053
3536.808	4056
3538.507	4026
3540.206	4079
3541.904	4138
3543.601	4043
3545.297	4071
3546.994	4046
3548.69	4008
3550.387	3963
3552.081	4118
3553.776	4023
3555.47	4109
3557.166	3967
3558.859	4048
3560.553	4022
3562.245	4006
3563.938	3980
3565.629	3978
3567.322	4057
3569.014	4027
3570.704	3949
3572.394	4030
3574.084	3996
3575.775	4007
3577.464	4040
3579.152	3989
3580.842	4029
3582.529	3983
3584.216	3967
3585.905	3966
3587.591	4002
3589.279	3927
3590.964	3881
3592.649	3923
3594.336	4009
3596.021	3952
3597.705	3874
3599.388	3814
3601.072	3842
3602.757	3924
3604.439	3840
3606.122	3910
3607.803	3884
3609.485	3946
3611.167	3882
3612.849	3886
3614.529	3864
3616.208	3852
3617.888	3910
3619.567	3884
3621.247	3946
3622.926	3900
3624.603	3838
3626.281	3887
3627.958	3818
3629.635	3830
3631.312	3754
3632.989	3807
3634.665	3785
3636.339	3890
3638.014	3740
3639.691	3849
3641.364	3859
3643.038	3749
3644.71	3804
3646.384	3776
3648.058	3849
3649.729	3800
3651.402	3733
3653.073	3822
3654.744	3773
3656.414	3816
3658.085	3738
3659.755	3667
3661.424	3741
3663.094	3839
3664.762	3729
3666.431	3709
3668.099	3750
3669.766	3754
3671.433	3727
3673.099	3698
3674.768	3708
3676.433	3724
3678.098	3761
3679.763	3696
3681.428	3745
3683.093	3770
3684.757	3801
3686.421	3750
3688.083	3692
3689.746	3778
3691.408	3700
3693.071	3732
3694.733	3691
3696.394	3727
3698.054	3738
3699.715	3743
3701.375	3691
3703.036	3714
3704.695	3737
3706.354	3704
3708.012	3786
3709.67	3737
3711.329	3714
3712.987	3745
3714.644	3752
3716.299	3648
3717.955	3672
3719.613	3675
3721.268	3729
3722.923	3686
3724.577	3772
3726.231	3642
3727.885	3730
3729.539	3773
3731.192	3672
3732.845	3631
3734.497	3688
3736.149	3571
3737.802	3620
3739.453	3682
3741.104	3656
3742.753	3604
3744.404	3671
3746.052	3634
3747.704	3599
3749.352	3557
3751	3619
3752.648	3598
3754.296	3586
3755.944	3562
3757.59	3515
3759.238	3663
3760.883	3601
3762.528	3595
3764.176	3668
3765.82	3639
3767.464	3605
3769.109	3542
3770.753	3587
3772.396	3643
3774.04	3565
3775.683	3530
3777.325	3599
3778.967	3514
3780.608	3657
3782.25	3562
3783.89	3553
3785.531	3605
3787.17	3499
3788.81	3587
3790.45	3539
3792.09	3513
3793.729	3504
3795.366	3571
3797.003	3587
3798.64	3540
3800.278	3486
3801.915	3476
3803.551	3566
3805.187	3542
3806.822	3538
3808.458	3526
3810.093	3566
3811.726	3453
3813.36	3479
3814.994	3518
3816.627	3508
3818.262	3482
3819.893	3423
3821.525	3405
3823.157	3491
3824.787	3482
3826.42	3463
3828.051	3462
3829.68	3495
3831.31	3505
3832.938	3455
3834.569	3440
3836.198	3498
3837.825	3496
3839.454	3464
3841.08	3443
3842.708	3390
3844.335	3347
3845.962	3406
3847.587	3497
3849.212	3488
3850.838	3424
3852.463	3395
3854.089	3487
3855.712	3481
3857.335	3437
3858.959	3335
3860.582	3525
3862.205	3332
3863.827	3401
3865.449	3416
3867.07	3455
3868.691	3436
3870.312	3417
3871.933	3457
3873.553	3441
3875.173	3356
3876.792	3434
3878.411	3441
3880.03	3343
3881.647	3395
3883.265	3376
3884.882	3406
3886.499	3480
3888.116	3394
3889.732	3335
3891.348	3419
3892.964	3364
3894.579	3438
3896.195	3336
3897.809	3462
3899.423	3369
3901.036	3401
3902.648	3414
3904.261	3382
3905.875	3362
3907.487	3290
3909.099	3352
3910.709	3319
3912.321	3312
3913.933	3338
3915.542	3459
3917.152	3379
3918.762	3404
3920.37	3327
3921.98	3334
3923.589	3304
3925.196	3319
3926.804	3368
3928.41	3385
3930.018	3303
3931.626	3287
3933.231	3385
3934.838	3296
3936.442	3339
3938.046	3263
3939.653	3297
3941.257	3253
3942.861	3329
3944.464	3330
3946.068	3319
3947.67	3407
3949.273	3417
3950.876	3284
3952.477	3294
3954.078	3314
3955.678	3331
3957.281	3268
3958.881	3284
3960.48	3246
3962.079	3259
3963.678	3265
3965.279	3273
3966.877	3266
3968.475	3285
3970.072	3246
3971.669	3199
3973.266	3157
3974.864	3303
3976.459	3227
3978.055	3297
3979.65	3288
3981.245	3213
3982.841	3102
3984.436	3218
3986.03	3197
3987.623	3257
3989.216	3203
3990.809	3112
3992.403	3094
3993.995	3125
3995.586	3191
3997.177	3179
3998.768	3181
4000.361	3179
4001.951	3237
4003.54	3180
4005.13	3124
4006.719	3117
4008.31	3169
4009.897	3178
4011.485	3130
4013.073	3097
4014.66	3163
4016.247	3043
4017.834	3169
4019.421	3159
4021.006	3064
4022.592	3129
4024.178	3106
4025.763	3125
4027.348	3115
4028.932	3178
4030.515	3111
4032.099	3086
4033.682	3033
4035.266	3087
4036.847	3075
4038.429	3079
4040.011	3086
4041.592	3090
4043.173	3115
4044.755	3098
4046.334	3009
4047.913	2994
4049.494	3064
4051.074	3035
4052.652	3098
4054.23	3003
4055.807	3053
4057.385	3139
4058.963	3016
4060.541	3069
4062.117	3005
4063.693	3063
4065.269	3040
4066.844	3046
4068.42	3047
4069.995	3082
4071.569	3000
4073.143	2979
4074.716	3049
4076.291	3038
4077.864	3029
4079.436	3039
4081.009	3021
4082.58	3018
4084.152	3039
4085.723	3010
4087.294	2955
4088.865	3010
4090.435	3028
4092.005	2997
4093.574	3009
4095.143	2931
4096.712	2930
4098.279	3026
4099.848	2957
4101.416	2967
4102.984	2959
4104.55	2908
4106.117	2966
4107.682	2958
4109.248	2964
4110.815	3003
4112.379	2926
4113.945	2980
4115.508	2948
4117.073	2880
4118.637	2940
4120.201	2894
4121.763	2918
4123.325	2941
4124.888	2955
4126.449	2959
4128.013	2949
4129.573	2810
4131.133	2909
4132.694	2872
4134.254	2947
4135.814	2911
4137.374	2897
4138.933	2901
4140.491	2944
4142.049	2846
4143.607	2895
4145.167	2839
4146.724	2901
4148.28	2837
4149.836	2883
4151.392	2848
4152.949	2866
4154.504	2937
4156.059	2891
4157.614	2960
4159.168	2799
4160.723	2892
4162.277	2843
4163.83	2809
4165.383	2836
4166.936	2802
4168.488	2853
4170.041	2851
4171.593	2887
4173.144	2785
4174.695	2821
4176.246	2863
4177.796	2843
4179.346	2911
4180.896	2857
4182.445	2754
4183.994	2857
4185.542	2809
4187.091	2766
4188.639	2857
4190.185	2762
4191.732	2802
4193.279	2824
4194.826	2811
4196.373	2801
4197.918	2777
4199.463	2753
4201.008	2813
4202.553	2715
4204.098	2800
4205.641	2849
4207.185	2745
4208.728	2811
4210.271	2789
4211.814	2836
4213.357	2759
4214.898	2795
4216.439	2774
4217.98	2807
4219.522	2730
4221.062	2764
4222.603	2757
4224.142	2805
4225.681	2731
4227.222	2739
4228.76	2678
4230.298	2776
4231.835	2774
4233.373	2674
4234.911	2804
4236.449	2814
4237.985	2748
4239.521	2697
4241.057	2718
4242.592	2656
4244.128	2674
4245.663	2686
4247.197	2734
4248.731	2770
4250.265	2700
4251.798	2714
4253.333	2703
4254.865	2716
4256.397	2687
4257.93	2722
4259.461	2737
4260.994	2720
4262.525	2730
4264.056	2711
4265.586	2682
4267.115	2710
4268.646	2655
4270.176	2702
4271.705	2718
4273.232	2624
4274.761	2701
4276.289	2711
4277.818	2649
4279.345	2683
4280.872	2648
4282.399	2691
4283.924	2692
4285.452	2660
4286.976	2659
4288.502	2636
4290.026	2649
4291.551	2660
4293.074	2678
4294.6	2667
4296.123	2610
4297.646	2635
4299.168	2682
4300.691	2663
4302.214	2665
4303.736	2643
4305.257	2697
4306.778	2666
4308.299	2682
4309.82	2614
4311.34	2632
4312.86	2642
4314.379	2688
