400.0745	3990
402.597	3930
405.1208	3952
407.6419	3983
410.1623	4017
412.6819	4076
415.201	4159
417.7172	4207
420.2369	4266
422.7538	4219
425.2701	4151
427.7856	4220
430.3005	4280
432.8147	4273
435.3282	4205
437.841	4225
440.3511	4255
442.8625	4217
445.3753	4322
447.8854	4225
450.3927	4281
452.9014	4252
455.4073	4232
457.9146	4261
460.4233	4285
462.9272	4280
465.4325	4340
467.935	4310
470.4389	4345
472.9421	4255
475.4446	4293
477.9444	4393
480.4456	4326
482.944	4316
485.4417	4378
487.9429	4468
490.4393	4369
492.935	4416
495.4321	4404
497.9264	4364
500.4221	4447
502.9171	4488
505.4094	4467
507.9011	4395
510.392	4488
512.8864	4494
515.3759	4468
517.8649	4485
520.3531	4503
522.8406	4449
525.3275	4520
527.8178	4564
530.3033	4501
532.7881	4551
535.2723	4446
537.7558	4525
540.2407	4533
542.7228	4445
545.2043	4521
547.6851	4516
550.1652	4468
552.6467	4631
555.1255	4599
557.6016	4529
560.079	4531
562.5557	4614
565.0318	4578
567.5092	4607
569.984	4578
572.456	4656
574.9294	4699
577.4022	4723
579.8762	4630
582.3456	4675
584.8163	4688
587.2863	4603
589.7557	4643
592.2224	4714
594.6924	4706
597.1578	4749
599.6245	4699
602.0905	4692
604.5538	4597
607.0206	4773
609.4825	4652
611.9459	4706
614.4066	4652
616.8686	4717
619.33	4670
621.7906	4642
624.2487	4690
626.708	4762
629.1647	4602
631.6207	4643
634.0801	4715
636.5348	4682
638.9888	4731
641.4442	4705
643.8969	4719
646.3509	4645
648.8022	4705
651.255	4798
653.705	4811
656.1544	4775
658.6031	4780
661.0532	4601
663.5026	4765
665.9493	4749
668.3954	4766
670.8409	4692
673.2877	4788
675.7318	4796
678.1752	4798
680.618	4849
683.0601	4881
685.5035	4795
687.9444	4841
690.3845	4931
692.824	4851
695.2628	4854
697.701	4894
700.1406	4904
702.5774	4978
705.0116	4894
707.4472	4972
709.8821	4852
712.3183	4807
714.7519	4982
717.1829	4860
719.6151	4939
722.0468	5004
724.4777	5062
726.908	5020
729.3377	4955
731.7667	4984
734.1931	5001
736.6208	5001
739.0498	5063
741.4742	4981
743.9	5057
746.3231	5044
748.7476	5072
751.1713	5055
753.5945	5153
756.015	5183
758.4368	5131
760.856	5223
763.2766	5258
765.6965	5180
768.1157	5148
770.5323	5204
772.9483	5173
775.3656	5198
777.7822	5202
780.1963	5216
782.6116	5137
785.0244	5221
787.4365	5210
789.8499	5146
792.2626	5146
794.6728	5159
797.0823	5210
799.4911	5189
801.8994	5206
804.3109	5274
806.7178	5219
809.124	5256
811.5297	5230
813.9347	5140
816.341	5295
818.7447	5313
821.1478	5311
823.5502	5358
825.952	5359
828.3531	5306
830.7556	5255
833.1554	5305
835.5546	5325
837.9532	5276
840.3511	5187
842.7504	5282
845.1451	5379
847.5411	5456
849.9365	5376
852.3312	5357
854.7272	5416
857.1187	5363
859.5115	5279
861.9037	5381
864.2952	5313
866.6842	5340
869.0764	5351
871.4661	5342
873.8531	5284
876.2415	5387
878.6272	5403
881.0162	5351
883.4026	5266
885.7866	5338
888.1717	5346
890.5543	5266
892.9382	5322
895.3215	5370
897.7041	5384
900.0842	5271
902.4655	5372
904.8443	5407
907.2244	5422
909.6039	5358
911.9808	5415
914.357	5424
916.7346	5400
919.1115	5363
921.4859	5526
923.8616	5601
926.2347	5571
928.6071	5526
930.979	5476
933.3541	5604
935.7247	5605
938.0946	5632
940.4639	5640
942.8326	5800
945.2026	5800
947.5701	5769
949.9369	5888
952.305	5862
954.6705	6269
957.0355	6177
959.4017	6492
961.7654	6404
964.1284	6381
966.4908	6418
968.8527	6198
971.2138	5997
973.5743	5787
975.9343	5785
978.2936	5559
980.6522	5574
983.0122	5511
985.3696	5518
987.7245	5578
990.0807	5564
992.4362	5557
994.7911	5498
997.1474	5633
999.4991	5576
1001.852	5501
1004.205	5578
1006.555	5531
1008.908	5587
1011.258	5477
1013.606	5464
1015.956	5418
1018.302	5520
1020.652	5671
1022.998	5538
1025.345	5628
1027.691	5531
1030.035	5612
1032.378	5531
1034.724	5627
1037.066	5649
1039.409	5638
1041.75	5527
1044.092	5525
1046.433	5739
1048.771	5709
1051.112	5598
1053.449	5691
1055.786	5680
1058.124	5731
1060.462	5642
1062.797	5721
1065.131	5593
1067.467	5708
1069.8	5741
1072.135	5674
1074.467	5708
1076.798	5701
1079.129	5760
1081.459	5785
1083.792	5674
1086.121	5766
1088.449	5784
1090.777	5567
1093.104	5693
1095.431	5655
1097.759	5637
1100.084	5602
1102.408	5710
1104.732	5685
1107.056	5660
1109.379	5637
1111.701	5646
1114.022	5702
1116.343	5632
1118.664	5640
1120.983	5602
1123.303	5623
1125.621	5714
1127.939	5651
1130.256	5708
1132.573	5797
1134.889	5690
1137.205	5693
1139.52	5725
1141.832	5781
1144.146	5736
1146.461	5756
1148.771	5749
1151.083	5796
1153.392	5710
1155.703	5671
1158.011	5697
1160.323	5828
1162.629	5815
1164.938	5675
1167.243	5641
1169.55	5744
1171.857	5828
1174.163	5712
1176.466	5775
1178.769	5739
1181.073	5807
1183.374	5686
1185.677	5769
1187.979	5710
1190.279	5694
1192.578	5687
1194.878	5750
1197.178	5731
1199.476	5722
1201.772	5613
1204.068	5700
1206.366	5599
1208.663	5729
1210.957	5727
1213.251	5732
1215.544	5736
1217.836	5756
1220.128	5731
1222.421	5675
1224.712	5821
1227.002	5813
1229.292	5764
1231.581	5723
1233.871	5823
1236.159	5833
1238.446	5870
1240.732	5852
1243.018	5877
1245.304	5804
1247.59	5887
1249.874	5807
1252.156	5872
1254.439	5848
1256.721	5728
1259.005	5866
1261.286	5830
1263.565	5890
1265.845	5848
1268.125	5919
1270.403	5918
1272.682	5869
1274.959	5890
1277.234	5878
1279.511	5842
1281.787	5891
1284.062	5876
1286.337	5866
1288.609	5822
1290.882	5821
1293.153	5884
1295.428	5737
1297.698	5872
1299.969	5739
1302.237	5781
1304.507	5820
1306.777	5779
1309.044	5756
1311.312	5845
1313.578	5850
1315.844	5767
1318.109	5763
1320.375	5713
1322.638	5809
1324.903	5827
1327.165	5834
1329.427	5785
1331.69	5821
1333.952	5910
1336.212	5749
1338.471	5942
1340.73	5816
1342.988	5749
1345.248	5894
1347.505	5850
1349.763	5854
1352.019	5970
1354.274	5743
1356.53	5884
1358.784	5773
1361.038	5889
1363.291	5858
1365.543	5876
1367.797	5885
1370.048	5803
1372.296	5874
1374.546	5863
1376.796	5907
1379.045	5772
1381.295	5741
1383.542	5829
1385.787	5805
1388.034	5877
1390.28	5853
1392.527	5820
1394.772	5829
1397.014	5845
1399.258	5895
1401.501	5935
1403.741	6003
1405.985	5921
1408.226	5923
1410.465	5876
1412.705	5814
1414.943	5977
1417.184	5925
1419.42	5916
1421.658	5891
1423.894	5934
1426.13	5981
1428.366	5947
1430.602	6034
1432.835	5904
1435.069	5997
1437.301	6028
1439.535	6082
1441.767	6031
1443.997	5970
1446.229	5996
1448.458	6060
1450.687	6064
1452.916	6045
1455.146	6114
1457.372	6130
1459.599	6102
1461.824	6144
1464.051	6004
1466.277	6001
1468.501	5892
1470.725	6072
1472.948	5987
1475.17	5965
1477.393	5918
1479.614	6020
1481.837	5918
1484.057	5894
1486.276	5877
1488.497	5828
1490.715	5828
1492.932	5800
1495.148	5827
1497.364	5841
1499.58	5782
1501.798	5865
1504.012	5808
1506.227	5804
1508.44	5798
1510.653	5879
1512.866	5759
1515.078	5812
1517.289	5840
1519.5	5822
1521.711	5836
1523.92	5925
1526.13	5717
1528.338	5790
1530.544	5835
1532.752	5815
1534.959	5891
1537.165	5823
1539.371	5809
1541.574	5938
1543.779	5854
1545.983	5926
1548.187	5851
1550.39	5793
1552.59	5939
1554.792	5899
1556.991	5805
1559.19	5892
1561.392	5902
1563.59	5948
1565.789	5869
1567.986	5891
1570.182	5919
1572.381	5953
1574.576	5962
1576.771	5961
1578.966	5911
1581.16	6021
1583.354	5975
1585.546	6012
1587.74	5987
1589.931	5930
1592.121	6031
1594.311	6011
1596.502	6033
1598.693	5942
1600.881	6051
1603.069	5939
1605.256	6079
1607.445	6105
1609.631	6026
1611.816	5895
1614.001	6088
1616.186	5991
1618.37	6087
1620.555	6023
1622.737	5963
1624.919	6105
1627.101	6046
1629.282	6056
1631.463	6073
1633.643	6086
1635.822	6023
1638.001	6039
1640.179	5972
1642.359	6059
1644.534	6113
1646.711	6057
1648.887	5987
1651.062	6116
1653.235	6123
1655.412	6028
1657.586	6095
1659.757	6123
1661.93	6128
1664.1	6122
1666.274	6136
1668.445	6100
1670.614	6172
1672.784	6023
1674.951	6105
1677.12	6171
1679.289	6112
1681.457	6055
1683.622	6082
1685.789	6076
1687.953	6147
1690.121	6079
1692.284	6049
1694.447	6077
1696.611	6043
1698.772	6022
1700.935	6059
1703.098	6049
1705.258	5948
1707.417	6071
1709.576	6065
1711.736	6043
1713.896	5975
1716.053	5932
1718.21	5954
1720.366	5955
1722.522	6026
1724.68	5925
1726.835	6025
1728.989	6026
1731.142	6081
1733.295	6122
1735.449	6051
1737.601	5899
1739.753	5968
1741.903	6026
1744.054	6030
1746.203	5996
1748.354	5815
1750.503	5939
1752.651	6105
1754.798	6053
1756.944	6037
1759.092	5951
1761.238	5994
1763.383	6083
1765.528	5992
1767.672	5922
1769.814	6013
1771.959	5949
1774.102	5995
1776.242	6054
1778.384	5948
1780.525	5940
1782.665	6064
1784.805	6041
1786.945	6081
1789.082	6005
1791.22	6048
1793.36	6004
1795.495	6031
1797.632	5959
1799.766	6093
1801.902	5977
1804.035	6067
1806.172	6075
1808.304	6116
1810.436	6103
1812.569	6014
1814.699	6019
1816.833	6061
1818.963	6034
1821.092	5996
1823.222	5946
1825.35	5912
1827.478	6007
1829.608	6049
1831.734	6015
1833.86	5969
1835.986	6059
1838.11	6028
1840.238	5940
1842.362	6063
1844.485	5922
1846.608	5946
1848.73	5946
1850.853	6081
1852.974	6068
1855.097	5955
1857.217	5925
1859.336	6025
1861.455	5997
1863.576	5949
1865.693	5854
1867.811	5950
1869.926	5995
1872.042	5981
1874.16	5940
1876.275	6045
1878.39	5902
1880.504	5954
1882.618	5959
1884.731	5968
1886.843	5887
1888.956	5959
1891.067	5982
1893.178	5940
1895.287	5920
1897.399	6038
1899.508	6032
1901.617	6037
1903.724	6005
1905.832	5987
1907.941	6014
1910.046	5892
1912.152	6057
1914.256	6087
1916.361	6118
1918.464	6010
1920.57	6072
1922.672	6111
1924.775	5971
1926.876	6116
1928.978	6036
1931.08	6241
1933.181	6022
1935.28	6026
1937.38	6033
1939.478	5999
1941.577	5987
1943.675	6050
1945.771	6035
1947.867	6110
1949.964	6092
1952.058	6115
1954.154	6081
1956.248	5981
1958.343	6035
1960.435	6042
1962.527	6048
1964.62	6053
1966.711	6082
1968.802	5963
1970.892	5944
1972.983	5961
1975.072	6075
1977.162	6011
1979.25	6020
1981.337	6043
1983.424	5957
1985.51	5954
1987.598	5919
1989.683	5882
1991.768	5973
1993.852	5923
1995.934	5985
1998.019	6059
2000.102	5958
2002.184	6015
2004.266	5987
2006.347	5984
2008.427	5991
2010.508	5968
2012.587	5996
2014.666	5961
2016.745	5997
2018.821	6044
2020.9	5920
2022.977	5981
2025.052	5882
2027.128	5998
2029.204	6013
2031.277	5923
2033.353	5819
2035.425	5934
2037.499	5946
2039.57	5996
2041.642	5887
2043.714	6012
2045.786	5970
2047.855	5925
2049.925	5936
2051.993	5929
2054.064	5977
2056.132	5994
2058.2	5908
2060.266	6063
2062.332	5948
2064.398	6031
2066.465	5922
2068.529	5922
2070.592	5934
2072.657	5981
2074.719	5964
2076.783	5912
2078.845	6005
2080.907	6023
2082.968	5953
2085.028	5995
2087.087	5925
2089.148	5855
2091.207	5936
2093.264	6095
2095.322	5931
2097.379	5919
2099.439	5852
2101.495	5960
2103.55	5925
2105.605	5836
2107.658	5942
2109.713	5978
2111.767	5889
2113.82	5888
2115.872	5921
2117.924	5976
2119.975	6000
2122.028	5877
2124.078	5850
2126.126	5941
2128.176	5917
2130.225	5886
2132.275	5947
2134.321	5868
2136.368	5927
2138.415	5923
2140.461	6014
2142.505	5861
2144.552	5834
2146.597	5931
2148.64	5857
2150.684	5933
2152.725	5923
2154.77	5986
2156.811	5917
2158.852	5928
2160.894	5940
2162.933	5897
2164.973	5882
2167.013	5948
2169.051	5906
2171.089	5938
2173.126	5851
2175.164	5831
2177.201	5786
2179.236	5937
2181.273	5857
2183.307	5917
2185.341	5894
2187.377	5753
2189.41	5821
2191.442	5758
2193.473	5841
2195.506	5770
2197.539	5777
2199.569	5913
2201.598	5790
2203.628	5873
2205.656	5849
2207.686	5799
2209.716	5808
2211.743	5773
2213.769	5867
2215.796	5799
2217.821	5776
2219.848	5760
2221.873	5688
2223.897	5806
2225.921	5720
2227.944	5730
2229.967	5761
2231.991	5754
2234.011	5767
2236.032	5672
2238.053	5802
2240.073	5848
2242.094	5765
2244.114	5733
2246.131	5661
2248.149	5858
2250.167	5733
2252.186	5728
2254.201	5769
2256.218	5829
2258.233	5745
2260.247	5742
2262.262	5906
2264.278	5716
2266.29	5799
2268.303	5802
2270.315	5615
2272.327	5774
2274.341	5805
2276.35	5715
2278.361	5832
2280.37	5747
2282.38	5744
2284.388	5766
2286.397	5833
2288.405	5710
2290.412	5858
2292.419	5808
2294.425	5764
2296.431	5772
2298.437	5777
2300.441	5812
2302.445	5826
2304.449	5773
2306.453	5704
2308.455	5724
2310.457	5693
2312.459	5676
2314.46	5777
2316.46	5737
2318.461	5813
2320.46	5757
2322.458	5667
2324.458	5806
2326.456	5702
2328.455	5702
2330.451	5634
2332.447	5763
2334.443	5711
2336.438	5718
2338.433	5613
2340.429	5633
2342.422	5673
2344.416	5647
2346.408	5609
2348.399	5712
2350.393	5654
2352.384	5699
2354.375	5684
2356.365	5658
2358.355	5579
2360.344	5556
2362.333	5657
2364.322	5650
2366.309	5555
2368.295	5553
2370.282	5562
2372.27	5682
2374.256	5584
2376.24	5638
2378.225	5574
2380.208	5683
2382.194	5585
2384.177	5560
2386.159	5485
2388.142	5611
2390.122	5576
2392.105	5613
2394.085	5498
2396.066	5688
2398.044	5524
2400.024	5555
2402.002	5591
2403.982	5521
2405.959	5494
2407.935	5613
2409.913	5559
2411.888	5451
2413.865	5571
2415.84	5463
2417.814	5574
2419.788	5480
2421.762	5519
2423.735	5442
2425.708	5539
2427.68	5475
2429.651	5595
2431.623	5537
2433.593	5465
2435.564	5458
2437.533	5546
2439.502	5503
2441.47	5501
2443.438	5533
2445.406	5541
2447.373	5586
2449.34	5607
2451.305	5496
2453.271	5524
2455.235	5412
2457.201	5562
2459.165	5452
2461.129	5494
2463.092	5472
2465.054	5434
2467.018	5481
2468.978	5477
2470.939	5485
2472.899	5446
2474.86	5453
2476.819	5462
2478.778	5410
2480.737	5384
2482.695	5471
2484.653	5425
2486.609	5453
2488.567	5443
2490.524	5410
2492.478	5464
2494.433	5485
2496.387	5443
2498.343	5398
2500.297	5389
2502.249	5439
2504.202	5496
2506.153	5464
2508.105	5403
2510.057	5442
2512.008	5364
2513.957	5267
2515.906	5402
2517.855	5334
2519.805	5481
2521.754	5382
2523.7	5357
2525.647	5470
2527.594	5441
2529.54	5376
2531.486	5380
2533.431	5413
2535.376	5356
2537.32	5384
2539.263	5397
2541.207	5402
2543.151	5425
2545.093	5393
2547.034	5506
2548.975	5297
2550.917	5416
2552.856	5331
2554.796	5336
2556.735	5285
2558.673	5364
2560.611	5354
2562.55	5244
2564.487	5385
2566.424	5376
2568.36	5368
2570.296	5341
2572.232	5387
2574.167	5287
2576.101	5278
2578.035	5298
2579.969	5337
2581.902	5359
2583.834	5323
2585.766	5410
2587.698	5399
2589.628	5424
2591.557	5422
2593.489	5378
2595.419	5480
2597.348	5387
2599.275	5350
2601.204	5381
2603.131	5339
2605.059	5424
2606.986	5353
2608.911	5381
2610.837	5424
2612.76	5387
2614.687	5446
2616.61	5351
2618.534	5355
2620.457	5408
2622.38	5462
2624.302	5338
2626.225	5374
2628.145	5428
2630.067	5321
2631.986	5338
2633.906	5369
2635.827	5498
2637.745	5366
2639.662	5290
2641.581	5324
2643.498	5355
2645.415	5464
2647.331	5380
2649.248	5294
2651.163	5497
2653.077	5305
2654.993	5297
2656.906	5432
2658.821	5438
2660.733	5395
2662.646	5246
2664.557	5325
2666.47	5315
2668.381	5436
2670.291	5405
2672.201	5314
2674.11	5356
2676.021	5314
2677.929	5405
2679.837	5291
2681.745	5343
2683.652	5338
2685.56	5278
2687.466	5313
2689.371	5345
2691.276	5377
2693.181	5323
2695.085	5325
2696.991	5226
2698.893	5209
2700.796	5258
2702.698	5214
2704.601	5185
2706.502	5172
2708.404	5262
2710.304	5274
2712.203	5193
2714.103	5259
2716.003	5266
2717.902	5134
2719.8	5107
2721.697	5169
2723.594	5167
2725.49	5415
2727.389	5259
2729.283	5155
2731.179	5246
2733.073	5112
2734.968	5328
2736.863	5217
2738.757	5174
2740.649	5208
2742.541	5136
2744.433	5171
2746.324	5237
2748.216	5278
2750.107	5231
2751.997	5224
2753.886	5171
2755.776	5144
2757.666	5210
2759.553	5220
2761.44	5105
2763.327	5253
2765.215	5111
2767.102	5162
2768.988	5143
2770.873	5158
2772.757	5193
2774.641	5146
2776.525	5212
2778.41	5108
2780.292	5199
2782.175	5153
2784.057	5199
2785.938	5052
2787.821	5234
2789.701	5161
2791.581	5168
2793.461	5048
2795.34	5069
2797.219	5178
2799.099	5136
2800.975	5168
2802.853	5161
2804.73	5094
2806.606	5149
2808.484	5016
2810.358	5148
2812.233	5150
2814.108	5137
2815.981	5189
2817.857	5011
2819.73	5164
2821.602	5060
2823.474	5066
2825.346	5060
2827.217	5089
2829.089	5115
2830.959	5082
2832.829	5221
2834.698	5018
2836.567	4979
2838.436	5034
2840.305	5114
2842.172	5181
2844.04	5133
2845.905	5142
2847.772	5060
2849.639	5127
2851.503	5151
2853.369	5052
2855.232	5116
2857.096	5175
2858.961	5135
2860.824	5174
2862.686	5135
2864.547	5174
2866.41	5103
2868.272	5197
2870.132	5167
2871.992	5265
2873.851	5239
2875.711	5252
2877.57	5448
2879.429	5258
2881.287	5343
2883.144	5348
2885.001	5361
2886.857	5397
2888.714	5284
2890.57	5388
2892.425	5367
2894.279	5323
2896.133	5359
2897.987	5385
2899.842	5339
2901.694	5336
2903.547	5381
2905.397	5371
2907.249	5431
2909.101	5312
2910.952	5343
2912.802	5452
2914.652	5386
2916.5	5339
2918.35	5397
2920.198	5456
2922.045	5521
2923.893	5561
2925.74	5607
2927.585	5500
2929.433	5597
2931.279	5652
2933.123	5622
2934.968	5690
2936.811	5767
2938.656	5780
2940.5	5734
2942.342	5851
2944.185	5732
2946.026	5837
2947.87	5816
2949.71	5661
2951.549	5773
2953.39	5644
2955.229	5718
2957.069	5651
2958.908	5635
2960.746	5744
2962.584	5617
2964.421	5563
2966.257	5467
2968.094	5398
2969.931	5495
2971.766	5446
2973.601	5389
2975.435	5383
2977.27	5390
2979.105	5321
2980.938	5308
2982.77	5280
2984.602	5362
2986.434	5249
2988.267	5239
2990.097	5217
2991.927	5312
2993.757	5180
2995.587	5225
2997.417	5114
2999.246	5177
3001.074	5138
3002.902	5103
3004.729	5049
3006.556	5066
3008.384	4944
3010.21	4945
3012.036	4973
3013.861	4828
3015.684	4967
3017.51	4955
3019.334	4849
3021.157	4968
3022.981	4798
3024.802	4864
3026.624	4807
3028.448	4765
3030.267	4827
3032.088	4747
3033.909	4819
3035.728	4782
3037.549	4813
3039.368	4796
3041.186	4821
3043.004	4742
3044.821	4763
3046.64	4740
3048.455	4815
3050.272	4725
3052.087	4747
3053.903	4713
3055.717	4771
3057.534	4758
3059.347	4551
3061.16	4726
3062.974	4715
3064.785	4823
3066.598	4718
3068.411	4723
3070.222	4737
3072.032	4709
3073.844	4770
3075.653	4768
3077.463	4706
3079.272	4724
3081.08	4683
3082.889	4641
3084.697	4622
3086.505	4653
3088.312	4617
3090.118	4620
3091.924	4668
3093.729	4640
3095.535	4654
3097.34	4578
3099.144	4662
3100.947	4623
3102.75	4544
3104.553	4609
3106.357	4568
3108.159	4646
3109.961	4603
3111.762	4509
3113.562	4546
3115.365	4573
3117.164	4477
3118.964	4481
3120.761	4564
3122.56	4468
3124.36	4510
3126.158	4486
3127.954	4567
3129.75	4377
3131.547	4518
3133.343	4554
3135.139	4350
3136.934	4553
3138.729	4449
3140.522	4417
3142.317	4523
3144.11	4444
3145.904	4506
3147.695	4508
3149.488	4509
3151.28	4387
3153.07	4469
3154.863	4511
3156.652	4422
3158.441	4426
3160.231	4448
3162.019	4520
3163.81	4433
3165.597	4467
3167.384	4506
3169.172	4476
3170.958	4462
3172.745	4435
3174.532	4422
3176.317	4444
3178.101	4438
3179.885	4447
3181.67	4422
3183.455	4389
3185.238	4429
3187.02	4322
3188.802	4431
3190.585	4414
3192.368	4309
3194.149	4380
3195.929	4312
3197.709	4334
3199.489	4470
3201.268	4285
3203.048	4358
3204.826	4372
3206.604	4349
3208.382	4399
3210.159	4282
3211.937	4337
3213.713	4283
3215.489	4299
3217.263	4395
3219.038	4362
3220.815	4383
3222.589	4386
3224.363	4300
3226.136	4295
3227.908	4363
3229.681	4223
3231.454	4297
3233.226	4300
3234.996	4309
3236.767	4359
3238.538	4350
3240.308	4298
3242.078	4354
3243.847	4300
3245.615	4329
3247.384	4288
3249.15	4288
3250.92	4473
3252.686	4335
3254.453	4315
3256.218	4436
3257.984	4278
3259.75	4302
3261.515	4415
3263.279	4335
3265.044	4378
3266.806	4343
3268.57	4306
3270.334	4409
3272.095	4265
3273.856	4272
3275.619	4361
3277.379	4302
3279.14	4377
3280.9	4304
3282.661	4275
3284.419	4389
3286.178	4343
3287.937	4268
3289.695	4235
3291.453	4245
3293.21	4307
3294.967	4332
3296.723	4346
3298.48	4388
3300.235	4262
3301.99	4292
3303.744	4320
3305.498	4277
3307.253	4325
3309.006	4376
3310.759	4291
3312.511	4233
3314.263	4279
3316.017	4279
3317.768	4293
3319.519	4258
3321.268	4298
3323.018	4307
3324.767	4205
3326.518	4396
3328.267	4228
3330.014	4296
3331.762	4300
3333.509	4332
3335.258	4377
3337.003	4264
3338.75	4179
3340.496	4245
3342.24	4260
3343.987	4324
3345.732	4306
3347.475	4207
3349.219	4240
3350.961	4283
3352.705	4188
3354.448	4278
3356.19	4278
3357.931	4184
3359.672	4178
3361.412	4280
3363.155	4177
3364.894	4276
3366.633	4185
3368.372	4152
3370.11	4184
3371.849	4121
3373.588	4148
3375.325	4250
3377.061	4193
3378.799	4107
3380.534	4168
3382.271	4211
3384.006	4115
3385.741	4194
3387.475	4176
3389.209	4235
3390.944	4068
3392.677	4230
3394.409	4167
3396.143	4134
3397.874	4106
3399.606	4137
3401.338	4078
3403.069	4221
3404.799	4118
3406.528	4118
3408.258	4141
3409.988	4038
3411.717	4070
3413.445	4072
3415.173	4051
3416.899	4153
3418.626	4067
3420.354	4075
3422.08	4006
3423.806	4059
3425.531	3979
3427.255	4054
3428.981	4101
3430.705	4019
3432.429	3995
3434.151	4125
3435.875	4024
3437.599	4004
3439.321	3992
3441.042	4031
3442.763	4089
3444.483	4040
3446.204	4063
3447.926	4097
3449.645	4031
3451.364	3998
3453.082	3972
3454.801	4110
3456.52	3906
3458.238	3921
3459.954	3967
3461.671	3970
3463.387	4066
3465.104	3946
3466.82	3937
3468.534	3920
3470.25	3927
3471.963	3928
3473.676	3941
3475.392	3969
3477.104	3948
3478.817	3925
3480.528	3916
3482.241	3931
3483.954	3900
3485.664	3997
3487.374	3951
3489.084	3985
3490.795	3868
3492.504	3844
3494.214	3854
3495.922	3825
3497.63	3947
3499.338	3876
3501.045	3965
3502.753	3810
3504.459	3885
3506.166	3903
3507.871	3896
3509.576	3787
3511.283	3876
3512.987	3837
3514.691	3802
3516.395	3759
3518.098	3834
3519.8	3765
3521.504	3850
3523.206	3845
3524.908	3738
3526.609	3818
3528.309	3823
3530.011	3739
3531.711	3867
3533.411	3725
3535.109	3786
3536.808	3859
3538.507	3801
3540.206	3829
3541.904	3780
3543.601	3791
3545.297	3692
3546.994	3680
3548.69	3710
3550.387	3772
3552.081	3726
3553.776	3707
3555.47	3804
3557.166	3739
3558.859	3795
3560.553	3856
3562.245	3672
3563.938	3792
3565.629	3721
3567.322	3675
3569.014	3655
3570.704	3724
3572.394	3694
3574.084	3631
3575.775	3697
3577.464	3671
3579.152	3666
3580.842	3674
3582.529	3785
3584.216	3661
3585.905	3654
3587.591	3665
3589.279	3704
3590.964	3626
3592.649	3669
3594.336	3566
3596.021	3703
3597.705	3614
3599.388	3634
3601.072	3604
3602.757	3670
3604.439	3466
3606.122	3568
3607.803	3592
3609.485	3585
3611.167	3571
3612.849	3623
3614.529	3629
3616.208	3564
3617.888	3612
3619.567	3560
3621.247	3588
3622.926	3602
3624.603	3516
3626.281	3530
3627.958	3518
3629.635	3586
3631.312	3468
3632.989	3523
3634.665	3513
3636.339	3391
3638.014	3515
3639.691	3458
3641.364	3496
3643.038	3503
3644.71	3404
3646.384	3441
3648.058	3453
3649.729	3493
3651.402	3354
3653.073	3464
3654.744	3453
3656.414	3504
3658.085	3427
3659.755	3490
3661.424	3346
3663.094	3489
3664.762	3446
3666.431	3422
3668.099	3447
3669.766	3421
3671.433	3368
3673.099	3373
3674.768	3448
3676.433	3439
3678.098	3403
3679.763	3526
3681.428	3395
3683.093	3414
3684.757	3417
3686.421	3477
3688.083	3377
3689.746	3449
3691.408	3433
3693.071	3393
3694.733	3363
3696.394	3460
3698.054	3410
3699.715	3439
3701.375	3456
3703.036	3394
3704.695	3400
3706.354	3350
3708.012	3413
3709.67	3375
3711.329	3318
3712.987	3416
3714.644	3317
3716.299	3373
3717.955	3332
3719.613	3414
3721.268	3344
3722.923	3326
3724.577	3426
3726.231	3380
3727.885	3280
3729.539	3346
3731.192	3414
3732.845	3311
3734.497	3405
3736.149	3293
3737.802	3230
3739.453	3325
3741.104	3191
3742.753	3326
3744.404	3374
3746.052	3327
3747.704	3310
3749.352	3290
3751	3304
3752.648	3335
3754.296	3262
3755.944	3271
3757.59	3266
3759.238	3299
3760.883	3299
3762.528	3224
3764.176	3342
3765.82	3289
3767.464	3188
3769.109	3278
3770.753	3368
3772.396	3200
3774.04	3286
3775.683	3269
3777.325	3277
3778.967	3267
3780.608	3215
3782.25	3261
3783.89	3228
3785.531	3251
3787.17	3205
3788.81	3216
3790.45	3228
3792.09	3137
3793.729	3227
3795.366	3163
3797.003	3246
3798.64	3184
3800.278	3221
3801.915	3180
3803.551	3167
3805.187	3107
3806.822	3196
3808.458	3196
3810.093	3178
3811.726	3198
3813.36	3191
3814.994	3197
3816.627	3155
3818.262	3117
3819.893	3157
3821.525	3217
3823.157	3195
3824.787	3202
3826.42	3120
3828.051	3149
3829.68	3118
3831.31	3137
3832.938	3145
3834.569	3163
3836.198	3040
3837.825	3129
3839.454	3165
3841.08	3063
3842.708	3128
3844.335	3135
3845.962	3079
3847.587	3095
3849.212	3116
3850.838	3110
3852.463	3077
3854.089	3036
3855.712	3110
3857.335	3124
3858.959	3173
3860.582	3112
3862.205	3059
3863.827	3105
3865.449	3110
3867.07	3073
3868.691	3108
3870.312	3056
3871.933	3117
3873.553	3129
3875.173	3084
3876.792	3083
3878.411	3064
3880.03	3102
3881.647	3052
3883.265	3114
3884.882	3049
3886.499	3030
3888.116	3055
3889.732	3094
3891.348	3034
3892.964	3033
3894.579	3016
3896.195	3113
3897.809	3036
3899.423	3089
3901.036	3028
3902.648	2965
3904.261	3019
3905.875	3066
3907.487	3039
3909.099	2974
3910.709	2999
3912.321	3034
3913.933	3012
3915.542	3019
3917.152	3054
3918.762	3046
3920.37	3013
3921.98	3017
3923.589	3003
3925.196	2985
3926.804	3039
3928.41	3009
3930.018	2967
3931.626	3026
3933.231	2978
3934.838	2946
3936.442	2992
3938.046	2958
3939.653	2915
3941.257	3033
3942.861	2980
3944.464	2904
3946.068	2964
3947.67	3019
3949.273	2917
3950.876	2990
3952.477	2963
3954.078	2952
3955.678	2888
3957.281	2937
3958.881	2945
3960.48	2946
3962.079	2956
3963.678	2936
3965.279	2929
3966.877	2985
3968.475	2900
3970.072	2935
3971.669	2928
3973.266	2918
3974.864	2967
3976.459	2890
3978.055	2949
3979.65	2877
3981.245	2936
3982.841	2911
3984.436	2879
3986.03	2943
3987.623	2895
3989.216	2890
3990.809	2895
3992.403	2909
3993.995	2896
3995.586	2906
3997.177	2901
3998.768	2878
4000.361	2843
4001.951	2885
4003.54	2835
4005.13	2824
4006.719	2884
4008.31	2874
4009.897	2849
4011.485	2804
4013.073	2858
4014.66	2884
4016.247	2814
4017.834	2757
4019.421	2826
4021.006	2777
4022.592	2784
4024.178	2736
4025.763	2808
4027.348	2773
4028.932	2786
4030.515	2789
4032.099	2806
4033.682	2739
4035.266	2745
4036.847	2752
4038.429	2658
4040.011	2758
4041.592	2809
4043.173	2706
4044.755	2739
4046.334	2685
4047.913	2763
4049.494	2689
4051.074	2780
4052.652	2746
4054.23	2715
4055.807	2766
4057.385	2735
4058.963	2719
4060.541	2775
4062.117	2653
4063.693	2709
4065.269	2709
4066.844	2761
4068.42	2711
4069.995	2676
4071.569	2688
4073.143	2685
4074.716	2693
4076.291	2695
4077.864	2666
4079.436	2678
4081.009	2696
4082.58	2703
4084.152	2671
4085.723	2702
4087.294	2669
4088.865	2726
4090.435	2660
4092.005	2705
4093.574	2730
4095.143	2706
4096.712	2632
4098.279	2733
4099.848	2654
4101.416	2705
4102.984	2728
4104.55	2617
4106.117	2648
4107.682	2645
4109.248	2675
4110.815	2713
4112.379	2620
4113.945	2673
4115.508	2623
4117.073	2608
4118.637	2675
4120.201	2656
4121.763	2598
4123.325	2630
4124.888	2570
4126.449	2623
4128.013	2578
4129.573	2596
4131.133	2599
4132.694	2564
4134.254	2574
4135.814	2602
4137.374	2571
4138.933	2608
4140.491	2508
4142.049	2567
4143.607	2559
4145.167	2581
4146.724	2598
4148.28	2609
4149.836	2512
4151.392	2528
4152.949	2596
4154.504	2482
4156.059	2516
4157.614	2499
4159.168	2582
4160.723	2562
4162.277	2546
4163.83	2534
4165.383	2528
4166.936	2527
4168.488	2543
4170.041	2565
4171.593	2466
4173.144	2488
4174.695	2520
4176.246	2495
4177.796	2534
4179.346	2446
4180.896	2497
4182.445	2512
4183.994	2536
4185.542	2507
4187.091	2504
4188.639	2509
4190.185	2455
4191.732	2543
4193.279	2412
4194.826	2446
4196.373	2467
4197.918	2486
4199.463	2482
4201.008	2474
4202.553	2485
4204.098	2419
4205.641	2498
4207.185	2419
4208.728	2537
4210.271	2438
4211.814	2513
4213.357	2439
4214.898	2474
4216.439	2450
4217.98	2494
4219.522	2490
4221.062	2378
4222.603	2519
4224.142	2457
4225.681	2454
4227.222	2419
4228.76	2410
4230.298	2389
4231.835	2431
4233.373	2383
4234.911	2398
4236.449	2432
4237.985	2357
4239.521	2427
4241.057	2416
4242.592	2448
4244.128	2484
4245.663	2374
4247.197	2409
4248.731	2394
4250.265	2384
4251.798	2408
4253.333	2343
4254.865	2429
4256.397	2382
4257.93	2374
4259.461	2402
4260.994	2389
4262.525	2365
4264.056	2425
4265.586	2389
4267.115	2364
4268.646	2388
4270.176	2379
4271.705	2351
4273.232	2397
4274.761	2371
4276.289	2328
4277.818	2332
4279.345	2353
4280.872	2372
4282.399	2419
4283.924	2346
4285.452	2396
4286.976	2271
4288.502	2288
4290.026	2361
4291.551	2343
4293.074	2348
4294.6	2353
4296.123	2351
4297.646	2366
4299.168	2346
4300.691	2301
4302.214	2339
4303.736	2287
4305.257	2331
4306.778	2314
4308.299	2266
4309.82	2328
4311.34	2265
4312.86	2287
4314.379	2260
