400.0745	5478
402.597	5545
405.1208	5511
407.6419	5510
410.1623	5514
412.6819	5517
415.201	5652
417.7172	5552
420.2369	5639
422.7538	5752
425.2701	5806
427.7856	5798
430.3005	5809
432.8147	5731
435.3282	5848
437.841	5905
440.3511	5901
442.8625	5978
445.3753	5964
447.8854	5927
450.3927	5891
452.9014	5872
455.4073	5875
457.9146	5901
460.4233	5887
462.9272	5863
465.4325	5883
467.935	5984
470.4389	5911
472.9421	5938
475.4446	5946
477.9444	6000
480.4456	5946
482.944	5958
485.4417	6081
487.9429	6051
490.4393	6153
492.935	6018
495.4321	6080
497.9264	6084
500.4221	6124
502.9171	6050
505.4094	6086
507.9011	6129
510.392	6141
512.8864	6160
515.3759	6186
517.8649	6267
520.3531	6078
522.8406	6147
525.3275	6204
527.8178	6130
530.3033	6330
532.7881	6206
535.2723	6262
537.7558	6298
540.2407	6223
542.7228	6278
545.2043	6219
547.6851	6273
550.1652	6223
552.6467	6326
555.1255	6260
557.6016	6277
560.079	6298
562.5557	6204
565.0318	6310
567.5092	6356
569.984	6335
572.456	6395
574.9294	6245
577.4022	6417
579.8762	6463
582.3456	6503
584.8163	6503
587.2863	6433
589.7557	6408
592.2224	6436
594.6924	6500
597.1578	6422
599.6245	6451
602.0905	6439
604.5538	6349
607.0206	6495
609.4825	6561
611.9459	6462
614.4066	6426
616.8686	6473
619.33	6519
621.7906	6436
624.2487	6496
626.708	6425
629.1647	6315
631.6207	6449
634.0801	6467
636.5348	6508
638.9888	6589
641.4442	6404
643.8969	6454
646.3509	6499
648.8022	6605
651.255	6498
653.705	6520
656.1544	6460
658.6031	6642
661.0532	6553
663.5026	6565
665.9493	6467
668.3954	6668
670.8409	6603
673.2877	6756
675.7318	6647
678.1752	6530
680.618	6735
683.0601	6604
685.5035	6803
687.9444	6690
690.3845	6733
692.824	6809
695.2628	6767
697.701	6693
700.1406	6838
702.5774	6759
705.0116	6777
707.4472	6769
709.8821	6809
712.3183	6779
714.7519	6833
717.1829	6759
719.6151	6788
722.0468	6896
724.4777	6918
726.908	6931
729.3377	6889
731.7667	6984
734.1931	6979
736.6208	7031
739.0498	6939
741.4742	6990
743.9	7134
746.3231	6978
748.7476	7118
751.1713	7163
753.5945	7078
756.015	7220
758.4368	7078
760.856	7203
763.2766	7185
765.6965	7053
768.1157	7187
770.5323	7205
772.9483	7213
775.3656	7172
777.7822	7149
780.1963	7216
782.6116	7203
785.0244	7264
787.4365	7215
789.8499	7226
792.2626	7206
794.6728	7287
797.0823	7270
799.4911	7311
801.8994	7178
804.3109	7292
806.7178	7277
809.124	7148
811.5297	7304
813.9347	7327
816.341	7371
818.7447	7421
821.1478	7397
823.5502	7308
825.952	7469
828.3531	7331
830.7556	7452
833.1554	7219
835.5546	7252
837.9532	7274
840.3511	7304
842.7504	7406
845.1451	7379
847.5411	7313
849.9365	7442
852.3312	7498
854.7272	7448
857.1187	7373
859.5115	7471
861.9037	7503
864.2952	7484
866.6842	7376
869.0764	7435
871.4661	7463
873.8531	7303
876.2415	7421
878.6272	7462
881.0162	7410
883.4026	7475
885.7866	7475
888.1717	7353
890.5543	7406
892.9382	7336
895.3215	7332
897.7041	7486
900.0842	7329
902.4655	7458
904.8443	7517
907.2244	7388
909.6039	7514
911.9808	7519
914.357	7440
916.7346	7579
919.1115	7539
921.4859	7727
923.8616	7720
926.2347	7738
928.6071	7846
930.979	7764
933.3541	7833
935.7247	7791
938.0946	7795
940.4639	7865
942.8326	7800
945.2026	7912
947.5701	8067
949.9369	8095
952.305	8141
954.6705	8283
957.0355	8535
959.4017	8792
961.7654	8814
964.1284	8810
966.4908	8680
968.8527	8467
971.2138	8415
973.5743	8233
975.9343	7905
978.2936	7790
980.6522	7745
983.0122	7802
985.3696	7726
987.7245	7743
990.0807	7736
992.4362	7598
994.7911	7689
997.1474	7654
999.4991	7639
1001.852	7627
1004.205	7870
1006.555	7687
1008.908	7736
1011.258	7802
1013.606	7656
1015.956	7595
1018.302	7715
1020.652	7795
1022.998	7741
1025.345	7728
1027.691	7829
1030.035	7866
1032.378	7856
1034.724	7873
1037.066	7823
1039.409	7859
1041.75	7864
1044.092	7715
1046.433	7886
1048.771	7802
1051.112	7871
1053.449	7937
1055.786	7876
1058.124	7872
1060.462	7840
1062.797	7830
1065.131	7853
1067.467	7774
1069.8	7879
1072.135	7914
1074.467	8027
1076.798	7898
1079.129	7882
1081.459	7898
1083.792	7845
1086.121	7869
1088.449	7690
1090.777	7872
1093.104	7898
1095.431	7802
1097.759	7754
1100.084	7790
1102.408	7978
1104.732	7993
1107.056	7921
1109.379	7944
1111.701	7897
1114.022	7997
1116.343	7891
1118.664	7877
1120.983	7954
1123.303	7906
1125.621	8001
1127.939	7927
1130.256	8044
1132.573	7975
1134.889	7821
1137.205	7857
1139.52	7902
1141.832	7961
1144.146	7911
1146.461	7896
1148.771	7948
1151.083	8056
1153.392	7941
1155.703	7908
1158.011	7818
1160.323	7928
1162.629	8045
1164.938	7928
1167.243	8000
1169.55	7920
1171.857	7769
1174.163	7910
1176.466	7930
1178.769	7883
1181.073	7925
1183.374	8024
1185.677	7963
1187.979	7869
1190.279	7916
1192.578	7966
1194.878	7888
1197.178	7923
1199.476	8061
1201.772	7902
1204.068	7901
1206.366	7977
1208.663	7952
1210.957	8043
1213.251	8087
1215.544	7965
1217.836	7999
1220.128	7988
1222.421	7996
1224.712	8026
1227.002	8009
1229.292	8059
1231.581	8006
1233.871	8179
1236.159	8159
1238.446	8106
1240.732	8132
1243.018	8352
1245.304	8251
1247.59	8277
1249.874	8327
1252.156	8166
1254.439	8304
1256.721	8143
1259.005	8187
1261.286	8325
1263.565	8251
1265.845	8242
1268.125	8364
1270.403	8156
1272.682	8269
1274.959	8149
1277.234	8194
1279.511	8408
1281.787	8243
1284.062	8239
1286.337	8127
1288.609	8206
1290.882	8167
1293.153	8234
1295.428	8286
1297.698	8085
1299.969	8131
1302.237	7990
1304.507	8063
1306.777	8024
1309.044	8100
1311.312	8035
1313.578	8090
1315.844	8141
1318.109	8249
1320.375	8162
1322.638	8128
1324.903	8177
1327.165	8127
1329.427	8054
1331.69	8161
1333.952	8190
1336.212	8131
1338.471	8133
1340.73	8119
1342.988	8135
1345.248	8002
1347.505	8171
1349.763	8230
1352.019	8066
1354.274	8145
1356.53	8047
1358.784	8121
1361.038	8160
1363.291	8066
1365.543	8083
1367.797	8156
1370.048	8253
1372.296	8247
1374.546	8209
1376.796	8168
1379.045	8085
1381.295	8138
1383.542	8216
1385.787	8119
1388.034	8251
1390.28	8083
1392.527	8140
1394.772	8298
1397.014	8160
1399.258	8239
1401.501	8306
1403.741	8318
1405.985	8372
1408.226	8211
1410.465	8371
1412.705	8319
1414.943	8328
1417.184	8404
1419.42	8284
1421.658	8296
1423.894	8464
1426.13	8389
1428.366	8277
1430.602	8316
1432.835	8405
1435.069	8389
1437.301	8438
1439.535	8505
1441.767	8359
1443.997	8497
1446.229	8489
1448.458	8611
1450.687	8381
1452.916	8524
1455.146	8507
1457.372	8411
1459.599	8453
1461.824	8564
1464.051	8533
1466.277	8518
1468.501	8423
1470.725	8551
1472.948	8344
1475.17	8281
1477.393	8361
1479.614	8241
1481.837	8361
1484.057	8329
1486.276	8210
1488.497	8233
1490.715	8248
1492.932	8156
1495.148	8070
1497.364	8185
1499.58	8220
1501.798	8258
1504.012	8214
1506.227	8248
1508.44	8043
1510.653	8109
1512.866	8150
1515.078	8134
1517.289	8127
1519.5	8101
1521.711	8090
1523.92	7995
1526.13	8038
1528.338	8073
1530.544	8209
1532.752	8197
1534.959	8211
1537.165	8153
1539.371	8189
1541.574	8191
1543.779	8073
1545.983	8196
1548.187	8273
1550.39	8252
1552.59	8226
1554.792	8223
1556.991	8284
1559.19	8357
1561.392	8281
1563.59	8301
1565.789	8282
1567.986	8373
1570.182	8277
1572.381	8355
1574.576	8402
1576.771	8233
1578.966	8478
1581.16	8388
1583.354	8399
1585.546	8369
1587.74	8472
1589.931	8447
1592.121	8376
1594.311	8493
1596.502	8402
1598.693	8389
1600.881	8434
1603.069	8428
1605.256	8429
1607.445	8477
1609.631	8632
1611.816	8547
1614.001	8488
1616.186	8327
1618.37	8464
1620.555	8451
1622.737	8607
1624.919	8491
1627.101	8560
1629.282	8439
1631.463	8484
1633.643	8443
1635.822	8527
1638.001	8510
1640.179	8505
1642.359	8542
1644.534	8573
1646.711	8585
1648.887	8412
1651.062	8566
1653.235	8561
1655.412	8649
1657.586	8606
1659.757	8661
1661.93	8540
1664.1	8660
1666.274	8548
1668.445	8509
1670.614	8618
1672.784	8620
1674.951	8543
1677.12	8738
1679.289	8510
1681.457	8591
1683.622	8495
1685.789	8531
1687.953	8639
1690.121	8639
1692.284	8404
1694.447	8516
1696.611	8558
1698.772	8350
1700.935	8461
1703.098	8546
1705.258	8416
1707.417	8454
1709.576	8558
1711.736	8521
1713.896	8348
1716.053	8459
1718.21	8463
1720.366	8345
1722.522	8419
1724.68	8334
1726.835	8382
1728.989	8408
1731.142	8335
1733.295	8398
1735.449	8439
1737.601	8369
1739.753	8331
1741.903	8351
1744.054	8475
1746.203	8382
1748.354	8347
1750.503	8552
1752.651	8313
1754.798	8448
1756.944	8344
1759.092	8381
1761.238	8411
1763.383	8407
1765.528	8373
1767.672	8394
1769.814	8429
1771.959	8469
1774.102	8502
1776.242	8467
1778.384	8443
1780.525	8299
1782.665	8425
1784.805	8419
1786.945	8489
1789.082	8513
1791.22	8480
1793.36	8401
1795.495	8347
1797.632	8490
1799.766	8575
1801.902	8505
1804.035	8523
1806.172	8430
1808.304	8455
1810.436	8557
1812.569	8539
1814.699	8540
1816.833	8412
1818.963	8522
1821.092	8440
1823.222	8356
1825.35	8383
1827.478	8416
1829.608	8414
1831.734	8423
1833.86	8417
1835.986	8417
1838.11	8377
1840.238	8517
1842.362	8342
1844.485	8457
1846.608	8423
1848.73	8328
1850.853	8308
1852.974	8470
1855.097	8242
1857.217	8246
1859.336	8390
1861.455	8348
1863.576	8230
1865.693	8328
1867.811	8422
1869.926	8395
1872.042	8320
1874.16	8389
1876.275	8438
1878.39	8379
1880.504	8446
1882.618	8492
1884.731	8434
1886.843	8412
1888.956	8538
1891.067	8316
1893.178	8284
1895.287	8239
1897.399	8509
1899.508	8398
1901.617	8476
1903.724	8498
1905.832	8474
1907.941	8463
1910.046	8470
1912.152	8356
1914.256	8554
1916.361	8563
1918.464	8401
1920.57	8475
1922.672	8499
1924.775	8301
1926.876	8575
1928.978	8566
1931.08	8497
1933.181	8454
1935.28	8533
1937.38	8577
1939.478	8488
1941.577	8604
1943.675	8500
1945.771	8482
1947.867	8445
1949.964	8492
1952.058	8428
1954.154	8492
1956.248	8520
1958.343	8564
1960.435	8529
1962.527	8438
1964.62	8411
1966.711	8424
1968.802	8457
1970.892	8383
1972.983	8395
1975.072	8467
1977.162	8558
1979.25	8343
1981.337	8523
1983.424	8546
1985.51	8382
1987.598	8532
1989.683	8376
1991.768	8403
1993.852	8375
1995.934	8368
1998.019	8340
2000.102	8490
2002.184	8347
2004.266	8486
2006.347	8318
2008.427	8336
2010.508	8450
2012.587	8251
2014.666	8485
2016.745	8403
2018.821	8352
2020.9	8306
2022.977	8461
2025.052	8529
2027.128	8364
2029.204	8343
2031.277	8380
2033.353	8340
2035.425	8233
2037.499	8244
2039.57	8469
2041.642	8400
2043.714	8527
2045.786	8409
2047.855	8355
2049.925	8348
2051.993	8391
2054.064	8460
2056.132	8443
2058.2	8250
2060.266	8413
2062.332	8341
2064.398	8277
2066.465	8401
2068.529	8466
2070.592	8320
2072.657	8427
2074.719	8493
2076.783	8380
2078.845	8462
2080.907	8260
2082.968	8270
2085.028	8526
2087.087	8474
2089.148	8449
2091.207	8428
2093.264	8492
2095.322	8456
2097.379	8350
2099.439	8293
2101.495	8378
2103.55	8440
2105.605	8394
2107.658	8476
2109.713	8458
2111.767	8413
2113.82	8431
2115.872	8400
2117.924	8360
2119.975	8371
2122.028	8250
2124.078	8392
2126.126	8384
2128.176	8462
2130.225	8391
2132.275	8341
2134.321	8358
2136.368	8333
2138.415	8438
2140.461	8346
2142.505	8343
2144.552	8266
2146.597	8352
2148.64	8458
2150.684	8421
2152.725	8441
2154.77	8429
2156.811	8335
2158.852	8354
2160.894	8409
2162.933	8247
2164.973	8415
2167.013	8395
2169.051	8263
2171.089	8264
2173.126	8313
2175.164	8393
2177.201	8167
2179.236	8343
2181.273	8353
2183.307	8270
2185.341	8370
2187.377	8161
2189.41	8171
2191.442	8161
2193.473	8439
2195.506	8361
2197.539	8160
2199.569	8239
2201.598	8192
2203.628	8105
2205.656	8231
2207.686	8086
2209.716	8162
2211.743	8221
2213.769	8111
2215.796	8115
2217.821	8149
2219.848	8173
2221.873	8094
2223.897	8165
2225.921	8089
2227.944	8220
2229.967	8063
2231.991	8115
2234.011	8219
2236.032	8139
2238.053	8075
2240.073	8024
2242.094	8061
2244.114	8208
2246.131	8259
2248.149	8236
2250.167	8197
2252.186	8152
2254.201	8181
2256.218	8051
2258.233	8023
2260.247	8259
2262.262	8039
2264.278	8038
2266.29	7976
2268.303	8081
2270.315	8219
2272.327	8088
2274.341	8236
2276.35	8010
2278.361	8075
2280.37	8170
2282.38	8068
2284.388	8111
2286.397	8167
2288.405	8153
2290.412	8171
2292.419	8151
2294.425	8179
2296.431	8064
2298.437	8018
2300.441	8118
2302.445	8091
2304.449	7983
2306.453	8009
2308.455	8066
2310.457	7989
2312.459	8123
2314.46	8116
2316.46	8045
2318.461	8104
2320.46	7907
2322.458	8044
2324.458	7937
2326.456	8048
2328.455	8118
2330.451	7897
2332.447	7961
2334.443	8018
2336.438	7907
2338.433	7925
2340.429	8000
2342.422	7959
2344.416	7829
2346.408	8070
2348.399	7929
2350.393	7888
2352.384	7940
2354.375	8035
2356.365	7941
2358.355	8045
2360.344	7867
2362.333	7909
2364.322	7936
2366.309	8001
2368.295	7825
2370.282	7876
2372.27	7814
2374.256	7829
2376.24	7865
2378.225	7803
2380.208	7844
2382.194	7825
2384.177	7863
2386.159	7794
2388.142	7708
2390.122	7805
2392.105	7802
2394.085	7782
2396.066	7840
2398.044	7779
2400.024	7909
2402.002	7759
2403.982	7744
2405.959	7761
2407.935	7834
2409.913	7828
2411.888	7772
2413.865	7706
2415.84	7793
2417.814	7781
2419.788	7848
2421.762	7789
2423.735	7893
2425.708	7777
2427.68	7852
2429.651	7788
2431.623	7781
2433.593	7753
2435.564	7625
2437.533	7704
2439.502	7795
2441.47	7777
2443.438	7889
2445.406	7867
2447.373	7647
2449.34	7667
2451.305	7767
2453.271	7720
2455.235	7660
2457.201	7762
2459.165	7822
2461.129	7782
2463.092	7606
2465.054	7701
2467.018	7516
2468.978	7668
2470.939	7610
2472.899	7693
2474.86	7754
2476.819	7727
2478.778	7703
2480.737	7566
2482.695	7684
2484.653	7623
2486.609	7592
2488.567	7832
2490.524	7715
2492.478	7545
2494.433	7694
2496.387	7555
2498.343	7547
2500.297	7759
2502.249	7543
2504.202	7572
2506.153	7674
2508.105	7660
2510.057	7541
2512.008	7681
2513.957	7594
2515.906	7608
2517.855	7585
2519.805	7657
2521.754	7633
2523.7	7628
2525.647	7689
2527.594	7561
2529.54	7535
2531.486	7677
2533.431	7564
2535.376	7625
2537.32	7481
2539.263	7449
2541.207	7545
2543.151	7675
2545.093	7498
2547.034	7512
2548.975	7372
2550.917	7566
2552.856	7526
2554.796	7502
2556.735	7563
2558.673	7547
2560.611	7578
2562.55	7688
2564.487	7523
2566.424	7584
2568.36	7637
2570.296	7614
2572.232	7528
2574.167	7520
2576.101	7509
2578.035	7623
2579.969	7694
2581.902	7577
2583.834	7502
2585.766	7611
2587.698	7581
2589.628	7643
2591.557	7670
2593.489	7696
2595.419	7597
2597.348	7621
2599.275	7565
2601.204	7506
2603.131	7551
2605.059	7615
2606.986	7463
2608.911	7634
2610.837	7578
2612.76	7569
2614.687	7633
2616.61	7497
2618.534	7569
2620.457	7504
2622.38	7559
2624.302	7569
2626.225	7639
2628.145	7545
2630.067	7589
2631.986	7673
2633.906	7528
2635.827	7507
2637.745	7632
2639.662	7683
2641.581	7478
2643.498	7431
2645.415	7591
2647.331	7537
2649.248	7643
2651.163	7351
2653.077	7511
2654.993	7521
2656.906	7514
2658.821	7612
2660.733	7520
2662.646	7575
2664.557	7625
2666.47	7506
2668.381	7454
2670.291	7690
2672.201	7472
2674.11	7506
2676.021	7627
2677.929	7523
2679.837	7557
2681.745	7524
2683.652	7630
2685.56	7446
2687.466	7402
2689.371	7496
2691.276	7555
2693.181	7480
2695.085	7437
2696.991	7396
2698.893	7504
2700.796	7539
2702.698	7391
2704.601	7384
2706.502	7500
2708.404	7480
2710.304	7399
2712.203	7418
2714.103	7436
2716.003	7460
2717.902	7397
2719.8	7473
2721.697	7358
2723.594	7381
2725.49	7511
2727.389	7422
2729.283	7364
2731.179	7298
2733.073	7411
2734.968	7342
2736.863	7414
2738.757	7380
2740.649	7379
2742.541	7274
2744.433	7346
2746.324	7319
2748.216	7362
2750.107	7453
2751.997	7482
2753.886	7238
2755.776	7315
2757.666	7335
2759.553	7389
2761.44	7335
2763.327	7212
2765.215	7165
2767.102	7405
2768.988	7258
2770.873	7328
2772.757	7297
2774.641	7296
2776.525	7280
2778.41	7325
2780.292	7384
2782.175	7292
2784.057	7340
2785.938	7230
2787.821	7285
2789.701	7297
2791.581	7246
2793.461	7218
2795.34	7305
2797.219	7126
2799.099	7298
2800.975	7176
2802.853	7338
2804.73	7268
2806.606	7105
2808.484	7188
2810.358	7154
2812.233	7246
2814.108	7054
2815.981	7250
2817.857	7358
2819.73	7282
2821.602	7288
2823.474	7195
2825.346	7231
2827.217	7350
2829.089	7266
2830.959	7215
2832.829	7141
2834.698	7317
2836.567	7159
2838.436	7151
2840.305	7341
2842.172	7320
2844.04	7226
2845.905	7136
2847.772	7307
2849.639	7312
2851.503	7313
2853.369	7226
2855.232	7220
2857.096	7311
2858.961	7336
2860.824	7274
2862.686	7303
2864.547	7420
2866.41	7325
2868.272	7410
2870.132	7434
2871.992	7489
2873.851	7470
2875.711	7552
2877.57	7601
2879.429	7661
2881.287	7749
2883.144	7680
2885.001	7716
2886.857	7766
2888.714	7793
2890.57	7607
2892.425	7744
2894.279	7777
2896.133	7847
2897.987	7683
2899.842	7607
2901.694	7616
2903.547	7646
2905.397	7656
2907.249	7672
2909.101	7634
2910.952	7686
2912.802	7763
2914.652	7724
2916.5	7709
2918.35	7893
2920.198	7930
2922.045	7851
2923.893	7975
2925.74	8017
2927.585	8138
2929.433	8047
2931.279	8256
2933.123	8348
2934.968	8274
2936.811	8417
2938.656	8249
2940.5	8338
2942.342	8429
2944.185	8459
2946.026	8477
2947.87	8460
2949.71	8416
2951.549	8447
2953.39	8354
2955.229	8316
2957.069	8319
2958.908	8288
2960.746	8095
2962.584	8124
2964.421	8010
2966.257	7967
2968.094	7870
2969.931	7954
2971.766	7781
2973.601	7880
2975.435	7776
2977.27	7716
2979.105	7739
2980.938	7742
2982.77	7665
2984.602	7639
2986.434	7632
2988.267	7627
2990.097	7728
2991.927	7527
2993.757	7610
2995.587	7411
2997.417	7411
2999.246	7370
3001.074	7378
3002.902	7300
3004.729	7239
3006.556	7300
3008.384	7257
3010.21	6975
3012.036	7212
3013.861	7010
3015.684	7066
3017.51	6959
3019.334	6970
3021.157	6883
3022.981	6851
3024.802	6835
3026.624	6906
3028.448	6838
3030.267	6809
3032.088	6799
3033.909	6816
3035.728	6758
3037.549	6716
3039.368	6924
3041.186	6812
3043.004	6788
3044.821	6884
3046.64	6715
3048.455	6690
3050.272	6793
3052.087	6737
3053.903	6709
3055.717	6616
3057.534	6698
3059.347	6796
3061.16	6659
3062.974	6675
3064.785	6835
3066.598	6661
3068.411	6670
3070.222	6630
3072.032	6590
3073.844	6616
3075.653	6610
3077.463	6618
3079.272	6593
3081.08	6624
3082.889	6605
3084.697	6557
3086.505	6611
3088.312	6626
3090.118	6473
3091.924	6458
3093.729	6398
3095.535	6500
3097.34	6607
3099.144	6580
3100.947	6481
3102.75	6448
3104.553	6403
3106.357	6431
3108.159	6390
3109.961	6417
3111.762	6451
3113.562	6530
3115.365	6374
3117.164	6444
3118.964	6374
3120.761	6436
3122.56	6422
3124.36	6312
3126.158	6393
3127.954	6408
3129.75	6450
3131.547	6389
3133.343	6408
3135.139	6455
3136.934	6424
3138.729	6387
3140.522	6353
3142.317	6365
3144.11	6321
3145.904	6314
3147.695	6352
3149.488	6392
3151.28	6291
3153.07	6427
3154.863	6220
3156.652	6244
3158.441	6256
3160.231	6358
3162.019	6297
3163.81	6300
3165.597	6122
3167.384	6345
3169.172	6232
3170.958	6258
3172.745	6229
3174.532	6256
3176.317	6343
3178.101	6208
3179.885	6262
3181.67	6216
3183.455	6158
3185.238	6087
3187.02	6248
3188.802	6211
3190.585	6227
3192.368	6184
3194.149	6159
3195.929	6306
3197.709	6148
3199.489	6128
3201.268	6095
3203.048	6200
3204.826	6144
3206.604	6258
3208.382	6206
3210.159	6129
3211.937	6274
3213.713	6142
3215.489	6173
3217.263	6091
3219.038	6179
3220.815	6196
3222.589	6157
3224.363	6272
3226.136	6147
3227.908	6198
3229.681	6137
3231.454	6077
3233.226	6143
3234.996	6193
3236.767	6170
3238.538	6203
3240.308	6170
3242.078	6088
3243.847	6143
3245.615	6183
3247.384	5988
3249.15	6256
3250.92	6090
3252.686	6073
3254.453	6152
3256.218	6117
3257.984	6103
3259.75	5934
3261.515	6165
3263.279	6123
3265.044	6058
3266.806	6034
3268.57	6048
3270.334	6083
3272.095	6144
3273.856	6014
3275.619	6066
3277.379	6126
3279.14	6014
3280.9	6077
3282.661	6118
3284.419	6110
3286.178	6221
3287.937	6128
3289.695	5958
3291.453	6116
3293.21	6086
3294.967	6118
3296.723	5929
3298.48	6016
3300.235	6034
3301.99	6063
3303.744	5980
3305.498	6103
3307.253	6058
3309.006	6042
3310.759	6115
3312.511	6124
3314.263	6031
3316.017	6016
3317.768	6120
3319.519	6124
3321.268	6034
3323.018	5939
3324.767	5985
3326.518	6059
3328.267	5977
3330.014	6174
3331.762	6036
3333.509	5964
3335.258	6005
3337.003	6061
3338.75	6043
3340.496	6002
3342.24	5975
3343.987	6084
3345.732	5953
3347.475	5964
3349.219	5989
3350.961	5949
3352.705	5869
3354.448	6060
3356.19	5921
3357.931	5892
3359.672	6009
3361.412	5890
3363.155	5877
3364.894	5906
3366.633	5875
3368.372	5880
3370.11	5931
3371.849	5881
3373.588	5938
3375.325	6001
3377.061	5906
3378.799	6021
3380.534	5863
3382.271	5913
3384.006	5879
3385.741	5932
3387.475	5895
3389.209	5865
3390.944	5829
3392.677	5739
3394.409	5810
3396.143	5781
3397.874	5805
3399.606	5917
3401.338	5903
3403.069	5961
3404.799	5821
3406.528	5802
3408.258	5821
3409.988	5785
3411.717	5816
3413.445	5833
3415.173	5824
3416.899	5834
3418.626	5771
3420.354	5885
3422.08	5776
3423.806	5785
3425.531	5725
3427.255	5576
3428.981	5783
3430.705	5721
3432.429	5771
3434.151	5685
3435.875	5672
3437.599	5592
3439.321	5693
3441.042	5618
3442.763	5614
3444.483	5580
3446.204	5658
3447.926	5646
3449.645	5605
3451.364	5751
3453.082	5700
3454.801	5661
3456.52	5674
3458.238	5619
3459.954	5530
3461.671	5646
3463.387	5654
3465.104	5558
3466.82	5536
3468.534	5512
3470.25	5447
3471.963	5609
3473.676	5451
3475.392	5483
3477.104	5450
3478.817	5484
3480.528	5498
3482.241	5625
3483.954	5374
3485.664	5415
3487.374	5330
3489.084	5455
3490.795	5438
3492.504	5470
3494.214	5423
3495.922	5415
3497.63	5489
3499.338	5495
3501.045	5469
3502.753	5503
3504.459	5445
3506.166	5339
3507.871	5599
3509.576	5377
3511.283	5418
3512.987	5333
3514.691	5419
3516.395	5383
3518.098	5282
3519.8	5373
3521.504	5391
3523.206	5366
3524.908	5314
3526.609	5398
3528.309	5283
3530.011	5421
3531.711	5400
3533.411	5334
3535.109	5295
3536.808	5315
3538.507	5350
3540.206	5352
3541.904	5306
3543.601	5191
3545.297	5291
3546.994	5287
3548.69	5277
3550.387	5259
3552.081	5290
3553.776	5325
3555.47	5307
3557.166	5381
3558.859	5240
3560.553	5253
3562.245	5193
3563.938	5122
3565.629	5202
3567.322	5198
3569.014	5300
3570.704	5244
3572.394	5179
3574.084	5265
3575.775	5215
3577.464	5326
3579.152	5183
3580.842	5327
3582.529	5126
3584.216	5127
3585.905	5159
3587.591	5151
3589.279	5195
3590.964	5122
3592.649	5125
3594.336	5110
3596.021	5070
3597.705	5125
3599.388	5146
3601.072	5135
3602.757	5066
3604.439	5044
3606.122	5058
3607.803	5102
3609.485	4988
3611.167	5074
3612.849	5065
3614.529	5044
3616.208	4981
3617.888	4998
3619.567	4967
3621.247	5012
3622.926	5098
3624.603	4974
3626.281	4971
3627.958	4974
3629.635	5006
3631.312	4940
3632.989	4980
3634.665	5037
3636.339	4898
3638.014	4912
3639.691	4969
3641.364	5031
3643.038	4979
3644.71	4893
3646.384	4939
3648.058	4903
3649.729	4895
3651.402	4919
3653.073	4838
3654.744	4872
3656.414	4877
3658.085	4851
3659.755	4810
3661.424	4882
3663.094	4873
3664.762	4800
3666.431	4881
3668.099	4825
3669.766	4887
3671.433	4900
3673.099	4852
3674.768	4820
3676.433	4811
3678.098	4939
3679.763	4736
3681.428	4739
3683.093	4763
3684.757	4848
3686.421	4805
3688.083	4800
3689.746	4806
3691.408	4761
3693.071	4774
3694.733	4795
3696.394	4722
3698.054	4768
3699.715	4731
3701.375	4695
3703.036	4756
3704.695	4681
3706.354	4842
3708.012	4847
3709.67	4718
3711.329	4668
3712.987	4737
3714.644	4744
3716.299	4789
3717.955	4783
3719.613	4537
3721.268	4784
3722.923	4766
3724.577	4697
3726.231	4699
3727.885	4697
3729.539	4712
3731.192	4729
3732.845	4673
3734.497	4662
3736.149	4618
3737.802	4719
3739.453	4692
3741.104	4637
3742.753	4694
3744.404	4616
3746.052	4569
3747.704	4598
3749.352	4753
3751	4624
3752.648	4683
3754.296	4691
3755.944	4634
3757.59	4568
3759.238	4647
3760.883	4633
3762.528	4559
3764.176	4559
3765.82	4577
3767.464	4539
3769.109	4550
3770.753	4675
3772.396	4580
3774.04	4567
3775.683	4594
3777.325	4563
3778.967	4598
3780.608	4576
3782.25	4588
3783.89	4519
3785.531	4576
3787.17	4424
3788.81	4593
3790.45	4576
3792.09	4534
3793.729	4542
3795.366	4544
3797.003	4482
3798.64	4480
3800.278	4589
3801.915	4582
3803.551	4480
3805.187	4434
3806.822	4491
3808.458	4455
3810.093	4400
3811.726	4545
3813.36	4502
3814.994	4480
3816.627	4474
3818.262	4533
3819.893	4467
3821.525	4469
3823.157	4432
3824.787	4384
3826.42	4470
3828.051	4438
3829.68	4408
3831.31	4513
3832.938	4403
3834.569	4300
3836.198	4449
3837.825	4385
3839.454	4456
3841.08	4369
3842.708	4355
3844.335	4403
3845.962	4315
3847.587	4345
3849.212	4294
3850.838	4374
3852.463	4311
3854.089	4303
3855.712	4289
3857.335	4351
3858.959	4315
3860.582	4405
3862.205	4398
3863.827	4408
3865.449	4305
3867.07	4351
3868.691	4236
3870.312	4307
3871.933	4337
3873.553	4332
3875.173	4327
3876.792	4295
3878.411	4207
3880.03	4283
3881.647	4341
3883.265	4339
3884.882	4312
3886.499	4257
3888.116	4247
3889.732	4279
3891.348	4447
3892.964	4362
3894.579	4238
3896.195	4234
3897.809	4270
3899.423	4269
3901.036	4265
3902.648	4287
3904.261	4313
3905.875	4280
3907.487	4311
3909.099	4317
3910.709	4132
3912.321	4279
3913.933	4133
3915.542	4178
3917.152	4214
3918.762	4207
3920.37	4253
3921.98	4239
3923.589	4264
3925.196	4303
3926.804	4162
3928.41	4257
3930.018	4166
3931.626	4256
3933.231	4217
3934.838	4143
3936.442	4252
3938.046	4268
3939.653	4222
3941.257	4188
3942.861	4227
3944.464	4248
3946.068	4226
3947.67	4214
3949.273	4124
3950.876	4259
3952.477	4086
3954.078	4222
3955.678	4129
3957.281	4082
3958.881	4242
3960.48	4211
3962.079	4083
3963.678	4087
3965.279	4224
3966.877	4108
3968.475	4205
3970.072	4093
3971.669	4043
3973.266	4052
3974.864	4001
3976.459	4012
3978.055	4110
3979.65	4081
3981.245	4134
3982.841	4123
3984.436	4097
3986.03	4042
3987.623	4047
3989.216	4027
3990.809	4036
3992.403	3981
3993.995	4047
3995.586	4103
3997.177	4056
3998.768	3975
4000.361	3994
4001.951	4064
4003.54	4107
4005.13	3992
4006.719	4037
4008.31	4033
4009.897	3971
4011.485	4022
4013.073	4008
4014.66	3994
4016.247	3947
4017.834	3946
4019.421	4013
4021.006	4019
4022.592	3936
4024.178	3907
4025.763	3878
4027.348	3902
4028.932	3963
4030.515	3957
4032.099	3894
4033.682	3772
4035.266	3877
4036.847	3855
4038.429	3923
4040.011	3912
4041.592	3902
4043.173	3839
4044.755	3900
4046.334	3829
4047.913	3831
4049.494	3886
4051.074	3950
4052.652	3801
4054.23	3890
4055.807	3872
4057.385	3869
4058.963	3923
4060.541	3818
4062.117	3832
4063.693	3795
4065.269	3847
4066.844	3839
4068.42	3880
4069.995	3791
4071.569	3800
4073.143	3806
4074.716	3780
4076.291	3786
4077.864	3768
4079.436	3844
4081.009	3808
4082.58	3707
4084.152	3802
4085.723	3677
4087.294	3774
4088.865	3743
4090.435	3797
4092.005	3744
4093.574	3737
4095.143	3701
4096.712	3776
4098.279	3670
4099.848	3749
4101.416	3889
4102.984	3697
4104.55	3746
4106.117	3686
4107.682	3675
4109.248	3633
4110.815	3687
4112.379	3739
4113.945	3632
4115.508	3639
4117.073	3706
4118.637	3670
4120.201	3755
4121.763	3621
4123.325	3691
4124.888	3661
4126.449	3599
4128.013	3566
4129.573	3681
4131.133	3615
4132.694	3673
4134.254	3568
4135.814	3611
4137.374	3643
4138.933	3606
4140.491	3608
4142.049	3682
4143.607	3647
4145.167	3578
4146.724	3615
4148.28	3558
4149.836	3626
4151.392	3513
4152.949	3616
4154.504	3627
4156.059	3620
4157.614	3535
4159.168	3561
4160.723	3597
4162.277	3519
4163.83	3622
4165.383	3548
4166.936	3586
4168.488	3595
4170.041	3563
4171.593	3555
4173.144	3557
4174.695	3505
4176.246	3502
4177.796	3502
4179.346	3537
4180.896	3496
4182.445	3520
4183.994	3493
4185.542	3490
4187.091	3531
4188.639	3530
4190.185	3409
4191.732	3573
4193.279	3520
4194.826	3437
4196.373	3470
4197.918	3446
4199.463	3453
4201.008	3455
4202.553	3482
4204.098	3463
4205.641	3476
4207.185	3367
4208.728	3430
4210.271	3434
4211.814	3396
4213.357	3412
4214.898	3433
4216.439	3411
4217.98	3417
4219.522	3413
4221.062	3449
4222.603	3429
4224.142	3394
4225.681	3407
4227.222	3424
4228.76	3429
4230.298	3414
4231.835	3360
4233.373	3356
4234.911	3373
4236.449	3440
4237.985	3470
4239.521	3372
4241.057	3402
4242.592	3400
4244.128	3384
4245.663	3347
4247.197	3341
4248.731	3434
4250.265	3389
4251.798	3431
4253.333	3379
4254.865	3319
4256.397	3343
4257.93	3408
4259.461	3389
4260.994	3337
4262.525	3341
4264.056	3300
4265.586	3316
4267.115	3349
4268.646	3403
4270.176	3335
4271.705	3360
4273.232	3329
4274.761	3301
4276.289	3280
4277.818	3365
4279.345	3402
4280.872	3328
4282.399	3294
4283.924	3277
4285.452	3283
4286.976	3332
4288.502	3305
4290.026	3288
4291.551	3366
4293.074	3339
4294.6	3263
4296.123	3296
4297.646	3257
4299.168	3307
4300.691	3180
4302.214	3306
4303.736	3298
4305.257	3245
4306.778	3276
4308.299	3246
4309.82	3243
4311.34	3163
4312.86	3355
4314.379	3222
