400.0745	3802
402.597	3839
405.1208	3778
407.6419	3858
410.1623	3841
412.6819	3838
415.201	3880
417.7172	4053
420.2369	3938
422.7538	4003
425.2701	3981
427.7856	4122
430.3005	4062
432.8147	4161
435.3282	4165
437.841	4135
440.3511	4126
442.8625	4126
445.3753	4099
447.8854	4056
450.3927	3965
452.9014	4139
455.4073	4192
457.9146	4153
460.4233	4107
462.9272	4080
465.4325	4139
467.935	4043
470.4389	4092
472.9421	4066
475.4446	4047
477.9444	4060
480.4456	4046
482.944	4108
485.4417	4016
487.9429	4150
490.4393	4127
492.935	4037
495.4321	4095
497.9264	4155
500.4221	4116
502.9171	4200
505.4094	4157
507.9011	4180
510.392	4194
512.8864	4174
515.3759	4115
517.8649	4132
520.3531	4189
522.8406	4174
525.3275	4162
527.8178	4165
530.3033	4164
532.7881	4244
535.2723	4258
537.7558	4214
540.2407	4176
542.7228	4192
545.2043	4269
547.6851	4224
550.1652	4187
552.6467	4149
555.1255	4166
557.6016	4269
560.079	4230
562.5557	4311
565.0318	4309
567.5092	4239
569.984	4170
572.456	4342
574.9294	4381
577.4022	4381
579.8762	4384
582.3456	4477
584.8163	4480
587.2863	4511
589.7557	4437
592.2224	4441
594.6924	4388
597.1578	4385
599.6245	4355
602.0905	4375
604.5538	4447
607.0206	4375
609.4825	4375
611.9459	4374
614.4066	4410
616.8686	4402
619.33	4357
621.7906	4335
624.2487	4305
626.708	4346
629.1647	4350
631.6207	4338
634.0801	4316
636.5348	4308
638.9888	4414
641.4442	4301
643.8969	4423
646.3509	4387
648.8022	4400
651.255	4386
653.705	4365
656.1544	4308
658.6031	4397
661.0532	4413
663.5026	4394
665.9493	4434
668.3954	4504
670.8409	4481
673.2877	4385
675.7318	4487
678.1752	4408
680.618	4519
683.0601	4352
685.5035	4455
687.9444	4426
690.3845	4470
692.824	4473
695.2628	4517
697.701	4489
700.1406	4493
702.5774	4432
705.0116	4518
707.4472	4516
709.8821	4540
712.3183	4499
714.7519	4581
717.1829	4546
719.6151	4699
722.0468	4662
724.4777	4547
726.908	4557
729.3377	4695
731.7667	4568
734.1931	4683
736.6208	4620
739.0498	4654
741.4742	4667
743.9	4799
746.3231	4668
748.7476	4741
751.1713	4699
753.5945	4796
756.015	4799
758.4368	4792
760.856	4710
763.2766	4849
765.6965	4836
768.1157	4802
770.5323	4860
772.9483	4848
775.3656	4755
777.7822	4822
780.1963	4897
782.6116	4824
785.0244	4716
787.4365	4836
789.8499	4792
792.2626	4841
794.6728	4842
797.0823	4862
799.4911	4804
801.8994	4789
804.3109	4773
806.7178	4844
809.124	4902
811.5297	4873
813.9347	4840
816.341	4841
818.7447	4916
821.1478	4861
823.5502	4919
825.952	4841
828.3531	4959
830.7556	4908
833.1554	4910
835.5546	4892
837.9532	4900
840.3511	4887
842.7504	4859
845.1451	5026
847.5411	5016
849.9365	5055
852.3312	5075
854.7272	5055
857.1187	5009
859.5115	4911
861.9037	4946
864.2952	5074
866.6842	4964
869.0764	5084
871.4661	4952
873.8531	4985
876.2415	5047
878.6272	4975
881.0162	4975
883.4026	4964
885.7866	4980
888.1717	4964
890.5543	5039
892.9382	4912
895.3215	4995
897.7041	4989
900.0842	4921
902.4655	5047
904.8443	5023
907.2244	5043
909.6039	5180
911.9808	5074
914.357	5070
916.7346	5102
919.1115	5178
921.4859	5239
923.8616	5164
926.2347	5273
928.6071	5249
930.979	5134
933.3541	5311
935.7247	5277
938.0946	5331
940.4639	5410
942.8326	5426
945.2026	5593
947.5701	5650
949.9369	5824
952.305	6073
954.6705	6183
957.0355	6514
959.4017	6859
961.7654	6916
964.1284	7049
966.4908	6707
968.8527	6433
971.2138	6022
973.5743	5852
975.9343	5578
978.2936	5420
980.6522	5319
983.0122	5257
985.3696	5225
987.7245	5151
990.0807	5144
992.4362	5144
994.7911	5078
997.1474	5077
999.4991	5190
1001.852	5234
1004.205	5259
1006.555	5175
1008.908	5132
1011.258	5229
1013.606	5136
1015.956	5204
1018.302	5157
1020.652	5329
1022.998	5205
1025.345	5313
1027.691	5204
1030.035	5240
1032.378	5269
1034.724	5285
1037.066	5360
1039.409	5279
1041.75	5316
1044.092	5337
1046.433	5358
1048.771	5296
1051.112	5292
1053.449	5312
1055.786	5324
1058.124	5416
1060.462	5392
1062.797	5376
1065.131	5394
1067.467	5388
1069.8	5453
1072.135	5641
1074.467	5421
1076.798	5386
1079.129	5473
1081.459	5279
1083.792	5355
1086.121	5369
1088.449	5395
1090.777	5311
1093.104	5194
1095.431	5344
1097.759	5364
1100.084	5335
1102.408	5340
1104.732	5263
1107.056	5349
1109.379	5300
1111.701	5262
1114.022	5292
1116.343	5258
1118.664	5297
1120.983	5282
1123.303	5264
1125.621	5323
1127.939	5328
1130.256	5267
1132.573	5287
1134.889	5262
1137.205	5367
1139.52	5197
1141.832	5326
1144.146	5219
1146.461	5256
1148.771	5206
1151.083	5242
1153.392	5215
1155.703	5281
1158.011	5259
1160.323	5251
1162.629	5293
1164.938	5248
1167.243	5354
1169.55	5237
1171.857	5197
1174.163	5297
1176.466	5248
1178.769	5343
1181.073	5294
1183.374	5297
1185.677	5319
1187.979	5261
1190.279	5222
1192.578	5206
1194.878	5286
1197.178	5255
1199.476	5317
1201.772	5282
1204.068	5172
1206.366	5368
1208.663	5342
1210.957	5247
1213.251	5169
1215.544	5314
1217.836	5249
1220.128	5223
1222.421	5316
1224.712	5185
1227.002	5318
1229.292	5453
1231.581	5402
1233.871	5431
1236.159	5485
1238.446	5474
1240.732	5478
1243.018	5486
1245.304	5477
1247.59	5479
1249.874	5475
1252.156	5437
1254.439	5465
1256.721	5488
1259.005	5555
1261.286	5506
1263.565	5525
1265.845	5558
1268.125	5500
1270.403	5513
1272.682	5530
1274.959	5523
1277.234	5474
1279.511	5456
1281.787	5480
1284.062	5474
1286.337	5411
1288.609	5541
1290.882	5463
1293.153	5366
1295.428	5400
1297.698	5488
1299.969	5387
1302.237	5330
1304.507	5396
1306.777	5431
1309.044	5399
1311.312	5352
1313.578	5321
1315.844	5311
1318.109	5375
1320.375	5435
1322.638	5474
1324.903	5421
1327.165	5342
1329.427	5352
1331.69	5347
1333.952	5403
1336.212	5470
1338.471	5472
1340.73	5385
1342.988	5359
1345.248	5492
1347.505	5463
1349.763	5430
1352.019	5367
1354.274	5339
1356.53	5441
1358.784	5416
1361.038	5326
1363.291	5513
1365.543	5369
1367.797	5433
1370.048	5460
1372.296	5426
1374.546	5351
1376.796	5438
1379.045	5431
1381.295	5503
1383.542	5368
1385.787	5436
1388.034	5447
1390.28	5510
1392.527	5390
1394.772	5433
1397.014	5512
1399.258	5473
1401.501	5546
1403.741	5440
1405.985	5536
1408.226	5529
1410.465	5371
1412.705	5498
1414.943	5612
1417.184	5595
1419.42	5519
1421.658	5412
1423.894	5542
1426.13	5579
1428.366	5429
1430.602	5440
1432.835	5593
1435.069	5634
1437.301	5620
1439.535	5669
1441.767	5649
1443.997	5649
1446.229	5671
1448.458	5706
1450.687	5691
1452.916	5761
1455.146	5727
1457.372	5735
1459.599	5639
1461.824	5605
1464.051	5711
1466.277	5696
1468.501	5546
1470.725	5606
1472.948	5523
1475.17	5521
1477.393	5548
1479.614	5417
1481.837	5560
1484.057	5427
1486.276	5528
1488.497	5402
1490.715	5425
1492.932	5426
1495.148	5373
1497.364	5532
1499.58	5401
1501.798	5289
1504.012	5344
1506.227	5253
1508.44	5335
1510.653	5301
1512.866	5252
1515.078	5340
1517.289	5336
1519.5	5332
1521.711	5246
1523.92	5412
1526.13	5231
1528.338	5435
1530.544	5307
1532.752	5343
1534.959	5362
1537.165	5347
1539.371	5407
1541.574	5406
1543.779	5334
1545.983	5486
1548.187	5476
1550.39	5341
1552.59	5369
1554.792	5461
1556.991	5390
1559.19	5519
1561.392	5422
1563.59	5350
1565.789	5395
1567.986	5504
1570.182	5433
1572.381	5475
1574.576	5441
1576.771	5414
1578.966	5500
1581.16	5553
1583.354	5524
1585.546	5500
1587.74	5496
1589.931	5477
1592.121	5548
1594.311	5444
1596.502	5513
1598.693	5586
1600.881	5564
1603.069	5409
1605.256	5654
1607.445	5666
1609.631	5619
1611.816	5493
1614.001	5626
1616.186	5598
1618.37	5572
1620.555	5523
1622.737	5599
1624.919	5637
1627.101	5553
1629.282	5670
1631.463	5600
1633.643	5651
1635.822	5640
1638.001	5663
1640.179	5747
1642.359	5696
1644.534	5672
1646.711	5624
1648.887	5650
1651.062	5634
1653.235	5609
1655.412	5672
1657.586	5665
1659.757	5713
1661.93	5694
1664.1	5671
1666.274	5766
1668.445	5732
1670.614	5809
1672.784	5807
1674.951	5689
1677.12	5800
1679.289	5727
1681.457	5578
1683.622	5734
1685.789	5709
1687.953	5748
1690.121	5598
1692.284	5599
1694.447	5590
1696.611	5575
1698.772	5579
1700.935	5607
1703.098	5594
1705.258	5553
1707.417	5538
1709.576	5532
1711.736	5559
1713.896	5502
1716.053	5537
1718.21	5451
1720.366	5498
1722.522	5501
1724.68	5464
1726.835	5444
1728.989	5386
1731.142	5490
1733.295	5464
1735.449	5415
1737.601	5493
1739.753	5439
1741.903	5505
1744.054	5484
1746.203	5449
1748.354	5540
1750.503	5554
1752.651	5482
1754.798	5479
1756.944	5479
1759.092	5431
1761.238	5534
1763.383	5480
1765.528	5503
1767.672	5470
1769.814	5537
1771.959	5567
1774.102	5574
1776.242	5476
1778.384	5495
1780.525	5513
1782.665	5589
1784.805	5505
1786.945	5496
1789.082	5484
1791.22	5522
1793.36	5572
1795.495	5539
1797.632	5537
1799.766	5475
1801.902	5591
1804.035	5441
1806.172	5505
1808.304	5512
1810.436	5509
1812.569	5549
1814.699	5554
1816.833	5566
1818.963	5556
1821.092	5467
1823.222	5473
1825.35	5567
1827.478	5536
1829.608	5464
1831.734	5522
1833.86	5394
1835.986	5524
1838.11	5468
1840.238	5465
1842.362	5469
1844.485	5481
1846.608	5466
1848.73	5435
1850.853	5451
1852.974	5584
1855.097	5506
1857.217	5486
1859.336	5458
1861.455	5455
1863.576	5505
1865.693	5335
1867.811	5420
1869.926	5461
1872.042	5494
1874.16	5416
1876.275	5465
1878.39	5364
1880.504	5445
1882.618	5439
1884.731	5433
1886.843	5479
1888.956	5548
1891.067	5480
1893.178	5471
1895.287	5466
1897.399	5448
1899.508	5515
1901.617	5496
1903.724	5456
1905.832	5482
1907.941	5593
1910.046	5474
1912.152	5515
1914.256	5572
1916.361	5464
1918.464	5471
1920.57	5528
1922.672	5585
1924.775	5517
1926.876	5531
1928.978	5533
1931.08	5532
1933.181	5545
1935.28	5545
1937.38	5494
1939.478	5561
1941.577	5582
1943.675	5551
1945.771	5537
1947.867	5605
1949.964	5557
1952.058	5530
1954.154	5563
1956.248	5543
1958.343	5524
1960.435	5537
1962.527	5425
1964.62	5569
1966.711	5557
1968.802	5478
1970.892	5441
1972.983	5474
1975.072	5499
1977.162	5488
1979.25	5442
1981.337	5446
1983.424	5532
1985.51	5545
1987.598	5462
1989.683	5580
1991.768	5446
1993.852	5536
1995.934	5435
1998.019	5440
2000.102	5508
2002.184	5472
2004.266	5515
2006.347	5451
2008.427	5479
2010.508	5527
2012.587	5422
2014.666	5528
2016.745	5496
2018.821	5463
2020.9	5399
2022.977	5393
2025.052	5445
2027.128	5435
2029.204	5470
2031.277	5470
2033.353	5376
2035.425	5459
2037.499	5471
2039.57	5449
2041.642	5392
2043.714	5494
2045.786	5411
2047.855	5444
2049.925	5469
2051.993	5429
2054.064	5381
2056.132	5520
2058.2	5498
2060.266	5297
2062.332	5371
2064.398	5461
2066.465	5550
2068.529	5474
2070.592	5442
2072.657	5417
2074.719	5493
2076.783	5479
2078.845	5457
2080.907	5480
2082.968	5400
2085.028	5540
2087.087	5475
2089.148	5503
2091.207	5501
2093.264	5535
2095.322	5498
2097.379	5413
2099.439	5304
2101.495	5514
2103.55	5491
2105.605	5534
2107.658	5538
2109.713	5422
2111.767	5460
2113.82	5512
2115.872	5494
2117.924	5499
2119.975	5439
2122.028	5387
2124.078	5473
2126.126	5458
2128.176	5373
2130.225	5471
2132.275	5551
2134.321	5428
2136.368	5399
2138.415	5499
2140.461	5458
2142.505	5324
2144.552	5464
2146.597	5326
2148.64	5337
2150.684	5373
2152.725	5323
2154.77	5432
2156.811	5480
2158.852	5341
2160.894	5431
2162.933	5395
2164.973	5396
2167.013	5305
2169.051	5468
2171.089	5465
2173.126	5365
2175.164	5463
2177.201	5440
2179.236	5337
2181.273	5395
2183.307	5407
2185.341	5353
2187.377	5315
2189.41	5282
2191.442	5350
2193.473	5260
2195.506	5410
2197.539	5243
2199.569	5244
2201.598	5455
2203.628	5246
2205.656	5299
2207.686	5352
2209.716	5288
2211.743	5380
2213.769	5347
2215.796	5334
2217.821	5380
2219.848	5317
2221.873	5352
2223.897	5376
2225.921	5320
2227.944	5263
2229.967	5312
2231.991	5269
2234.011	5168
2236.032	5371
2238.053	5294
2240.073	5261
2242.094	5296
2244.114	5329
2246.131	5287
2248.149	5279
2250.167	5273
2252.186	5286
2254.201	5340
2256.218	5255
2258.233	5302
2260.247	5282
2262.262	5359
2264.278	5334
2266.29	5371
2268.303	5311
2270.315	5275
2272.327	5271
2274.341	5313
2276.35	5250
2278.361	5341
2280.37	5323
2282.38	5336
2284.388	5357
2286.397	5318
2288.405	5320
2290.412	5273
2292.419	5252
2294.425	5365
2296.431	5343
2298.437	5299
2300.441	5329
2302.445	5296
2304.449	5220
2306.453	5226
2308.455	5182
2310.457	5260
2312.459	5306
2314.46	5275
2316.46	5319
2318.461	5261
2320.46	5267
2322.458	5245
2324.458	5200
2326.456	5253
2328.455	5252
2330.451	5278
2332.447	5222
2334.443	5309
2336.438	5377
2338.433	5197
2340.429	5205
2342.422	5078
2344.416	5161
2346.408	5270
2348.399	5177
2350.393	5310
2352.384	5191
2354.375	5104
2356.365	5183
2358.355	5143
2360.344	5169
2362.333	5273
2364.322	5207
2366.309	5140
2368.295	5237
2370.282	5149
2372.27	5067
2374.256	5235
2376.24	5243
2378.225	5160
2380.208	5211
2382.194	5135
2384.177	5051
2386.159	5116
2388.142	5187
2390.122	5085
2392.105	5128
2394.085	5112
2396.066	5211
2398.044	5054
2400.024	5213
2402.002	5175
2403.982	5097
2405.959	4997
2407.935	5135
2409.913	5087
2411.888	5117
2413.865	5066
2415.84	5111
2417.814	5082
2419.788	5049
2421.762	5140
2423.735	5084
2425.708	5042
2427.68	5078
2429.651	5153
2431.623	5154
2433.593	5179
2435.564	5086
2437.533	5205
2439.502	5109
2441.47	5062
2443.438	5063
2445.406	4986
2447.373	5013
2449.34	5072
2451.305	5051
2453.271	5098
2455.235	5091
2457.201	5012
2459.165	5073
2461.129	5064
2463.092	5118
2465.054	5017
2467.018	4963
2468.978	4987
2470.939	4965
2472.899	5109
2474.86	5043
2476.819	5055
2478.778	4918
2480.737	4996
2482.695	4972
2484.653	4991
2486.609	5100
2488.567	4971
2490.524	5047
2492.478	4891
2494.433	5037
2496.387	5102
2498.343	4965
2500.297	5061
2502.249	5008
2504.202	5018
2506.153	4916
2508.105	5028
2510.057	4967
2512.008	5100
2513.957	4967
2515.906	5071
2517.855	4972
2519.805	5049
2521.754	5047
2523.7	4952
2525.647	4937
2527.594	4943
2529.54	4970
2531.486	5065
2533.431	5000
2535.376	5044
2537.32	4972
2539.263	4988
2541.207	4986
2543.151	4971
2545.093	4900
2547.034	4957
2548.975	4956
2550.917	5015
2552.856	5054
2554.796	4993
2556.735	4974
2558.673	5000
2560.611	4933
2562.55	4979
2564.487	4927
2566.424	4962
2568.36	4957
2570.296	4942
2572.232	4966
2574.167	4933
2576.101	4896
2578.035	4935
2579.969	5020
2581.902	4970
2583.834	4949
2585.766	4981
2587.698	5051
2589.628	5032
2591.557	5066
2593.489	4911
2595.419	4954
2597.348	5012
2599.275	4966
2601.204	4979
2603.131	4958
2605.059	4911
2606.986	4999
2608.911	4910
2610.837	4976
2612.76	4965
2614.687	5048
2616.61	4922
2618.534	4854
2620.457	4991
2622.38	4967
2624.302	4950
2626.225	4914
2628.145	5025
2630.067	4957
2631.986	4919
2633.906	4979
2635.827	4930
2637.745	4972
2639.662	4992
2641.581	4976
2643.498	4999
2645.415	5034
2647.331	4960
2649.248	4984
2651.163	4918
2653.077	4965
2654.993	5018
2656.906	4928
2658.821	4981
2660.733	5032
2662.646	5054
2664.557	4998
2666.47	4960
2668.381	4877
2670.291	4929
2672.201	4957
2674.11	4953
2676.021	4960
2677.929	4864
2679.837	5065
2681.745	4859
2683.652	4869
2685.56	4948
2687.466	4839
2689.371	4943
2691.276	4880
2693.181	4872
2695.085	4904
2696.991	4850
2698.893	4969
2700.796	4917
2702.698	4897
2704.601	4906
2706.502	4843
2708.404	4803
2710.304	4961
2712.203	4877
2714.103	4872
2716.003	4911
2717.902	4877
2719.8	4943
2721.697	4913
2723.594	4864
2725.49	4794
2727.389	4848
2729.283	4895
2731.179	4865
2733.073	4845
2734.968	4841
2736.863	4820
2738.757	4887
2740.649	4830
2742.541	4861
2744.433	4825
2746.324	4814
2748.216	4790
2750.107	4793
2751.997	4824
2753.886	4776
2755.776	4806
2757.666	4937
2759.553	4786
2761.44	4725
2763.327	4780
2765.215	4814
2767.102	4826
2768.988	4832
2770.873	4797
2772.757	4735
2774.641	4936
2776.525	4917
2778.41	4777
2780.292	4788
2782.175	4811
2784.057	4710
2785.938	4756
2787.821	4844
2789.701	4737
2791.581	4798
2793.461	4806
2795.34	4699
2797.219	4780
2799.099	4736
2800.975	4643
2802.853	4760
2804.73	4762
2806.606	4814
2808.484	4787
2810.358	4655
2812.233	4808
2814.108	4727
2815.981	4825
2817.857	4773
2819.73	4737
2821.602	4791
2823.474	4799
2825.346	4831
2827.217	4738
2829.089	4782
2830.959	4727
2832.829	4824
2834.698	4806
2836.567	4752
2838.436	4793
2840.305	4754
2842.172	4771
2844.04	4743
2845.905	4851
2847.772	4764
2849.639	4834
2851.503	4907
2853.369	4874
2855.232	4856
2857.096	4883
2858.961	4823
2860.824	4795
2862.686	4903
2864.547	4961
2866.41	4863
2868.272	4996
2870.132	5016
2871.992	4990
2873.851	5120
2875.711	5069
2877.57	5076
2879.429	5082
2881.287	5296
2883.144	5228
2885.001	5303
2886.857	5300
2888.714	5276
2890.57	5267
2892.425	5183
2894.279	5184
2896.133	5204
2897.987	5136
2899.842	5200
2901.694	5146
2903.547	5192
2905.397	5284
2907.249	5229
2909.101	5268
2910.952	5341
2912.802	5296
2914.652	5342
2916.5	5389
2918.35	5410
2920.198	5410
2922.045	5428
2923.893	5603
2925.74	5647
2927.585	5687
2929.433	5793
2931.279	5856
2933.123	5872
2934.968	5819
2936.811	5930
2938.656	5896
2940.5	6010
2942.342	5945
2944.185	6036
2946.026	5924
2947.87	6012
2949.71	5978
2951.549	5939
2953.39	5964
2955.229	5937
2957.069	5901
2958.908	5760
2960.746	5781
2962.584	5641
2964.421	5588
2966.257	5490
2968.094	5429
2969.931	5393
2971.766	5399
2973.601	5505
2975.435	5340
2977.27	5447
2979.105	5374
2980.938	5397
2982.77	5387
2984.602	5317
2986.434	5301
2988.267	5288
2990.097	5245
2991.927	5279
2993.757	5284
2995.587	5074
2997.417	5103
2999.246	5231
3001.074	4994
3002.902	5044
3004.729	4946
3006.556	4856
3008.384	4833
3010.21	4792
3012.036	4805
3013.861	4720
3015.684	4779
3017.51	4712
3019.334	4650
3021.157	4680
3022.981	4635
3024.802	4659
3026.624	4566
3028.448	4629
3030.267	4549
3032.088	4544
3033.909	4501
3035.728	4455
3037.549	4565
3039.368	4553
3041.186	4513
3043.004	4449
3044.821	4559
3046.64	4467
3048.455	4566
3050.272	4434
3052.087	4457
3053.903	4445
3055.717	4492
3057.534	4559
3059.347	4489
3061.16	4461
3062.974	4504
3064.785	4584
3066.598	4488
3068.411	4516
3070.222	4371
3072.032	4438
3073.844	4403
3075.653	4444
3077.463	4512
3079.272	4469
3081.08	4425
3082.889	4384
3084.697	4380
3086.505	4382
3088.312	4347
3090.118	4352
3091.924	4417
3093.729	4444
3095.535	4394
3097.34	4325
3099.144	4352
3100.947	4326
3102.75	4308
3104.553	4273
3106.357	4262
3108.159	4358
3109.961	4327
3111.762	4372
3113.562	4376
3115.365	4144
3117.164	4344
3118.964	4324
3120.761	4256
3122.56	4309
3124.36	4350
3126.158	4251
3127.954	4298
3129.75	4274
3131.547	4236
3133.343	4270
3135.139	4253
3136.934	4305
3138.729	4310
3140.522	4220
3142.317	4260
3144.11	4308
3145.904	4277
3147.695	4245
3149.488	4262
3151.28	4159
3153.07	4230
3154.863	4266
3156.652	4208
3158.441	4171
3160.231	4311
3162.019	4240
3163.81	4223
3165.597	4221
3167.384	4099
3169.172	4141
3170.958	4145
3172.745	4145
3174.532	4209
3176.317	4176
3178.101	4212
3179.885	4191
3181.67	4264
3183.455	4108
3185.238	4112
3187.02	4141
3188.802	4089
3190.585	4244
3192.368	4183
3194.149	4133
3195.929	4215
3197.709	4178
3199.489	4173
3201.268	4204
3203.048	4177
3204.826	4082
3206.604	4096
3208.382	4206
3210.159	4097
3211.937	4182
3213.713	4254
3215.489	4108
3217.263	4241
3219.038	4105
3220.815	4208
3222.589	4173
3224.363	4142
3226.136	4246
3227.908	4205
3229.681	4182
3231.454	4084
3233.226	4148
3234.996	4129
3236.767	4235
3238.538	4148
3240.308	4160
3242.078	4176
3243.847	4058
3245.615	4218
3247.384	4179
3249.15	4158
3250.92	4140
3252.686	4158
3254.453	4125
3256.218	4125
3257.984	4177
3259.75	4163
3261.515	4157
3263.279	4147
3265.044	4097
3266.806	4113
3268.57	4172
3270.334	4187
3272.095	4204
3273.856	4146
3275.619	4146
3277.379	4190
3279.14	4233
3280.9	4137
3282.661	4186
3284.419	4197
3286.178	4204
3287.937	4106
3289.695	4194
3291.453	4242
3293.21	4187
3294.967	4174
3296.723	4155
3298.48	4117
3300.235	4159
3301.99	4203
3303.744	4194
3305.498	4176
3307.253	4174
3309.006	4180
3310.759	4161
3312.511	4187
3314.263	4202
3316.017	4090
3317.768	4208
3319.519	4167
3321.268	4134
3323.018	4239
3324.767	4232
3326.518	4045
3328.267	4167
3330.014	4126
3331.762	4110
3333.509	4121
3335.258	4082
3337.003	4146
3338.75	4096
3340.496	4094
3342.24	4134
3343.987	4165
3345.732	4152
3347.475	4156
3349.219	4057
3350.961	4025
3352.705	4078
3354.448	4071
3356.19	4087
3357.931	4075
3359.672	4022
3361.412	4067
3363.155	4119
3364.894	4179
3366.633	4116
3368.372	4058
3370.11	4127
3371.849	4194
3373.588	4047
3375.325	4093
3377.061	3992
3378.799	4079
3380.534	4032
3382.271	4087
3384.006	4007
3385.741	4048
3387.475	4099
3389.209	4093
3390.944	4092
3392.677	3985
3394.409	4016
3396.143	3982
3397.874	3875
3399.606	4051
3401.338	3965
3403.069	4037
3404.799	4052
3406.528	4017
3408.258	3970
3409.988	3998
3411.717	4010
3413.445	3923
3415.173	4000
3416.899	3993
3418.626	3943
3420.354	4059
3422.08	4033
3423.806	3906
3425.531	3912
3427.255	3948
3428.981	3905
3430.705	3960
3432.429	3945
3434.151	3906
3435.875	3941
3437.599	3854
3439.321	3956
3441.042	3871
3442.763	3917
3444.483	3818
3446.204	3852
3447.926	3871
3449.645	3850
3451.364	3866
3453.082	3808
3454.801	3888
3456.52	3936
3458.238	3845
3459.954	3908
3461.671	3798
3463.387	3871
3465.104	3711
3466.82	3778
3468.534	3831
3470.25	3805
3471.963	3775
3473.676	3720
3475.392	3762
3477.104	3768
3478.817	3766
3480.528	3767
3482.241	3803
3483.954	3785
3485.664	3777
3487.374	3759
3489.084	3879
3490.795	3699
3492.504	3821
3494.214	3842
3495.922	3667
3497.63	3752
3499.338	3797
3501.045	3654
3502.753	3774
3504.459	3846
3506.166	3708
3507.871	3723
3509.576	3669
3511.283	3697
3512.987	3651
3514.691	3748
3516.395	3708
3518.098	3619
3519.8	3592
3521.504	3626
3523.206	3670
3524.908	3706
3526.609	3693
3528.309	3628
3530.011	3650
3531.711	3663
3533.411	3715
3535.109	3558
3536.808	3575
3538.507	3664
3540.206	3609
3541.904	3616
3543.601	3585
3545.297	3672
3546.994	3599
3548.69	3567
3550.387	3562
3552.081	3560
3553.776	3608
3555.47	3587
3557.166	3593
3558.859	3564
3560.553	3598
3562.245	3547
3563.938	3559
3565.629	3562
3567.322	3633
3569.014	3600
3570.704	3568
3572.394	3524
3574.084	3580
3575.775	3499
3577.464	3489
3579.152	3599
3580.842	3483
3582.529	3521
3584.216	3471
3585.905	3492
3587.591	3500
3589.279	3471
3590.964	3581
3592.649	3485
3594.336	3466
3596.021	3439
3597.705	3516
3599.388	3498
3601.072	3459
3602.757	3469
3604.439	3416
3606.122	3387
3607.803	3467
3609.485	3440
3611.167	3418
3612.849	3372
3614.529	3466
3616.208	3360
3617.888	3415
3619.567	3474
3621.247	3366
3622.926	3329
3624.603	3416
3626.281	3338
3627.958	3406
3629.635	3326
3631.312	3334
3632.989	3324
3634.665	3279
3636.339	3349
3638.014	3285
3639.691	3358
3641.364	3257
3643.038	3347
3644.71	3220
3646.384	3339
3648.058	3317
3649.729	3273
3651.402	3263
3653.073	3252
3654.744	3266
3656.414	3326
3658.085	3342
3659.755	3245
3661.424	3251
3663.094	3269
3664.762	3229
3666.431	3252
3668.099	3242
3669.766	3220
3671.433	3229
3673.099	3255
3674.768	3177
3676.433	3211
3678.098	3213
3679.763	3254
3681.428	3211
3683.093	3214
3684.757	3277
3686.421	3193
3688.083	3165
3689.746	3230
3691.408	3255
3693.071	3229
3694.733	3201
3696.394	3302
3698.054	3234
3699.715	3189
3701.375	3267
3703.036	3185
3704.695	3233
3706.354	3184
3708.012	3225
3709.67	3249
3711.329	3098
3712.987	3208
3714.644	3204
3716.299	3153
3717.955	3177
3719.613	3117
3721.268	3203
3722.923	3121
3724.577	3152
3726.231	3178
3727.885	3152
3729.539	3149
3731.192	3177
3732.845	3146
3734.497	3092
3736.149	3195
3737.802	3172
3739.453	3144
3741.104	3175
3742.753	3063
3744.404	3167
3746.052	3128
3747.704	3114
3749.352	3144
3751	3126
3752.648	3065
3754.296	3078
3755.944	3182
3757.59	3123
3759.238	3152
3760.883	3158
3762.528	3162
3764.176	3086
3765.82	3103
3767.464	3088
3769.109	3142
3770.753	3134
3772.396	3092
3774.04	3129
3775.683	3103
3777.325	3055
3778.967	3111
3780.608	3134
3782.25	3020
3783.89	2977
3785.531	3097
3787.17	3005
3788.81	2997
3790.45	3119
3792.09	3066
3793.729	3015
3795.366	3000
3797.003	3005
3798.64	3065
3800.278	3039
3801.915	3000
3803.551	3025
3805.187	2972
3806.822	2978
3808.458	3085
3810.093	2959
3811.726	3048
3813.36	3051
3814.994	3052
3816.627	2953
3818.262	3031
3819.893	3014
3821.525	3009
3823.157	3030
3824.787	3023
3826.42	2973
3828.051	3011
3829.68	2997
3831.31	2963
3832.938	2998
3834.569	2980
3836.198	2908
3837.825	3026
3839.454	3008
3841.08	2996
3842.708	2997
3844.335	3004
3845.962	2887
3847.587	2956
3849.212	3003
3850.838	2978
3852.463	2928
3854.089	2940
3855.712	2978
3857.335	3018
3858.959	2919
3860.582	2883
3862.205	2924
3863.827	2934
3865.449	2968
3867.07	2887
3868.691	2973
3870.312	2930
3871.933	2926
3873.553	2850
3875.173	2993
3876.792	2906
3878.411	2913
3880.03	2874
3881.647	2901
3883.265	2949
3884.882	2903
3886.499	2879
3888.116	2893
3889.732	2855
3891.348	2851
3892.964	2858
3894.579	2922
3896.195	2863
3897.809	2870
3899.423	2932
3901.036	2848
3902.648	2873
3904.261	2959
3905.875	2836
3907.487	2810
3909.099	2851
3910.709	2808
3912.321	2881
3913.933	2904
3915.542	2913
3917.152	2908
3918.762	2923
3920.37	2832
3921.98	2862
3923.589	2836
3925.196	2855
3926.804	2799
3928.41	2872
3930.018	2875
3931.626	2815
3933.231	2792
3934.838	2857
3936.442	2793
3938.046	2823
3939.653	2848
3941.257	2784
3942.861	2824
3944.464	2828
3946.068	2755
3947.67	2803
3949.273	2833
3950.876	2854
3952.477	2815
3954.078	2815
3955.678	2784
3957.281	2810
3958.881	2823
3960.48	2824
3962.079	2838
3963.678	2771
3965.279	2823
3966.877	2798
3968.475	2776
3970.072	2759
3971.669	2786
3973.266	2764
3974.864	2805
3976.459	2737
3978.055	2767
3979.65	2778
3981.245	2749
3982.841	2756
3984.436	2748
3986.03	2683
3987.623	2750
3989.216	2662
3990.809	2732
3992.403	2748
3993.995	2778
3995.586	2665
3997.177	2724
3998.768	2712
4000.361	2742
4001.951	2743
4003.54	2711
4005.13	2661
4006.719	2704
4008.31	2706
4009.897	2704
4011.485	2645
4013.073	2696
4014.66	2644
4016.247	2693
4017.834	2645
4019.421	2694
4021.006	2622
4022.592	2662
4024.178	2619
4025.763	2598
4027.348	2681
4028.932	2672
4030.515	2686
4032.099	2635
4033.682	2631
4035.266	2700
4036.847	2616
4038.429	2633
4040.011	2654
4041.592	2613
4043.173	2597
4044.755	2624
4046.334	2606
4047.913	2664
4049.494	2678
4051.074	2627
4052.652	2642
4054.23	2629
4055.807	2647
4057.385	2677
4058.963	2597
4060.541	2587
4062.117	2553
4063.693	2549
4065.269	2649
4066.844	2586
4068.42	2621
4069.995	2619
4071.569	2592
4073.143	2566
4074.716	2587
4076.291	2609
4077.864	2551
4079.436	2561
4081.009	2562
4082.58	2608
4084.152	2508
4085.723	2555
4087.294	2554
4088.865	2573
4090.435	2623
4092.005	2531
4093.574	2565
4095.143	2568
4096.712	2543
4098.279	2509
4099.848	2541
4101.416	2546
4102.984	2521
4104.55	2545
4106.117	2524
4107.682	2513
4109.248	2511
4110.815	2538
4112.379	2556
4113.945	2479
4115.508	2570
4117.073	2527
4118.637	2497
4120.201	2558
4121.763	2551
4123.325	2529
4124.888	2567
4126.449	2498
4128.013	2521
4129.573	2548
4131.133	2471
4132.694	2514
4134.254	2422
4135.814	2515
4137.374	2418
4138.933	2535
4140.491	2451
4142.049	2501
4143.607	2442
4145.167	2415
4146.724	2438
4148.28	2474
4149.836	2522
4151.392	2410
4152.949	2511
4154.504	2404
4156.059	2449
4157.614	2546
4159.168	2442
4160.723	2394
4162.277	2505
4163.83	2431
4165.383	2415
4166.936	2430
4168.488	2417
4170.041	2431
4171.593	2454
4173.144	2487
4174.695	2386
4176.246	2409
4177.796	2440
4179.346	2439
4180.896	2370
4182.445	2385
4183.994	2362
4185.542	2425
4187.091	2421
4188.639	2378
4190.185	2415
4191.732	2368
4193.279	2414
4194.826	2461
4196.373	2406
4197.918	2399
4199.463	2368
4201.008	2355
4202.553	2367
4204.098	2394
4205.641	2363
4207.185	2463
4208.728	2337
4210.271	2394
4211.814	2347
4213.357	2355
4214.898	2325
4216.439	2390
4217.98	2378
4219.522	2363
4221.062	2388
4222.603	2345
4224.142	2301
4225.681	2312
4227.222	2322
4228.76	2347
4230.298	2300
4231.835	2361
4233.373	2367
4234.911	2380
4236.449	2354
4237.985	2358
4239.521	2305
4241.057	2325
4242.592	2303
4244.128	2275
4245.663	2371
4247.197	2362
4248.731	2407
4250.265	2262
4251.798	2383
4253.333	2373
4254.865	2351
4256.397	2258
4257.93	2283
4259.461	2308
4260.994	2321
4262.525	2303
4264.056	2294
4265.586	2299
4267.115	2299
4268.646	2299
4270.176	2245
4271.705	2218
4273.232	2344
4274.761	2218
4276.289	2296
4277.818	2327
4279.345	2315
4280.872	2281
4282.399	2269
4283.924	2242
4285.452	2287
4286.976	2293
4288.502	2219
4290.026	2304
4291.551	2296
4293.074	2279
4294.6	2251
4296.123	2244
4297.646	2184
4299.168	2234
4300.691	2183
4302.214	2313
4303.736	2247
4305.257	2235
4306.778	2248
4308.299	2283
4309.82	2242
4311.34	2224
4312.86	2269
4314.379	2224
