400.0745	4077
402.597	4008
405.1208	4008
407.6419	4075
410.1623	4047
412.6819	4134
415.201	4227
417.7172	4233
420.2369	4229
422.7538	4297
425.2701	4323
427.7856	4372
430.3005	4345
432.8147	4366
435.3282	4339
437.841	4336
440.3511	4440
442.8625	4249
445.3753	4272
447.8854	4452
450.3927	4474
452.9014	4353
455.4073	4349
457.9146	4403
460.4233	4372
462.9272	4435
465.4325	4220
467.935	4414
470.4389	4321
472.9421	4392
475.4446	4341
477.9444	4336
480.4456	4404
482.944	4250
485.4417	4412
487.9429	4332
490.4393	4340
492.935	4361
495.4321	4388
497.9264	4389
500.4221	4502
502.9171	4481
505.4094	4438
507.9011	4423
510.392	4534
512.8864	4512
515.3759	4480
517.8649	4497
520.3531	4477
522.8406	4583
525.3275	4497
527.8178	4524
530.3033	4467
532.7881	4462
535.2723	4472
537.7558	4465
540.2407	4499
542.7228	4540
545.2043	4579
547.6851	4465
550.1652	4539
552.6467	4642
555.1255	4605
557.6016	4571
560.079	4590
562.5557	4541
565.0318	4676
567.5092	4583
569.984	4604
572.456	4600
574.9294	4758
577.4022	4704
579.8762	4788
582.3456	4741
584.8163	4727
587.2863	4816
589.7557	4732
592.2224	4794
594.6924	4776
597.1578	4646
599.6245	4782
602.0905	4663
604.5538	4731
607.0206	4652
609.4825	4734
611.9459	4691
614.4066	4628
616.8686	4775
619.33	4621
621.7906	4652
624.2487	4651
626.708	4748
629.1647	4632
631.6207	4594
634.0801	4700
636.5348	4758
638.9888	4638
641.4442	4752
643.8969	4669
646.3509	4654
648.8022	4684
651.255	4819
653.705	4672
656.1544	4679
658.6031	4749
661.0532	4645
663.5026	4752
665.9493	4693
668.3954	4803
670.8409	4851
673.2877	4812
675.7318	4833
678.1752	4743
680.618	4858
683.0601	4791
685.5035	4872
687.9444	4863
690.3845	4822
692.824	4857
695.2628	4850
697.701	4827
700.1406	4853
702.5774	4826
705.0116	4909
707.4472	4892
709.8821	4915
712.3183	4870
714.7519	4950
717.1829	4926
719.6151	4922
722.0468	4920
724.4777	5028
726.908	4917
729.3377	5005
731.7667	5003
734.1931	4973
736.6208	5046
739.0498	5036
741.4742	5053
743.9	5086
746.3231	5099
748.7476	5017
751.1713	5139
753.5945	5244
756.015	5131
758.4368	5089
760.856	5088
763.2766	5200
765.6965	5115
768.1157	5190
770.5323	5029
772.9483	5216
775.3656	5077
777.7822	5088
780.1963	5091
782.6116	5145
785.0244	5228
787.4365	5200
789.8499	5265
792.2626	5232
794.6728	5233
797.0823	5138
799.4911	5207
801.8994	5076
804.3109	5190
806.7178	5281
809.124	5180
811.5297	5169
813.9347	5232
816.341	5249
818.7447	5279
821.1478	5233
823.5502	5239
825.952	5307
828.3531	5265
830.7556	5201
833.1554	5216
835.5546	5240
837.9532	5298
840.3511	5238
842.7504	5347
845.1451	5358
847.5411	5357
849.9365	5359
852.3312	5466
854.7272	5385
857.1187	5412
859.5115	5403
861.9037	5285
864.2952	5298
866.6842	5366
869.0764	5365
871.4661	5408
873.8531	5404
876.2415	5394
878.6272	5382
881.0162	5323
883.4026	5303
885.7866	5372
888.1717	5373
890.5543	5337
892.9382	5440
895.3215	5415
897.7041	5365
900.0842	5245
902.4655	5325
904.8443	5371
907.2244	5379
909.6039	5353
911.9808	5412
914.357	5368
916.7346	5514
919.1115	5507
921.4859	5614
923.8616	5617
926.2347	5523
928.6071	5537
930.979	5536
933.3541	5580
935.7247	5721
938.0946	5759
940.4639	5810
942.8326	5870
945.2026	5906
947.5701	6074
949.9369	6124
952.305	6365
954.6705	6707
957.0355	6881
959.4017	7224
961.7654	7295
964.1284	7236
966.4908	7025
968.8527	6744
971.2138	6466
973.5743	6127
975.9343	5992
978.2936	5792
980.6522	5667
983.0122	5607
985.3696	5622
987.7245	5583
990.0807	5536
992.4362	5703
994.7911	5654
997.1474	5468
999.4991	5535
1001.852	5583
1004.205	5529
1006.555	5519
1008.908	5621
1011.258	5529
1013.606	5564
1015.956	5613
1018.302	5577
1020.652	5621
1022.998	5577
1025.345	5573
1027.691	5788
1030.035	5682
1032.378	5641
1034.724	5725
1037.066	5624
1039.409	5629
1041.75	5755
1044.092	5587
1046.433	5731
1048.771	5626
1051.112	5621
1053.449	5721
1055.786	5703
1058.124	5757
1060.462	5652
1062.797	5729
1065.131	5797
1067.467	5830
1069.8	5859
1072.135	5900
1074.467	5915
1076.798	5849
1079.129	5764
1081.459	5801
1083.792	5792
1086.121	5802
1088.449	5750
1090.777	5732
1093.104	5602
1095.431	5733
1097.759	5749
1100.084	5734
1102.408	5749
1104.732	5717
1107.056	5777
1109.379	5673
1111.701	5680
1114.022	5721
1116.343	5737
1118.664	5735
1120.983	5702
1123.303	5615
1125.621	5745
1127.939	5758
1130.256	5732
1132.573	5693
1134.889	5689
1137.205	5704
1139.52	5727
1141.832	5604
1144.146	5762
1146.461	5657
1148.771	5630
1151.083	5652
1153.392	5737
1155.703	5703
1158.011	5714
1160.323	5650
1162.629	5599
1164.938	5589
1167.243	5606
1169.55	5762
1171.857	5679
1174.163	5711
1176.466	5764
1178.769	5670
1181.073	5706
1183.374	5639
1185.677	5788
1187.979	5740
1190.279	5536
1192.578	5630
1194.878	5771
1197.178	5651
1199.476	5715
1201.772	5740
1204.068	5734
1206.366	5631
1208.663	5750
1210.957	5591
1213.251	5732
1215.544	5674
1217.836	5723
1220.128	5722
1222.421	5743
1224.712	5764
1227.002	5801
1229.292	5780
1231.581	5765
1233.871	5895
1236.159	5810
1238.446	5966
1240.732	5882
1243.018	5863
1245.304	5928
1247.59	5895
1249.874	5807
1252.156	5885
1254.439	5888
1256.721	5947
1259.005	5881
1261.286	5791
1263.565	5749
1265.845	5905
1268.125	5873
1270.403	5869
1272.682	5845
1274.959	5890
1277.234	5794
1279.511	5850
1281.787	5948
1284.062	5812
1286.337	5901
1288.609	5926
1290.882	5841
1293.153	5794
1295.428	5781
1297.698	5767
1299.969	5814
1302.237	5947
1304.507	5853
1306.777	5906
1309.044	5702
1311.312	5807
1313.578	5830
1315.844	5832
1318.109	5846
1320.375	5849
1322.638	5749
1324.903	5800
1327.165	5813
1329.427	5824
1331.69	5868
1333.952	5691
1336.212	5767
1338.471	5823
1340.73	5842
1342.988	5845
1345.248	5977
1347.505	5738
1349.763	5730
1352.019	5793
1354.274	5750
1356.53	5847
1358.784	5733
1361.038	5820
1363.291	5761
1365.543	5841
1367.797	5801
1370.048	5777
1372.296	5788
1374.546	5709
1376.796	5809
1379.045	5836
1381.295	5792
1383.542	5824
1385.787	5918
1388.034	5879
1390.28	5849
1392.527	5873
1394.772	5846
1397.014	5841
1399.258	5885
1401.501	5986
1403.741	5950
1405.985	5941
1408.226	6013
1410.465	5779
1412.705	5879
1414.943	5910
1417.184	5822
1419.42	5992
1421.658	5937
1423.894	5984
1426.13	6071
1428.366	5916
1430.602	6036
1432.835	5960
1435.069	6068
1437.301	5915
1439.535	5974
1441.767	6079
1443.997	5870
1446.229	6087
1448.458	5905
1450.687	6184
1452.916	6142
1455.146	6093
1457.372	6027
1459.599	6067
1461.824	6070
1464.051	6134
1466.277	6042
1468.501	5945
1470.725	6038
1472.948	6093
1475.17	5945
1477.393	6006
1479.614	5908
1481.837	5783
1484.057	5915
1486.276	5828
1488.497	5879
1490.715	5821
1492.932	5850
1495.148	5730
1497.364	5842
1499.58	5761
1501.798	5857
1504.012	5781
1506.227	5752
1508.44	5765
1510.653	5731
1512.866	5692
1515.078	5726
1517.289	5778
1519.5	5691
1521.711	5701
1523.92	5816
1526.13	5718
1528.338	5818
1530.544	5774
1532.752	5730
1534.959	5777
1537.165	5712
1539.371	5854
1541.574	5829
1543.779	5726
1545.983	5810
1548.187	5758
1550.39	5794
1552.59	5880
1554.792	5795
1556.991	5941
1559.19	5779
1561.392	5897
1563.59	5927
1565.789	5880
1567.986	5917
1570.182	6030
1572.381	5831
1574.576	6012
1576.771	5912
1578.966	5960
1581.16	5917
1583.354	5907
1585.546	6100
1587.74	5869
1589.931	5903
1592.121	5914
1594.311	5965
1596.502	6012
1598.693	5959
1600.881	5986
1603.069	6010
1605.256	6032
1607.445	5974
1609.631	5963
1611.816	5964
1614.001	5982
1616.186	5974
1618.37	5945
1620.555	5969
1622.737	6014
1624.919	6041
1627.101	5987
1629.282	6017
1631.463	6022
1633.643	6081
1635.822	6014
1638.001	6080
1640.179	6174
1642.359	6106
1644.534	6086
1646.711	6040
1648.887	6078
1651.062	6085
1653.235	6097
1655.412	6058
1657.586	6015
1659.757	6049
1661.93	6126
1664.1	6007
1666.274	5991
1668.445	6168
1670.614	5989
1672.784	6049
1674.951	5993
1677.12	6116
1679.289	6118
1681.457	5963
1683.622	6043
1685.789	6131
1687.953	5978
1690.121	6122
1692.284	6071
1694.447	5993
1696.611	5995
1698.772	5992
1700.935	5997
1703.098	6093
1705.258	6009
1707.417	6046
1709.576	5979
1711.736	5956
1713.896	5895
1716.053	5957
1718.21	5926
1720.366	5899
1722.522	5953
1724.68	5889
1726.835	5831
1728.989	5821
1731.142	5936
1733.295	5922
1735.449	5871
1737.601	6013
1739.753	5982
1741.903	5878
1744.054	6084
1746.203	5904
1748.354	5947
1750.503	5984
1752.651	5984
1754.798	5888
1756.944	5987
1759.092	5860
1761.238	5880
1763.383	5972
1765.528	5926
1767.672	5918
1769.814	5826
1771.959	6109
1774.102	5905
1776.242	6035
1778.384	6020
1780.525	5936
1782.665	6000
1784.805	5953
1786.945	5951
1789.082	5950
1791.22	5885
1793.36	5885
1795.495	6044
1797.632	5996
1799.766	5899
1801.902	5893
1804.035	5915
1806.172	6001
1808.304	5975
1810.436	6056
1812.569	5954
1814.699	6000
1816.833	5956
1818.963	6029
1821.092	5898
1823.222	5967
1825.35	5997
1827.478	6033
1829.608	6065
1831.734	6038
1833.86	5875
1835.986	5925
1838.11	5977
1840.238	5915
1842.362	5909
1844.485	5979
1846.608	6014
1848.73	5911
1850.853	5956
1852.974	5972
1855.097	5882
1857.217	5851
1859.336	6028
1861.455	5921
1863.576	5997
1865.693	5916
1867.811	6024
1869.926	5888
1872.042	5859
1874.16	5866
1876.275	5899
1878.39	5807
1880.504	5905
1882.618	5942
1884.731	5872
1886.843	5948
1888.956	5976
1891.067	5954
1893.178	5979
1895.287	5826
1897.399	5936
1899.508	5889
1901.617	6075
1903.724	6022
1905.832	6022
1907.941	5902
1910.046	6024
1912.152	5969
1914.256	5970
1916.361	5970
1918.464	5921
1920.57	5940
1922.672	5956
1924.775	6026
1926.876	5988
1928.978	6122
1931.08	6085
1933.181	6000
1935.28	6002
1937.38	6031
1939.478	6034
1941.577	6013
1943.675	5925
1945.771	6111
1947.867	5923
1949.964	6007
1952.058	6051
1954.154	5971
1956.248	5941
1958.343	6019
1960.435	5987
1962.527	5957
1964.62	6034
1966.711	6016
1968.802	5913
1970.892	5942
1972.983	6017
1975.072	6016
1977.162	6065
1979.25	5984
1981.337	5969
1983.424	5936
1985.51	5881
1987.598	5887
1989.683	5892
1991.768	5946
1993.852	6060
1995.934	6037
1998.019	6023
2000.102	5895
2002.184	6091
2004.266	5978
2006.347	5992
2008.427	5880
2010.508	5905
2012.587	5969
2014.666	6006
2016.745	5966
2018.821	5937
2020.9	5968
2022.977	6007
2025.052	5822
2027.128	5965
2029.204	5858
2031.277	5998
2033.353	5999
2035.425	5924
2037.499	6046
2039.57	5989
2041.642	5909
2043.714	5952
2045.786	5963
2047.855	5918
2049.925	5968
2051.993	5930
2054.064	5985
2056.132	6064
2058.2	5998
2060.266	5927
2062.332	5947
2064.398	5911
2066.465	5922
2068.529	5859
2070.592	5870
2072.657	5967
2074.719	5854
2076.783	6081
2078.845	5869
2080.907	6000
2082.968	6063
2085.028	5964
2087.087	6037
2089.148	5972
2091.207	5849
2093.264	5848
2095.322	5955
2097.379	5984
2099.439	5951
2101.495	5840
2103.55	5904
2105.605	5882
2107.658	5901
2109.713	5969
2111.767	5864
2113.82	6059
2115.872	5891
2117.924	5977
2119.975	5945
2122.028	5824
2124.078	5925
2126.126	5973
2128.176	5899
2130.225	5866
2132.275	5890
2134.321	5934
2136.368	6041
2138.415	6009
2140.461	5860
2142.505	5881
2144.552	5914
2146.597	5894
2148.64	5862
2150.684	5919
2152.725	5825
2154.77	5856
2156.811	5846
2158.852	5980
2160.894	5875
2162.933	5780
2164.973	5846
2167.013	5845
2169.051	5854
2171.089	5773
2173.126	5840
2175.164	5840
2177.201	5840
2179.236	5812
2181.273	5842
2183.307	5729
2185.341	5781
2187.377	5684
2189.41	5756
2191.442	5829
2193.473	5826
2195.506	5718
2197.539	5768
2199.569	5763
2201.598	5902
2203.628	5752
2205.656	5709
2207.686	5824
2209.716	5730
2211.743	5668
2213.769	5751
2215.796	5740
2217.821	5741
2219.848	5695
2221.873	5721
2223.897	5842
2225.921	5788
2227.944	5805
2229.967	5688
2231.991	5729
2234.011	5783
2236.032	5696
2238.053	5671
2240.073	5687
2242.094	5691
2244.114	5722
2246.131	5678
2248.149	5720
2250.167	5778
2252.186	5843
2254.201	5766
2256.218	5706
2258.233	5772
2260.247	5672
2262.262	5817
2264.278	5747
2266.29	5742
2268.303	5789
2270.315	5700
2272.327	5756
2274.341	5750
2276.35	5871
2278.361	5725
2280.37	5651
2282.38	5663
2284.388	5694
2286.397	5707
2288.405	5727
2290.412	5708
2292.419	5696
2294.425	5624
2296.431	5611
2298.437	5778
2300.441	5652
2302.445	5747
2304.449	5704
2306.453	5725
2308.455	5724
2310.457	5632
2312.459	5679
2314.46	5715
2316.46	5667
2318.461	5591
2320.46	5680
2322.458	5744
2324.458	5740
2326.456	5727
2328.455	5649
2330.451	5713
2332.447	5662
2334.443	5657
2336.438	5551
2338.433	5664
2340.429	5677
2342.422	5728
2344.416	5486
2346.408	5586
2348.399	5509
2350.393	5575
2352.384	5629
2354.375	5672
2356.365	5586
2358.355	5606
2360.344	5571
2362.333	5605
2364.322	5700
2366.309	5606
2368.295	5586
2370.282	5371
2372.27	5567
2374.256	5496
2376.24	5626
2378.225	5543
2380.208	5536
2382.194	5618
2384.177	5586
2386.159	5625
2388.142	5537
2390.122	5474
2392.105	5504
2394.085	5560
2396.066	5491
2398.044	5537
2400.024	5430
2402.002	5521
2403.982	5599
2405.959	5506
2407.935	5553
2409.913	5541
2411.888	5542
2413.865	5522
2415.84	5456
2417.814	5447
2419.788	5483
2421.762	5470
2423.735	5503
2425.708	5575
2427.68	5501
2429.651	5548
2431.623	5549
2433.593	5509
2435.564	5431
2437.533	5456
2439.502	5509
2441.47	5523
2443.438	5522
2445.406	5475
2447.373	5420
2449.34	5504
2451.305	5452
2453.271	5455
2455.235	5518
2457.201	5502
2459.165	5530
2461.129	5477
2463.092	5437
2465.054	5429
2467.018	5520
2468.978	5500
2470.939	5445
2472.899	5399
2474.86	5406
2476.819	5453
2478.778	5451
2480.737	5386
2482.695	5464
2484.653	5503
2486.609	5394
2488.567	5385
2490.524	5512
2492.478	5345
2494.433	5430
2496.387	5442
2498.343	5472
2500.297	5463
2502.249	5367
2504.202	5436
2506.153	5456
2508.105	5482
2510.057	5335
2512.008	5385
2513.957	5440
2515.906	5302
2517.855	5405
2519.805	5358
2521.754	5330
2523.7	5345
2525.647	5375
2527.594	5376
2529.54	5395
2531.486	5352
2533.431	5534
2535.376	5280
2537.32	5330
2539.263	5350
2541.207	5378
2543.151	5344
2545.093	5402
2547.034	5305
2548.975	5274
2550.917	5358
2552.856	5306
2554.796	5397
2556.735	5404
2558.673	5333
2560.611	5439
2562.55	5355
2564.487	5429
2566.424	5426
2568.36	5308
2570.296	5347
2572.232	5342
2574.167	5277
2576.101	5286
2578.035	5398
2579.969	5425
2581.902	5242
2583.834	5365
2585.766	5334
2587.698	5387
2589.628	5465
2591.557	5394
2593.489	5340
2595.419	5333
2597.348	5351
2599.275	5476
2601.204	5369
2603.131	5368
2605.059	5349
2606.986	5283
2608.911	5432
2610.837	5408
2612.76	5445
2614.687	5447
2616.61	5356
2618.534	5368
2620.457	5337
2622.38	5316
2624.302	5409
2626.225	5307
2628.145	5316
2630.067	5441
2631.986	5365
2633.906	5394
2635.827	5304
2637.745	5399
2639.662	5376
2641.581	5287
2643.498	5337
2645.415	5351
2647.331	5456
2649.248	5318
2651.163	5375
2653.077	5325
2654.993	5308
2656.906	5425
2658.821	5369
2660.733	5353
2662.646	5309
2664.557	5318
2666.47	5355
2668.381	5351
2670.291	5343
2672.201	5304
2674.11	5327
2676.021	5373
2677.929	5277
2679.837	5332
2681.745	5334
2683.652	5298
2685.56	5267
2687.466	5273
2689.371	5401
2691.276	5363
2693.181	5320
2695.085	5294
2696.991	5266
2698.893	5304
2700.796	5347
2702.698	5163
2704.601	5274
2706.502	5291
2708.404	5356
2710.304	5302
2712.203	5334
2714.103	5265
2716.003	5238
2717.902	5254
2719.8	5328
2721.697	5243
2723.594	5251
2725.49	5153
2727.389	5295
2729.283	5324
2731.179	5229
2733.073	5204
2734.968	5251
2736.863	5283
2738.757	5151
2740.649	5221
2742.541	5244
2744.433	5210
2746.324	5236
2748.216	5220
2750.107	5106
2751.997	5279
2753.886	5152
2755.776	5246
2757.666	5199
2759.553	5250
2761.44	5154
2763.327	5138
2765.215	5272
2767.102	5222
2768.988	5183
2770.873	5130
2772.757	5227
2774.641	5236
2776.525	5220
2778.41	5108
2780.292	5211
2782.175	5156
2784.057	5204
2785.938	5280
2787.821	5232
2789.701	5171
2791.581	5117
2793.461	5164
2795.34	5040
2797.219	5113
2799.099	5163
2800.975	5214
2802.853	5218
2804.73	5113
2806.606	5214
2808.484	5124
2810.358	5044
2812.233	5126
2814.108	5186
2815.981	5205
2817.857	5188
2819.73	5113
2821.602	5217
2823.474	5054
2825.346	5078
2827.217	5135
2829.089	5253
2830.959	5067
2832.829	5108
2834.698	5029
2836.567	5122
2838.436	5276
2840.305	5100
2842.172	5136
2844.04	5060
2845.905	5215
2847.772	5128
2849.639	5033
2851.503	5132
2853.369	5192
2855.232	5223
2857.096	5199
2858.961	5173
2860.824	5294
2862.686	5207
2864.547	5256
2866.41	5219
2868.272	5270
2870.132	5363
2871.992	5372
2873.851	5377
2875.711	5450
2877.57	5394
2879.429	5459
2881.287	5445
2883.144	5436
2885.001	5490
2886.857	5531
2888.714	5470
2890.57	5472
2892.425	5535
2894.279	5464
2896.133	5419
2897.987	5471
2899.842	5555
2901.694	5492
2903.547	5364
2905.397	5521
2907.249	5440
2909.101	5523
2910.952	5474
2912.802	5494
2914.652	5497
2916.5	5598
2918.35	5627
2920.198	5672
2922.045	5661
2923.893	5724
2925.74	5814
2927.585	5819
2929.433	5920
2931.279	5817
2933.123	5916
2934.968	5911
2936.811	5999
2938.656	6053
2940.5	6052
2942.342	6099
2944.185	6097
2946.026	6136
2947.87	6178
2949.71	6042
2951.549	6114
2953.39	5976
2955.229	5983
2957.069	5946
2958.908	5838
2960.746	5922
2962.584	5845
2964.421	5742
2966.257	5649
2968.094	5746
2969.931	5682
2971.766	5580
2973.601	5548
2975.435	5708
2977.27	5493
2979.105	5560
2980.938	5699
2982.77	5486
2984.602	5612
2986.434	5576
2988.267	5500
2990.097	5509
2991.927	5508
2993.757	5475
2995.587	5388
2997.417	5328
2999.246	5346
3001.074	5315
3002.902	5314
3004.729	5207
3006.556	5153
3008.384	5049
3010.21	5069
3012.036	5112
3013.861	4997
3015.684	5144
3017.51	4867
3019.334	5027
3021.157	4998
3022.981	4978
3024.802	4978
3026.624	4906
3028.448	4889
3030.267	4814
3032.088	4831
3033.909	4765
3035.728	4929
3037.549	4903
3039.368	4753
3041.186	4829
3043.004	4739
3044.821	4898
3046.64	4764
3048.455	4918
3050.272	4746
3052.087	4839
3053.903	4755
3055.717	4762
3057.534	4756
3059.347	4856
3061.16	4811
3062.974	4727
3064.785	4754
3066.598	4732
3068.411	4902
3070.222	4750
3072.032	4801
3073.844	4722
3075.653	4872
3077.463	4813
3079.272	4805
3081.08	4821
3082.889	4787
3084.697	4601
3086.505	4736
3088.312	4662
3090.118	4734
3091.924	4612
3093.729	4612
3095.535	4695
3097.34	4644
3099.144	4632
3100.947	4706
3102.75	4663
3104.553	4629
3106.357	4689
3108.159	4678
3109.961	4761
3111.762	4569
3113.562	4738
3115.365	4641
3117.164	4519
3118.964	4547
3120.761	4678
3122.56	4485
3124.36	4567
3126.158	4529
3127.954	4510
3129.75	4542
3131.547	4645
3133.343	4527
3135.139	4547
3136.934	4562
3138.729	4537
3140.522	4615
3142.317	4502
3144.11	4590
3145.904	4579
3147.695	4574
3149.488	4529
3151.28	4532
3153.07	4515
3154.863	4563
3156.652	4526
3158.441	4632
3160.231	4496
3162.019	4479
3163.81	4554
3165.597	4489
3167.384	4585
3169.172	4499
3170.958	4489
3172.745	4580
3174.532	4425
3176.317	4491
3178.101	4483
3179.885	4503
3181.67	4493
3183.455	4436
3185.238	4476
3187.02	4504
3188.802	4483
3190.585	4579
3192.368	4417
3194.149	4520
3195.929	4576
3197.709	4499
3199.489	4467
3201.268	4501
3203.048	4561
3204.826	4464
3206.604	4423
3208.382	4537
3210.159	4453
3211.937	4537
3213.713	4474
3215.489	4480
3217.263	4492
3219.038	4496
3220.815	4579
3222.589	4450
3224.363	4434
3226.136	4474
3227.908	4429
3229.681	4460
3231.454	4440
3233.226	4378
3234.996	4468
3236.767	4453
3238.538	4375
3240.308	4476
3242.078	4475
3243.847	4386
3245.615	4402
3247.384	4487
3249.15	4562
3250.92	4415
3252.686	4543
3254.453	4390
3256.218	4435
3257.984	4406
3259.75	4416
3261.515	4501
3263.279	4532
3265.044	4432
3266.806	4499
3268.57	4475
3270.334	4457
3272.095	4469
3273.856	4510
3275.619	4429
3277.379	4501
3279.14	4415
3280.9	4408
3282.661	4367
3284.419	4486
3286.178	4432
3287.937	4442
3289.695	4389
3291.453	4450
3293.21	4458
3294.967	4465
3296.723	4444
3298.48	4457
3300.235	4452
3301.99	4479
3303.744	4374
3305.498	4488
3307.253	4526
3309.006	4499
3310.759	4375
3312.511	4440
3314.263	4461
3316.017	4420
3317.768	4470
3319.519	4380
3321.268	4364
3323.018	4477
3324.767	4500
3326.518	4392
3328.267	4372
3330.014	4449
3331.762	4408
3333.509	4343
3335.258	4386
3337.003	4422
3338.75	4380
3340.496	4410
3342.24	4328
3343.987	4417
3345.732	4440
3347.475	4460
3349.219	4341
3350.961	4403
3352.705	4380
3354.448	4470
3356.19	4384
3357.931	4301
3359.672	4296
3361.412	4408
3363.155	4248
3364.894	4350
3366.633	4283
3368.372	4286
3370.11	4358
3371.849	4317
3373.588	4340
3375.325	4315
3377.061	4296
3378.799	4265
3380.534	4291
3382.271	4310
3384.006	4302
3385.741	4263
3387.475	4282
3389.209	4348
3390.944	4293
3392.677	4238
3394.409	4269
3396.143	4271
3397.874	4407
3399.606	4227
3401.338	4198
3403.069	4211
3404.799	4254
3406.528	4256
3408.258	4172
3409.988	4176
3411.717	4283
3413.445	4216
3415.173	4191
3416.899	4235
3418.626	4310
3420.354	4238
3422.08	4166
3423.806	4283
3425.531	4210
3427.255	4211
3428.981	4206
3430.705	4255
3432.429	4209
3434.151	4189
3435.875	4267
3437.599	4127
3439.321	4232
3441.042	4158
3442.763	4196
3444.483	4181
3446.204	4154
3447.926	4131
3449.645	4180
3451.364	4170
3453.082	4130
3454.801	4112
3456.52	4178
3458.238	4051
3459.954	4066
3461.671	4093
3463.387	4064
3465.104	4019
3466.82	4082
3468.534	4078
3470.25	3992
3471.963	4006
3473.676	4027
3475.392	4078
3477.104	4116
3478.817	4071
3480.528	3992
3482.241	4049
3483.954	4007
3485.664	4069
3487.374	4023
3489.084	3989
3490.795	3921
3492.504	3971
3494.214	3891
3495.922	4000
3497.63	3995
3499.338	3989
3501.045	3942
3502.753	3921
3504.459	3956
3506.166	3896
3507.871	3983
3509.576	3983
3511.283	3946
3512.987	3941
3514.691	3939
3516.395	3938
3518.098	4001
3519.8	3887
3521.504	3860
3523.206	3882
3524.908	3873
3526.609	3964
3528.309	3925
3530.011	3862
3531.711	3910
3533.411	3870
3535.109	3833
3536.808	3856
3538.507	3892
3540.206	3832
3541.904	3858
3543.601	3887
3545.297	3844
3546.994	3771
3548.69	3835
3550.387	3856
3552.081	3796
3553.776	3758
3555.47	3803
3557.166	3866
3558.859	3811
3560.553	3892
3562.245	3767
3563.938	3742
3565.629	3811
3567.322	3831
3569.014	3816
3570.704	3784
3572.394	3790
3574.084	3704
3575.775	3840
3577.464	3840
3579.152	3861
3580.842	3749
3582.529	3769
3584.216	3733
3585.905	3728
3587.591	3677
3589.279	3789
3590.964	3756
3592.649	3770
3594.336	3668
3596.021	3714
3597.705	3699
3599.388	3697
3601.072	3704
3602.757	3700
3604.439	3647
3606.122	3711
3607.803	3709
3609.485	3587
3611.167	3672
3612.849	3583
3614.529	3662
3616.208	3679
3617.888	3677
3619.567	3636
3621.247	3723
3622.926	3621
3624.603	3647
3626.281	3622
3627.958	3618
3629.635	3607
3631.312	3598
3632.989	3539
3634.665	3548
3636.339	3554
3638.014	3607
3639.691	3515
3641.364	3596
3643.038	3553
3644.71	3481
3646.384	3527
3648.058	3600
3649.729	3577
3651.402	3577
3653.073	3486
3654.744	3502
3656.414	3490
3658.085	3453
3659.755	3529
3661.424	3533
3663.094	3509
3664.762	3515
3666.431	3510
3668.099	3495
3669.766	3447
3671.433	3441
3673.099	3625
3674.768	3489
3676.433	3440
3678.098	3477
3679.763	3511
3681.428	3357
3683.093	3461
3684.757	3490
3686.421	3382
3688.083	3465
3689.746	3465
3691.408	3559
3693.071	3378
3694.733	3573
3696.394	3455
3698.054	3510
3699.715	3511
3701.375	3470
3703.036	3452
3704.695	3454
3706.354	3411
3708.012	3443
3709.67	3424
3711.329	3460
3712.987	3475
3714.644	3446
3716.299	3483
3717.955	3455
3719.613	3399
3721.268	3490
3722.923	3423
3724.577	3414
3726.231	3391
3727.885	3339
3729.539	3370
3731.192	3421
3732.845	3347
3734.497	3429
3736.149	3351
3737.802	3343
3739.453	3386
3741.104	3395
3742.753	3275
3744.404	3367
3746.052	3384
3747.704	3384
3749.352	3300
3751	3405
3752.648	3383
3754.296	3406
3755.944	3356
3757.59	3348
3759.238	3328
3760.883	3324
3762.528	3313
3764.176	3375
3765.82	3303
3767.464	3276
3769.109	3345
3770.753	3282
3772.396	3276
3774.04	3301
3775.683	3283
3777.325	3268
3778.967	3326
3780.608	3344
3782.25	3356
3783.89	3226
3785.531	3188
3787.17	3311
3788.81	3246
3790.45	3292
3792.09	3302
3793.729	3338
3795.366	3281
3797.003	3227
3798.64	3288
3800.278	3301
3801.915	3302
3803.551	3235
3805.187	3223
3806.822	3194
3808.458	3252
3810.093	3201
3811.726	3219
3813.36	3223
3814.994	3228
3816.627	3230
3818.262	3176
3819.893	3168
3821.525	3185
3823.157	3232
3824.787	3190
3826.42	3201
3828.051	3175
3829.68	3187
3831.31	3164
3832.938	3214
3834.569	3239
3836.198	3236
3837.825	3190
3839.454	3219
3841.08	3182
3842.708	3151
3844.335	3171
3845.962	3226
3847.587	3157
3849.212	3183
3850.838	3209
3852.463	3166
3854.089	3156
3855.712	3151
3857.335	3132
3858.959	3127
3860.582	3099
3862.205	3157
3863.827	3207
3865.449	3165
3867.07	3102
3868.691	3064
3870.312	3027
3871.933	3153
3873.553	3163
3875.173	3102
3876.792	3133
3878.411	3055
3880.03	3129
3881.647	3142
3883.265	3131
3884.882	3104
3886.499	3145
3888.116	3167
3889.732	3115
3891.348	3147
3892.964	3075
3894.579	3028
3896.195	3098
3897.809	3020
3899.423	3094
3901.036	3111
3902.648	3089
3904.261	3016
3905.875	3067
3907.487	3044
3909.099	3045
3910.709	3035
3912.321	3130
3913.933	3066
3915.542	3086
3917.152	3082
3918.762	3018
3920.37	3082
3921.98	3099
3923.589	3106
3925.196	3059
3926.804	3103
3928.41	3041
3930.018	3069
3931.626	2998
3933.231	3108
3934.838	3049
3936.442	3077
3938.046	3039
3939.653	2961
3941.257	2996
3942.861	2985
3944.464	3102
3946.068	3053
3947.67	2992
3949.273	3024
3950.876	3099
3952.477	2998
3954.078	3048
3955.678	2996
3957.281	3022
3958.881	3052
3960.48	2968
3962.079	3009
3963.678	3044
3965.279	2984
3966.877	3057
3968.475	3044
3970.072	2949
3971.669	2904
3973.266	3001
3974.864	3037
3976.459	2958
3978.055	2901
3979.65	2942
3981.245	2887
3982.841	2901
3984.436	2950
3986.03	2927
3987.623	2955
3989.216	2902
3990.809	2978
3992.403	2893
3993.995	2856
3995.586	3043
3997.177	2910
3998.768	2846
4000.361	2887
4001.951	2888
4003.54	2924
4005.13	2850
4006.719	2916
4008.31	2851
4009.897	2832
4011.485	2897
4013.073	2934
4014.66	2831
4016.247	2871
4017.834	2879
4019.421	2851
4021.006	2886
4022.592	2849
4024.178	2883
4025.763	2846
4027.348	2925
4028.932	2899
4030.515	2922
4032.099	2829
4033.682	2847
4035.266	2798
4036.847	2733
4038.429	2871
4040.011	2799
4041.592	2810
4043.173	2807
4044.755	2833
4046.334	2853
4047.913	2806
4049.494	2805
4051.074	2808
4052.652	2825
4054.23	2816
4055.807	2819
4057.385	2792
4058.963	2758
4060.541	2746
4062.117	2730
4063.693	2753
4065.269	2776
4066.844	2782
4068.42	2782
4069.995	2792
4071.569	2733
4073.143	2769
4074.716	2811
4076.291	2788
4077.864	2710
4079.436	2743
4081.009	2816
4082.58	2755
4084.152	2775
4085.723	2731
4087.294	2729
4088.865	2748
4090.435	2741
4092.005	2705
4093.574	2712
4095.143	2742
4096.712	2732
4098.279	2731
4099.848	2784
4101.416	2685
4102.984	2638
4104.55	2742
4106.117	2714
4107.682	2673
4109.248	2706
4110.815	2709
4112.379	2690
4113.945	2687
4115.508	2676
4117.073	2771
4118.637	2749
4120.201	2714
4121.763	2715
4123.325	2694
4124.888	2707
4126.449	2653
4128.013	2717
4129.573	2713
4131.133	2652
4132.694	2702
4134.254	2600
4135.814	2661
4137.374	2659
4138.933	2610
4140.491	2630
4142.049	2706
4143.607	2596
4145.167	2674
4146.724	2665
4148.28	2659
4149.836	2633
4151.392	2630
4152.949	2601
4154.504	2598
4156.059	2663
4157.614	2573
4159.168	2559
4160.723	2631
4162.277	2630
4163.83	2593
4165.383	2612
4166.936	2587
4168.488	2550
4170.041	2524
4171.593	2587
4173.144	2524
4174.695	2601
4176.246	2531
4177.796	2563
4179.346	2530
4180.896	2565
4182.445	2581
4183.994	2507
4185.542	2494
4187.091	2589
4188.639	2539
4190.185	2499
4191.732	2484
4193.279	2622
4194.826	2532
4196.373	2496
4197.918	2532
4199.463	2500
4201.008	2495
4202.553	2465
4204.098	2467
4205.641	2594
4207.185	2556
4208.728	2518
4210.271	2458
4211.814	2517
4213.357	2488
4214.898	2570
4216.439	2486
4217.98	2507
4219.522	2520
4221.062	2480
4222.603	2485
4224.142	2530
4225.681	2518
4227.222	2493
4228.76	2502
4230.298	2515
4231.835	2423
4233.373	2472
4234.911	2450
4236.449	2447
4237.985	2571
4239.521	2500
4241.057	2507
4242.592	2542
4244.128	2499
4245.663	2465
4247.197	2493
4248.731	2435
4250.265	2478
4251.798	2542
4253.333	2474
4254.865	2480
4256.397	2468
4257.93	2438
4259.461	2444
4260.994	2461
4262.525	2419
4264.056	2465
4265.586	2468
4267.115	2436
4268.646	2456
4270.176	2464
4271.705	2446
4273.232	2489
4274.761	2403
4276.289	2429
4277.818	2489
4279.345	2432
4280.872	2467
4282.399	2419
4283.924	2427
4285.452	2455
4286.976	2382
4288.502	2415
4290.026	2384
4291.551	2414
4293.074	2366
4294.6	2408
4296.123	2358
4297.646	2395
4299.168	2429
4300.691	2396
4302.214	2420
4303.736	2392
4305.257	2354
4306.778	2399
4308.299	2378
4309.82	2419
4311.34	2334
4312.86	2369
4314.379	2337
