400.0745	4131
402.597	4131
405.1208	4114
407.6419	4210
410.1623	4252
412.6819	4271
415.201	4247
417.7172	4236
420.2369	4233
422.7538	4299
425.2701	4418
427.7856	4365
430.3005	4413
432.8147	4394
435.3282	4453
437.841	4454
440.3511	4477
442.8625	4392
445.3753	4441
447.8854	4421
450.3927	4487
452.9014	4527
455.4073	4354
457.9146	4373
460.4233	4409
462.9272	4408
465.4325	4484
467.935	4375
470.4389	4375
472.9421	4413
475.4446	4490
477.9444	4504
480.4456	4422
482.944	4502
485.4417	4482
487.9429	4501
490.4393	4444
492.935	4481
495.4321	4588
497.9264	4553
500.4221	4533
502.9171	4502
505.4094	4623
507.9011	4612
510.392	4578
512.8864	4611
515.3759	4599
517.8649	4520
520.3531	4586
522.8406	4588
525.3275	4625
527.8178	4615
530.3033	4571
532.7881	4625
535.2723	4624
537.7558	4608
540.2407	4581
542.7228	4682
545.2043	4601
547.6851	4605
550.1652	4749
552.6467	4612
555.1255	4687
557.6016	4610
560.079	4718
562.5557	4681
565.0318	4744
567.5092	4729
569.984	4777
572.456	4583
574.9294	4775
577.4022	4748
579.8762	4722
582.3456	4806
584.8163	4940
587.2863	4795
589.7557	4774
592.2224	4884
594.6924	4888
597.1578	4828
599.6245	4764
602.0905	4891
604.5538	4809
607.0206	4754
609.4825	4831
611.9459	4790
614.4066	4730
616.8686	4746
619.33	4792
621.7906	4752
624.2487	4821
626.708	4690
629.1647	4729
631.6207	4807
634.0801	4848
636.5348	4760
638.9888	4721
641.4442	4826
643.8969	4748
646.3509	4795
648.8022	4782
651.255	4822
653.705	4837
656.1544	4728
658.6031	4902
661.0532	4870
663.5026	4867
665.9493	4759
668.3954	4860
670.8409	4876
673.2877	4923
675.7318	4869
678.1752	4888
680.618	4841
683.0601	4914
685.5035	4929
687.9444	4919
690.3845	4882
692.824	4974
695.2628	4972
697.701	4978
700.1406	4846
702.5774	4958
705.0116	4970
707.4472	4999
709.8821	4989
712.3183	5083
714.7519	4925
717.1829	5155
719.6151	5012
722.0468	5010
724.4777	5108
726.908	5103
729.3377	5097
731.7667	5064
734.1931	5138
736.6208	5141
739.0498	5108
741.4742	5174
743.9	5166
746.3231	5094
748.7476	5207
751.1713	5297
753.5945	5247
756.015	5208
758.4368	5274
760.856	5229
763.2766	5352
765.6965	5221
768.1157	5356
770.5323	5305
772.9483	5275
775.3656	5346
777.7822	5433
780.1963	5179
782.6116	5367
785.0244	5332
787.4365	5319
789.8499	5414
792.2626	5306
794.6728	5298
797.0823	5355
799.4911	5232
801.8994	5343
804.3109	5288
806.7178	5373
809.124	5264
811.5297	5440
813.9347	5454
816.341	5320
818.7447	5348
821.1478	5404
823.5502	5406
825.952	5457
828.3531	5360
830.7556	5317
833.1554	5401
835.5546	5411
837.9532	5510
840.3511	5355
842.7504	5470
845.1451	5511
847.5411	5620
849.9365	5499
852.3312	5613
854.7272	5454
857.1187	5587
859.5115	5444
861.9037	5467
864.2952	5545
866.6842	5404
869.0764	5457
871.4661	5477
873.8531	5541
876.2415	5464
878.6272	5513
881.0162	5413
883.4026	5395
885.7866	5501
888.1717	5442
890.5543	5435
892.9382	5418
895.3215	5500
897.7041	5522
900.0842	5414
902.4655	5462
904.8443	5496
907.2244	5454
909.6039	5534
911.9808	5518
914.357	5599
916.7346	5637
919.1115	5592
921.4859	5751
923.8616	5732
926.2347	5753
928.6071	5737
930.979	5738
933.3541	5735
935.7247	5778
938.0946	5810
940.4639	5869
942.8326	5942
945.2026	6043
947.5701	6091
949.9369	6176
952.305	6515
954.6705	6520
957.0355	6811
959.4017	7246
961.7654	7311
964.1284	7268
966.4908	6999
968.8527	6798
971.2138	6528
973.5743	6259
975.9343	6035
978.2936	5886
980.6522	5925
983.0122	5686
985.3696	5639
987.7245	5684
990.0807	5682
992.4362	5649
994.7911	5663
997.1474	5698
999.4991	5648
1001.852	5763
1004.205	5778
1006.555	5670
1008.908	5778
1011.258	5652
1013.606	5754
1015.956	5681
1018.302	5736
1020.652	5761
1022.998	5658
1025.345	5708
1027.691	5771
1030.035	5768
1032.378	5729
1034.724	5808
1037.066	5735
1039.409	5813
1041.75	5846
1044.092	5859
1046.433	5936
1048.771	5805
1051.112	5846
1053.449	5817
1055.786	5877
1058.124	5768
1060.462	5814
1062.797	5873
1065.131	5966
1067.467	5872
1069.8	5956
1072.135	5991
1074.467	6055
1076.798	5987
1079.129	5959
1081.459	5987
1083.792	5867
1086.121	5930
1088.449	5774
1090.777	5851
1093.104	5822
1095.431	5894
1097.759	5723
1100.084	5857
1102.408	5834
1104.732	5867
1107.056	5845
1109.379	5829
1111.701	5888
1114.022	5910
1116.343	5809
1118.664	5840
1120.983	5730
1123.303	5809
1125.621	5787
1127.939	5852
1130.256	5838
1132.573	5907
1134.889	5744
1137.205	5750
1139.52	5909
1141.832	5800
1144.146	5952
1146.461	5751
1148.771	5849
1151.083	5846
1153.392	5802
1155.703	5774
1158.011	5775
1160.323	5777
1162.629	5833
1164.938	5740
1167.243	5760
1169.55	5841
1171.857	5831
1174.163	5842
1176.466	5805
1178.769	5775
1181.073	5788
1183.374	5763
1185.677	5834
1187.979	5931
1190.279	5893
1192.578	5805
1194.878	5792
1197.178	5796
1199.476	5871
1201.772	5918
1204.068	5757
1206.366	5913
1208.663	5816
1210.957	5830
1213.251	5898
1215.544	5896
1217.836	5830
1220.128	5836
1222.421	5765
1224.712	5904
1227.002	5900
1229.292	5929
1231.581	6029
1233.871	5967
1236.159	5975
1238.446	6060
1240.732	6045
1243.018	6136
1245.304	5993
1247.59	6053
1249.874	6099
1252.156	6106
1254.439	6068
1256.721	6039
1259.005	6071
1261.286	6031
1263.565	6074
1265.845	6049
1268.125	6071
1270.403	6019
1272.682	6083
1274.959	6007
1277.234	6095
1279.511	6134
1281.787	6139
1284.062	6033
1286.337	6056
1288.609	6009
1290.882	5878
1293.153	6031
1295.428	6067
1297.698	5948
1299.969	6044
1302.237	5902
1304.507	6093
1306.777	5930
1309.044	5989
1311.312	5913
1313.578	5947
1315.844	5952
1318.109	5892
1320.375	5966
1322.638	5927
1324.903	6067
1327.165	5927
1329.427	5938
1331.69	5904
1333.952	5978
1336.212	5927
1338.471	5932
1340.73	6005
1342.988	5949
1345.248	6047
1347.505	5984
1349.763	5977
1352.019	6080
1354.274	5869
1356.53	5978
1358.784	5988
1361.038	5986
1363.291	5909
1365.543	5971
1367.797	5955
1370.048	6064
1372.296	6054
1374.546	5951
1376.796	5970
1379.045	5974
1381.295	6075
1383.542	5949
1385.787	5929
1388.034	5940
1390.28	5924
1392.527	5914
1394.772	6147
1397.014	6052
1399.258	6066
1401.501	6018
1403.741	6035
1405.985	6186
1408.226	6039
1410.465	6109
1412.705	5977
1414.943	6150
1417.184	6195
1419.42	6201
1421.658	6140
1423.894	6040
1426.13	6157
1428.366	6085
1430.602	6067
1432.835	6101
1435.069	6041
1437.301	6183
1439.535	6216
1441.767	6188
1443.997	6159
1446.229	6249
1448.458	6283
1450.687	6371
1452.916	6369
1455.146	6260
1457.372	6322
1459.599	6304
1461.824	6291
1464.051	6122
1466.277	6192
1468.501	6187
1470.725	6251
1472.948	6185
1475.17	6086
1477.393	6132
1479.614	6061
1481.837	6019
1484.057	6102
1486.276	5969
1488.497	6068
1490.715	5944
1492.932	5925
1495.148	5963
1497.364	5860
1499.58	5978
1501.798	6005
1504.012	6077
1506.227	5951
1508.44	5972
1510.653	5924
1512.866	5846
1515.078	6015
1517.289	6006
1519.5	5870
1521.711	5945
1523.92	5959
1526.13	5940
1528.338	5995
1530.544	6013
1532.752	5834
1534.959	5969
1537.165	5942
1539.371	5935
1541.574	5906
1543.779	6036
1545.983	5977
1548.187	5891
1550.39	6088
1552.59	6013
1554.792	6056
1556.991	5956
1559.19	6078
1561.392	5995
1563.59	6009
1565.789	6024
1567.986	6006
1570.182	6061
1572.381	5959
1574.576	5946
1576.771	6260
1578.966	6101
1581.16	6125
1583.354	6075
1585.546	6168
1587.74	6142
1589.931	6090
1592.121	6174
1594.311	5990
1596.502	6099
1598.693	6112
1600.881	6093
1603.069	6160
1605.256	6158
1607.445	6090
1609.631	6211
1611.816	6242
1614.001	6113
1616.186	6259
1618.37	6127
1620.555	6161
1622.737	6115
1624.919	6172
1627.101	6116
1629.282	6219
1631.463	6162
1633.643	6217
1635.822	6266
1638.001	6356
1640.179	6275
1642.359	6219
1644.534	6311
1646.711	6127
1648.887	6234
1651.062	6249
1653.235	6231
1655.412	6387
1657.586	6203
1659.757	6383
1661.93	6243
1664.1	6335
1666.274	6268
1668.445	6181
1670.614	6304
1672.784	6306
1674.951	6380
1677.12	6304
1679.289	6405
1681.457	6374
1683.622	6286
1685.789	6369
1687.953	6237
1690.121	6233
1692.284	6372
1694.447	6290
1696.611	6119
1698.772	6253
1700.935	6245
1703.098	6106
1705.258	6269
1707.417	6231
1709.576	6157
1711.736	6116
1713.896	6050
1716.053	6179
1718.21	6002
1720.366	6109
1722.522	5939
1724.68	6165
1726.835	6122
1728.989	6021
1731.142	6031
1733.295	6099
1735.449	6128
1737.601	6043
1739.753	6175
1741.903	6103
1744.054	6138
1746.203	6031
1748.354	6078
1750.503	6083
1752.651	6124
1754.798	6119
1756.944	6203
1759.092	6120
1761.238	6150
1763.383	6193
1765.528	6176
1767.672	6124
1769.814	6098
1771.959	6144
1774.102	6228
1776.242	6229
1778.384	6157
1780.525	6049
1782.665	6300
1784.805	6182
1786.945	6050
1789.082	6160
1791.22	6189
1793.36	6159
1795.495	6140
1797.632	6142
1799.766	6215
1801.902	6211
1804.035	6209
1806.172	6120
1808.304	6099
1810.436	6155
1812.569	6244
1814.699	6217
1816.833	6095
1818.963	6179
1821.092	6102
1823.222	6205
1825.35	6137
1827.478	6105
1829.608	6128
1831.734	6178
1833.86	6193
1835.986	6105
1838.11	6086
1840.238	6017
1842.362	6151
1844.485	6065
1846.608	6102
1848.73	6045
1850.853	6156
1852.974	6100
1855.097	6131
1857.217	6041
1859.336	6080
1861.455	6053
1863.576	5984
1865.693	6083
1867.811	6087
1869.926	6055
1872.042	6078
1874.16	6091
1876.275	6045
1878.39	6081
1880.504	6088
1882.618	6113
1884.731	6036
1886.843	6074
1888.956	6123
1891.067	6055
1893.178	6155
1895.287	6211
1897.399	6253
1899.508	6062
1901.617	6137
1903.724	6027
1905.832	6134
1907.941	6151
1910.046	6195
1912.152	6135
1914.256	6195
1916.361	6144
1918.464	6069
1920.57	6054
1922.672	6183
1924.775	6179
1926.876	6136
1928.978	6201
1931.08	6295
1933.181	6294
1935.28	6269
1937.38	6173
1939.478	6146
1941.577	6130
1943.675	6236
1945.771	6117
1947.867	6167
1949.964	6211
1952.058	6171
1954.154	6093
1956.248	6076
1958.343	6218
1960.435	6161
1962.527	6149
1964.62	6099
1966.711	6150
1968.802	6121
1970.892	6120
1972.983	6189
1975.072	6172
1977.162	6159
1979.25	6155
1981.337	6146
1983.424	6196
1985.51	6146
1987.598	6060
1989.683	6172
1991.768	6150
1993.852	6084
1995.934	5951
1998.019	6044
2000.102	6040
2002.184	6183
2004.266	6266
2006.347	6053
2008.427	6172
2010.508	6090
2012.587	6227
2014.666	6145
2016.745	6031
2018.821	6070
2020.9	6062
2022.977	6115
2025.052	6140
2027.128	6113
2029.204	6054
2031.277	6036
2033.353	6122
2035.425	6087
2037.499	6107
2039.57	5995
2041.642	6202
2043.714	6058
2045.786	6145
2047.855	6070
2049.925	6045
2051.993	6161
2054.064	6090
2056.132	6057
2058.2	6059
2060.266	6034
2062.332	6122
2064.398	6090
2066.465	6072
2068.529	6223
2070.592	6161
2072.657	6140
2074.719	6006
2076.783	6020
2078.845	6127
2080.907	6098
2082.968	6125
2085.028	6247
2087.087	6211
2089.148	6078
2091.207	6236
2093.264	6107
2095.322	6077
2097.379	6176
2099.439	6126
2101.495	6184
2103.55	6118
2105.605	6101
2107.658	5992
2109.713	6136
2111.767	6061
2113.82	6074
2115.872	6023
2117.924	6149
2119.975	6035
2122.028	6171
2124.078	6088
2126.126	6045
2128.176	6082
2130.225	6110
2132.275	6112
2134.321	6137
2136.368	6129
2138.415	6045
2140.461	6130
2142.505	6098
2144.552	6090
2146.597	6045
2148.64	6088
2150.684	5985
2152.725	6141
2154.77	5998
2156.811	6046
2158.852	5967
2160.894	6027
2162.933	5996
2164.973	6000
2167.013	6053
2169.051	5972
2171.089	6020
2173.126	6131
2175.164	6010
2177.201	5987
2179.236	6002
2181.273	6098
2183.307	6009
2185.341	5982
2187.377	5853
2189.41	5982
2191.442	5942
2193.473	6002
2195.506	5997
2197.539	6028
2199.569	6021
2201.598	5968
2203.628	6056
2205.656	5991
2207.686	5972
2209.716	6036
2211.743	5932
2213.769	5938
2215.796	5902
2217.821	5904
2219.848	5996
2221.873	5912
2223.897	5853
2225.921	6035
2227.944	5948
2229.967	5865
2231.991	5955
2234.011	5857
2236.032	5961
2238.053	5851
2240.073	5947
2242.094	5967
2244.114	5825
2246.131	5930
2248.149	5818
2250.167	5966
2252.186	5956
2254.201	5896
2256.218	5927
2258.233	5926
2260.247	5952
2262.262	5991
2264.278	5900
2266.29	5857
2268.303	5973
2270.315	5864
2272.327	5772
2274.341	5826
2276.35	5939
2278.361	5813
2280.37	5938
2282.38	6006
2284.388	5980
2286.397	5884
2288.405	5918
2290.412	6028
2292.419	5849
2294.425	5873
2296.431	5857
2298.437	5886
2300.441	6035
2302.445	5835
2304.449	5899
2306.453	5917
2308.455	5849
2310.457	5919
2312.459	5919
2314.46	5814
2316.46	5910
2318.461	5866
2320.46	5834
2322.458	5851
2324.458	5829
2326.456	5749
2328.455	5880
2330.451	5875
2332.447	5834
2334.443	5797
2336.438	5829
2338.433	5891
2340.429	5790
2342.422	5904
2344.416	5880
2346.408	5846
2348.399	5624
2350.393	5758
2352.384	5824
2354.375	5827
2356.365	5702
2358.355	5814
2360.344	5738
2362.333	5822
2364.322	5823
2366.309	5708
2368.295	5771
2370.282	5768
2372.27	5782
2374.256	5787
2376.24	5818
2378.225	5697
2380.208	5760
2382.194	5721
2384.177	5698
2386.159	5735
2388.142	5792
2390.122	5751
2392.105	5651
2394.085	5699
2396.066	5732
2398.044	5696
2400.024	5705
2402.002	5708
2403.982	5695
2405.959	5710
2407.935	5621
2409.913	5775
2411.888	5641
2413.865	5700
2415.84	5696
2417.814	5741
2419.788	5662
2421.762	5612
2423.735	5579
2425.708	5597
2427.68	5699
2429.651	5677
2431.623	5760
2433.593	5650
2435.564	5633
2437.533	5724
2439.502	5644
2441.47	5624
2443.438	5748
2445.406	5647
2447.373	5639
2449.34	5735
2451.305	5649
2453.271	5628
2455.235	5513
2457.201	5698
2459.165	5669
2461.129	5743
2463.092	5583
2465.054	5720
2467.018	5671
2468.978	5606
2470.939	5544
2472.899	5576
2474.86	5572
2476.819	5587
2478.778	5578
2480.737	5603
2482.695	5473
2484.653	5631
2486.609	5644
2488.567	5532
2490.524	5605
2492.478	5604
2494.433	5628
2496.387	5654
2498.343	5600
2500.297	5556
2502.249	5501
2504.202	5637
2506.153	5518
2508.105	5540
2510.057	5493
2512.008	5405
2513.957	5642
2515.906	5602
2517.855	5565
2519.805	5485
2521.754	5505
2523.7	5593
2525.647	5601
2527.594	5501
2529.54	5495
2531.486	5450
2533.431	5795
2535.376	5409
2537.32	5504
2539.263	5552
2541.207	5590
2543.151	5595
2545.093	5485
2547.034	5576
2548.975	5619
2550.917	5524
2552.856	5541
2554.796	5531
2556.735	5500
2558.673	5499
2560.611	5444
2562.55	5548
2564.487	5548
2566.424	5534
2568.36	5429
2570.296	5581
2572.232	5528
2574.167	5573
2576.101	5639
2578.035	5482
2579.969	5557
2581.902	5506
2583.834	5594
2585.766	5560
2587.698	5533
2589.628	5468
2591.557	5567
2593.489	5512
2595.419	5538
2597.348	5556
2599.275	5529
2601.204	5621
2603.131	5500
2605.059	5576
2606.986	5541
2608.911	5511
2610.837	5491
2612.76	5599
2614.687	5621
2616.61	5496
2618.534	5603
2620.457	5543
2622.38	5561
2624.302	5564
2626.225	5652
2628.145	5572
2630.067	5523
2631.986	5582
2633.906	5513
2635.827	5593
2637.745	5582
2639.662	5504
2641.581	5540
2643.498	5577
2645.415	5535
2647.331	5520
2649.248	5480
2651.163	5530
2653.077	5474
2654.993	5435
2656.906	5503
2658.821	5621
2660.733	5533
2662.646	5477
2664.557	5521
2666.47	5463
2668.381	5660
2670.291	5519
2672.201	5554
2674.11	5427
2676.021	5511
2677.929	5476
2679.837	5457
2681.745	5506
2683.652	5551
2685.56	5485
2687.466	5542
2689.371	5471
2691.276	5476
2693.181	5476
2695.085	5529
2696.991	5433
2698.893	5491
2700.796	5425
2702.698	5453
2704.601	5457
2706.502	5482
2708.404	5372
2710.304	5496
2712.203	5490
2714.103	5424
2716.003	5497
2717.902	5386
2719.8	5521
2721.697	5487
2723.594	5418
2725.49	5520
2727.389	5435
2729.283	5389
2731.179	5424
2733.073	5500
2734.968	5472
2736.863	5428
2738.757	5389
2740.649	5435
2742.541	5405
2744.433	5399
2746.324	5434
2748.216	5365
2750.107	5296
2751.997	5345
2753.886	5442
2755.776	5348
2757.666	5459
2759.553	5352
2761.44	5441
2763.327	5370
2765.215	5368
2767.102	5408
2768.988	5345
2770.873	5458
2772.757	5391
2774.641	5397
2776.525	5460
2778.41	5350
2780.292	5298
2782.175	5404
2784.057	5394
2785.938	5448
2787.821	5417
2789.701	5328
2791.581	5284
2793.461	5376
2795.34	5291
2797.219	5448
2799.099	5354
2800.975	5281
2802.853	5333
2804.73	5233
2806.606	5293
2808.484	5251
2810.358	5188
2812.233	5246
2814.108	5272
2815.981	5326
2817.857	5314
2819.73	5284
2821.602	5390
2823.474	5369
2825.346	5361
2827.217	5392
2829.089	5321
2830.959	5341
2832.829	5309
2834.698	5401
2836.567	5287
2838.436	5391
2840.305	5243
2842.172	5369
2844.04	5294
2845.905	5363
2847.772	5235
2849.639	5389
2851.503	5390
2853.369	5386
2855.232	5484
2857.096	5377
2858.961	5395
2860.824	5485
2862.686	5493
2864.547	5465
2866.41	5428
2868.272	5439
2870.132	5504
2871.992	5571
2873.851	5580
2875.711	5667
2877.57	5729
2879.429	5850
2881.287	5745
2883.144	5696
2885.001	5839
2886.857	5877
2888.714	5783
2890.57	5795
2892.425	5777
2894.279	5881
2896.133	5777
2897.987	5814
2899.842	5906
2901.694	5665
2903.547	5849
2905.397	5794
2907.249	5815
2909.101	5889
2910.952	5797
2912.802	5973
2914.652	5925
2916.5	5986
2918.35	5951
2920.198	6060
2922.045	6010
2923.893	5988
2925.74	6231
2927.585	6187
2929.433	6247
2931.279	6349
2933.123	6509
2934.968	6264
2936.811	6533
2938.656	6562
2940.5	6522
2942.342	6624
2944.185	6654
2946.026	6630
2947.87	6643
2949.71	6617
2951.549	6507
2953.39	6497
2955.229	6402
2957.069	6422
2958.908	6435
2960.746	6332
2962.584	6316
2964.421	6279
2966.257	6293
2968.094	6027
2969.931	6026
2971.766	6110
2973.601	5996
2975.435	5993
2977.27	5827
2979.105	6022
2980.938	5903
2982.77	5882
2984.602	5834
2986.434	5847
2988.267	5861
2990.097	5692
2991.927	5808
2993.757	5723
2995.587	5778
2997.417	5617
2999.246	5670
3001.074	5581
3002.902	5571
3004.729	5456
3006.556	5436
3008.384	5351
3010.21	5388
3012.036	5339
3013.861	5251
3015.684	5311
3017.51	5163
3019.334	5233
3021.157	5194
3022.981	5246
3024.802	5071
3026.624	5102
3028.448	5051
3030.267	5073
3032.088	5064
3033.909	5111
3035.728	5101
3037.549	5036
3039.368	5092
3041.186	5001
3043.004	5129
3044.821	5096
3046.64	5079
3048.455	4947
3050.272	5046
3052.087	5033
3053.903	4942
3055.717	5026
3057.534	5099
3059.347	4996
3061.16	4983
3062.974	4977
3064.785	5034
3066.598	5064
3068.411	5048
3070.222	5020
3072.032	4915
3073.844	4964
3075.653	4881
3077.463	4911
3079.272	4913
3081.08	5007
3082.889	4907
3084.697	4907
3086.505	4942
3088.312	4947
3090.118	4870
3091.924	4873
3093.729	4777
3095.535	4864
3097.34	4816
3099.144	4873
3100.947	4768
3102.75	4797
3104.553	4859
3106.357	4885
3108.159	4781
3109.961	4746
3111.762	4773
3113.562	4874
3115.365	4862
3117.164	4820
3118.964	4818
3120.761	4792
3122.56	4760
3124.36	4715
3126.158	4710
3127.954	4791
3129.75	4796
3131.547	4784
3133.343	4790
3135.139	4727
3136.934	4798
3138.729	4843
3140.522	4675
3142.317	4732
3144.11	4710
3145.904	4665
3147.695	4846
3149.488	4788
3151.28	4809
3153.07	4780
3154.863	4777
3156.652	4699
3158.441	4754
3160.231	4719
3162.019	4720
3163.81	4715
3165.597	4706
3167.384	4753
3169.172	4691
3170.958	4720
3172.745	4625
3174.532	4623
3176.317	4791
3178.101	4664
3179.885	4694
3181.67	4608
3183.455	4683
3185.238	4653
3187.02	4654
3188.802	4656
3190.585	4649
3192.368	4617
3194.149	4662
3195.929	4717
3197.709	4635
3199.489	4657
3201.268	4650
3203.048	4683
3204.826	4713
3206.604	4615
3208.382	4619
3210.159	4617
3211.937	4589
3213.713	4642
3215.489	4668
3217.263	4631
3219.038	4563
3220.815	4694
3222.589	4685
3224.363	4618
3226.136	4709
3227.908	4593
3229.681	4670
3231.454	4664
3233.226	4592
3234.996	4589
3236.767	4653
3238.538	4540
3240.308	4631
3242.078	4553
3243.847	4581
3245.615	4667
3247.384	4707
3249.15	4619
3250.92	4655
3252.686	4679
3254.453	4653
3256.218	4591
3257.984	4578
3259.75	4758
3261.515	4528
3263.279	4705
3265.044	4629
3266.806	4606
3268.57	4631
3270.334	4596
3272.095	4645
3273.856	4630
3275.619	4571
3277.379	4643
3279.14	4691
3280.9	4589
3282.661	4594
3284.419	4567
3286.178	4696
3287.937	4723
3289.695	4522
3291.453	4687
3293.21	4642
3294.967	4590
3296.723	4679
3298.48	4596
3300.235	4570
3301.99	4645
3303.744	4632
3305.498	4665
3307.253	4523
3309.006	4559
3310.759	4593
3312.511	4616
3314.263	4632
3316.017	4666
3317.768	4545
3319.519	4676
3321.268	4747
3323.018	4601
3324.767	4647
3326.518	4613
3328.267	4599
3330.014	4650
3331.762	4551
3333.509	4528
3335.258	4679
3337.003	4646
3338.75	4538
3340.496	4646
3342.24	4627
3343.987	4589
3345.732	4581
3347.475	4601
3349.219	4601
3350.961	4587
3352.705	4616
3354.448	4595
3356.19	4439
3357.931	4592
3359.672	4554
3361.412	4535
3363.155	4494
3364.894	4690
3366.633	4500
3368.372	4583
3370.11	4610
3371.849	4425
3373.588	4468
3375.325	4452
3377.061	4488
3378.799	4461
3380.534	4583
3382.271	4539
3384.006	4505
3385.741	4435
3387.475	4488
3389.209	4510
3390.944	4420
3392.677	4537
3394.409	4348
3396.143	4465
3397.874	4415
3399.606	4407
3401.338	4525
3403.069	4436
3404.799	4481
3406.528	4386
3408.258	4347
3409.988	4477
3411.717	4405
3413.445	4443
3415.173	4517
3416.899	4370
3418.626	4414
3420.354	4410
3422.08	4382
3423.806	4382
3425.531	4413
3427.255	4459
3428.981	4367
3430.705	4326
3432.429	4355
3434.151	4379
3435.875	4338
3437.599	4356
3439.321	4380
3441.042	4440
3442.763	4333
3444.483	4316
3446.204	4319
3447.926	4300
3449.645	4379
3451.364	4317
3453.082	4275
3454.801	4350
3456.52	4315
3458.238	4251
3459.954	4351
3461.671	4192
3463.387	4240
3465.104	4208
3466.82	4281
3468.534	4142
3470.25	4211
3471.963	4198
3473.676	4188
3475.392	4243
3477.104	4308
3478.817	4207
3480.528	4221
3482.241	4263
3483.954	4115
3485.664	4273
3487.374	4176
3489.084	4181
3490.795	4183
3492.504	4169
3494.214	4088
3495.922	4206
3497.63	4234
3499.338	4083
3501.045	4116
3502.753	4199
3504.459	4179
3506.166	4151
3507.871	4106
3509.576	4086
3511.283	4180
3512.987	4139
3514.691	4057
3516.395	4041
3518.098	4018
3519.8	4070
3521.504	4073
3523.206	4030
3524.908	4035
3526.609	4004
3528.309	4086
3530.011	3993
3531.711	4011
3533.411	3959
3535.109	4076
3536.808	4021
3538.507	4084
3540.206	3987
3541.904	3977
3543.601	4091
3545.297	4011
3546.994	4010
3548.69	4009
3550.387	3952
3552.081	4072
3553.776	3958
3555.47	4042
3557.166	3953
3558.859	3940
3560.553	4032
3562.245	3984
3563.938	3932
3565.629	3935
3567.322	4002
3569.014	3965
3570.704	3968
3572.394	3900
3574.084	3970
3575.775	3933
3577.464	3983
3579.152	3896
3580.842	3937
3582.529	3960
3584.216	3842
3585.905	3861
3587.591	3864
3589.279	3785
3590.964	3857
3592.649	3855
3594.336	3797
3596.021	3843
3597.705	3874
3599.388	3872
3601.072	3831
3602.757	3776
3604.439	3829
3606.122	3849
3607.803	3858
3609.485	3774
3611.167	3840
3612.849	3797
3614.529	3785
3616.208	3888
3617.888	3839
3619.567	3828
3621.247	3749
3622.926	3806
3624.603	3749
3626.281	3753
3627.958	3727
3629.635	3689
3631.312	3824
3632.989	3678
3634.665	3703
3636.339	3762
3638.014	3765
3639.691	3737
3641.364	3663
3643.038	3757
3644.71	3662
3646.384	3660
3648.058	3729
3649.729	3708
3651.402	3675
3653.073	3674
3654.744	3616
3656.414	3677
3658.085	3688
3659.755	3679
3661.424	3652
3663.094	3553
3664.762	3671
3666.431	3705
3668.099	3581
3669.766	3688
3671.433	3649
3673.099	3621
3674.768	3523
3676.433	3726
3678.098	3615
3679.763	3592
3681.428	3579
3683.093	3619
3684.757	3647
3686.421	3526
3688.083	3556
3689.746	3552
3691.408	3658
3693.071	3617
3694.733	3565
3696.394	3615
3698.054	3624
3699.715	3603
3701.375	3505
3703.036	3628
3704.695	3557
3706.354	3572
3708.012	3464
3709.67	3529
3711.329	3606
3712.987	3599
3714.644	3545
3716.299	3492
3717.955	3538
3719.613	3639
3721.268	3556
3722.923	3539
3724.577	3521
3726.231	3551
3727.885	3477
3729.539	3631
3731.192	3561
3732.845	3568
3734.497	3467
3736.149	3578
3737.802	3498
3739.453	3467
3741.104	3547
3742.753	3520
3744.404	3515
3746.052	3427
3747.704	3463
3749.352	3473
3751	3478
3752.648	3427
3754.296	3549
3755.944	3468
3757.59	3491
3759.238	3347
3760.883	3510
3762.528	3410
3764.176	3432
3765.82	3518
3767.464	3372
3769.109	3428
3770.753	3462
3772.396	3434
3774.04	3441
3775.683	3389
3777.325	3419
3778.967	3379
3780.608	3437
3782.25	3373
3783.89	3393
3785.531	3448
3787.17	3445
3788.81	3347
3790.45	3377
3792.09	3396
3793.729	3418
3795.366	3426
3797.003	3376
3798.64	3368
3800.278	3446
3801.915	3378
3803.551	3351
3805.187	3423
3806.822	3384
3808.458	3398
3810.093	3385
3811.726	3343
3813.36	3393
3814.994	3371
3816.627	3354
3818.262	3283
3819.893	3383
3821.525	3321
3823.157	3360
3824.787	3319
3826.42	3320
3828.051	3269
3829.68	3302
3831.31	3300
3832.938	3272
3834.569	3320
3836.198	3240
3837.825	3340
3839.454	3234
3841.08	3278
3842.708	3280
3844.335	3271
3845.962	3366
3847.587	3351
3849.212	3248
3850.838	3281
3852.463	3313
3854.089	3327
3855.712	3203
3857.335	3255
3858.959	3315
3860.582	3306
3862.205	3241
3863.827	3286
3865.449	3288
3867.07	3204
3868.691	3332
3870.312	3301
3871.933	3271
3873.553	3202
3875.173	3278
3876.792	3129
3878.411	3284
3880.03	3201
3881.647	3213
3883.265	3237
3884.882	3160
3886.499	3162
3888.116	3201
3889.732	3132
3891.348	3252
3892.964	3180
3894.579	3190
3896.195	3240
3897.809	3156
3899.423	3185
3901.036	3337
3902.648	3230
3904.261	3223
3905.875	3214
3907.487	3180
3909.099	3175
3910.709	3183
3912.321	3194
3913.933	3182
3915.542	3161
3917.152	3166
3918.762	3213
3920.37	3199
3921.98	3206
3923.589	3122
3925.196	3129
3926.804	3180
3928.41	3150
3930.018	3161
3931.626	3149
3933.231	3143
3934.838	3109
3936.442	3089
3938.046	3180
3939.653	3182
3941.257	3097
3942.861	3214
3944.464	3223
3946.068	3183
3947.67	3100
3949.273	3166
3950.876	3130
3952.477	3079
3954.078	3167
3955.678	3063
3957.281	3124
3958.881	3155
3960.48	3161
3962.079	3090
3963.678	3052
3965.279	3056
3966.877	3120
3968.475	3034
3970.072	3133
3971.669	3076
3973.266	3107
3974.864	3105
3976.459	3015
3978.055	3144
3979.65	3073
3981.245	3139
3982.841	3003
3984.436	3063
3986.03	3077
3987.623	3061
3989.216	3082
3990.809	3011
3992.403	3046
3993.995	3018
3995.586	3029
3997.177	3080
3998.768	3043
4000.361	2994
4001.951	2955
4003.54	2967
4005.13	2998
4006.719	2985
4008.31	2971
4009.897	2933
4011.485	2980
4013.073	2992
4014.66	3013
4016.247	2909
4017.834	2951
4019.421	2957
4021.006	2905
4022.592	2979
4024.178	2981
4025.763	2948
4027.348	2940
4028.932	2930
4030.515	2971
4032.099	2989
4033.682	2981
4035.266	2884
4036.847	2996
4038.429	2908
4040.011	2959
4041.592	2916
4043.173	2929
4044.755	3008
4046.334	2855
4047.913	2886
4049.494	2874
4051.074	2892
4052.652	2884
4054.23	2982
4055.807	2973
4057.385	2840
4058.963	2865
4060.541	2886
4062.117	2927
4063.693	2899
4065.269	2862
4066.844	2916
4068.42	2814
4069.995	2893
4071.569	2889
4073.143	2867
4074.716	2827
4076.291	2854
4077.864	2963
4079.436	2904
4081.009	2843
4082.58	2811
4084.152	2947
4085.723	2876
4087.294	2828
4088.865	2854
4090.435	2855
4092.005	2839
4093.574	2878
4095.143	2865
4096.712	2825
4098.279	2865
4099.848	2836
4101.416	2780
4102.984	2795
4104.55	2835
4106.117	2735
4107.682	2792
4109.248	2866
4110.815	2750
4112.379	2819
4113.945	2810
4115.508	2801
4117.073	2784
4118.637	2775
4120.201	2765
4121.763	2825
4123.325	2767
4124.888	2733
4126.449	2770
4128.013	2773
4129.573	2783
4131.133	2756
4132.694	2764
4134.254	2770
4135.814	2789
4137.374	2736
4138.933	2712
4140.491	2746
4142.049	2751
4143.607	2776
4145.167	2715
4146.724	2751
4148.28	2733
4149.836	2700
4151.392	2689
4152.949	2775
4154.504	2819
4156.059	2741
4157.614	2747
4159.168	2679
4160.723	2729
4162.277	2651
4163.83	2710
4165.383	2666
4166.936	2692
4168.488	2684
4170.041	2666
4171.593	2621
4173.144	2685
4174.695	2734
4176.246	2717
4177.796	2681
4179.346	2691
4180.896	2592
4182.445	2678
4183.994	2696
4185.542	2676
4187.091	2664
4188.639	2601
4190.185	2654
4191.732	2680
4193.279	2609
4194.826	2661
4196.373	2647
4197.918	2702
4199.463	2663
4201.008	2601
4202.553	2573
4204.098	2609
4205.641	2561
4207.185	2616
4208.728	2636
4210.271	2659
4211.814	2656
4213.357	2590
4214.898	2623
4216.439	2622
4217.98	2616
4219.522	2584
4221.062	2565
4222.603	2557
4224.142	2612
4225.681	2590
4227.222	2635
4228.76	2587
4230.298	2605
4231.835	2559
4233.373	2554
4234.911	2549
4236.449	2557
4237.985	2555
4239.521	2574
4241.057	2589
4242.592	2585
4244.128	2550
4245.663	2484
4247.197	2606
4248.731	2569
4250.265	2537
4251.798	2553
4253.333	2623
4254.865	2505
4256.397	2466
4257.93	2537
4259.461	2594
4260.994	2561
4262.525	2635
4264.056	2594
4265.586	2578
4267.115	2518
4268.646	2499
4270.176	2605
4271.705	2569
4273.232	2520
4274.761	2554
4276.289	2585
4277.818	2524
4279.345	2514
4280.872	2503
4282.399	2577
4283.924	2498
4285.452	2559
4286.976	2527
4288.502	2446
4290.026	2565
4291.551	2435
4293.074	2525
4294.6	2488
4296.123	2440
4297.646	2556
4299.168	2493
4300.691	2475
4302.214	2427
4303.736	2464
4305.257	2467
4306.778	2491
4308.299	2456
4309.82	2483
4311.34	2520
4312.86	2477
4314.379	2434
