400.0745	5915
402.597	5858
405.1208	5738
407.6419	6072
410.1623	5917
412.6819	5945
415.201	6039
417.7172	5943
420.2369	6157
422.7538	6275
425.2701	6293
427.7856	6207
430.3005	6283
432.8147	6314
435.3282	6315
437.841	6318
440.3511	6315
442.8625	6292
445.3753	6261
447.8854	6336
450.3927	6245
452.9014	6313
455.4073	6302
457.9146	6343
460.4233	6365
462.9272	6206
465.4325	6413
467.935	6233
470.4389	6325
472.9421	6352
475.4446	6351
477.9444	6411
480.4456	6277
482.944	6478
485.4417	6259
487.9429	6490
490.4393	6401
492.935	6399
495.4321	6466
497.9264	6474
500.4221	6450
502.9171	6434
505.4094	6476
507.9011	6492
510.392	6544
512.8864	6633
515.3759	6467
517.8649	6550
520.3531	6642
522.8406	6582
525.3275	6596
527.8178	6622
530.3033	6549
532.7881	6625
535.2723	6584
537.7558	6732
540.2407	6603
542.7228	6562
545.2043	6673
547.6851	6557
550.1652	6434
552.6467	6605
555.1255	6573
557.6016	6623
560.079	6686
562.5557	6752
565.0318	6672
567.5092	6696
569.984	6679
572.456	6804
574.9294	6679
577.4022	6856
579.8762	6948
582.3456	6898
584.8163	6798
587.2863	6887
589.7557	6919
592.2224	7051
594.6924	6989
597.1578	6964
599.6245	6884
602.0905	6864
604.5538	6800
607.0206	6740
609.4825	6885
611.9459	6829
614.4066	6820
616.8686	6878
619.33	6777
621.7906	6937
624.2487	6813
626.708	6738
629.1647	6783
631.6207	6764
634.0801	6870
636.5348	6726
638.9888	6926
641.4442	6912
643.8969	6822
646.3509	6941
648.8022	6861
651.255	6946
653.705	6759
656.1544	7013
658.6031	6905
661.0532	7017
663.5026	7098
665.9493	6954
668.3954	6862
670.8409	7058
673.2877	7064
675.7318	7037
678.1752	7101
680.618	6979
683.0601	7008
685.5035	7126
687.9444	7022
690.3845	7090
692.824	7153
695.2628	6991
697.701	7095
700.1406	7144
702.5774	7026
705.0116	7065
707.4472	7142
709.8821	7261
712.3183	7137
714.7519	7210
717.1829	7139
719.6151	7292
722.0468	7150
724.4777	7290
726.908	7252
729.3377	7393
731.7667	7339
734.1931	7291
736.6208	7361
739.0498	7376
741.4742	7443
743.9	7534
746.3231	7388
748.7476	7465
751.1713	7494
753.5945	7557
756.015	7622
758.4368	7539
760.856	7640
763.2766	7634
765.6965	7628
768.1157	7566
770.5323	7616
772.9483	7529
775.3656	7605
777.7822	7459
780.1963	7542
782.6116	7656
785.0244	7671
787.4365	7700
789.8499	7572
792.2626	7620
794.6728	7724
797.0823	7649
799.4911	7521
801.8994	7589
804.3109	7687
806.7178	7687
809.124	7685
811.5297	7625
813.9347	7757
816.341	7695
818.7447	7662
821.1478	7695
823.5502	7649
825.952	7767
828.3531	7739
830.7556	7662
833.1554	7766
835.5546	7756
837.9532	7874
840.3511	7767
842.7504	7881
845.1451	7929
847.5411	7788
849.9365	7900
852.3312	7909
854.7272	7934
857.1187	7895
859.5115	7981
861.9037	7900
864.2952	7744
866.6842	7813
869.0764	7795
871.4661	7882
873.8531	7839
876.2415	7896
878.6272	7856
881.0162	7901
883.4026	7868
885.7866	7829
888.1717	7909
890.5543	7829
892.9382	7752
895.3215	7835
897.7041	7939
900.0842	7702
902.4655	7814
904.8443	7782
907.2244	7773
909.6039	7934
911.9808	7919
914.357	7908
916.7346	7996
919.1115	8013
921.4859	8117
923.8616	8222
926.2347	8171
928.6071	8192
930.979	8108
933.3541	8276
935.7247	8246
938.0946	8214
940.4639	8363
942.8326	8316
945.2026	8533
947.5701	8507
949.9369	8747
952.305	9070
954.6705	9297
957.0355	9738
959.4017	10059
961.7654	10159
964.1284	10039
966.4908	9960
968.8527	9578
971.2138	8949
973.5743	8795
975.9343	8495
978.2936	8371
980.6522	8339
983.0122	8141
985.3696	8246
987.7245	8106
990.0807	8058
992.4362	8056
994.7911	7974
997.1474	8121
999.4991	8154
1001.852	8177
1004.205	8153
1006.555	8188
1008.908	8127
1011.258	8197
1013.606	8081
1015.956	8213
1018.302	8090
1020.652	8199
1022.998	8184
1025.345	8136
1027.691	8188
1030.035	8195
1032.378	8264
1034.724	8329
1037.066	8250
1039.409	8251
1041.75	8464
1044.092	8274
1046.433	8349
1048.771	8308
1051.112	8434
1053.449	8473
1055.786	8353
1058.124	8244
1060.462	8275
1062.797	8342
1065.131	8337
1067.467	8438
1069.8	8503
1072.135	8436
1074.467	8596
1076.798	8412
1079.129	8456
1081.459	8312
1083.792	8391
1086.121	8388
1088.449	8388
1090.777	8260
1093.104	8309
1095.431	8338
1097.759	8368
1100.084	8394
1102.408	8389
1104.732	8275
1107.056	8318
1109.379	8301
1111.701	8208
1114.022	8307
1116.343	8245
1118.664	8240
1120.983	8337
1123.303	8309
1125.621	8235
1127.939	8295
1130.256	8339
1132.573	8214
1134.889	8268
1137.205	8324
1139.52	8279
1141.832	8329
1144.146	8356
1146.461	8290
1148.771	8243
1151.083	8282
1153.392	8416
1155.703	8207
1158.011	8268
1160.323	8380
1162.629	8386
1164.938	8403
1167.243	8282
1169.55	8429
1171.857	8343
1174.163	8336
1176.466	8381
1178.769	8311
1181.073	8330
1183.374	8301
1185.677	8386
1187.979	8415
1190.279	8223
1192.578	8361
1194.878	8246
1197.178	8272
1199.476	8417
1201.772	8255
1204.068	8351
1206.366	8316
1208.663	8297
1210.957	8315
1213.251	8349
1215.544	8229
1217.836	8309
1220.128	8349
1222.421	8353
1224.712	8532
1227.002	8417
1229.292	8509
1231.581	8533
1233.871	8363
1236.159	8615
1238.446	8599
1240.732	8484
1243.018	8669
1245.304	8613
1247.59	8588
1249.874	8655
1252.156	8676
1254.439	8669
1256.721	8558
1259.005	8744
1261.286	8727
1263.565	8657
1265.845	8784
1268.125	8665
1270.403	8670
1272.682	8675
1274.959	8703
1277.234	8656
1279.511	8557
1281.787	8660
1284.062	8550
1286.337	8532
1288.609	8619
1290.882	8569
1293.153	8572
1295.428	8543
1297.698	8505
1299.969	8351
1302.237	8394
1304.507	8496
1306.777	8500
1309.044	8476
1311.312	8429
1313.578	8385
1315.844	8607
1318.109	8504
1320.375	8533
1322.638	8478
1324.903	8534
1327.165	8385
1329.427	8409
1331.69	8397
1333.952	8471
1336.212	8406
1338.471	8515
1340.73	8551
1342.988	8485
1345.248	8553
1347.505	8472
1349.763	8556
1352.019	8349
1354.274	8444
1356.53	8437
1358.784	8397
1361.038	8492
1363.291	8541
1365.543	8407
1367.797	8403
1370.048	8486
1372.296	8371
1374.546	8639
1376.796	8599
1379.045	8474
1381.295	8447
1383.542	8498
1385.787	8599
1388.034	8418
1390.28	8437
1392.527	8750
1394.772	8585
1397.014	8597
1399.258	8613
1401.501	8647
1403.741	8547
1405.985	8603
1408.226	8588
1410.465	8599
1412.705	8616
1414.943	8607
1417.184	8653
1419.42	8746
1421.658	8655
1423.894	8638
1426.13	8860
1428.366	8679
1430.602	8719
1432.835	8858
1435.069	8558
1437.301	8736
1439.535	8724
1441.767	8720
1443.997	8800
1446.229	8837
1448.458	8817
1450.687	8808
1452.916	9005
1455.146	8866
1457.372	9054
1459.599	8760
1461.824	8819
1464.051	8786
1466.277	8858
1468.501	8696
1470.725	8831
1472.948	8798
1475.17	8685
1477.393	8654
1479.614	8603
1481.837	8543
1484.057	8639
1486.276	8395
1488.497	8564
1490.715	8512
1492.932	8661
1495.148	8434
1497.364	8503
1499.58	8518
1501.798	8445
1504.012	8426
1506.227	8554
1508.44	8318
1510.653	8435
1512.866	8373
1515.078	8385
1517.289	8565
1519.5	8337
1521.711	8429
1523.92	8462
1526.13	8381
1528.338	8432
1530.544	8448
1532.752	8409
1534.959	8394
1537.165	8420
1539.371	8510
1541.574	8492
1543.779	8410
1545.983	8479
1548.187	8390
1550.39	8587
1552.59	8612
1554.792	8466
1556.991	8526
1559.19	8525
1561.392	8612
1563.59	8722
1565.789	8583
1567.986	8686
1570.182	8611
1572.381	8575
1574.576	8634
1576.771	8529
1578.966	8603
1581.16	8673
1583.354	8688
1585.546	8587
1587.74	8738
1589.931	8663
1592.121	8452
1594.311	8655
1596.502	8647
1598.693	8651
1600.881	8779
1603.069	8639
1605.256	8737
1607.445	8674
1609.631	8729
1611.816	8701
1614.001	8691
1616.186	8749
1618.37	8886
1620.555	8830
1622.737	8732
1624.919	8776
1627.101	8760
1629.282	8824
1631.463	8762
1633.643	8941
1635.822	8824
1638.001	8813
1640.179	8825
1642.359	8825
1644.534	8838
1646.711	8716
1648.887	8793
1651.062	8864
1653.235	8812
1655.412	8779
1657.586	8824
1659.757	8985
1661.93	8717
1664.1	8834
1666.274	9085
1668.445	8889
1670.614	8872
1672.784	8915
1674.951	8886
1677.12	8885
1679.289	8831
1681.457	8888
1683.622	8900
1685.789	8915
1687.953	8929
1690.121	8875
1692.284	8845
1694.447	8723
1696.611	8803
1698.772	8772
1700.935	8620
1703.098	8721
1705.258	8736
1707.417	8725
1709.576	8615
1711.736	8647
1713.896	8636
1716.053	8711
1718.21	8477
1720.366	8619
1722.522	8549
1724.68	8634
1726.835	8581
1728.989	8667
1731.142	8649
1733.295	8509
1735.449	8704
1737.601	8615
1739.753	8672
1741.903	8697
1744.054	8637
1746.203	8641
1748.354	8730
1750.503	8579
1752.651	8680
1754.798	8640
1756.944	8771
1759.092	8646
1761.238	8798
1763.383	8732
1765.528	8815
1767.672	8513
1769.814	8725
1771.959	8757
1774.102	8751
1776.242	8578
1778.384	8745
1780.525	8673
1782.665	8633
1784.805	8799
1786.945	8703
1789.082	8787
1791.22	8817
1793.36	8767
1795.495	8630
1797.632	8729
1799.766	8794
1801.902	8655
1804.035	8694
1806.172	8741
1808.304	8845
1810.436	8679
1812.569	8657
1814.699	8750
1816.833	8673
1818.963	8720
1821.092	8659
1823.222	8670
1825.35	8836
1827.478	8716
1829.608	8701
1831.734	8653
1833.86	8642
1835.986	8615
1838.11	8711
1840.238	8525
1842.362	8719
1844.485	8680
1846.608	8623
1848.73	8581
1850.853	8515
1852.974	8750
1855.097	8647
1857.217	8560
1859.336	8618
1861.455	8585
1863.576	8625
1865.693	8571
1867.811	8597
1869.926	8647
1872.042	8619
1874.16	8594
1876.275	8620
1878.39	8673
1880.504	8521
1882.618	8589
1884.731	8561
1886.843	8589
1888.956	8662
1891.067	8619
1893.178	8702
1895.287	8659
1897.399	8705
1899.508	8608
1901.617	8671
1903.724	8635
1905.832	8713
1907.941	8785
1910.046	8883
1912.152	8636
1914.256	8739
1916.361	8664
1918.464	8690
1920.57	8694
1922.672	8730
1924.775	8847
1926.876	8831
1928.978	8809
1931.08	8772
1933.181	8566
1935.28	8691
1937.38	8673
1939.478	8762
1941.577	8858
1943.675	8571
1945.771	8730
1947.867	8768
1949.964	8672
1952.058	8715
1954.154	8762
1956.248	8796
1958.343	8660
1960.435	8732
1962.527	8732
1964.62	8731
1966.711	8668
1968.802	8685
1970.892	8544
1972.983	8646
1975.072	8731
1977.162	8756
1979.25	8710
1981.337	8771
1983.424	8623
1985.51	8542
1987.598	8585
1989.683	8555
1991.768	8656
1993.852	8547
1995.934	8609
1998.019	8620
2000.102	8640
2002.184	8533
2004.266	8516
2006.347	8626
2008.427	8474
2010.508	8620
2012.587	8657
2014.666	8669
2016.745	8543
2018.821	8620
2020.9	8493
2022.977	8704
2025.052	8630
2027.128	8707
2029.204	8544
2031.277	8632
2033.353	8494
2035.425	8556
2037.499	8579
2039.57	8615
2041.642	8565
2043.714	8725
2045.786	8545
2047.855	8614
2049.925	8627
2051.993	8569
2054.064	8552
2056.132	8613
2058.2	8575
2060.266	8677
2062.332	8671
2064.398	8548
2066.465	8586
2068.529	8653
2070.592	8486
2072.657	8640
2074.719	8705
2076.783	8541
2078.845	8626
2080.907	8625
2082.968	8675
2085.028	8695
2087.087	8717
2089.148	8525
2091.207	8525
2093.264	8666
2095.322	8571
2097.379	8689
2099.439	8644
2101.495	8595
2103.55	8453
2105.605	8471
2107.658	8540
2109.713	8544
2111.767	8603
2113.82	8596
2115.872	8587
2117.924	8614
2119.975	8543
2122.028	8529
2124.078	8624
2126.126	8604
2128.176	8592
2130.225	8608
2132.275	8563
2134.321	8504
2136.368	8461
2138.415	8659
2140.461	8493
2142.505	8445
2144.552	8446
2146.597	8498
2148.64	8437
2150.684	8526
2152.725	8454
2154.77	8496
2156.811	8377
2158.852	8566
2160.894	8545
2162.933	8491
2164.973	8502
2167.013	8501
2169.051	8411
2171.089	8521
2173.126	8497
2175.164	8372
2177.201	8405
2179.236	8507
2181.273	8516
2183.307	8366
2185.341	8405
2187.377	8396
2189.41	8505
2191.442	8433
2193.473	8377
2195.506	8431
2197.539	8341
2199.569	8315
2201.598	8180
2203.628	8458
2205.656	8347
2207.686	8242
2209.716	8431
2211.743	8272
2213.769	8400
2215.796	8297
2217.821	8219
2219.848	8409
2221.873	8389
2223.897	8387
2225.921	8307
2227.944	8282
2229.967	8277
2231.991	8301
2234.011	8276
2236.032	8417
2238.053	8249
2240.073	8325
2242.094	8273
2244.114	8359
2246.131	8236
2248.149	8326
2250.167	8386
2252.186	8414
2254.201	8220
2256.218	8248
2258.233	8303
2260.247	8229
2262.262	8301
2264.278	8307
2266.29	8314
2268.303	8345
2270.315	8211
2272.327	8389
2274.341	8370
2276.35	8315
2278.361	8332
2280.37	8336
2282.38	8179
2284.388	8363
2286.397	8354
2288.405	8326
2290.412	8254
2292.419	8492
2294.425	8236
2296.431	8186
2298.437	8256
2300.441	8243
2302.445	8293
2304.449	8161
2306.453	8286
2308.455	8291
2310.457	8134
2312.459	8225
2314.46	8100
2316.46	8176
2318.461	8216
2320.46	8430
2322.458	8202
2324.458	8177
2326.456	8051
2328.455	8107
2330.451	8188
2332.447	8116
2334.443	8315
2336.438	8147
2338.433	8123
2340.429	8103
2342.422	8140
2344.416	8302
2346.408	8206
2348.399	8123
2350.393	8137
2352.384	8133
2354.375	8010
2356.365	8079
2358.355	8209
2360.344	7965
2362.333	8081
2364.322	8069
2366.309	8085
2368.295	8135
2370.282	8008
2372.27	8078
2374.256	8094
2376.24	8055
2378.225	7963
2380.208	8030
2382.194	8195
2384.177	7926
2386.159	8075
2388.142	7998
2390.122	8082
2392.105	8035
2394.085	7935
2396.066	7973
2398.044	8007
2400.024	7937
2402.002	7994
2403.982	7806
2405.959	7986
2407.935	7946
2409.913	7934
2411.888	8041
2413.865	7991
2415.84	7957
2417.814	7944
2419.788	7978
2421.762	7952
2423.735	7958
2425.708	7962
2427.68	7993
2429.651	7953
2431.623	7914
2433.593	8131
2435.564	7914
2437.533	8075
2439.502	7925
2441.47	7902
2443.438	7808
2445.406	7962
2447.373	7882
2449.34	7880
2451.305	7888
2453.271	7942
2455.235	7858
2457.201	7954
2459.165	7890
2461.129	7812
2463.092	7933
2465.054	7940
2467.018	7883
2468.978	7881
2470.939	7713
2472.899	7833
2474.86	7898
2476.819	7841
2478.778	7863
2480.737	7796
2482.695	7776
2484.653	7819
2486.609	7835
2488.567	7976
2490.524	7861
2492.478	7673
2494.433	7826
2496.387	7790
2498.343	7789
2500.297	7683
2502.249	7750
2504.202	7778
2506.153	7869
2508.105	7870
2510.057	7745
2512.008	7788
2513.957	7751
2515.906	7611
2517.855	7893
2519.805	7762
2521.754	7730
2523.7	7826
2525.647	7789
2527.594	7721
2529.54	7687
2531.486	7710
2533.431	7821
2535.376	7828
2537.32	7621
2539.263	7557
2541.207	7802
2543.151	7757
2545.093	7748
2547.034	7642
2548.975	7692
2550.917	7722
2552.856	7723
2554.796	7731
2556.735	7763
2558.673	7643
2560.611	7630
2562.55	7731
2564.487	7622
2566.424	7712
2568.36	7679
2570.296	7768
2572.232	7771
2574.167	7810
2576.101	7722
2578.035	7642
2579.969	7673
2581.902	7757
2583.834	7726
2585.766	7718
2587.698	7610
2589.628	7779
2591.557	7638
2593.489	7692
2595.419	7635
2597.348	7575
2599.275	7751
2601.204	7618
2603.131	7658
2605.059	7683
2606.986	7716
2608.911	7586
2610.837	7613
2612.76	7682
2614.687	7582
2616.61	7692
2618.534	7697
2620.457	7833
2622.38	7795
2624.302	7745
2626.225	7557
2628.145	7698
2630.067	7678
2631.986	7790
2633.906	7776
2635.827	7601
2637.745	7774
2639.662	7783
2641.581	7709
2643.498	7720
2645.415	7725
2647.331	7675
2649.248	7700
2651.163	7666
2653.077	7713
2654.993	7675
2656.906	7764
2658.821	7642
2660.733	7712
2662.646	7663
2664.557	7682
2666.47	7758
2668.381	7730
2670.291	7747
2672.201	7671
2674.11	7570
2676.021	7780
2677.929	7600
2679.837	7606
2681.745	7639
2683.652	7711
2685.56	7527
2687.466	7713
2689.371	7586
2691.276	7522
2693.181	7559
2695.085	7678
2696.991	7576
2698.893	7530
2700.796	7657
2702.698	7599
2704.601	7600
2706.502	7576
2708.404	7474
2710.304	7576
2712.203	7697
2714.103	7515
2716.003	7708
2717.902	7513
2719.8	7378
2721.697	7499
2723.594	7625
2725.49	7597
2727.389	7499
2729.283	7578
2731.179	7468
2733.073	7483
2734.968	7446
2736.863	7597
2738.757	7410
2740.649	7427
2742.541	7564
2744.433	7531
2746.324	7441
2748.216	7477
2750.107	7442
2751.997	7429
2753.886	7508
2755.776	7357
2757.666	7364
2759.553	7383
2761.44	7428
2763.327	7304
2765.215	7475
2767.102	7514
2768.988	7403
2770.873	7324
2772.757	7396
2774.641	7440
2776.525	7439
2778.41	7511
2780.292	7460
2782.175	7430
2784.057	7389
2785.938	7335
2787.821	7325
2789.701	7455
2791.581	7335
2793.461	7359
2795.34	7329
2797.219	7355
2799.099	7357
2800.975	7309
2802.853	7354
2804.73	7392
2806.606	7351
2808.484	7336
2810.358	7388
2812.233	7383
2814.108	7398
2815.981	7331
2817.857	7328
2819.73	7297
2821.602	7272
2823.474	7188
2825.346	7278
2827.217	7280
2829.089	7290
2830.959	7329
2832.829	7373
2834.698	7249
2836.567	7364
2838.436	7372
2840.305	7318
2842.172	7409
2844.04	7284
2845.905	7249
2847.772	7242
2849.639	7276
2851.503	7271
2853.369	7380
2855.232	7352
2857.096	7163
2858.961	7357
2860.824	7450
2862.686	7396
2864.547	7473
2866.41	7534
2868.272	7463
2870.132	7453
2871.992	7582
2873.851	7543
2875.711	7627
2877.57	7604
2879.429	7747
2881.287	7764
2883.144	7686
2885.001	7909
2886.857	7790
2888.714	7742
2890.57	7776
2892.425	7748
2894.279	7837
2896.133	7807
2897.987	7837
2899.842	7722
2901.694	7766
2903.547	7784
2905.397	7718
2907.249	7795
2909.101	7923
2910.952	7680
2912.802	7924
2914.652	7858
2916.5	7957
2918.35	8005
2920.198	8035
2922.045	8124
2923.893	8237
2925.74	8174
2927.585	8283
2929.433	8388
2931.279	8341
2933.123	8529
2934.968	8309
2936.811	8629
2938.656	8705
2940.5	8757
2942.342	8791
2944.185	8718
2946.026	8809
2947.87	8637
2949.71	8664
2951.549	8512
2953.39	8561
2955.229	8354
2957.069	8488
2958.908	8337
2960.746	8274
2962.584	8261
2964.421	8098
2966.257	8226
2968.094	8066
2969.931	8069
2971.766	8014
2973.601	7829
2975.435	7859
2977.27	7953
2979.105	7901
2980.938	7911
2982.77	7818
2984.602	7848
2986.434	7843
2988.267	7797
2990.097	7743
2991.927	7799
2993.757	7640
2995.587	7678
2997.417	7620
2999.246	7565
3001.074	7546
3002.902	7411
3004.729	7392
3006.556	7320
3008.384	7341
3010.21	7285
3012.036	7223
3013.861	7149
3015.684	7069
3017.51	7072
3019.334	7073
3021.157	7032
3022.981	7047
3024.802	7063
3026.624	6934
3028.448	6908
3030.267	6816
3032.088	6910
3033.909	6850
3035.728	6903
3037.549	6934
3039.368	6862
3041.186	6859
3043.004	6877
3044.821	6886
3046.64	6863
3048.455	6806
3050.272	6685
3052.087	6806
3053.903	6859
3055.717	6782
3057.534	6880
3059.347	6723
3061.16	6872
3062.974	6890
3064.785	6942
3066.598	6658
3068.411	6919
3070.222	6671
3072.032	6757
3073.844	6763
3075.653	6714
3077.463	6643
3079.272	6625
3081.08	6798
3082.889	6652
3084.697	6655
3086.505	6784
3088.312	6716
3090.118	6641
3091.924	6621
3093.729	6710
3095.535	6552
3097.34	6770
3099.144	6573
3100.947	6617
3102.75	6514
3104.553	6531
3106.357	6584
3108.159	6585
3109.961	6522
3111.762	6466
3113.562	6541
3115.365	6432
3117.164	6593
3118.964	6559
3120.761	6555
3122.56	6528
3124.36	6470
3126.158	6544
3127.954	6520
3129.75	6374
3131.547	6453
3133.343	6438
3135.139	6471
3136.934	6419
3138.729	6471
3140.522	6553
3142.317	6403
3144.11	6349
3145.904	6449
3147.695	6388
3149.488	6352
3151.28	6395
3153.07	6395
3154.863	6267
3156.652	6395
3158.441	6448
3160.231	6352
3162.019	6364
3163.81	6339
3165.597	6410
3167.384	6399
3169.172	6408
3170.958	6349
3172.745	6325
3174.532	6407
3176.317	6362
3178.101	6363
3179.885	6380
3181.67	6309
3183.455	6330
3185.238	6369
3187.02	6301
3188.802	6383
3190.585	6432
3192.368	6293
3194.149	6212
3195.929	6329
3197.709	6316
3199.489	6325
3201.268	6253
3203.048	6312
3204.826	6275
3206.604	6259
3208.382	6383
3210.159	6221
3211.937	6270
3213.713	6345
3215.489	6158
3217.263	6241
3219.038	6303
3220.815	6276
3222.589	6269
3224.363	6265
3226.136	6387
3227.908	6335
3229.681	6286
3231.454	6225
3233.226	6291
3234.996	6225
3236.767	6350
3238.538	6319
3240.308	6203
3242.078	6254
3243.847	6199
3245.615	6192
3247.384	6292
3249.15	6236
3250.92	6153
3252.686	6364
3254.453	6211
3256.218	6256
3257.984	6321
3259.75	6183
3261.515	6276
3263.279	6266
3265.044	6179
3266.806	6206
3268.57	6220
3270.334	6220
3272.095	6173
3273.856	6194
3275.619	6149
3277.379	6301
3279.14	6158
3280.9	6298
3282.661	6261
3284.419	6204
3286.178	6238
3287.937	6207
3289.695	6176
3291.453	6284
3293.21	6346
3294.967	6250
3296.723	6270
3298.48	6201
3300.235	6160
3301.99	6276
3303.744	6289
3305.498	6206
3307.253	6302
3309.006	6159
3310.759	6196
3312.511	6308
3314.263	6268
3316.017	6133
3317.768	6274
3319.519	6218
3321.268	6152
3323.018	6216
3324.767	6138
3326.518	6188
3328.267	6241
3330.014	6252
3331.762	6205
3333.509	6153
3335.258	6231
3337.003	6134
3338.75	6199
3340.496	6095
3342.24	6087
3343.987	6190
3345.732	6127
3347.475	6210
3349.219	6182
3350.961	6205
3352.705	6135
3354.448	6178
3356.19	6148
3357.931	6148
3359.672	6112
3361.412	6056
3363.155	6010
3364.894	6154
3366.633	6079
3368.372	6041
3370.11	6094
3371.849	6023
3373.588	6048
3375.325	5966
3377.061	5943
3378.799	6059
3380.534	6071
3382.271	6099
3384.006	5999
3385.741	6026
3387.475	6012
3389.209	5903
3390.944	6006
3392.677	6029
3394.409	5991
3396.143	6004
3397.874	6002
3399.606	5964
3401.338	5949
3403.069	6022
3404.799	6064
3406.528	6015
3408.258	5902
3409.988	5959
3411.717	6031
3413.445	5988
3415.173	5962
3416.899	5929
3418.626	6022
3420.354	5922
3422.08	5874
3423.806	5875
3425.531	6005
3427.255	5971
3428.981	5935
3430.705	5816
3432.429	5748
3434.151	5836
3435.875	5813
3437.599	5877
3439.321	5977
3441.042	5795
3442.763	5735
3444.483	5778
3446.204	5784
3447.926	5842
3449.645	5732
3451.364	5790
3453.082	5782
3454.801	5810
3456.52	5782
3458.238	5654
3459.954	5851
3461.671	5662
3463.387	5643
3465.104	5709
3466.82	5666
3468.534	5646
3470.25	5765
3471.963	5575
3473.676	5703
3475.392	5603
3477.104	5593
3478.817	5655
3480.528	5602
3482.241	5555
3483.954	5536
3485.664	5635
3487.374	5604
3489.084	5672
3490.795	5547
3492.504	5552
3494.214	5593
3495.922	5532
3497.63	5550
3499.338	5504
3501.045	5510
3502.753	5561
3504.459	5455
3506.166	5514
3507.871	5679
3509.576	5565
3511.283	5573
3512.987	5535
3514.691	5460
3516.395	5507
3518.098	5435
3519.8	5473
3521.504	5367
3523.206	5480
3524.908	5453
3526.609	5441
3528.309	5412
3530.011	5459
3531.711	5445
3533.411	5368
3535.109	5422
3536.808	5399
3538.507	5373
3540.206	5343
3541.904	5375
3543.601	5421
3545.297	5284
3546.994	5276
3548.69	5386
3550.387	5232
3552.081	5376
3553.776	5338
3555.47	5314
3557.166	5362
3558.859	5417
3560.553	5284
3562.245	5443
3563.938	5386
3565.629	5288
3567.322	5373
3569.014	5360
3570.704	5386
3572.394	5265
3574.084	5297
3575.775	5272
3577.464	5309
3579.152	5309
3580.842	5173
3582.529	5340
3584.216	5278
3585.905	5338
3587.591	5250
3589.279	5217
3590.964	5226
3592.649	5206
3594.336	5128
3596.021	5282
3597.705	5173
3599.388	5202
3601.072	5120
3602.757	5134
3604.439	5141
3606.122	5129
3607.803	5083
3609.485	5095
3611.167	5056
3612.849	5114
3614.529	5082
3616.208	5069
3617.888	5056
3619.567	5043
3621.247	5002
3622.926	5041
3624.603	5019
3626.281	5123
3627.958	5096
3629.635	5059
3631.312	5034
3632.989	5052
3634.665	4964
3636.339	5046
3638.014	5051
3639.691	4930
3641.364	4839
3643.038	4948
3644.71	4936
3646.384	4967
3648.058	4876
3649.729	4879
3651.402	4864
3653.073	4923
3654.744	4910
3656.414	4997
3658.085	4961
3659.755	4844
3661.424	4923
3663.094	4894
3664.762	4882
3666.431	4816
3668.099	4875
3669.766	4870
3671.433	4875
3673.099	4868
3674.768	4893
3676.433	4786
3678.098	4824
3679.763	4932
3681.428	4769
3683.093	4762
3684.757	4819
3686.421	4757
3688.083	4784
3689.746	4831
3691.408	4866
3693.071	4830
3694.733	4724
3696.394	4727
3698.054	4729
3699.715	4790
3701.375	4812
3703.036	4711
3704.695	4729
3706.354	4853
3708.012	4761
3709.67	4743
3711.329	4741
3712.987	4751
3714.644	4820
3716.299	4830
3717.955	4683
3719.613	4711
3721.268	4768
3722.923	4768
3724.577	4693
3726.231	4712
3727.885	4590
3729.539	4638
3731.192	4693
3732.845	4755
3734.497	4627
3736.149	4725
3737.802	4772
3739.453	4620
3741.104	4658
3742.753	4652
3744.404	4728
3746.052	4714
3747.704	4790
3749.352	4739
3751	4558
3752.648	4709
3754.296	4622
3755.944	4609
3757.59	4592
3759.238	4677
3760.883	4661
3762.528	4599
3764.176	4629
3765.82	4571
3767.464	4606
3769.109	4634
3770.753	4588
3772.396	4621
3774.04	4587
3775.683	4573
3777.325	4506
3778.967	4552
3780.608	4469
3782.25	4555
3783.89	4540
3785.531	4514
3787.17	4564
3788.81	4501
3790.45	4572
3792.09	4483
3793.729	4447
3795.366	4488
3797.003	4551
3798.64	4512
3800.278	4508
3801.915	4484
3803.551	4506
3805.187	4472
3806.822	4551
3808.458	4531
3810.093	4487
3811.726	4447
3813.36	4509
3814.994	4399
3816.627	4377
3818.262	4455
3819.893	4492
3821.525	4447
3823.157	4502
3824.787	4467
3826.42	4497
3828.051	4377
3829.68	4361
3831.31	4461
3832.938	4409
3834.569	4356
3836.198	4399
3837.825	4372
3839.454	4419
3841.08	4405
3842.708	4346
3844.335	4324
3845.962	4358
3847.587	4318
3849.212	4376
3850.838	4374
3852.463	4401
3854.089	4345
3855.712	4378
3857.335	4288
3858.959	4360
3860.582	4404
3862.205	4432
3863.827	4339
3865.449	4320
3867.07	4397
3868.691	4191
3870.312	4313
3871.933	4274
3873.553	4305
3875.173	4313
3876.792	4252
3878.411	4342
3880.03	4287
3881.647	4287
3883.265	4294
3884.882	4370
3886.499	4275
3888.116	4314
3889.732	4271
3891.348	4263
3892.964	4306
3894.579	4236
3896.195	4257
3897.809	4304
3899.423	4335
3901.036	4212
3902.648	4325
3904.261	4262
3905.875	4189
3907.487	4154
3909.099	4294
3910.709	4289
3912.321	4274
3913.933	4193
3915.542	4206
3917.152	4355
3918.762	4218
3920.37	4241
3921.98	4227
3923.589	4231
3925.196	4220
3926.804	4161
3928.41	4179
3930.018	4154
3931.626	4209
3933.231	4210
3934.838	4162
3936.442	4139
3938.046	4263
3939.653	4189
3941.257	4136
3942.861	4229
3944.464	4204
3946.068	4296
3947.67	4174
3949.273	4171
3950.876	4086
3952.477	4186
3954.078	4109
3955.678	4143
3957.281	4184
3958.881	4158
3960.48	4106
3962.079	4107
3963.678	4038
3965.279	4085
3966.877	4085
3968.475	4145
3970.072	4115
3971.669	4082
3973.266	4067
3974.864	4078
3976.459	4029
3978.055	4030
3979.65	4063
3981.245	4070
3982.841	4100
3984.436	4016
3986.03	4046
3987.623	4106
3989.216	3950
3990.809	4077
3992.403	4081
3993.995	4066
3995.586	4039
3997.177	4021
3998.768	3910
4000.361	4031
4001.951	4063
4003.54	4040
4005.13	4048
4006.719	3896
4008.31	3986
4009.897	4040
4011.485	4007
4013.073	3950
4014.66	3971
4016.247	3956
4017.834	3905
4019.421	3927
4021.006	3937
4022.592	3932
4024.178	3980
4025.763	3837
4027.348	3887
4028.932	3904
4030.515	3960
4032.099	3905
4033.682	3963
4035.266	3835
4036.847	3851
4038.429	3918
4040.011	3847
4041.592	3848
4043.173	3796
4044.755	3863
4046.334	3861
4047.913	3883
4049.494	3862
4051.074	3855
4052.652	3879
4054.23	3836
4055.807	3788
4057.385	3787
4058.963	3897
4060.541	3875
4062.117	3788
4063.693	3842
4065.269	3846
4066.844	3709
4068.42	3850
4069.995	3792
4071.569	3738
4073.143	3742
4074.716	3782
4076.291	3805
4077.864	3709
4079.436	3685
4081.009	3713
4082.58	3737
4084.152	3829
4085.723	3705
4087.294	3715
4088.865	3723
4090.435	3763
4092.005	3746
4093.574	3689
4095.143	3768
4096.712	3695
4098.279	3699
4099.848	3745
4101.416	3772
4102.984	3756
4104.55	3730
4106.117	3660
4107.682	3723
4109.248	3664
4110.815	3748
4112.379	3566
4113.945	3625
4115.508	3712
4117.073	3694
4118.637	3694
4120.201	3650
4121.763	3641
4123.325	3667
4124.888	3611
4126.449	3706
4128.013	3686
4129.573	3643
4131.133	3675
4132.694	3622
4134.254	3614
4135.814	3626
4137.374	3692
4138.933	3627
4140.491	3655
4142.049	3599
4143.607	3472
4145.167	3611
4146.724	3554
4148.28	3535
4149.836	3617
4151.392	3580
4152.949	3636
4154.504	3583
4156.059	3529
4157.614	3533
4159.168	3567
4160.723	3501
4162.277	3490
4163.83	3546
4165.383	3565
4166.936	3501
4168.488	3449
4170.041	3505
4171.593	3472
4173.144	3539
4174.695	3488
4176.246	3517
4177.796	3508
4179.346	3469
4180.896	3445
4182.445	3483
4183.994	3467
4185.542	3505
4187.091	3425
4188.639	3495
4190.185	3509
4191.732	3564
4193.279	3441
4194.826	3447
4196.373	3472
4197.918	3509
4199.463	3408
4201.008	3396
4202.553	3413
4204.098	3418
4205.641	3394
4207.185	3449
4208.728	3365
4210.271	3492
4211.814	3368
4213.357	3389
4214.898	3409
4216.439	3310
4217.98	3466
4219.522	3411
4221.062	3402
4222.603	3304
4224.142	3407
4225.681	3409
4227.222	3419
4228.76	3415
4230.298	3446
4231.835	3403
4233.373	3375
4234.911	3344
4236.449	3396
4237.985	3354
4239.521	3386
4241.057	3392
4242.592	3366
4244.128	3282
4245.663	3387
4247.197	3370
4248.731	3361
4250.265	3375
4251.798	3383
4253.333	3360
4254.865	3358
4256.397	3383
4257.93	3319
4259.461	3390
4260.994	3320
4262.525	3315
4264.056	3318
4265.586	3396
4267.115	3328
4268.646	3327
4270.176	3302
4271.705	3278
4273.232	3321
4274.761	3337
4276.289	3262
4277.818	3317
4279.345	3265
4280.872	3280
4282.399	3265
4283.924	3380
4285.452	3293
4286.976	3259
4288.502	3295
4290.026	3330
4291.551	3223
4293.074	3268
4294.6	3227
4296.123	3181
4297.646	3238
4299.168	3230
4300.691	3275
4302.214	3219
4303.736	3180
4305.257	3294
4306.778	3236
4308.299	3249
4309.82	3146
4311.34	3175
4312.86	3210
4314.379	3285
