400.0745	4325
402.597	4351
405.1208	4399
407.6419	4408
410.1623	4403
412.6819	4473
415.201	4475
417.7172	4460
420.2369	4530
422.7538	4629
425.2701	4592
427.7856	4731
430.3005	4634
432.8147	4612
435.3282	4772
437.841	4603
440.3511	4783
442.8625	4730
445.3753	4633
447.8854	4674
450.3927	4583
452.9014	4713
455.4073	4741
457.9146	4686
460.4233	4708
462.9272	4685
465.4325	4709
467.935	4708
470.4389	4590
472.9421	4760
475.4446	4789
477.9444	4783
480.4456	4696
482.944	4642
485.4417	4696
487.9429	4805
490.4393	4742
492.935	4843
495.4321	4812
497.9264	4729
500.4221	4841
502.9171	4823
505.4094	4858
507.9011	4955
510.392	4909
512.8864	4907
515.3759	4895
517.8649	4965
520.3531	4856
522.8406	4884
525.3275	4910
527.8178	4942
530.3033	4949
532.7881	4955
535.2723	4957
537.7558	4951
540.2407	4924
542.7228	4885
545.2043	4890
547.6851	4940
550.1652	4989
552.6467	4918
555.1255	4840
557.6016	4995
560.079	4908
562.5557	5013
565.0318	4994
567.5092	5013
569.984	5017
572.456	4974
574.9294	4990
577.4022	5089
579.8762	5079
582.3456	5074
584.8163	5117
587.2863	4988
589.7557	5078
592.2224	5189
594.6924	5148
597.1578	5042
599.6245	5117
602.0905	4976
604.5538	5106
607.0206	5058
609.4825	5031
611.9459	5138
614.4066	5154
616.8686	5079
619.33	5177
621.7906	5041
624.2487	5125
626.708	5111
629.1647	5029
631.6207	5040
634.0801	5031
636.5348	5060
638.9888	5074
641.4442	5168
643.8969	5123
646.3509	5040
648.8022	5093
651.255	5143
653.705	5117
656.1544	5154
658.6031	5106
661.0532	5068
663.5026	5071
665.9493	5313
668.3954	5139
670.8409	5128
673.2877	5188
675.7318	5263
678.1752	5368
680.618	5215
683.0601	5246
685.5035	5257
687.9444	5297
690.3845	5311
692.824	5179
695.2628	5295
697.701	5324
700.1406	5288
702.5774	5273
705.0116	5370
707.4472	5400
709.8821	5384
712.3183	5323
714.7519	5256
717.1829	5375
719.6151	5488
722.0468	5336
724.4777	5432
726.908	5454
729.3377	5380
731.7667	5448
734.1931	5493
736.6208	5466
739.0498	5469
741.4742	5595
743.9	5562
746.3231	5545
748.7476	5532
751.1713	5489
753.5945	5574
756.015	5639
758.4368	5722
760.856	5559
763.2766	5639
765.6965	5696
768.1157	5553
770.5323	5652
772.9483	5578
775.3656	5689
777.7822	5736
780.1963	5725
782.6116	5754
785.0244	5699
787.4365	5685
789.8499	5764
792.2626	5729
794.6728	5712
797.0823	5679
799.4911	5624
801.8994	5639
804.3109	5638
806.7178	5687
809.124	5712
811.5297	5796
813.9347	5796
816.341	5829
818.7447	5785
821.1478	5774
823.5502	5759
825.952	5807
828.3531	5554
830.7556	5763
833.1554	5749
835.5546	5765
837.9532	5835
840.3511	5858
842.7504	5740
845.1451	5793
847.5411	5812
849.9365	5844
852.3312	6000
854.7272	5878
857.1187	5938
859.5115	5845
861.9037	5802
864.2952	5923
866.6842	5922
869.0764	5758
871.4661	5794
873.8531	5888
876.2415	5822
878.6272	5893
881.0162	5820
883.4026	5948
885.7866	5858
888.1717	5820
890.5543	5877
892.9382	5746
895.3215	5799
897.7041	5832
900.0842	5847
902.4655	5885
904.8443	5832
907.2244	5860
909.6039	5921
911.9808	5966
914.357	5852
916.7346	6085
919.1115	5975
921.4859	6075
923.8616	6090
926.2347	6195
928.6071	6095
930.979	6029
933.3541	6135
935.7247	6174
938.0946	6212
940.4639	6139
942.8326	6195
945.2026	6375
947.5701	6444
949.9369	6494
952.305	6673
954.6705	6794
957.0355	6939
959.4017	7186
961.7654	7115
964.1284	7189
966.4908	7115
968.8527	7028
971.2138	6633
973.5743	6474
975.9343	6304
978.2936	6296
980.6522	6106
983.0122	6145
985.3696	6101
987.7245	6071
990.0807	5980
992.4362	6010
994.7911	6053
997.1474	6073
999.4991	6002
1001.852	6136
1004.205	6061
1006.555	6138
1008.908	6187
1011.258	5940
1013.606	6022
1015.956	6072
1018.302	5972
1020.652	6028
1022.998	6144
1025.345	6180
1027.691	5995
1030.035	6223
1032.378	6110
1034.724	6144
1037.066	6214
1039.409	6187
1041.75	6098
1044.092	6265
1046.433	6235
1048.771	6140
1051.112	6162
1053.449	6170
1055.786	6154
1058.124	6177
1060.462	6261
1062.797	6127
1065.131	6162
1067.467	6262
1069.8	6337
1072.135	6270
1074.467	6319
1076.798	6254
1079.129	6169
1081.459	6095
1083.792	6224
1086.121	6301
1088.449	6216
1090.777	6130
1093.104	6233
1095.431	6263
1097.759	6197
1100.084	6327
1102.408	6218
1104.732	6147
1107.056	6152
1109.379	6258
1111.701	6269
1114.022	6163
1116.343	6114
1118.664	6315
1120.983	6212
1123.303	6323
1125.621	6279
1127.939	6161
1130.256	6241
1132.573	6215
1134.889	6209
1137.205	6124
1139.52	6238
1141.832	6335
1144.146	6239
1146.461	6243
1148.771	6178
1151.083	6086
1153.392	6136
1155.703	6142
1158.011	6196
1160.323	6217
1162.629	6208
1164.938	6138
1167.243	6382
1169.55	6265
1171.857	6220
1174.163	6192
1176.466	6240
1178.769	6253
1181.073	6161
1183.374	6183
1185.677	6209
1187.979	6164
1190.279	6257
1192.578	6227
1194.878	6035
1197.178	6125
1199.476	6168
1201.772	6223
1204.068	6343
1206.366	6290
1208.663	6167
1210.957	6298
1213.251	6336
1215.544	6272
1217.836	6273
1220.128	6369
1222.421	6304
1224.712	6258
1227.002	6352
1229.292	6330
1231.581	6430
1233.871	6455
1236.159	6478
1238.446	6423
1240.732	6556
1243.018	6483
1245.304	6571
1247.59	6534
1249.874	6572
1252.156	6433
1254.439	6564
1256.721	6386
1259.005	6637
1261.286	6464
1263.565	6473
1265.845	6499
1268.125	6533
1270.403	6542
1272.682	6506
1274.959	6460
1277.234	6633
1279.511	6513
1281.787	6507
1284.062	6339
1286.337	6517
1288.609	6395
1290.882	6451
1293.153	6344
1295.428	6368
1297.698	6422
1299.969	6493
1302.237	6402
1304.507	6318
1306.777	6409
1309.044	6368
1311.312	6417
1313.578	6481
1315.844	6419
1318.109	6425
1320.375	6405
1322.638	6306
1324.903	6494
1327.165	6397
1329.427	6423
1331.69	6396
1333.952	6340
1336.212	6354
1338.471	6406
1340.73	6457
1342.988	6215
1345.248	6362
1347.505	6429
1349.763	6373
1352.019	6384
1354.274	6417
1356.53	6411
1358.784	6367
1361.038	6319
1363.291	6416
1365.543	6431
1367.797	6370
1370.048	6393
1372.296	6404
1374.546	6381
1376.796	6486
1379.045	6439
1381.295	6520
1383.542	6460
1385.787	6424
1388.034	6537
1390.28	6479
1392.527	6458
1394.772	6516
1397.014	6550
1399.258	6342
1401.501	6705
1403.741	6477
1405.985	6371
1408.226	6516
1410.465	6492
1412.705	6545
1414.943	6553
1417.184	6565
1419.42	6634
1421.658	6502
1423.894	6588
1426.13	6540
1428.366	6640
1430.602	6580
1432.835	6594
1435.069	6570
1437.301	6533
1439.535	6679
1441.767	6757
1443.997	6702
1446.229	6637
1448.458	6694
1450.687	6756
1452.916	6787
1455.146	6790
1457.372	6803
1459.599	6663
1461.824	6706
1464.051	6777
1466.277	6674
1468.501	6597
1470.725	6777
1472.948	6609
1475.17	6571
1477.393	6480
1479.614	6509
1481.837	6443
1484.057	6447
1486.276	6438
1488.497	6487
1490.715	6436
1492.932	6495
1495.148	6379
1497.364	6357
1499.58	6389
1501.798	6386
1504.012	6391
1506.227	6386
1508.44	6363
1510.653	6312
1512.866	6296
1515.078	6313
1517.289	6442
1519.5	6285
1521.711	6377
1523.92	6351
1526.13	6424
1528.338	6376
1530.544	6334
1532.752	6412
1534.959	6446
1537.165	6286
1539.371	6348
1541.574	6350
1543.779	6359
1545.983	6319
1548.187	6308
1550.39	6338
1552.59	6412
1554.792	6561
1556.991	6488
1559.19	6422
1561.392	6448
1563.59	6388
1565.789	6378
1567.986	6484
1570.182	6469
1572.381	6433
1574.576	6495
1576.771	6454
1578.966	6529
1581.16	6527
1583.354	6580
1585.546	6502
1587.74	6659
1589.931	6433
1592.121	6480
1594.311	6552
1596.502	6506
1598.693	6404
1600.881	6524
1603.069	6605
1605.256	6659
1607.445	6489
1609.631	6552
1611.816	6588
1614.001	6623
1616.186	6512
1618.37	6563
1620.555	6580
1622.737	6588
1624.919	6667
1627.101	6516
1629.282	6654
1631.463	6635
1633.643	6678
1635.822	6683
1638.001	6702
1640.179	6632
1642.359	6722
1644.534	6634
1646.711	6729
1648.887	6636
1651.062	6763
1653.235	6649
1655.412	6647
1657.586	6691
1659.757	6640
1661.93	6673
1664.1	6668
1666.274	6809
1668.445	6670
1670.614	6718
1672.784	6770
1674.951	6787
1677.12	6716
1679.289	6668
1681.457	6854
1683.622	6656
1685.789	6804
1687.953	6569
1690.121	6525
1692.284	6724
1694.447	6712
1696.611	6727
1698.772	6551
1700.935	6561
1703.098	6668
1705.258	6621
1707.417	6649
1709.576	6578
1711.736	6491
1713.896	6497
1716.053	6580
1718.21	6593
1720.366	6508
1722.522	6366
1724.68	6507
1726.835	6414
1728.989	6388
1731.142	6420
1733.295	6620
1735.449	6406
1737.601	6549
1739.753	6503
1741.903	6593
1744.054	6483
1746.203	6332
1748.354	6576
1750.503	6611
1752.651	6417
1754.798	6533
1756.944	6473
1759.092	6566
1761.238	6546
1763.383	6438
1765.528	6479
1767.672	6553
1769.814	6600
1771.959	6501
1774.102	6610
1776.242	6542
1778.384	6602
1780.525	6508
1782.665	6529
1784.805	6497
1786.945	6542
1789.082	6497
1791.22	6554
1793.36	6664
1795.495	6602
1797.632	6596
1799.766	6616
1801.902	6504
1804.035	6494
1806.172	6549
1808.304	6613
1810.436	6470
1812.569	6546
1814.699	6663
1816.833	6505
1818.963	6546
1821.092	6612
1823.222	6533
1825.35	6546
1827.478	6489
1829.608	6553
1831.734	6529
1833.86	6484
1835.986	6514
1838.11	6492
1840.238	6504
1842.362	6525
1844.485	6404
1846.608	6553
1848.73	6481
1850.853	6452
1852.974	6530
1855.097	6311
1857.217	6478
1859.336	6419
1861.455	6511
1863.576	6429
1865.693	6470
1867.811	6426
1869.926	6466
1872.042	6429
1874.16	6324
1876.275	6419
1878.39	6460
1880.504	6472
1882.618	6534
1884.731	6474
1886.843	6499
1888.956	6450
1891.067	6456
1893.178	6497
1895.287	6532
1897.399	6432
1899.508	6441
1901.617	6480
1903.724	6507
1905.832	6581
1907.941	6501
1910.046	6573
1912.152	6664
1914.256	6545
1916.361	6547
1918.464	6558
1920.57	6712
1922.672	6578
1924.775	6481
1926.876	6541
1928.978	6618
1931.08	6743
1933.181	6640
1935.28	6601
1937.38	6497
1939.478	6578
1941.577	6616
1943.675	6521
1945.771	6657
1947.867	6585
1949.964	6668
1952.058	6585
1954.154	6649
1956.248	6578
1958.343	6499
1960.435	6541
1962.527	6531
1964.62	6624
1966.711	6620
1968.802	6542
1970.892	6582
1972.983	6509
1975.072	6547
1977.162	6511
1979.25	6612
1981.337	6490
1983.424	6475
1985.51	6502
1987.598	6454
1989.683	6497
1991.768	6435
1993.852	6450
1995.934	6575
1998.019	6618
2000.102	6449
2002.184	6597
2004.266	6541
2006.347	6442
2008.427	6408
2010.508	6506
2012.587	6470
2014.666	6522
2016.745	6553
2018.821	6459
2020.9	6459
2022.977	6497
2025.052	6636
2027.128	6424
2029.204	6504
2031.277	6510
2033.353	6566
2035.425	6478
2037.499	6502
2039.57	6478
2041.642	6503
2043.714	6504
2045.786	6505
2047.855	6537
2049.925	6476
2051.993	6523
2054.064	6467
2056.132	6487
2058.2	6532
2060.266	6554
2062.332	6542
2064.398	6373
2066.465	6509
2068.529	6504
2070.592	6455
2072.657	6502
2074.719	6360
2076.783	6495
2078.845	6550
2080.907	6478
2082.968	6460
2085.028	6542
2087.087	6525
2089.148	6392
2091.207	6509
2093.264	6497
2095.322	6535
2097.379	6495
2099.439	6389
2101.495	6452
2103.55	6487
2105.605	6456
2107.658	6448
2109.713	6546
2111.767	6454
2113.82	6560
2115.872	6480
2117.924	6499
2119.975	6448
2122.028	6508
2124.078	6506
2126.126	6461
2128.176	6459
2130.225	6496
2132.275	6455
2134.321	6384
2136.368	6401
2138.415	6617
2140.461	6526
2142.505	6509
2144.552	6580
2146.597	6490
2148.64	6514
2150.684	6461
2152.725	6481
2154.77	6502
2156.811	6426
2158.852	6463
2160.894	6412
2162.933	6507
2164.973	6346
2167.013	6423
2169.051	6507
2171.089	6468
2173.126	6427
2175.164	6294
2177.201	6361
2179.236	6394
2181.273	6498
2183.307	6274
2185.341	6334
2187.377	6338
2189.41	6461
2191.442	6307
2193.473	6415
2195.506	6366
2197.539	6368
2199.569	6296
2201.598	6445
2203.628	6306
2205.656	6266
2207.686	6256
2209.716	6314
2211.743	6282
2213.769	6330
2215.796	6428
2217.821	6232
2219.848	6309
2221.873	6285
2223.897	6314
2225.921	6289
2227.944	6250
2229.967	6251
2231.991	6282
2234.011	6314
2236.032	6343
2238.053	6250
2240.073	6381
2242.094	6273
2244.114	6307
2246.131	6214
2248.149	6278
2250.167	6251
2252.186	6220
2254.201	6252
2256.218	6359
2258.233	6344
2260.247	6339
2262.262	6413
2264.278	6285
2266.29	6284
2268.303	6228
2270.315	6291
2272.327	6307
2274.341	6154
2276.35	6318
2278.361	6149
2280.37	6185
2282.38	6246
2284.388	6267
2286.397	6223
2288.405	6308
2290.412	6255
2292.419	6404
2294.425	6333
2296.431	6229
2298.437	6274
2300.441	6312
2302.445	6295
2304.449	6224
2306.453	6273
2308.455	6208
2310.457	6215
2312.459	6199
2314.46	6285
2316.46	6351
2318.461	6152
2320.46	6236
2322.458	6153
2324.458	6204
2326.456	6242
2328.455	6137
2330.451	6242
2332.447	6227
2334.443	6285
2336.438	6237
2338.433	6189
2340.429	6243
2342.422	6093
2344.416	6061
2346.408	6073
2348.399	6054
2350.393	6049
2352.384	6152
2354.375	6132
2356.365	6085
2358.355	6133
2360.344	6195
2362.333	6160
2364.322	6149
2366.309	6011
2368.295	6123
2370.282	6177
2372.27	6043
2374.256	6242
2376.24	6179
2378.225	6150
2380.208	6093
2382.194	6151
2384.177	6098
2386.159	6173
2388.142	6115
2390.122	6110
2392.105	6113
2394.085	6109
2396.066	6008
2398.044	6040
2400.024	6092
2402.002	5915
2403.982	6003
2405.959	6041
2407.935	6004
2409.913	6084
2411.888	6056
2413.865	6073
2415.84	6074
2417.814	6009
2419.788	6026
2421.762	6105
2423.735	6030
2425.708	6010
2427.68	6060
2429.651	6057
2431.623	6109
2433.593	6050
2435.564	6020
2437.533	5920
2439.502	6007
2441.47	5948
2443.438	6107
2445.406	6019
2447.373	5941
2449.34	6124
2451.305	5969
2453.271	5994
2455.235	5988
2457.201	5994
2459.165	6011
2461.129	6007
2463.092	5949
2465.054	5936
2467.018	5951
2468.978	5923
2470.939	5979
2472.899	5957
2474.86	5862
2476.819	5989
2478.778	5953
2480.737	5999
2482.695	5907
2484.653	5902
2486.609	5956
2488.567	5969
2490.524	5938
2492.478	5952
2494.433	5904
2496.387	5947
2498.343	5858
2500.297	5916
2502.249	5869
2504.202	5919
2506.153	5955
2508.105	5970
2510.057	5913
2512.008	5908
2513.957	5926
2515.906	5903
2517.855	5986
2519.805	5946
2521.754	5900
2523.7	5863
2525.647	5991
2527.594	5827
2529.54	5869
2531.486	5960
2533.431	5871
2535.376	5936
2537.32	5849
2539.263	5688
2541.207	5858
2543.151	5799
2545.093	5853
2547.034	5914
2548.975	5961
2550.917	5914
2552.856	5857
2554.796	5830
2556.735	5915
2558.673	5883
2560.611	5931
2562.55	5920
2564.487	5914
2566.424	5835
2568.36	5909
2570.296	5928
2572.232	5764
2574.167	5931
2576.101	5795
2578.035	5828
2579.969	5858
2581.902	5841
2583.834	5847
2585.766	5926
2587.698	5828
2589.628	5817
2591.557	5851
2593.489	5933
2595.419	5876
2597.348	5902
2599.275	5912
2601.204	5813
2603.131	5832
2605.059	5830
2606.986	5841
2608.911	5908
2610.837	5868
2612.76	5957
2614.687	5917
2616.61	5867
2618.534	5839
2620.457	5932
2622.38	5851
2624.302	5876
2626.225	5832
2628.145	5822
2630.067	5838
2631.986	5825
2633.906	5891
2635.827	5957
2637.745	5986
2639.662	5874
2641.581	5885
2643.498	5866
2645.415	5785
2647.331	5948
2649.248	5758
2651.163	5903
2653.077	5892
2654.993	5814
2656.906	5899
2658.821	5898
2660.733	5901
2662.646	5775
2664.557	5874
2666.47	5806
2668.381	5834
2670.291	5821
2672.201	5903
2674.11	5899
2676.021	5786
2677.929	5780
2679.837	5849
2681.745	5857
2683.652	5816
2685.56	5791
2687.466	5825
2689.371	5940
2691.276	5827
2693.181	5840
2695.085	5801
2696.991	5811
2698.893	5870
2700.796	5804
2702.698	5713
2704.601	5834
2706.502	5825
2708.404	5830
2710.304	5759
2712.203	5730
2714.103	5731
2716.003	5770
2717.902	5760
2719.8	5728
2721.697	5741
2723.594	5687
2725.49	5837
2727.389	5628
2729.283	5674
2731.179	5701
2733.073	5784
2734.968	5681
2736.863	5786
2738.757	5691
2740.649	5741
2742.541	5716
2744.433	5625
2746.324	5670
2748.216	5683
2750.107	5636
2751.997	5693
2753.886	5701
2755.776	5836
2757.666	5770
2759.553	5669
2761.44	5632
2763.327	5751
2765.215	5609
2767.102	5730
2768.988	5682
2770.873	5646
2772.757	5656
2774.641	5784
2776.525	5579
2778.41	5654
2780.292	5597
2782.175	5686
2784.057	5581
2785.938	5536
2787.821	5619
2789.701	5636
2791.581	5652
2793.461	5653
2795.34	5596
2797.219	5754
2799.099	5727
2800.975	5563
2802.853	5699
2804.73	5576
2806.606	5628
2808.484	5648
2810.358	5649
2812.233	5515
2814.108	5647
2815.981	5600
2817.857	5493
2819.73	5615
2821.602	5489
2823.474	5703
2825.346	5648
2827.217	5553
2829.089	5578
2830.959	5570
2832.829	5582
2834.698	5654
2836.567	5668
2838.436	5614
2840.305	5661
2842.172	5612
2844.04	5662
2845.905	5707
2847.772	5626
2849.639	5694
2851.503	5658
2853.369	5739
2855.232	5761
2857.096	5596
2858.961	5812
2860.824	5709
2862.686	5814
2864.547	5790
2866.41	5770
2868.272	5931
2870.132	5870
2871.992	5950
2873.851	5959
2875.711	5989
2877.57	6090
2879.429	6129
2881.287	6211
2883.144	6205
2885.001	6163
2886.857	6186
2888.714	6126
2890.57	6144
2892.425	6207
2894.279	6292
2896.133	6180
2897.987	6101
2899.842	6200
2901.694	6225
2903.547	6067
2905.397	6215
2907.249	6278
2909.101	6236
2910.952	6186
2912.802	6274
2914.652	6224
2916.5	6363
2918.35	6423
2920.198	6389
2922.045	6490
2923.893	6605
2925.74	6583
2927.585	6525
2929.433	6714
2931.279	6711
2933.123	6844
2934.968	6852
2936.811	6941
2938.656	6930
2940.5	6905
2942.342	7157
2944.185	7077
2946.026	6995
2947.87	7058
2949.71	6980
2951.549	6997
2953.39	7021
2955.229	6840
2957.069	6867
2958.908	6836
2960.746	6809
2962.584	6627
2964.421	6597
2966.257	6555
2968.094	6552
2969.931	6551
2971.766	6429
2973.601	6355
2975.435	6285
2977.27	6272
2979.105	6355
2980.938	6376
2982.77	6325
2984.602	6154
2986.434	6188
2988.267	6156
2990.097	6125
2991.927	6075
2993.757	6169
2995.587	6020
2997.417	5991
2999.246	5840
3001.074	5851
3002.902	5793
3004.729	5819
3006.556	5794
3008.384	5629
3010.21	5580
3012.036	5544
3013.861	5578
3015.684	5567
3017.51	5528
3019.334	5470
3021.157	5463
3022.981	5487
3024.802	5301
3026.624	5438
3028.448	5369
3030.267	5455
3032.088	5372
3033.909	5354
3035.728	5339
3037.549	5287
3039.368	5358
3041.186	5248
3043.004	5337
3044.821	5333
3046.64	5221
3048.455	5354
3050.272	5361
3052.087	5278
3053.903	5253
3055.717	5115
3057.534	5228
3059.347	5342
3061.16	5319
3062.974	5316
3064.785	5226
3066.598	5251
3068.411	5224
3070.222	5230
3072.032	5268
3073.844	5210
3075.653	5199
3077.463	5102
3079.272	5238
3081.08	5262
3082.889	5237
3084.697	5238
3086.505	5149
3088.312	5213
3090.118	5119
3091.924	5137
3093.729	5191
3095.535	5038
3097.34	5066
3099.144	5081
3100.947	5048
3102.75	5023
3104.553	5105
3106.357	5091
3108.159	5066
3109.961	5038
3111.762	4960
3113.562	5200
3115.365	5038
3117.164	5024
3118.964	4997
3120.761	5060
3122.56	5081
3124.36	5031
3126.158	5020
3127.954	5037
3129.75	5025
3131.547	5013
3133.343	4972
3135.139	5001
3136.934	5035
3138.729	4959
3140.522	4977
3142.317	4986
3144.11	4864
3145.904	4953
3147.695	4980
3149.488	4970
3151.28	4973
3153.07	4905
3154.863	4902
3156.652	5016
3158.441	4976
3160.231	4979
3162.019	4976
3163.81	4875
3165.597	4980
3167.384	5020
3169.172	4942
3170.958	4864
3172.745	4925
3174.532	4906
3176.317	4865
3178.101	4873
3179.885	4884
3181.67	4851
3183.455	4938
3185.238	4901
3187.02	4796
3188.802	4883
3190.585	4911
3192.368	4904
3194.149	4820
3195.929	4809
3197.709	4891
3199.489	4864
3201.268	4906
3203.048	4908
3204.826	4880
3206.604	4858
3208.382	4946
3210.159	4826
3211.937	4839
3213.713	4933
3215.489	4793
3217.263	4929
3219.038	4814
3220.815	4849
3222.589	4767
3224.363	4989
3226.136	4835
3227.908	4820
3229.681	4842
3231.454	4785
3233.226	4896
3234.996	4795
3236.767	4827
3238.538	4852
3240.308	4787
3242.078	4814
3243.847	4849
3245.615	4938
3247.384	4825
3249.15	4921
3250.92	4917
3252.686	4772
3254.453	4824
3256.218	4859
3257.984	4799
3259.75	4815
3261.515	4839
3263.279	4909
3265.044	4816
3266.806	4843
3268.57	4822
3270.334	4893
3272.095	4794
3273.856	4892
3275.619	4920
3277.379	4864
3279.14	4838
3280.9	4923
3282.661	4829
3284.419	4776
3286.178	4741
3287.937	4819
3289.695	4840
3291.453	4832
3293.21	4834
3294.967	4867
3296.723	4866
3298.48	4904
3300.235	4742
3301.99	4875
3303.744	4840
3305.498	4965
3307.253	4852
3309.006	4801
3310.759	4822
3312.511	4746
3314.263	4756
3316.017	4773
3317.768	4817
3319.519	4807
3321.268	4765
3323.018	4874
3324.767	4764
3326.518	4849
3328.267	4800
3330.014	4822
3331.762	4895
3333.509	4831
3335.258	4889
3337.003	4800
3338.75	4721
3340.496	4737
3342.24	4765
3343.987	4743
3345.732	4834
3347.475	4765
3349.219	4829
3350.961	4766
3352.705	4730
3354.448	4800
3356.19	4774
3357.931	4713
3359.672	4709
3361.412	4710
3363.155	4719
3364.894	4801
3366.633	4686
3368.372	4681
3370.11	4711
3371.849	4743
3373.588	4804
3375.325	4694
3377.061	4682
3378.799	4700
3380.534	4678
3382.271	4645
3384.006	4599
3385.741	4654
3387.475	4582
3389.209	4710
3390.944	4618
3392.677	4596
3394.409	4675
3396.143	4684
3397.874	4613
3399.606	4620
3401.338	4763
3403.069	4679
3404.799	4661
3406.528	4633
3408.258	4587
3409.988	4642
3411.717	4605
3413.445	4633
3415.173	4599
3416.899	4552
3418.626	4581
3420.354	4612
3422.08	4565
3423.806	4496
3425.531	4566
3427.255	4570
3428.981	4547
3430.705	4523
3432.429	4611
3434.151	4555
3435.875	4598
3437.599	4574
3439.321	4571
3441.042	4577
3442.763	4552
3444.483	4450
3446.204	4494
3447.926	4480
3449.645	4553
3451.364	4535
3453.082	4434
3454.801	4510
3456.52	4494
3458.238	4385
3459.954	4353
3461.671	4494
3463.387	4467
3465.104	4367
3466.82	4503
3468.534	4470
3470.25	4476
3471.963	4338
3473.676	4365
3475.392	4417
3477.104	4333
3478.817	4409
3480.528	4408
3482.241	4412
3483.954	4339
3485.664	4368
3487.374	4398
3489.084	4295
3490.795	4296
3492.504	4335
3494.214	4325
3495.922	4313
3497.63	4363
3499.338	4366
3501.045	4278
3502.753	4337
3504.459	4281
3506.166	4333
3507.871	4327
3509.576	4301
3511.283	4280
3512.987	4322
3514.691	4254
3516.395	4286
3518.098	4226
3519.8	4252
3521.504	4230
3523.206	4306
3524.908	4296
3526.609	4263
3528.309	4211
3530.011	4226
3531.711	4266
3533.411	4226
3535.109	4163
3536.808	4199
3538.507	4245
3540.206	4234
3541.904	4156
3543.601	4178
3545.297	4222
3546.994	4148
3548.69	4227
3550.387	4193
3552.081	4181
3553.776	4150
3555.47	4178
3557.166	4097
3558.859	4189
3560.553	4143
3562.245	4151
3563.938	4235
3565.629	4088
3567.322	4116
3569.014	4147
3570.704	4112
3572.394	4169
3574.084	4097
3575.775	4063
3577.464	4096
3579.152	4089
3580.842	4014
3582.529	4175
3584.216	4074
3585.905	4112
3587.591	4015
3589.279	4088
3590.964	4100
3592.649	4092
3594.336	4151
3596.021	4038
3597.705	3965
3599.388	4051
3601.072	3955
3602.757	4035
3604.439	4084
3606.122	3955
3607.803	4016
3609.485	4085
3611.167	3913
3612.849	3983
3614.529	4097
3616.208	3997
3617.888	3957
3619.567	3981
3621.247	3954
3622.926	3958
3624.603	3996
3626.281	3972
3627.958	4016
3629.635	3984
3631.312	3939
3632.989	3851
3634.665	3845
3636.339	3837
3638.014	3902
3639.691	3896
3641.364	3782
3643.038	3804
3644.71	3824
3646.384	3844
3648.058	3886
3649.729	3888
3651.402	3890
3653.073	3891
3654.744	3861
3656.414	3826
3658.085	3847
3659.755	3840
3661.424	3804
3663.094	3757
3664.762	3812
3666.431	3937
3668.099	3835
3669.766	3843
3671.433	3721
3673.099	3817
3674.768	3907
3676.433	3861
3678.098	3767
3679.763	3776
3681.428	3921
3683.093	3829
3684.757	3819
3686.421	3733
3688.083	3802
3689.746	3730
3691.408	3825
3693.071	3724
3694.733	3815
3696.394	3754
3698.054	3730
3699.715	3772
3701.375	3724
3703.036	3763
3704.695	3848
3706.354	3781
3708.012	3769
3709.67	3771
3711.329	3775
3712.987	3788
3714.644	3756
3716.299	3761
3717.955	3771
3719.613	3674
3721.268	3686
3722.923	3679
3724.577	3718
3726.231	3779
3727.885	3644
3729.539	3641
3731.192	3730
3732.845	3653
3734.497	3656
3736.149	3717
3737.802	3620
3739.453	3739
3741.104	3689
3742.753	3687
3744.404	3638
3746.052	3715
3747.704	3680
3749.352	3552
3751	3632
3752.648	3598
3754.296	3603
3755.944	3697
3757.59	3634
3759.238	3606
3760.883	3654
3762.528	3561
3764.176	3570
3765.82	3584
3767.464	3615
3769.109	3575
3770.753	3644
3772.396	3559
3774.04	3560
3775.683	3575
3777.325	3584
3778.967	3585
3780.608	3613
3782.25	3598
3783.89	3566
3785.531	3613
3787.17	3558
3788.81	3515
3790.45	3528
3792.09	3608
3793.729	3546
3795.366	3544
3797.003	3552
3798.64	3516
3800.278	3523
3801.915	3486
3803.551	3583
3805.187	3502
3806.822	3568
3808.458	3512
3810.093	3549
3811.726	3577
3813.36	3629
3814.994	3508
3816.627	3557
3818.262	3532
3819.893	3464
3821.525	3429
3823.157	3492
3824.787	3528
3826.42	3577
3828.051	3494
3829.68	3473
3831.31	3488
3832.938	3479
3834.569	3406
3836.198	3491
3837.825	3502
3839.454	3491
3841.08	3502
3842.708	3383
3844.335	3445
3845.962	3465
3847.587	3468
3849.212	3425
3850.838	3500
3852.463	3384
3854.089	3428
3855.712	3403
3857.335	3442
3858.959	3471
3860.582	3376
3862.205	3448
3863.827	3431
3865.449	3427
3867.07	3416
3868.691	3366
3870.312	3395
3871.933	3463
3873.553	3444
3875.173	3396
3876.792	3381
3878.411	3427
3880.03	3415
3881.647	3317
3883.265	3402
3884.882	3311
3886.499	3377
3888.116	3387
3889.732	3365
3891.348	3407
3892.964	3379
3894.579	3375
3896.195	3368
3897.809	3381
3899.423	3344
3901.036	3379
3902.648	3400
3904.261	3381
3905.875	3406
3907.487	3365
3909.099	3399
3910.709	3329
3912.321	3328
3913.933	3270
3915.542	3325
3917.152	3340
3918.762	3323
3920.37	3366
3921.98	3296
3923.589	3363
3925.196	3349
3926.804	3294
3928.41	3327
3930.018	3351
3931.626	3302
3933.231	3334
3934.838	3369
3936.442	3290
3938.046	3251
3939.653	3324
3941.257	3301
3942.861	3276
3944.464	3281
3946.068	3333
3947.67	3236
3949.273	3353
3950.876	3351
3952.477	3245
3954.078	3311
3955.678	3317
3957.281	3269
3958.881	3315
3960.48	3285
3962.079	3252
3963.678	3297
3965.279	3286
3966.877	3286
3968.475	3255
3970.072	3322
3971.669	3295
3973.266	3205
3974.864	3199
3976.459	3205
3978.055	3204
3979.65	3180
3981.245	3204
3982.841	3170
3984.436	3199
3986.03	3113
3987.623	3230
3989.216	3179
3990.809	3191
3992.403	3201
3993.995	3209
3995.586	3182
3997.177	3134
3998.768	3182
4000.361	3194
4001.951	3140
4003.54	3110
4005.13	3128
4006.719	3138
4008.31	3175
4009.897	3119
4011.485	3146
4013.073	3146
4014.66	3096
4016.247	3099
4017.834	3059
4019.421	3104
4021.006	3127
4022.592	3172
4024.178	3156
4025.763	3224
4027.348	3082
4028.932	3102
4030.515	3096
4032.099	3105
4033.682	3042
4035.266	3115
4036.847	3048
4038.429	3030
4040.011	3064
4041.592	3048
4043.173	3045
4044.755	3042
4046.334	3039
4047.913	3029
4049.494	3073
4051.074	3077
4052.652	2979
4054.23	3059
4055.807	3023
4057.385	3011
4058.963	2987
4060.541	3009
4062.117	3048
4063.693	3014
4065.269	2995
4066.844	3085
4068.42	2995
4069.995	3005
4071.569	3051
4073.143	2977
4074.716	3018
4076.291	2972
4077.864	2921
4079.436	2989
4081.009	3047
4082.58	2944
4084.152	2996
4085.723	3003
4087.294	2884
4088.865	2937
4090.435	2950
4092.005	2968
4093.574	3013
4095.143	3028
4096.712	2910
4098.279	2963
4099.848	2951
4101.416	2927
4102.984	2992
4104.55	2974
4106.117	2961
4107.682	2886
4109.248	2998
4110.815	2932
4112.379	2904
4113.945	2965
4115.508	2964
4117.073	2869
4118.637	2964
4120.201	2899
4121.763	2863
4123.325	2927
4124.888	2913
4126.449	2928
4128.013	2872
4129.573	2893
4131.133	2860
4132.694	2880
4134.254	2804
4135.814	2922
4137.374	2843
4138.933	2978
4140.491	2875
4142.049	2846
4143.607	2857
4145.167	2825
4146.724	2820
4148.28	2843
4149.836	2841
4151.392	2837
4152.949	2889
4154.504	2872
4156.059	2870
4157.614	2806
4159.168	2836
4160.723	2802
4162.277	2927
4163.83	2810
4165.383	2774
4166.936	2856
4168.488	2771
4170.041	2867
4171.593	2799
4173.144	2793
4174.695	2807
4176.246	2797
4177.796	2860
4179.346	2765
4180.896	2838
4182.445	2808
4183.994	2820
4185.542	2739
4187.091	2719
4188.639	2820
4190.185	2746
4191.732	2750
4193.279	2711
4194.826	2806
4196.373	2765
4197.918	2662
4199.463	2705
4201.008	2853
4202.553	2825
4204.098	2724
4205.641	2726
4207.185	2760
4208.728	2764
4210.271	2703
4211.814	2694
4213.357	2747
4214.898	2740
4216.439	2727
4217.98	2781
4219.522	2746
4221.062	2702
4222.603	2665
4224.142	2722
4225.681	2718
4227.222	2745
4228.76	2708
4230.298	2760
4231.835	2684
4233.373	2735
4234.911	2711
4236.449	2763
4237.985	2742
4239.521	2684
4241.057	2708
4242.592	2726
4244.128	2703
4245.663	2681
4247.197	2740
4248.731	2723
4250.265	2653
4251.798	2676
4253.333	2675
4254.865	2668
4256.397	2702
4257.93	2703
4259.461	2718
4260.994	2719
4262.525	2666
4264.056	2691
4265.586	2645
4267.115	2661
4268.646	2672
4270.176	2661
4271.705	2605
4273.232	2693
4274.761	2734
4276.289	2652
4277.818	2621
4279.345	2632
4280.872	2649
4282.399	2666
4283.924	2635
4285.452	2714
4286.976	2626
4288.502	2629
4290.026	2717
4291.551	2656
4293.074	2615
4294.6	2647
4296.123	2647
4297.646	2612
4299.168	2630
4300.691	2619
4302.214	2561
4303.736	2619
4305.257	2575
4306.778	2536
4308.299	2606
4309.82	2585
4311.34	2550
4312.86	2611
4314.379	2581
