400.0745	4051
402.597	4058
405.1208	4055
407.6419	4133
410.1623	4072
412.6819	4032
415.201	4102
417.7172	4117
420.2369	4124
422.7538	4164
425.2701	4241
427.7856	4218
430.3005	4254
432.8147	4298
435.3282	4278
437.841	4269
440.3511	4345
442.8625	4272
445.3753	4320
447.8854	4352
450.3927	4227
452.9014	4330
455.4073	4351
457.9146	4279
460.4233	4331
462.9272	4300
465.4325	4233
467.935	4319
470.4389	4341
472.9421	4246
475.4446	4315
477.9444	4300
480.4456	4280
482.944	4411
485.4417	4394
487.9429	4426
490.4393	4291
492.935	4460
495.4321	4409
497.9264	4307
500.4221	4435
502.9171	4370
505.4094	4523
507.9011	4475
510.392	4506
512.8864	4412
515.3759	4413
517.8649	4437
520.3531	4378
522.8406	4472
525.3275	4438
527.8178	4438
530.3033	4421
532.7881	4483
535.2723	4453
537.7558	4549
540.2407	4557
542.7228	4521
545.2043	4476
547.6851	4544
550.1652	4443
552.6467	4478
555.1255	4449
557.6016	4469
560.079	4517
562.5557	4606
565.0318	4560
567.5092	4637
569.984	4646
572.456	4510
574.9294	4667
577.4022	4745
579.8762	4691
582.3456	4651
584.8163	4689
587.2863	4697
589.7557	4722
592.2224	4677
594.6924	4724
597.1578	4682
599.6245	4675
602.0905	4585
604.5538	4648
607.0206	4620
609.4825	4690
611.9459	4695
614.4066	4603
616.8686	4672
619.33	4632
621.7906	4645
624.2487	4596
626.708	4633
629.1647	4687
631.6207	4611
634.0801	4730
636.5348	4740
638.9888	4695
641.4442	4586
643.8969	4758
646.3509	4738
648.8022	4648
651.255	4729
653.705	4719
656.1544	4665
658.6031	4716
661.0532	4866
663.5026	4796
665.9493	4791
668.3954	4830
670.8409	4595
673.2877	4760
675.7318	4697
678.1752	4848
680.618	4745
683.0601	4726
685.5035	4895
687.9444	4853
690.3845	4777
692.824	4792
695.2628	4838
697.701	4806
700.1406	4777
702.5774	4868
705.0116	4842
707.4472	4736
709.8821	4919
712.3183	4934
714.7519	4956
717.1829	4947
719.6151	4954
722.0468	4779
724.4777	4932
726.908	4948
729.3377	4936
731.7667	4815
734.1931	5038
736.6208	4968
739.0498	4977
741.4742	5022
743.9	5003
746.3231	5014
748.7476	5043
751.1713	5003
753.5945	5064
756.015	5124
758.4368	5126
760.856	5068
763.2766	5115
765.6965	5112
768.1157	5162
770.5323	5190
772.9483	5177
775.3656	5079
777.7822	5107
780.1963	5117
782.6116	5125
785.0244	5106
787.4365	5234
789.8499	5061
792.2626	5202
794.6728	5154
797.0823	5117
799.4911	5184
801.8994	5104
804.3109	5121
806.7178	5286
809.124	5179
811.5297	5195
813.9347	5181
816.341	5161
818.7447	5159
821.1478	5205
823.5502	5350
825.952	5193
828.3531	5291
830.7556	5149
833.1554	5302
835.5546	5292
837.9532	5283
840.3511	5396
842.7504	5247
845.1451	5247
847.5411	5259
849.9365	5302
852.3312	5367
854.7272	5323
857.1187	5301
859.5115	5270
861.9037	5414
864.2952	5311
866.6842	5326
869.0764	5325
871.4661	5353
873.8531	5313
876.2415	5305
878.6272	5243
881.0162	5261
883.4026	5402
885.7866	5359
888.1717	5336
890.5543	5315
892.9382	5283
895.3215	5274
897.7041	5363
900.0842	5225
902.4655	5383
904.8443	5362
907.2244	5352
909.6039	5382
911.9808	5399
914.357	5461
916.7346	5468
919.1115	5483
921.4859	5566
923.8616	5593
926.2347	5466
928.6071	5627
930.979	5626
933.3541	5638
935.7247	5643
938.0946	5477
940.4639	5565
942.8326	5629
945.2026	5676
947.5701	5743
949.9369	5846
952.305	5889
954.6705	6065
957.0355	6307
959.4017	6523
961.7654	6455
964.1284	6517
966.4908	6268
968.8527	6186
971.2138	5900
973.5743	5880
975.9343	5640
978.2936	5605
980.6522	5618
983.0122	5533
985.3696	5510
987.7245	5523
990.0807	5558
992.4362	5388
994.7911	5558
997.1474	5534
999.4991	5508
1001.852	5471
1004.205	5486
1006.555	5565
1008.908	5462
1011.258	5456
1013.606	5579
1015.956	5498
1018.302	5512
1020.652	5617
1022.998	5558
1025.345	5631
1027.691	5501
1030.035	5480
1032.378	5515
1034.724	5553
1037.066	5596
1039.409	5629
1041.75	5788
1044.092	5575
1046.433	5685
1048.771	5668
1051.112	5580
1053.449	5633
1055.786	5591
1058.124	5782
1060.462	5666
1062.797	5729
1065.131	5679
1067.467	5713
1069.8	5727
1072.135	5708
1074.467	5643
1076.798	5709
1079.129	5660
1081.459	5738
1083.792	5628
1086.121	5683
1088.449	5653
1090.777	5594
1093.104	5587
1095.431	5697
1097.759	5625
1100.084	5704
1102.408	5701
1104.732	5530
1107.056	5624
1109.379	5612
1111.701	5698
1114.022	5613
1116.343	5623
1118.664	5655
1120.983	5652
1123.303	5603
1125.621	5760
1127.939	5724
1130.256	5679
1132.573	5751
1134.889	5649
1137.205	5704
1139.52	5653
1141.832	5726
1144.146	5722
1146.461	5556
1148.771	5662
1151.083	5699
1153.392	5550
1155.703	5614
1158.011	5684
1160.323	5662
1162.629	5683
1164.938	5579
1167.243	5655
1169.55	5740
1171.857	5549
1174.163	5638
1176.466	5740
1178.769	5656
1181.073	5789
1183.374	5707
1185.677	5714
1187.979	5649
1190.279	5660
1192.578	5612
1194.878	5614
1197.178	5714
1199.476	5667
1201.772	5674
1204.068	5728
1206.366	5655
1208.663	5770
1210.957	5731
1213.251	5783
1215.544	5707
1217.836	5693
1220.128	5695
1222.421	5747
1224.712	5705
1227.002	5891
1229.292	5678
1231.581	5778
1233.871	5861
1236.159	5832
1238.446	5879
1240.732	5828
1243.018	5855
1245.304	5854
1247.59	5926
1249.874	5888
1252.156	5938
1254.439	5786
1256.721	5814
1259.005	5960
1261.286	5892
1263.565	5894
1265.845	5845
1268.125	5938
1270.403	5835
1272.682	5923
1274.959	5974
1277.234	5866
1279.511	5889
1281.787	5950
1284.062	5888
1286.337	5796
1288.609	5799
1290.882	5830
1293.153	5697
1295.428	5934
1297.698	5829
1299.969	5858
1302.237	5717
1304.507	5771
1306.777	5897
1309.044	5815
1311.312	5795
1313.578	5868
1315.844	5885
1318.109	5764
1320.375	5827
1322.638	5783
1324.903	5840
1327.165	5783
1329.427	5809
1331.69	5902
1333.952	5894
1336.212	5842
1338.471	5938
1340.73	5950
1342.988	5773
1345.248	5751
1347.505	5881
1349.763	5858
1352.019	5822
1354.274	5843
1356.53	5799
1358.784	5777
1361.038	5825
1363.291	5894
1365.543	5877
1367.797	5816
1370.048	5809
1372.296	5792
1374.546	5874
1376.796	5912
1379.045	5886
1381.295	5822
1383.542	5892
1385.787	5796
1388.034	5937
1390.28	5876
1392.527	6063
1394.772	5963
1397.014	5999
1399.258	5960
1401.501	5959
1403.741	6061
1405.985	5973
1408.226	5960
1410.465	5983
1412.705	5979
1414.943	6047
1417.184	6026
1419.42	5954
1421.658	5971
1423.894	5966
1426.13	6046
1428.366	6051
1430.602	6008
1432.835	6023
1435.069	6208
1437.301	6020
1439.535	6073
1441.767	6079
1443.997	6135
1446.229	6172
1448.458	6096
1450.687	6075
1452.916	6100
1455.146	6055
1457.372	6196
1459.599	6062
1461.824	6032
1464.051	6062
1466.277	6095
1468.501	6058
1470.725	6111
1472.948	6042
1475.17	5957
1477.393	5906
1479.614	6040
1481.837	5921
1484.057	5935
1486.276	5892
1488.497	5879
1490.715	5910
1492.932	5888
1495.148	5797
1497.364	5840
1499.58	5881
1501.798	5870
1504.012	5720
1506.227	5876
1508.44	5800
1510.653	5874
1512.866	5841
1515.078	5780
1517.289	5760
1519.5	5761
1521.711	5857
1523.92	5868
1526.13	5851
1528.338	5750
1530.544	5813
1532.752	5873
1534.959	5918
1537.165	5742
1539.371	5889
1541.574	5790
1543.779	5796
1545.983	5942
1548.187	5878
1550.39	5875
1552.59	5848
1554.792	5979
1556.991	5937
1559.19	5906
1561.392	5929
1563.59	5866
1565.789	6001
1567.986	5928
1570.182	5886
1572.381	5926
1574.576	5902
1576.771	6051
1578.966	5811
1581.16	5914
1583.354	6059
1585.546	5984
1587.74	6017
1589.931	5992
1592.121	6132
1594.311	6075
1596.502	6019
1598.693	6014
1600.881	6080
1603.069	6084
1605.256	6019
1607.445	5945
1609.631	6057
1611.816	6125
1614.001	6089
1616.186	6068
1618.37	6044
1620.555	6146
1622.737	6007
1624.919	6032
1627.101	5952
1629.282	6110
1631.463	6094
1633.643	6121
1635.822	6055
1638.001	6142
1640.179	6181
1642.359	6062
1644.534	6086
1646.711	6103
1648.887	6091
1651.062	6038
1653.235	6056
1655.412	6156
1657.586	6026
1659.757	6063
1661.93	6173
1664.1	5995
1666.274	6202
1668.445	6060
1670.614	6187
1672.784	6057
1674.951	6103
1677.12	6096
1679.289	6143
1681.457	6124
1683.622	6124
1685.789	6142
1687.953	6160
1690.121	6086
1692.284	6115
1694.447	6174
1696.611	5974
1698.772	6143
1700.935	6132
1703.098	6052
1705.258	6105
1707.417	6022
1709.576	5865
1711.736	5813
1713.896	5942
1716.053	5937
1718.21	6040
1720.366	5994
1722.522	6006
1724.68	5994
1726.835	6000
1728.989	5911
1731.142	5958
1733.295	6031
1735.449	6017
1737.601	5875
1739.753	5958
1741.903	5945
1744.054	6083
1746.203	5914
1748.354	5989
1750.503	6052
1752.651	5903
1754.798	5987
1756.944	6049
1759.092	5960
1761.238	6115
1763.383	6090
1765.528	6002
1767.672	5992
1769.814	6054
1771.959	5984
1774.102	6019
1776.242	6004
1778.384	5949
1780.525	6073
1782.665	6124
1784.805	5983
1786.945	6104
1789.082	6012
1791.22	6056
1793.36	6041
1795.495	5919
1797.632	6068
1799.766	6169
1801.902	6041
1804.035	6103
1806.172	6001
1808.304	6171
1810.436	5873
1812.569	6049
1814.699	6104
1816.833	6022
1818.963	6093
1821.092	6053
1823.222	6026
1825.35	6025
1827.478	6009
1829.608	6087
1831.734	5959
1833.86	6132
1835.986	6004
1838.11	6000
1840.238	6056
1842.362	5985
1844.485	6003
1846.608	6139
1848.73	6027
1850.853	6036
1852.974	6101
1855.097	5961
1857.217	6000
1859.336	5991
1861.455	5989
1863.576	6087
1865.693	6019
1867.811	6006
1869.926	6055
1872.042	5893
1874.16	6030
1876.275	5919
1878.39	5955
1880.504	5992
1882.618	6100
1884.731	5998
1886.843	6039
1888.956	6014
1891.067	6060
1893.178	6080
1895.287	5987
1897.399	5970
1899.508	5977
1901.617	6024
1903.724	5877
1905.832	6023
1907.941	6067
1910.046	6067
1912.152	5970
1914.256	6044
1916.361	6077
1918.464	6009
1920.57	5994
1922.672	6016
1924.775	6138
1926.876	6053
1928.978	6069
1931.08	6064
1933.181	6169
1935.28	6137
1937.38	6067
1939.478	6145
1941.577	6134
1943.675	5997
1945.771	6135
1947.867	6186
1949.964	6060
1952.058	6107
1954.154	6067
1956.248	6071
1958.343	6105
1960.435	6179
1962.527	6057
1964.62	6039
1966.711	6096
1968.802	6066
1970.892	6041
1972.983	6017
1975.072	6062
1977.162	6064
1979.25	6062
1981.337	5975
1983.424	6033
1985.51	6107
1987.598	5990
1989.683	5932
1991.768	6074
1993.852	6109
1995.934	6158
1998.019	6001
2000.102	5961
2002.184	5987
2004.266	6072
2006.347	6077
2008.427	5991
2010.508	6040
2012.587	6032
2014.666	6202
2016.745	6000
2018.821	5998
2020.9	6047
2022.977	6039
2025.052	6033
2027.128	6070
2029.204	5990
2031.277	6094
2033.353	6003
2035.425	6083
2037.499	6052
2039.57	6061
2041.642	5984
2043.714	6026
2045.786	6120
2047.855	6006
2049.925	6096
2051.993	6084
2054.064	6108
2056.132	6118
2058.2	6055
2060.266	6086
2062.332	6177
2064.398	6025
2066.465	6087
2068.529	6082
2070.592	6034
2072.657	6136
2074.719	5878
2076.783	6023
2078.845	6021
2080.907	6078
2082.968	6071
2085.028	6008
2087.087	6117
2089.148	6152
2091.207	6046
2093.264	6012
2095.322	6110
2097.379	6062
2099.439	6033
2101.495	6099
2103.55	6052
2105.605	6045
2107.658	6120
2109.713	6072
2111.767	6023
2113.82	6004
2115.872	6032
2117.924	6145
2119.975	5949
2122.028	5957
2124.078	6064
2126.126	6072
2128.176	5970
2130.225	6069
2132.275	6145
2134.321	6035
2136.368	6135
2138.415	6065
2140.461	6198
2142.505	6174
2144.552	6015
2146.597	6092
2148.64	6104
2150.684	6083
2152.725	6025
2154.77	6113
2156.811	6090
2158.852	6110
2160.894	5931
2162.933	6127
2164.973	6061
2167.013	6037
2169.051	5987
2171.089	5968
2173.126	6074
2175.164	6179
2177.201	6120
2179.236	6059
2181.273	6081
2183.307	5937
2185.341	6013
2187.377	5994
2189.41	6016
2191.442	6087
2193.473	5995
2195.506	6132
2197.539	6002
2199.569	5983
2201.598	5999
2203.628	5969
2205.656	5908
2207.686	6015
2209.716	5944
2211.743	6051
2213.769	6081
2215.796	6019
2217.821	6039
2219.848	5878
2221.873	5952
2223.897	5964
2225.921	6051
2227.944	5963
2229.967	5940
2231.991	5935
2234.011	5981
2236.032	5935
2238.053	6006
2240.073	5855
2242.094	5968
2244.114	5960
2246.131	5971
2248.149	5959
2250.167	5951
2252.186	5919
2254.201	6054
2256.218	5929
2258.233	6024
2260.247	5915
2262.262	6033
2264.278	5983
2266.29	5962
2268.303	5881
2270.315	6049
2272.327	6044
2274.341	5990
2276.35	5911
2278.361	5826
2280.37	6024
2282.38	5973
2284.388	6027
2286.397	6006
2288.405	5980
2290.412	5918
2292.419	5953
2294.425	6004
2296.431	6034
2298.437	6013
2300.441	5919
2302.445	5991
2304.449	5869
2306.453	5891
2308.455	5973
2310.457	5918
2312.459	6052
2314.46	6029
2316.46	5961
2318.461	5922
2320.46	5887
2322.458	5910
2324.458	5885
2326.456	5953
2328.455	5905
2330.451	5942
2332.447	5858
2334.443	5922
2336.438	5792
2338.433	5856
2340.429	5818
2342.422	5873
2344.416	5917
2346.408	5846
2348.399	5863
2350.393	5899
2352.384	5893
2354.375	5923
2356.365	5794
2358.355	5921
2360.344	5821
2362.333	5829
2364.322	5716
2366.309	5798
2368.295	5860
2370.282	5820
2372.27	5855
2374.256	5830
2376.24	6030
2378.225	5851
2380.208	5772
2382.194	5834
2384.177	5833
2386.159	5822
2388.142	5750
2390.122	5804
2392.105	5763
2394.085	5717
2396.066	5773
2398.044	5789
2400.024	5867
2402.002	5693
2403.982	5788
2405.959	5827
2407.935	5782
2409.913	5778
2411.888	5640
2413.865	5764
2415.84	5733
2417.814	5685
2419.788	5751
2421.762	5775
2423.735	5624
2425.708	5788
2427.68	5661
2429.651	5731
2431.623	5761
2433.593	5754
2435.564	5641
2437.533	5662
2439.502	5811
2441.47	5810
2443.438	5649
2445.406	5749
2447.373	5569
2449.34	5664
2451.305	5585
2453.271	5718
2455.235	5677
2457.201	5731
2459.165	5677
2461.129	5716
2463.092	5713
2465.054	5796
2467.018	5634
2468.978	5747
2470.939	5638
2472.899	5719
2474.86	5598
2476.819	5596
2478.778	5621
2480.737	5667
2482.695	5597
2484.653	5616
2486.609	5646
2488.567	5578
2490.524	5606
2492.478	5699
2494.433	5565
2496.387	5586
2498.343	5640
2500.297	5570
2502.249	5581
2504.202	5616
2506.153	5601
2508.105	5689
2510.057	5501
2512.008	5608
2513.957	5689
2515.906	5531
2517.855	5613
2519.805	5651
2521.754	5637
2523.7	5669
2525.647	5662
2527.594	5653
2529.54	5496
2531.486	5626
2533.431	5572
2535.376	5489
2537.32	5460
2539.263	5584
2541.207	5499
2543.151	5405
2545.093	5483
2547.034	5582
2548.975	5532
2550.917	5444
2552.856	5460
2554.796	5536
2556.735	5610
2558.673	5478
2560.611	5552
2562.55	5512
2564.487	5679
2566.424	5558
2568.36	5572
2570.296	5625
2572.232	5432
2574.167	5681
2576.101	5463
2578.035	5638
2579.969	5478
2581.902	5527
2583.834	5524
2585.766	5484
2587.698	5547
2589.628	5518
2591.557	5417
2593.489	5539
2595.419	5611
2597.348	5475
2599.275	5587
2601.204	5490
2603.131	5465
2605.059	5578
2606.986	5540
2608.911	5595
2610.837	5495
2612.76	5613
2614.687	5542
2616.61	5499
2618.534	5585
2620.457	5555
2622.38	5492
2624.302	5517
2626.225	5411
2628.145	5652
2630.067	5566
2631.986	5489
2633.906	5614
2635.827	5533
2637.745	5651
2639.662	5558
2641.581	5479
2643.498	5568
2645.415	5481
2647.331	5505
2649.248	5554
2651.163	5508
2653.077	5474
2654.993	5552
2656.906	5503
2658.821	5579
2660.733	5501
2662.646	5532
2664.557	5451
2666.47	5489
2668.381	5535
2670.291	5536
2672.201	5432
2674.11	5601
2676.021	5496
2677.929	5504
2679.837	5558
2681.745	5472
2683.652	5419
2685.56	5553
2687.466	5441
2689.371	5512
2691.276	5550
2693.181	5510
2695.085	5526
2696.991	5561
2698.893	5402
2700.796	5441
2702.698	5478
2704.601	5436
2706.502	5534
2708.404	5454
2710.304	5456
2712.203	5434
2714.103	5358
2716.003	5492
2717.902	5427
2719.8	5461
2721.697	5434
2723.594	5339
2725.49	5496
2727.389	5458
2729.283	5428
2731.179	5432
2733.073	5410
2734.968	5481
2736.863	5447
2738.757	5404
2740.649	5364
2742.541	5379
2744.433	5412
2746.324	5339
2748.216	5274
2750.107	5397
2751.997	5440
2753.886	5334
2755.776	5405
2757.666	5487
2759.553	5382
2761.44	5350
2763.327	5397
2765.215	5449
2767.102	5352
2768.988	5467
2770.873	5362
2772.757	5346
2774.641	5272
2776.525	5474
2778.41	5357
2780.292	5346
2782.175	5354
2784.057	5426
2785.938	5315
2787.821	5311
2789.701	5356
2791.581	5284
2793.461	5351
2795.34	5316
2797.219	5391
2799.099	5337
2800.975	5273
2802.853	5374
2804.73	5303
2806.606	5307
2808.484	5372
2810.358	5375
2812.233	5278
2814.108	5327
2815.981	5394
2817.857	5269
2819.73	5288
2821.602	5269
2823.474	5325
2825.346	5360
2827.217	5257
2829.089	5332
2830.959	5384
2832.829	5306
2834.698	5331
2836.567	5495
2838.436	5364
2840.305	5316
2842.172	5381
2844.04	5326
2845.905	5210
2847.772	5413
2849.639	5432
2851.503	5463
2853.369	5452
2855.232	5572
2857.096	5409
2858.961	5445
2860.824	5524
2862.686	5445
2864.547	5508
2866.41	5593
2868.272	5471
2870.132	5529
2871.992	5439
2873.851	5613
2875.711	5544
2877.57	5763
2879.429	5696
2881.287	5661
2883.144	5655
2885.001	5785
2886.857	5731
2888.714	5737
2890.57	5720
2892.425	5719
2894.279	5718
2896.133	5824
2897.987	5699
2899.842	5699
2901.694	5768
2903.547	5711
2905.397	5628
2907.249	5759
2909.101	5626
2910.952	5704
2912.802	5635
2914.652	5825
2916.5	5918
2918.35	5898
2920.198	5952
2922.045	5884
2923.893	5817
2925.74	5959
2927.585	5940
2929.433	5954
2931.279	6090
2933.123	5956
2934.968	5970
2936.811	6131
2938.656	6096
2940.5	6280
2942.342	6219
2944.185	6353
2946.026	6228
2947.87	6269
2949.71	6321
2951.549	6178
2953.39	6321
2955.229	6179
2957.069	6184
2958.908	6121
2960.746	6117
2962.584	6100
2964.421	5973
2966.257	6133
2968.094	6002
2969.931	5962
2971.766	5862
2973.601	5807
2975.435	5775
2977.27	5760
2979.105	5739
2980.938	5895
2982.77	5682
2984.602	5573
2986.434	5605
2988.267	5604
2990.097	5476
2991.927	5573
2993.757	5592
2995.587	5528
2997.417	5411
2999.246	5476
3001.074	5380
3002.902	5451
3004.729	5357
3006.556	5260
3008.384	5225
3010.21	5195
3012.036	5201
3013.861	5262
3015.684	5181
3017.51	5146
3019.334	5125
3021.157	5134
3022.981	5166
3024.802	5050
3026.624	5074
3028.448	5008
3030.267	5050
3032.088	4998
3033.909	5126
3035.728	5016
3037.549	4972
3039.368	4886
3041.186	5053
3043.004	5010
3044.821	4968
3046.64	5041
3048.455	5019
3050.272	4949
3052.087	5017
3053.903	4911
3055.717	4908
3057.534	4926
3059.347	4828
3061.16	4934
3062.974	4987
3064.785	4984
3066.598	4847
3068.411	5009
3070.222	4927
3072.032	4945
3073.844	4850
3075.653	4890
3077.463	4942
3079.272	4825
3081.08	4863
3082.889	4795
3084.697	4862
3086.505	4800
3088.312	4868
3090.118	4852
3091.924	4865
3093.729	4846
3095.535	4776
3097.34	4858
3099.144	4788
3100.947	4806
3102.75	4791
3104.553	4812
3106.357	4810
3108.159	4832
3109.961	4752
3111.762	4728
3113.562	4906
3115.365	4721
3117.164	4834
3118.964	4801
3120.761	4775
3122.56	4737
3124.36	4708
3126.158	4760
3127.954	4787
3129.75	4805
3131.547	4730
3133.343	4690
3135.139	4683
3136.934	4724
3138.729	4732
3140.522	4787
3142.317	4689
3144.11	4679
3145.904	4700
3147.695	4650
3149.488	4711
3151.28	4599
3153.07	4675
3154.863	4689
3156.652	4652
3158.441	4674
3160.231	4665
3162.019	4611
3163.81	4676
3165.597	4665
3167.384	4612
3169.172	4670
3170.958	4739
3172.745	4629
3174.532	4585
3176.317	4645
3178.101	4693
3179.885	4671
3181.67	4582
3183.455	4667
3185.238	4611
3187.02	4655
3188.802	4725
3190.585	4661
3192.368	4625
3194.149	4735
3195.929	4704
3197.709	4658
3199.489	4520
3201.268	4623
3203.048	4613
3204.826	4634
3206.604	4479
3208.382	4650
3210.159	4560
3211.937	4544
3213.713	4606
3215.489	4519
3217.263	4593
3219.038	4717
3220.815	4562
3222.589	4494
3224.363	4641
3226.136	4550
3227.908	4577
3229.681	4516
3231.454	4542
3233.226	4596
3234.996	4545
3236.767	4616
3238.538	4561
3240.308	4512
3242.078	4500
3243.847	4665
3245.615	4463
3247.384	4526
3249.15	4560
3250.92	4553
3252.686	4483
3254.453	4612
3256.218	4525
3257.984	4455
3259.75	4508
3261.515	4632
3263.279	4559
3265.044	4571
3266.806	4521
3268.57	4502
3270.334	4622
3272.095	4581
3273.856	4541
3275.619	4551
3277.379	4535
3279.14	4627
3280.9	4517
3282.661	4608
3284.419	4643
3286.178	4602
3287.937	4495
3289.695	4526
3291.453	4521
3293.21	4554
3294.967	4582
3296.723	4476
3298.48	4566
3300.235	4571
3301.99	4455
3303.744	4513
3305.498	4478
3307.253	4580
3309.006	4549
3310.759	4602
3312.511	4538
3314.263	4540
3316.017	4466
3317.768	4553
3319.519	4515
3321.268	4579
3323.018	4543
3324.767	4492
3326.518	4444
3328.267	4477
3330.014	4529
3331.762	4470
3333.509	4457
3335.258	4449
3337.003	4480
3338.75	4490
3340.496	4482
3342.24	4458
3343.987	4543
3345.732	4433
3347.475	4503
3349.219	4452
3350.961	4502
3352.705	4501
3354.448	4482
3356.19	4459
3357.931	4470
3359.672	4482
3361.412	4463
3363.155	4446
3364.894	4452
3366.633	4339
3368.372	4480
3370.11	4412
3371.849	4448
3373.588	4510
3375.325	4382
3377.061	4495
3378.799	4455
3380.534	4484
3382.271	4350
3384.006	4385
3385.741	4485
3387.475	4457
3389.209	4382
3390.944	4403
3392.677	4380
3394.409	4403
3396.143	4426
3397.874	4366
3399.606	4415
3401.338	4377
3403.069	4366
3404.799	4384
3406.528	4369
3408.258	4325
3409.988	4330
3411.717	4372
3413.445	4420
3415.173	4288
3416.899	4328
3418.626	4385
3420.354	4425
3422.08	4358
3423.806	4337
3425.531	4276
3427.255	4325
3428.981	4345
3430.705	4383
3432.429	4396
3434.151	4197
3435.875	4294
3437.599	4279
3439.321	4279
3441.042	4326
3442.763	4348
3444.483	4221
3446.204	4251
3447.926	4327
3449.645	4227
3451.364	4224
3453.082	4156
3454.801	4205
3456.52	4199
3458.238	4193
3459.954	4182
3461.671	4218
3463.387	4172
3465.104	4244
3466.82	4229
3468.534	4179
3470.25	4177
3471.963	4156
3473.676	4121
3475.392	4210
3477.104	4153
3478.817	4132
3480.528	4233
3482.241	4127
3483.954	4101
3485.664	4133
3487.374	4076
3489.084	4156
3490.795	4076
3492.504	4099
3494.214	4106
3495.922	4116
3497.63	4104
3499.338	4092
3501.045	4073
3502.753	4121
3504.459	4216
3506.166	4102
3507.871	4076
3509.576	4093
3511.283	4073
3512.987	4117
3514.691	4105
3516.395	4140
3518.098	4025
3519.8	4009
3521.504	4000
3523.206	4035
3524.908	4104
3526.609	4047
3528.309	4026
3530.011	4025
3531.711	3973
3533.411	4057
3535.109	4108
3536.808	3980
3538.507	4068
3540.206	3985
3541.904	4029
3543.601	4087
3545.297	3963
3546.994	3970
3548.69	3992
3550.387	3912
3552.081	4014
3553.776	3997
3555.47	3942
3557.166	3934
3558.859	3998
3560.553	4090
3562.245	3979
3563.938	3894
3565.629	3962
3567.322	3937
3569.014	3973
3570.704	3888
3572.394	3964
3574.084	3975
3575.775	3974
3577.464	3938
3579.152	3959
3580.842	3945
3582.529	3969
3584.216	3980
3585.905	4055
3587.591	3939
3589.279	3901
3590.964	3906
3592.649	3907
3594.336	3859
3596.021	3797
3597.705	3911
3599.388	3912
3601.072	3817
3602.757	3764
3604.439	3848
3606.122	3844
3607.803	3869
3609.485	3914
3611.167	3781
3612.849	3837
3614.529	3886
3616.208	3773
3617.888	3798
3619.567	3803
3621.247	3808
3622.926	3886
3624.603	3803
3626.281	3745
3627.958	3759
3629.635	3793
3631.312	3777
3632.989	3690
3634.665	3864
3636.339	3736
3638.014	3739
3639.691	3780
3641.364	3753
3643.038	3724
3644.71	3667
3646.384	3697
3648.058	3650
3649.729	3800
3651.402	3782
3653.073	3704
3654.744	3739
3656.414	3656
3658.085	3674
3659.755	3790
3661.424	3731
3663.094	3759
3664.762	3722
3666.431	3808
3668.099	3716
3669.766	3659
3671.433	3666
3673.099	3763
3674.768	3663
3676.433	3626
3678.098	3737
3679.763	3627
3681.428	3605
3683.093	3675
3684.757	3727
3686.421	3634
3688.083	3663
3689.746	3682
3691.408	3744
3693.071	3593
3694.733	3656
3696.394	3606
3698.054	3670
3699.715	3676
3701.375	3665
3703.036	3500
3704.695	3542
3706.354	3613
3708.012	3602
3709.67	3554
3711.329	3630
3712.987	3601
3714.644	3645
3716.299	3555
3717.955	3585
3719.613	3613
3721.268	3596
3722.923	3621
3724.577	3554
3726.231	3661
3727.885	3577
3729.539	3579
3731.192	3513
3732.845	3647
3734.497	3581
3736.149	3594
3737.802	3611
3739.453	3644
3741.104	3525
3742.753	3508
3744.404	3505
3746.052	3635
3747.704	3517
3749.352	3498
3751	3615
3752.648	3571
3754.296	3523
3755.944	3501
3757.59	3471
3759.238	3627
3760.883	3460
3762.528	3504
3764.176	3546
3765.82	3556
3767.464	3474
3769.109	3501
3770.753	3508
3772.396	3527
3774.04	3469
3775.683	3490
3777.325	3519
3778.967	3473
3780.608	3512
3782.25	3476
3783.89	3540
3785.531	3489
3787.17	3458
3788.81	3440
3790.45	3384
3792.09	3479
3793.729	3488
3795.366	3487
3797.003	3507
3798.64	3459
3800.278	3421
3801.915	3442
3803.551	3473
3805.187	3399
3806.822	3401
3808.458	3386
3810.093	3378
3811.726	3418
3813.36	3463
3814.994	3420
3816.627	3372
3818.262	3340
3819.893	3315
3821.525	3416
3823.157	3425
3824.787	3360
3826.42	3406
3828.051	3317
3829.68	3396
3831.31	3345
3832.938	3385
3834.569	3406
3836.198	3345
3837.825	3352
3839.454	3355
3841.08	3323
3842.708	3349
3844.335	3312
3845.962	3394
3847.587	3300
3849.212	3357
3850.838	3400
3852.463	3332
3854.089	3314
3855.712	3323
3857.335	3339
3858.959	3308
3860.582	3296
3862.205	3317
3863.827	3303
3865.449	3345
3867.07	3368
3868.691	3293
3870.312	3240
3871.933	3266
3873.553	3286
3875.173	3326
3876.792	3324
3878.411	3277
3880.03	3251
3881.647	3300
3883.265	3357
3884.882	3277
3886.499	3281
3888.116	3339
3889.732	3305
3891.348	3327
3892.964	3241
3894.579	3269
3896.195	3257
3897.809	3209
3899.423	3344
3901.036	3268
3902.648	3361
3904.261	3236
3905.875	3255
3907.487	3300
3909.099	3261
3910.709	3251
3912.321	3251
3913.933	3261
3915.542	3247
3917.152	3237
3918.762	3194
3920.37	3216
3921.98	3224
3923.589	3228
3925.196	3240
3926.804	3253
3928.41	3246
3930.018	3217
3931.626	3211
3933.231	3266
3934.838	3290
3936.442	3180
3938.046	3252
3939.653	3284
3941.257	3188
3942.861	3209
3944.464	3212
3946.068	3218
3947.67	3142
3949.273	3186
3950.876	3176
3952.477	3193
3954.078	3203
3955.678	3154
3957.281	3157
3958.881	3156
3960.48	3136
3962.079	3268
3963.678	3222
3965.279	3208
3966.877	3094
3968.475	3146
3970.072	3159
3971.669	3127
3973.266	3138
3974.864	3147
3976.459	3127
3978.055	3162
3979.65	3106
3981.245	3121
3982.841	3199
3984.436	3099
3986.03	3076
3987.623	3066
3989.216	3158
3990.809	3153
3992.403	3052
3993.995	3073
3995.586	3068
3997.177	3115
3998.768	3052
4000.361	3060
4001.951	3076
4003.54	3077
4005.13	3024
4006.719	3062
4008.31	3085
4009.897	3027
4011.485	3007
4013.073	3039
4014.66	3116
4016.247	3038
4017.834	2973
4019.421	3055
4021.006	3038
4022.592	3058
4024.178	2944
4025.763	2997
4027.348	2982
4028.932	3007
4030.515	2982
4032.099	2989
4033.682	2962
4035.266	2960
4036.847	2986
4038.429	2941
4040.011	3018
4041.592	2954
4043.173	2973
4044.755	2964
4046.334	2986
4047.913	2951
4049.494	2956
4051.074	2963
4052.652	3006
4054.23	3042
4055.807	2909
4057.385	2925
4058.963	2990
4060.541	2887
4062.117	2984
4063.693	2994
4065.269	2968
4066.844	2973
4068.42	2933
4069.995	2974
4071.569	2980
4073.143	2932
4074.716	2908
4076.291	2932
4077.864	2892
4079.436	2924
4081.009	2851
4082.58	2847
4084.152	2860
4085.723	2886
4087.294	2870
4088.865	2913
4090.435	2927
4092.005	2914
4093.574	2925
4095.143	2953
4096.712	2924
4098.279	2883
4099.848	2861
4101.416	2875
4102.984	2905
4104.55	2874
4106.117	2879
4107.682	2875
4109.248	2847
4110.815	2853
4112.379	2792
4113.945	2884
4115.508	2776
4117.073	2881
4118.637	2882
4120.201	2844
4121.763	2857
4123.325	2840
4124.888	2842
4126.449	2800
4128.013	2824
4129.573	2849
4131.133	2864
4132.694	2779
4134.254	2797
4135.814	2797
4137.374	2804
4138.933	2868
4140.491	2776
4142.049	2756
4143.607	2763
4145.167	2823
4146.724	2784
4148.28	2762
4149.836	2795
4151.392	2809
4152.949	2763
4154.504	2784
4156.059	2751
4157.614	2788
4159.168	2753
4160.723	2759
4162.277	2752
4163.83	2780
4165.383	2815
4166.936	2733
4168.488	2706
4170.041	2722
4171.593	2794
4173.144	2694
4174.695	2760
4176.246	2669
4177.796	2756
4179.346	2720
4180.896	2739
4182.445	2736
4183.994	2690
4185.542	2776
4187.091	2688
4188.639	2713
4190.185	2702
4191.732	2626
4193.279	2739
4194.826	2693
4196.373	2731
4197.918	2647
4199.463	2719
4201.008	2716
4202.553	2653
4204.098	2686
4205.641	2702
4207.185	2623
4208.728	2654
4210.271	2669
4211.814	2661
4213.357	2689
4214.898	2712
4216.439	2672
4217.98	2651
4219.522	2599
4221.062	2655
4222.603	2729
4224.142	2638
4225.681	2655
4227.222	2629
4228.76	2606
4230.298	2645
4231.835	2653
4233.373	2637
4234.911	2535
4236.449	2669
4237.985	2620
4239.521	2619
4241.057	2593
4242.592	2574
4244.128	2646
4245.663	2611
4247.197	2634
4248.731	2582
4250.265	2606
4251.798	2572
4253.333	2620
4254.865	2579
4256.397	2618
4257.93	2606
4259.461	2653
4260.994	2575
4262.525	2622
4264.056	2613
4265.586	2575
4267.115	2553
4268.646	2664
4270.176	2596
4271.705	2557
4273.232	2604
4274.761	2571
4276.289	2579
4277.818	2531
4279.345	2553
4280.872	2566
4282.399	2575
4283.924	2578
4285.452	2611
4286.976	2560
4288.502	2546
4290.026	2531
4291.551	2571
4293.074	2560
4294.6	2544
4296.123	2484
4297.646	2595
4299.168	2526
4300.691	2533
4302.214	2496
4303.736	2524
4305.257	2517
4306.778	2478
4308.299	2529
4309.82	2550
4311.34	2548
4312.86	2489
4314.379	2510
