400.0745	3959
402.597	3970
405.1208	3997
407.6419	3957
410.1623	3980
412.6819	4020
415.201	4013
417.7172	4074
420.2369	4051
422.7538	4084
425.2701	4122
427.7856	4126
430.3005	4137
432.8147	4155
435.3282	4142
437.841	4133
440.3511	4240
442.8625	4259
445.3753	4155
447.8854	4234
450.3927	4175
452.9014	4197
455.4073	4255
457.9146	4268
460.4233	4252
462.9272	4242
465.4325	4206
467.935	4280
470.4389	4264
472.9421	4193
475.4446	4264
477.9444	4208
480.4456	4259
482.944	4316
485.4417	4292
487.9429	4352
490.4393	4252
492.935	4339
495.4321	4323
497.9264	4314
500.4221	4476
502.9171	4426
505.4094	4355
507.9011	4312
510.392	4479
512.8864	4364
515.3759	4439
517.8649	4506
520.3531	4357
522.8406	4347
525.3275	4478
527.8178	4459
530.3033	4374
532.7881	4413
535.2723	4449
537.7558	4357
540.2407	4340
542.7228	4373
545.2043	4390
547.6851	4381
550.1652	4468
552.6467	4520
555.1255	4465
557.6016	4425
560.079	4472
562.5557	4466
565.0318	4487
567.5092	4511
569.984	4566
572.456	4561
574.9294	4595
577.4022	4562
579.8762	4590
582.3456	4672
584.8163	4568
587.2863	4623
589.7557	4638
592.2224	4808
594.6924	4523
597.1578	4595
599.6245	4564
602.0905	4602
604.5538	4576
607.0206	4614
609.4825	4608
611.9459	4581
614.4066	4554
616.8686	4613
619.33	4492
621.7906	4543
624.2487	4585
626.708	4597
629.1647	4582
631.6207	4515
634.0801	4566
636.5348	4524
638.9888	4584
641.4442	4652
643.8969	4603
646.3509	4582
648.8022	4560
651.255	4650
653.705	4574
656.1544	4680
658.6031	4701
661.0532	4699
663.5026	4746
665.9493	4623
668.3954	4626
670.8409	4746
673.2877	4710
675.7318	4656
678.1752	4714
680.618	4733
683.0601	4777
685.5035	4746
687.9444	4662
690.3845	4880
692.824	4775
695.2628	4855
697.701	4675
700.1406	4773
702.5774	4836
705.0116	4798
707.4472	4816
709.8821	4791
712.3183	4766
714.7519	4820
717.1829	4726
719.6151	4797
722.0468	4827
724.4777	4886
726.908	4882
729.3377	4861
731.7667	4892
734.1931	4966
736.6208	4918
739.0498	4912
741.4742	5050
743.9	4958
746.3231	4963
748.7476	5048
751.1713	4985
753.5945	5039
756.015	5055
758.4368	5087
760.856	5039
763.2766	5036
765.6965	5047
768.1157	5146
770.5323	5134
772.9483	4983
775.3656	5059
777.7822	5096
780.1963	5083
782.6116	5156
785.0244	5024
787.4365	5085
789.8499	5085
792.2626	5029
794.6728	5125
797.0823	5070
799.4911	5214
801.8994	5109
804.3109	5174
806.7178	5071
809.124	5102
811.5297	5192
813.9347	5187
816.341	5173
818.7447	5108
821.1478	5164
823.5502	5169
825.952	5170
828.3531	5075
830.7556	5079
833.1554	5162
835.5546	5172
837.9532	5138
840.3511	5230
842.7504	5264
845.1451	5260
847.5411	5173
849.9365	5183
852.3312	5327
854.7272	5241
857.1187	5262
859.5115	5391
861.9037	5148
864.2952	5211
866.6842	5205
869.0764	5232
871.4661	5241
873.8531	5225
876.2415	5268
878.6272	5219
881.0162	5249
883.4026	5116
885.7866	5282
888.1717	5252
890.5543	5219
892.9382	5260
895.3215	5211
897.7041	5248
900.0842	5165
902.4655	5146
904.8443	5193
907.2244	5192
909.6039	5343
911.9808	5291
914.357	5340
916.7346	5337
919.1115	5278
921.4859	5283
923.8616	5440
926.2347	5401
928.6071	5398
930.979	5356
933.3541	5461
935.7247	5620
938.0946	5616
940.4639	5466
942.8326	5618
945.2026	5529
947.5701	5780
949.9369	5754
952.305	5950
954.6705	5962
957.0355	6173
959.4017	6251
961.7654	6322
964.1284	6365
966.4908	6294
968.8527	6096
971.2138	5889
973.5743	5751
975.9343	5659
978.2936	5431
980.6522	5496
983.0122	5482
985.3696	5526
987.7245	5447
990.0807	5397
992.4362	5360
994.7911	5415
997.1474	5455
999.4991	5403
1001.852	5497
1004.205	5401
1006.555	5520
1008.908	5485
1011.258	5508
1013.606	5476
1015.956	5381
1018.302	5423
1020.652	5409
1022.998	5469
1025.345	5503
1027.691	5569
1030.035	5571
1032.378	5486
1034.724	5483
1037.066	5493
1039.409	5435
1041.75	5450
1044.092	5405
1046.433	5501
1048.771	5558
1051.112	5532
1053.449	5512
1055.786	5434
1058.124	5540
1060.462	5659
1062.797	5654
1065.131	5579
1067.467	5512
1069.8	5557
1072.135	5528
1074.467	5594
1076.798	5653
1079.129	5674
1081.459	5546
1083.792	5605
1086.121	5590
1088.449	5617
1090.777	5555
1093.104	5419
1095.431	5599
1097.759	5582
1100.084	5626
1102.408	5566
1104.732	5545
1107.056	5603
1109.379	5528
1111.701	5557
1114.022	5580
1116.343	5685
1118.664	5570
1120.983	5531
1123.303	5572
1125.621	5597
1127.939	5663
1130.256	5521
1132.573	5637
1134.889	5585
1137.205	5521
1139.52	5500
1141.832	5705
1144.146	5657
1146.461	5617
1148.771	5599
1151.083	5551
1153.392	5607
1155.703	5597
1158.011	5627
1160.323	5565
1162.629	5603
1164.938	5588
1167.243	5613
1169.55	5498
1171.857	5554
1174.163	5586
1176.466	5617
1178.769	5682
1181.073	5647
1183.374	5530
1185.677	5663
1187.979	5519
1190.279	5589
1192.578	5545
1194.878	5544
1197.178	5611
1199.476	5569
1201.772	5526
1204.068	5559
1206.366	5653
1208.663	5663
1210.957	5622
1213.251	5658
1215.544	5583
1217.836	5611
1220.128	5605
1222.421	5488
1224.712	5605
1227.002	5672
1229.292	5620
1231.581	5683
1233.871	5756
1236.159	5733
1238.446	5678
1240.732	5738
1243.018	5765
1245.304	5717
1247.59	5725
1249.874	5773
1252.156	5777
1254.439	5823
1256.721	5777
1259.005	5765
1261.286	5871
1263.565	5685
1265.845	5737
1268.125	5659
1270.403	5798
1272.682	5711
1274.959	5806
1277.234	5723
1279.511	5711
1281.787	5744
1284.062	5707
1286.337	5778
1288.609	5769
1290.882	5636
1293.153	5700
1295.428	5699
1297.698	5684
1299.969	5623
1302.237	5771
1304.507	5678
1306.777	5773
1309.044	5736
1311.312	5626
1313.578	5746
1315.844	5686
1318.109	5630
1320.375	5742
1322.638	5669
1324.903	5759
1327.165	5666
1329.427	5726
1331.69	5709
1333.952	5786
1336.212	5655
1338.471	5772
1340.73	5828
1342.988	5762
1345.248	5775
1347.505	5686
1349.763	5756
1352.019	5710
1354.274	5692
1356.53	5730
1358.784	5709
1361.038	5714
1363.291	5654
1365.543	5741
1367.797	5726
1370.048	5711
1372.296	5710
1374.546	5683
1376.796	5784
1379.045	5785
1381.295	5789
1383.542	5785
1385.787	5668
1388.034	5800
1390.28	5721
1392.527	5585
1394.772	5853
1397.014	5775
1399.258	5835
1401.501	5802
1403.741	5801
1405.985	5830
1408.226	5757
1410.465	5785
1412.705	5906
1414.943	5818
1417.184	5894
1419.42	5893
1421.658	5829
1423.894	5861
1426.13	5767
1428.366	5939
1430.602	5892
1432.835	5795
1435.069	5921
1437.301	5866
1439.535	6022
1441.767	5992
1443.997	5882
1446.229	5797
1448.458	5967
1450.687	5874
1452.916	5949
1455.146	5977
1457.372	5866
1459.599	5888
1461.824	5930
1464.051	5870
1466.277	5883
1468.501	5933
1470.725	5855
1472.948	5901
1475.17	5827
1477.393	5869
1479.614	5859
1481.837	5744
1484.057	5814
1486.276	5753
1488.497	5807
1490.715	5791
1492.932	5831
1495.148	5762
1497.364	5711
1499.58	5723
1501.798	5786
1504.012	5654
1506.227	5719
1508.44	5652
1510.653	5811
1512.866	5713
1515.078	5685
1517.289	5728
1519.5	5727
1521.711	5748
1523.92	5839
1526.13	5779
1528.338	5694
1530.544	5798
1532.752	5743
1534.959	5673
1537.165	5792
1539.371	5661
1541.574	5780
1543.779	5781
1545.983	5810
1548.187	5786
1550.39	5815
1552.59	5736
1554.792	5777
1556.991	5650
1559.19	5855
1561.392	5758
1563.59	5751
1565.789	5740
1567.986	5852
1570.182	5810
1572.381	5814
1574.576	5907
1576.771	5863
1578.966	5942
1581.16	5849
1583.354	6001
1585.546	5958
1587.74	5808
1589.931	5909
1592.121	5906
1594.311	5857
1596.502	6041
1598.693	5932
1600.881	5856
1603.069	5952
1605.256	5888
1607.445	5895
1609.631	5882
1611.816	5987
1614.001	5941
1616.186	5785
1618.37	5907
1620.555	5931
1622.737	5913
1624.919	5975
1627.101	5913
1629.282	5970
1631.463	5982
1633.643	5986
1635.822	5867
1638.001	6012
1640.179	5997
1642.359	5906
1644.534	5906
1646.711	5876
1648.887	5919
1651.062	5982
1653.235	5954
1655.412	5940
1657.586	5887
1659.757	5977
1661.93	5909
1664.1	5891
1666.274	5936
1668.445	5958
1670.614	6022
1672.784	6085
1674.951	5987
1677.12	5986
1679.289	5959
1681.457	5848
1683.622	5956
1685.789	6035
1687.953	6024
1690.121	5932
1692.284	5979
1694.447	5978
1696.611	5987
1698.772	6012
1700.935	5970
1703.098	5940
1705.258	5928
1707.417	5897
1709.576	5839
1711.736	6028
1713.896	5919
1716.053	5920
1718.21	5835
1720.366	5881
1722.522	5861
1724.68	5912
1726.835	5865
1728.989	5883
1731.142	5857
1733.295	5883
1735.449	5863
1737.601	5923
1739.753	5905
1741.903	5833
1744.054	5939
1746.203	6023
1748.354	5855
1750.503	5861
1752.651	5872
1754.798	5980
1756.944	5923
1759.092	6039
1761.238	5811
1763.383	6044
1765.528	5990
1767.672	5941
1769.814	5980
1771.959	5937
1774.102	6024
1776.242	5990
1778.384	5915
1780.525	6026
1782.665	5940
1784.805	5909
1786.945	5881
1789.082	5953
1791.22	5955
1793.36	5985
1795.495	6000
1797.632	5976
1799.766	6014
1801.902	5970
1804.035	6047
1806.172	5905
1808.304	5935
1810.436	5981
1812.569	6037
1814.699	6000
1816.833	5968
1818.963	5920
1821.092	5947
1823.222	5823
1825.35	5906
1827.478	5830
1829.608	5878
1831.734	5919
1833.86	5951
1835.986	5859
1838.11	5947
1840.238	6021
1842.362	5877
1844.485	5852
1846.608	5838
1848.73	5876
1850.853	5823
1852.974	5966
1855.097	5886
1857.217	5772
1859.336	5896
1861.455	5943
1863.576	5858
1865.693	5819
1867.811	5909
1869.926	6048
1872.042	5921
1874.16	5912
1876.275	5941
1878.39	5829
1880.504	5871
1882.618	5877
1884.731	5862
1886.843	5843
1888.956	5825
1891.067	5932
1893.178	5845
1895.287	5904
1897.399	5913
1899.508	5972
1901.617	5997
1903.724	5896
1905.832	5900
1907.941	6027
1910.046	6083
1912.152	6014
1914.256	5901
1916.361	5813
1918.464	5978
1920.57	5936
1922.672	5908
1924.775	5980
1926.876	6062
1928.978	6051
1931.08	5960
1933.181	5906
1935.28	5928
1937.38	6036
1939.478	5990
1941.577	5978
1943.675	5995
1945.771	6001
1947.867	6017
1949.964	5914
1952.058	5923
1954.154	6027
1956.248	6012
1958.343	5925
1960.435	5930
1962.527	5840
1964.62	6017
1966.711	5917
1968.802	5874
1970.892	5869
1972.983	5855
1975.072	5890
1977.162	5947
1979.25	6008
1981.337	5937
1983.424	5912
1985.51	5899
1987.598	6011
1989.683	5887
1991.768	5785
1993.852	5997
1995.934	5834
1998.019	5746
2000.102	5876
2002.184	5983
2004.266	5803
2006.347	5990
2008.427	5940
2010.508	5875
2012.587	5915
2014.666	5858
2016.745	5859
2018.821	5923
2020.9	5791
2022.977	5941
2025.052	5786
2027.128	5810
2029.204	5854
2031.277	5806
2033.353	5822
2035.425	5770
2037.499	5895
2039.57	5900
2041.642	5945
2043.714	5831
2045.786	5802
2047.855	5829
2049.925	5899
2051.993	5879
2054.064	5975
2056.132	5934
2058.2	5836
2060.266	5868
2062.332	5884
2064.398	5895
2066.465	5919
2068.529	5935
2070.592	5906
2072.657	5935
2074.719	5943
2076.783	5846
2078.845	5978
2080.907	5924
2082.968	5763
2085.028	5902
2087.087	5961
2089.148	5926
2091.207	5953
2093.264	5917
2095.322	5965
2097.379	5899
2099.439	5920
2101.495	5949
2103.55	5836
2105.605	5856
2107.658	5939
2109.713	5823
2111.767	5871
2113.82	5914
2115.872	5929
2117.924	5867
2119.975	5887
2122.028	5966
2124.078	5891
2126.126	5807
2128.176	5837
2130.225	5874
2132.275	5984
2134.321	5843
2136.368	5877
2138.415	5806
2140.461	5741
2142.505	5941
2144.552	5913
2146.597	5869
2148.64	5913
2150.684	6006
2152.725	5903
2154.77	5853
2156.811	5844
2158.852	5823
2160.894	5818
2162.933	5870
2164.973	5898
2167.013	5922
2169.051	5830
2171.089	5776
2173.126	5876
2175.164	5901
2177.201	5831
2179.236	5826
2181.273	5870
2183.307	5834
2185.341	5785
2187.377	5615
2189.41	5693
2191.442	5766
2193.473	5740
2195.506	5851
2197.539	5876
2199.569	5775
2201.598	5733
2203.628	5721
2205.656	5792
2207.686	5688
2209.716	5820
2211.743	5764
2213.769	5739
2215.796	5698
2217.821	5702
2219.848	5744
2221.873	5685
2223.897	5729
2225.921	5842
2227.944	5813
2229.967	5712
2231.991	5747
2234.011	5724
2236.032	5779
2238.053	5787
2240.073	5728
2242.094	5741
2244.114	5818
2246.131	5688
2248.149	5650
2250.167	5689
2252.186	5720
2254.201	5683
2256.218	5754
2258.233	5728
2260.247	5766
2262.262	5616
2264.278	5699
2266.29	5664
2268.303	5712
2270.315	5802
2272.327	5721
2274.341	5663
2276.35	5658
2278.361	5778
2280.37	5633
2282.38	5685
2284.388	5765
2286.397	5699
2288.405	5731
2290.412	5691
2292.419	5723
2294.425	5759
2296.431	5636
2298.437	5731
2300.441	5607
2302.445	5699
2304.449	5754
2306.453	5587
2308.455	5642
2310.457	5629
2312.459	5663
2314.46	5678
2316.46	5679
2318.461	5701
2320.46	5686
2322.458	5676
2324.458	5700
2326.456	5567
2328.455	5633
2330.451	5659
2332.447	5653
2334.443	5675
2336.438	5604
2338.433	5665
2340.429	5539
2342.422	5596
2344.416	5621
2346.408	5611
2348.399	5478
2350.393	5552
2352.384	5551
2354.375	5543
2356.365	5627
2358.355	5471
2360.344	5619
2362.333	5568
2364.322	5531
2366.309	5600
2368.295	5619
2370.282	5490
2372.27	5544
2374.256	5562
2376.24	5491
2378.225	5535
2380.208	5534
2382.194	5547
2384.177	5490
2386.159	5541
2388.142	5520
2390.122	5454
2392.105	5507
2394.085	5483
2396.066	5351
2398.044	5384
2400.024	5557
2402.002	5479
2403.982	5428
2405.959	5426
2407.935	5531
2409.913	5308
2411.888	5535
2413.865	5436
2415.84	5557
2417.814	5413
2419.788	5500
2421.762	5496
2423.735	5516
2425.708	5494
2427.68	5502
2429.651	5502
2431.623	5396
2433.593	5423
2435.564	5353
2437.533	5496
2439.502	5502
2441.47	5487
2443.438	5640
2445.406	5428
2447.373	5324
2449.34	5499
2451.305	5421
2453.271	5471
2455.235	5553
2457.201	5429
2459.165	5443
2461.129	5495
2463.092	5532
2465.054	5390
2467.018	5418
2468.978	5413
2470.939	5338
2472.899	5487
2474.86	5393
2476.819	5283
2478.778	5398
2480.737	5422
2482.695	5354
2484.653	5429
2486.609	5335
2488.567	5403
2490.524	5394
2492.478	5452
2494.433	5375
2496.387	5298
2498.343	5433
2500.297	5396
2502.249	5425
2504.202	5361
2506.153	5388
2508.105	5366
2510.057	5396
2512.008	5332
2513.957	5406
2515.906	5382
2517.855	5330
2519.805	5416
2521.754	5355
2523.7	5309
2525.647	5300
2527.594	5424
2529.54	5286
2531.486	5374
2533.431	5285
2535.376	5306
2537.32	5388
2539.263	5313
2541.207	5342
2543.151	5318
2545.093	5314
2547.034	5332
2548.975	5363
2550.917	5288
2552.856	5401
2554.796	5317
2556.735	5385
2558.673	5339
2560.611	5334
2562.55	5294
2564.487	5326
2566.424	5308
2568.36	5335
2570.296	5278
2572.232	5318
2574.167	5286
2576.101	5354
2578.035	5351
2579.969	5342
2581.902	5345
2583.834	5327
2585.766	5317
2587.698	5386
2589.628	5339
2591.557	5266
2593.489	5259
2595.419	5238
2597.348	5336
2599.275	5293
2601.204	5347
2603.131	5333
2605.059	5261
2606.986	5297
2608.911	5295
2610.837	5297
2612.76	5254
2614.687	5289
2616.61	5342
2618.534	5301
2620.457	5337
2622.38	5308
2624.302	5298
2626.225	5318
2628.145	5318
2630.067	5330
2631.986	5351
2633.906	5238
2635.827	5309
2637.745	5298
2639.662	5309
2641.581	5348
2643.498	5295
2645.415	5313
2647.331	5334
2649.248	5328
2651.163	5375
2653.077	5299
2654.993	5332
2656.906	5296
2658.821	5319
2660.733	5326
2662.646	5323
2664.557	5333
2666.47	5293
2668.381	5204
2670.291	5231
2672.201	5280
2674.11	5290
2676.021	5244
2677.929	5305
2679.837	5168
2681.745	5260
2683.652	5302
2685.56	5227
2687.466	5208
2689.371	5236
2691.276	5251
2693.181	5155
2695.085	5291
2696.991	5262
2698.893	5183
2700.796	5163
2702.698	5267
2704.601	5247
2706.502	5193
2708.404	5169
2710.304	5227
2712.203	5244
2714.103	5199
2716.003	5297
2717.902	5138
2719.8	5160
2721.697	5213
2723.594	5253
2725.49	5223
2727.389	5219
2729.283	5141
2731.179	5102
2733.073	5174
2734.968	5165
2736.863	5187
2738.757	5173
2740.649	5164
2742.541	5115
2744.433	5189
2746.324	5171
2748.216	5253
2750.107	5232
2751.997	5146
2753.886	5195
2755.776	5243
2757.666	5140
2759.553	5129
2761.44	5098
2763.327	5153
2765.215	5167
2767.102	5213
2768.988	5046
2770.873	5144
2772.757	5185
2774.641	5165
2776.525	5195
2778.41	5074
2780.292	5117
2782.175	5147
2784.057	5161
2785.938	5215
2787.821	5099
2789.701	5151
2791.581	5109
2793.461	5067
2795.34	5072
2797.219	5069
2799.099	5076
2800.975	5042
2802.853	5124
2804.73	5054
2806.606	4940
2808.484	4995
2810.358	5056
2812.233	5044
2814.108	5007
2815.981	5167
2817.857	5112
2819.73	5076
2821.602	5031
2823.474	4987
2825.346	5049
2827.217	4970
2829.089	5043
2830.959	5071
2832.829	4954
2834.698	5104
2836.567	5020
2838.436	5055
2840.305	5075
2842.172	5129
2844.04	5035
2845.905	5001
2847.772	5063
2849.639	5036
2851.503	4983
2853.369	4989
2855.232	5071
2857.096	5075
2858.961	5055
2860.824	5088
2862.686	5184
2864.547	5172
2866.41	5192
2868.272	5086
2870.132	5163
2871.992	5207
2873.851	5117
2875.711	5149
2877.57	5187
2879.429	5196
2881.287	5203
2883.144	5265
2885.001	5246
2886.857	5201
2888.714	5266
2890.57	5273
2892.425	5283
2894.279	5199
2896.133	5245
2897.987	5286
2899.842	5313
2901.694	5231
2903.547	5190
2905.397	5208
2907.249	5201
2909.101	5228
2910.952	5294
2912.802	5330
2914.652	5314
2916.5	5300
2918.35	5265
2920.198	5380
2922.045	5332
2923.893	5420
2925.74	5388
2927.585	5413
2929.433	5456
2931.279	5472
2933.123	5585
2934.968	5363
2936.811	5528
2938.656	5630
2940.5	5560
2942.342	5554
2944.185	5609
2946.026	5516
2947.87	5621
2949.71	5474
2951.549	5661
2953.39	5508
2955.229	5489
2957.069	5374
2958.908	5456
2960.746	5410
2962.584	5323
2964.421	5326
2966.257	5347
2968.094	5225
2969.931	5287
2971.766	5342
2973.601	5264
2975.435	5256
2977.27	5164
2979.105	5261
2980.938	5204
2982.77	5157
2984.602	5201
2986.434	5121
2988.267	5165
2990.097	5003
2991.927	5028
2993.757	5076
2995.587	5077
2997.417	5124
2999.246	5024
3001.074	5040
3002.902	5019
3004.729	4914
3006.556	5028
3008.384	4989
3010.21	4908
3012.036	4814
3013.861	4791
3015.684	4754
3017.51	4784
3019.334	4841
3021.157	4841
3022.981	4811
3024.802	4867
3026.624	4763
3028.448	4735
3030.267	4879
3032.088	4665
3033.909	4821
3035.728	4812
3037.549	4663
3039.368	4761
3041.186	4737
3043.004	4718
3044.821	4800
3046.64	4728
3048.455	4768
3050.272	4694
3052.087	4687
3053.903	4758
3055.717	4710
3057.534	4700
3059.347	4753
3061.16	4637
3062.974	4622
3064.785	4675
3066.598	4622
3068.411	4696
3070.222	4691
3072.032	4653
3073.844	4696
3075.653	4634
3077.463	4558
3079.272	4620
3081.08	4636
3082.889	4563
3084.697	4651
3086.505	4656
3088.312	4648
3090.118	4683
3091.924	4542
3093.729	4668
3095.535	4540
3097.34	4671
3099.144	4567
3100.947	4670
3102.75	4467
3104.553	4562
3106.357	4503
3108.159	4566
3109.961	4515
3111.762	4533
3113.562	4488
3115.365	4588
3117.164	4498
3118.964	4628
3120.761	4570
3122.56	4536
3124.36	4527
3126.158	4519
3127.954	4454
3129.75	4538
3131.547	4594
3133.343	4523
3135.139	4511
3136.934	4419
3138.729	4504
3140.522	4490
3142.317	4547
3144.11	4500
3145.904	4520
3147.695	4425
3149.488	4479
3151.28	4510
3153.07	4418
3154.863	4441
3156.652	4434
3158.441	4372
3160.231	4442
3162.019	4494
3163.81	4400
3165.597	4529
3167.384	4418
3169.172	4430
3170.958	4452
3172.745	4345
3174.532	4461
3176.317	4443
3178.101	4411
3179.885	4408
3181.67	4327
3183.455	4389
3185.238	4433
3187.02	4426
3188.802	4371
3190.585	4364
3192.368	4402
3194.149	4364
3195.929	4381
3197.709	4356
3199.489	4427
3201.268	4418
3203.048	4363
3204.826	4406
3206.604	4310
3208.382	4246
3210.159	4319
3211.937	4377
3213.713	4450
3215.489	4374
3217.263	4405
3219.038	4336
3220.815	4289
3222.589	4351
3224.363	4212
3226.136	4314
3227.908	4284
3229.681	4371
3231.454	4312
3233.226	4287
3234.996	4266
3236.767	4405
3238.538	4433
3240.308	4283
3242.078	4293
3243.847	4296
3245.615	4333
3247.384	4332
3249.15	4299
3250.92	4376
3252.686	4210
3254.453	4260
3256.218	4347
3257.984	4216
3259.75	4294
3261.515	4329
3263.279	4279
3265.044	4307
3266.806	4208
3268.57	4416
3270.334	4276
3272.095	4292
3273.856	4281
3275.619	4244
3277.379	4221
3279.14	4344
3280.9	4239
3282.661	4277
3284.419	4279
3286.178	4306
3287.937	4254
3289.695	4247
3291.453	4266
3293.21	4319
3294.967	4237
3296.723	4317
3298.48	4277
3300.235	4245
3301.99	4248
3303.744	4251
3305.498	4285
3307.253	4232
3309.006	4299
3310.759	4348
3312.511	4250
3314.263	4219
3316.017	4216
3317.768	4278
3319.519	4323
3321.268	4271
3323.018	4321
3324.767	4259
3326.518	4264
3328.267	4237
3330.014	4310
3331.762	4285
3333.509	4214
3335.258	4247
3337.003	4210
3338.75	4261
3340.496	4246
3342.24	4219
3343.987	4204
3345.732	4271
3347.475	4132
3349.219	4211
3350.961	4192
3352.705	4227
3354.448	4271
3356.19	4249
3357.931	4233
3359.672	4187
3361.412	4210
3363.155	4118
3364.894	4168
3366.633	4184
3368.372	4119
3370.11	4233
3371.849	4107
3373.588	4235
3375.325	4185
3377.061	4082
3378.799	4180
3380.534	4182
3382.271	4146
3384.006	4123
3385.741	4209
3387.475	4168
3389.209	4262
3390.944	4178
3392.677	4191
3394.409	4189
3396.143	4157
3397.874	4169
3399.606	4182
3401.338	4113
3403.069	4232
3404.799	4091
3406.528	4222
3408.258	4090
3409.988	4078
3411.717	4108
3413.445	4042
3415.173	4087
3416.899	4060
3418.626	4123
3420.354	4042
3422.08	4093
3423.806	4132
3425.531	4059
3427.255	4127
3428.981	4039
3430.705	4063
3432.429	4114
3434.151	3965
3435.875	3995
3437.599	4033
3439.321	4098
3441.042	3952
3442.763	4003
3444.483	3941
3446.204	4049
3447.926	3977
3449.645	3962
3451.364	3921
3453.082	3975
3454.801	4024
3456.52	3921
3458.238	4091
3459.954	4031
3461.671	3988
3463.387	3955
3465.104	3935
3466.82	3888
3468.534	3941
3470.25	3940
3471.963	3945
3473.676	3846
3475.392	3840
3477.104	3968
3478.817	3971
3480.528	4003
3482.241	3973
3483.954	3889
3485.664	3946
3487.374	3871
3489.084	3797
3490.795	3866
3492.504	3874
3494.214	3875
3495.922	3935
3497.63	3864
3499.338	3900
3501.045	3759
3502.753	3889
3504.459	3857
3506.166	3818
3507.871	3856
3509.576	3906
3511.283	3910
3512.987	3850
3514.691	3752
3516.395	3863
3518.098	3802
3519.8	3827
3521.504	3730
3523.206	3868
3524.908	3834
3526.609	3801
3528.309	3937
3530.011	3749
3531.711	3706
3533.411	3804
3535.109	3727
3536.808	3826
3538.507	3792
3540.206	3709
3541.904	3793
3543.601	3867
3545.297	3691
3546.994	3788
3548.69	3744
3550.387	3679
3552.081	3797
3553.776	3713
3555.47	3690
3557.166	3819
3558.859	3670
3560.553	3706
3562.245	3815
3563.938	3751
3565.629	3821
3567.322	3649
3569.014	3676
3570.704	3772
3572.394	3659
3574.084	3744
3575.775	3694
3577.464	3611
3579.152	3602
3580.842	3670
3582.529	3694
3584.216	3625
3585.905	3757
3587.591	3651
3589.279	3713
3590.964	3628
3592.649	3650
3594.336	3685
3596.021	3613
3597.705	3585
3599.388	3671
3601.072	3616
3602.757	3680
3604.439	3608
3606.122	3613
3607.803	3581
3609.485	3622
3611.167	3497
3612.849	3550
3614.529	3618
3616.208	3597
3617.888	3642
3619.567	3517
3621.247	3578
3622.926	3623
3624.603	3546
3626.281	3590
3627.958	3515
3629.635	3639
3631.312	3593
3632.989	3523
3634.665	3565
3636.339	3602
3638.014	3489
3639.691	3566
3641.364	3528
3643.038	3502
3644.71	3559
3646.384	3447
3648.058	3482
3649.729	3521
3651.402	3464
3653.073	3513
3654.744	3589
3656.414	3482
3658.085	3475
3659.755	3430
3661.424	3512
3663.094	3495
3664.762	3532
3666.431	3470
3668.099	3386
3669.766	3459
3671.433	3494
3673.099	3517
3674.768	3455
3676.433	3515
3678.098	3438
3679.763	3505
3681.428	3450
3683.093	3440
3684.757	3533
3686.421	3455
3688.083	3470
3689.746	3370
3691.408	3457
3693.071	3445
3694.733	3373
3696.394	3443
3698.054	3413
3699.715	3417
3701.375	3407
3703.036	3404
3704.695	3311
3706.354	3400
3708.012	3449
3709.67	3442
3711.329	3381
3712.987	3325
3714.644	3428
3716.299	3356
3717.955	3422
3719.613	3455
3721.268	3374
3722.923	3294
3724.577	3418
3726.231	3347
3727.885	3320
3729.539	3387
3731.192	3349
3732.845	3438
3734.497	3373
3736.149	3396
3737.802	3407
3739.453	3363
3741.104	3347
3742.753	3368
3744.404	3310
3746.052	3364
3747.704	3382
3749.352	3342
3751	3291
3752.648	3227
3754.296	3336
3755.944	3294
3757.59	3222
3759.238	3297
3760.883	3306
3762.528	3281
3764.176	3290
3765.82	3325
3767.464	3336
3769.109	3260
3770.753	3281
3772.396	3311
3774.04	3366
3775.683	3288
3777.325	3315
3778.967	3289
3780.608	3301
3782.25	3198
3783.89	3268
3785.531	3293
3787.17	3311
3788.81	3256
3790.45	3270
3792.09	3274
3793.729	3236
3795.366	3281
3797.003	3271
3798.64	3252
3800.278	3283
3801.915	3254
3803.551	3203
3805.187	3198
3806.822	3245
3808.458	3218
3810.093	3220
3811.726	3198
3813.36	3298
3814.994	3191
3816.627	3165
3818.262	3169
3819.893	3238
3821.525	3174
3823.157	3207
3824.787	3163
3826.42	3212
3828.051	3116
3829.68	3186
3831.31	3180
3832.938	3169
3834.569	3214
3836.198	3171
3837.825	3200
3839.454	3166
3841.08	3158
3842.708	3069
3844.335	3099
3845.962	3192
3847.587	3248
3849.212	3115
3850.838	3208
3852.463	3149
3854.089	3119
3855.712	3113
3857.335	3160
3858.959	3078
3860.582	3149
3862.205	3134
3863.827	3099
3865.449	3079
3867.07	3084
3868.691	3060
3870.312	3084
3871.933	3070
3873.553	3156
3875.173	3080
3876.792	3092
3878.411	3098
3880.03	3065
3881.647	3064
3883.265	3065
3884.882	3067
3886.499	3103
3888.116	3152
3889.732	3088
3891.348	3134
3892.964	3095
3894.579	3089
3896.195	3077
3897.809	3040
3899.423	3072
3901.036	3052
3902.648	3116
3904.261	3050
3905.875	3115
3907.487	2966
3909.099	3000
3910.709	3064
3912.321	3002
3913.933	3089
3915.542	3068
3917.152	3082
3918.762	2989
3920.37	3009
3921.98	3011
3923.589	3034
3925.196	2969
3926.804	2985
3928.41	3029
3930.018	3014
3931.626	3005
3933.231	2985
3934.838	2969
3936.442	2957
3938.046	3033
3939.653	3018
3941.257	2958
3942.861	3012
3944.464	3005
3946.068	2945
3947.67	2974
3949.273	3026
3950.876	2963
3952.477	3024
3954.078	2943
3955.678	2995
3957.281	3014
3958.881	2999
3960.48	2924
3962.079	2892
3963.678	2976
3965.279	2975
3966.877	2963
3968.475	2927
3970.072	2938
3971.669	2894
3973.266	2937
3974.864	2916
3976.459	2902
3978.055	2908
3979.65	2969
3981.245	2883
3982.841	2958
3984.436	2950
3986.03	2899
3987.623	2939
3989.216	2926
3990.809	2894
3992.403	2966
3993.995	2882
3995.586	2916
3997.177	2858
3998.768	2856
4000.361	2849
4001.951	2901
4003.54	2882
4005.13	2906
4006.719	2862
4008.31	2867
4009.897	2868
4011.485	2883
4013.073	2852
4014.66	2873
4016.247	2824
4017.834	2819
4019.421	2865
4021.006	2792
4022.592	2809
4024.178	2840
4025.763	2819
4027.348	2802
4028.932	2815
4030.515	2852
4032.099	2809
4033.682	2808
4035.266	2766
4036.847	2790
4038.429	2806
4040.011	2852
4041.592	2734
4043.173	2816
4044.755	2835
4046.334	2737
4047.913	2711
4049.494	2772
4051.074	2751
4052.652	2707
4054.23	2807
4055.807	2788
4057.385	2743
4058.963	2777
4060.541	2778
4062.117	2754
4063.693	2724
4065.269	2688
4066.844	2787
4068.42	2755
4069.995	2772
4071.569	2774
4073.143	2703
4074.716	2680
4076.291	2703
4077.864	2646
4079.436	2715
4081.009	2704
4082.58	2768
4084.152	2756
4085.723	2691
4087.294	2711
4088.865	2657
4090.435	2663
4092.005	2752
4093.574	2682
4095.143	2803
4096.712	2653
4098.279	2743
4099.848	2726
4101.416	2704
4102.984	2711
4104.55	2668
4106.117	2680
4107.682	2661
4109.248	2668
4110.815	2691
4112.379	2719
4113.945	2717
4115.508	2594
4117.073	2734
4118.637	2714
4120.201	2679
4121.763	2648
4123.325	2728
4124.888	2655
4126.449	2645
4128.013	2681
4129.573	2652
4131.133	2615
4132.694	2719
4134.254	2621
4135.814	2635
4137.374	2608
4138.933	2689
4140.491	2604
4142.049	2629
4143.607	2627
4145.167	2588
4146.724	2649
4148.28	2625
4149.836	2613
4151.392	2584
4152.949	2648
4154.504	2621
4156.059	2605
4157.614	2638
4159.168	2577
4160.723	2605
4162.277	2570
4163.83	2546
4165.383	2594
4166.936	2576
4168.488	2546
4170.041	2559
4171.593	2588
4173.144	2561
4174.695	2529
4176.246	2539
4177.796	2538
4179.346	2529
4180.896	2496
4182.445	2550
4183.994	2551
4185.542	2483
4187.091	2499
4188.639	2544
4190.185	2557
4191.732	2535
4193.279	2501
4194.826	2535
4196.373	2529
4197.918	2487
4199.463	2464
4201.008	2527
4202.553	2542
4204.098	2532
4205.641	2498
4207.185	2493
4208.728	2553
4210.271	2529
4211.814	2448
4213.357	2460
4214.898	2419
4216.439	2445
4217.98	2492
4219.522	2462
4221.062	2477
4222.603	2488
4224.142	2471
4225.681	2479
4227.222	2441
4228.76	2434
4230.298	2512
4231.835	2519
4233.373	2510
4234.911	2403
4236.449	2519
4237.985	2462
4239.521	2452
4241.057	2494
4242.592	2445
4244.128	2445
4245.663	2477
4247.197	2484
4248.731	2429
4250.265	2377
4251.798	2407
4253.333	2450
4254.865	2432
4256.397	2435
4257.93	2429
4259.461	2425
4260.994	2447
4262.525	2388
4264.056	2373
4265.586	2424
4267.115	2472
4268.646	2403
4270.176	2447
4271.705	2448
4273.232	2474
4274.761	2426
4276.289	2386
4277.818	2409
4279.345	2327
4280.872	2430
4282.399	2408
4283.924	2420
4285.452	2436
4286.976	2370
4288.502	2355
4290.026	2439
4291.551	2375
4293.074	2353
4294.6	2434
4296.123	2399
4297.646	2376
4299.168	2335
4300.691	2413
4302.214	2378
4303.736	2367
4305.257	2361
4306.778	2383
4308.299	2321
4309.82	2387
4311.34	2350
4312.86	2332
4314.379	2299
