400.0745	3952
402.597	4020
405.1208	4052
407.6419	4010
410.1623	4031
412.6819	4043
415.201	4121
417.7172	4078
420.2369	4165
422.7538	4281
425.2701	4360
427.7856	4314
430.3005	4319
432.8147	4281
435.3282	4241
437.841	4264
440.3511	4284
442.8625	4294
445.3753	4392
447.8854	4221
450.3927	4373
452.9014	4304
455.4073	4247
457.9146	4263
460.4233	4259
462.9272	4282
465.4325	4288
467.935	4350
470.4389	4303
472.9421	4291
475.4446	4275
477.9444	4308
480.4456	4300
482.944	4305
485.4417	4319
487.9429	4260
490.4393	4248
492.935	4285
495.4321	4312
497.9264	4396
500.4221	4390
502.9171	4295
505.4094	4355
507.9011	4309
510.392	4448
512.8864	4343
515.3759	4482
517.8649	4475
520.3531	4440
522.8406	4525
525.3275	4432
527.8178	4527
530.3033	4388
532.7881	4491
535.2723	4498
537.7558	4433
540.2407	4462
542.7228	4466
545.2043	4441
547.6851	4448
550.1652	4410
552.6467	4403
555.1255	4456
557.6016	4481
560.079	4560
562.5557	4677
565.0318	4502
567.5092	4563
569.984	4539
572.456	4623
574.9294	4553
577.4022	4724
579.8762	4681
582.3456	4758
584.8163	4658
587.2863	4663
589.7557	4712
592.2224	4669
594.6924	4687
597.1578	4736
599.6245	4625
602.0905	4626
604.5538	4634
607.0206	4547
609.4825	4660
611.9459	4641
614.4066	4579
616.8686	4720
619.33	4551
621.7906	4597
624.2487	4681
626.708	4645
629.1647	4639
631.6207	4553
634.0801	4532
636.5348	4632
638.9888	4578
641.4442	4592
643.8969	4554
646.3509	4601
648.8022	4660
651.255	4609
653.705	4528
656.1544	4676
658.6031	4690
661.0532	4636
663.5026	4694
665.9493	4667
668.3954	4727
670.8409	4718
673.2877	4590
675.7318	4744
678.1752	4829
680.618	4650
683.0601	4753
685.5035	4754
687.9444	4726
690.3845	4835
692.824	4797
695.2628	4707
697.701	4789
700.1406	4813
702.5774	4740
705.0116	4804
707.4472	4767
709.8821	4885
712.3183	4849
714.7519	4853
717.1829	4860
719.6151	4866
722.0468	4919
724.4777	4878
726.908	4762
729.3377	4883
731.7667	4913
734.1931	5022
736.6208	4918
739.0498	5010
741.4742	5010
743.9	4922
746.3231	5003
748.7476	4979
751.1713	5060
753.5945	5095
756.015	5128
758.4368	5095
760.856	5032
763.2766	5132
765.6965	5093
768.1157	5051
770.5323	5061
772.9483	5038
775.3656	5076
777.7822	5090
780.1963	5138
782.6116	5003
785.0244	5044
787.4365	5130
789.8499	5089
792.2626	5111
794.6728	5183
797.0823	5194
799.4911	5110
801.8994	5125
804.3109	5149
806.7178	5152
809.124	5122
811.5297	5248
813.9347	5207
816.341	5157
818.7447	5244
821.1478	5233
823.5502	5186
825.952	5175
828.3531	5148
830.7556	5212
833.1554	5276
835.5546	5228
837.9532	5188
840.3511	5221
842.7504	5173
845.1451	5248
847.5411	5251
849.9365	5348
852.3312	5247
854.7272	5280
857.1187	5282
859.5115	5379
861.9037	5305
864.2952	5281
866.6842	5193
869.0764	5214
871.4661	5294
873.8531	5211
876.2415	5383
878.6272	5335
881.0162	5419
883.4026	5332
885.7866	5286
888.1717	5265
890.5543	5273
892.9382	5286
895.3215	5270
897.7041	5351
900.0842	5345
902.4655	5316
904.8443	5349
907.2244	5372
909.6039	5294
911.9808	5368
914.357	5268
916.7346	5405
919.1115	5384
921.4859	5547
923.8616	5562
926.2347	5502
928.6071	5624
930.979	5536
933.3541	5485
935.7247	5564
938.0946	5541
940.4639	5686
942.8326	5776
945.2026	5838
947.5701	5911
949.9369	6098
952.305	6246
954.6705	6448
957.0355	6670
959.4017	7054
961.7654	7112
964.1284	6959
966.4908	6698
968.8527	6418
971.2138	6217
973.5743	5903
975.9343	5699
978.2936	5728
980.6522	5578
983.0122	5576
985.3696	5462
987.7245	5534
990.0807	5485
992.4362	5383
994.7911	5514
997.1474	5478
999.4991	5456
1001.852	5589
1004.205	5568
1006.555	5713
1008.908	5491
1011.258	5376
1013.606	5461
1015.956	5549
1018.302	5526
1020.652	5636
1022.998	5530
1025.345	5586
1027.691	5521
1030.035	5590
1032.378	5585
1034.724	5549
1037.066	5624
1039.409	5505
1041.75	5593
1044.092	5615
1046.433	5646
1048.771	5492
1051.112	5616
1053.449	5676
1055.786	5589
1058.124	5639
1060.462	5692
1062.797	5607
1065.131	5738
1067.467	5643
1069.8	5742
1072.135	5746
1074.467	5783
1076.798	5753
1079.129	5771
1081.459	5647
1083.792	5708
1086.121	5684
1088.449	5640
1090.777	5634
1093.104	5601
1095.431	5694
1097.759	5583
1100.084	5676
1102.408	5625
1104.732	5631
1107.056	5623
1109.379	5660
1111.701	5581
1114.022	5553
1116.343	5597
1118.664	5613
1120.983	5657
1123.303	5585
1125.621	5611
1127.939	5616
1130.256	5684
1132.573	5616
1134.889	5647
1137.205	5600
1139.52	5592
1141.832	5630
1144.146	5616
1146.461	5587
1148.771	5611
1151.083	5607
1153.392	5688
1155.703	5650
1158.011	5617
1160.323	5602
1162.629	5573
1164.938	5622
1167.243	5692
1169.55	5643
1171.857	5575
1174.163	5548
1176.466	5593
1178.769	5630
1181.073	5606
1183.374	5528
1185.677	5674
1187.979	5663
1190.279	5581
1192.578	5669
1194.878	5602
1197.178	5647
1199.476	5550
1201.772	5699
1204.068	5699
1206.366	5582
1208.663	5582
1210.957	5589
1213.251	5704
1215.544	5681
1217.836	5595
1220.128	5605
1222.421	5661
1224.712	5617
1227.002	5676
1229.292	5569
1231.581	5747
1233.871	5786
1236.159	5704
1238.446	5742
1240.732	5851
1243.018	5852
1245.304	5817
1247.59	5870
1249.874	5881
1252.156	5873
1254.439	5846
1256.721	5846
1259.005	5845
1261.286	5823
1263.565	5856
1265.845	5805
1268.125	5801
1270.403	6031
1272.682	5833
1274.959	5816
1277.234	5908
1279.511	5896
1281.787	5788
1284.062	5793
1286.337	5837
1288.609	5805
1290.882	5854
1293.153	5829
1295.428	5801
1297.698	5766
1299.969	5630
1302.237	5771
1304.507	5691
1306.777	5754
1309.044	5688
1311.312	5715
1313.578	5738
1315.844	5760
1318.109	5654
1320.375	5735
1322.638	5710
1324.903	5837
1327.165	5635
1329.427	5692
1331.69	5764
1333.952	5731
1336.212	5738
1338.471	5737
1340.73	5719
1342.988	5672
1345.248	5766
1347.505	5736
1349.763	5767
1352.019	5681
1354.274	5758
1356.53	5732
1358.784	5644
1361.038	5732
1363.291	5663
1365.543	5664
1367.797	5771
1370.048	5748
1372.296	5730
1374.546	5760
1376.796	5767
1379.045	5741
1381.295	5693
1383.542	5888
1385.787	5812
1388.034	5731
1390.28	5820
1392.527	5789
1394.772	5768
1397.014	5847
1399.258	5817
1401.501	5903
1403.741	5801
1405.985	5769
1408.226	5762
1410.465	5851
1412.705	5866
1414.943	5892
1417.184	5922
1419.42	5831
1421.658	5987
1423.894	5827
1426.13	5950
1428.366	5968
1430.602	5838
1432.835	5939
1435.069	5948
1437.301	5983
1439.535	6055
1441.767	6109
1443.997	5985
1446.229	6039
1448.458	6053
1450.687	6027
1452.916	5991
1455.146	5956
1457.372	6040
1459.599	5977
1461.824	6051
1464.051	5963
1466.277	6033
1468.501	5937
1470.725	5884
1472.948	5963
1475.17	5865
1477.393	5950
1479.614	5763
1481.837	5677
1484.057	5803
1486.276	5732
1488.497	5725
1490.715	5774
1492.932	5742
1495.148	5701
1497.364	5732
1499.58	5776
1501.798	5752
1504.012	5721
1506.227	5697
1508.44	5689
1510.653	5729
1512.866	5772
1515.078	5630
1517.289	5694
1519.5	5665
1521.711	5644
1523.92	5719
1526.13	5682
1528.338	5706
1530.544	5783
1532.752	5734
1534.959	5662
1537.165	5652
1539.371	5755
1541.574	5760
1543.779	5669
1545.983	5754
1548.187	5763
1550.39	5780
1552.59	5863
1554.792	5837
1556.991	5731
1559.19	5883
1561.392	5760
1563.59	5870
1565.789	5729
1567.986	5774
1570.182	5827
1572.381	5809
1574.576	5771
1576.771	5845
1578.966	5944
1581.16	5989
1583.354	5790
1585.546	5893
1587.74	5872
1589.931	5805
1592.121	5893
1594.311	5860
1596.502	5906
1598.693	5936
1600.881	5864
1603.069	5823
1605.256	5853
1607.445	6002
1609.631	5939
1611.816	5889
1614.001	5969
1616.186	5939
1618.37	5983
1620.555	5967
1622.737	5965
1624.919	5988
1627.101	5929
1629.282	5955
1631.463	6027
1633.643	6042
1635.822	5986
1638.001	5971
1640.179	6014
1642.359	5994
1644.534	5925
1646.711	6008
1648.887	5932
1651.062	6160
1653.235	6053
1655.412	5936
1657.586	6101
1659.757	6013
1661.93	6015
1664.1	6157
1666.274	6049
1668.445	6061
1670.614	6091
1672.784	6053
1674.951	6163
1677.12	6056
1679.289	6122
1681.457	6008
1683.622	6097
1685.789	6046
1687.953	5977
1690.121	5924
1692.284	5924
1694.447	5966
1696.611	5999
1698.772	5963
1700.935	5920
1703.098	5958
1705.258	5839
1707.417	5952
1709.576	5841
1711.736	5830
1713.896	5798
1716.053	5839
1718.21	5865
1720.366	5881
1722.522	5835
1724.68	5888
1726.835	5825
1728.989	5861
1731.142	5776
1733.295	5900
1735.449	5873
1737.601	5839
1739.753	5720
1741.903	5902
1744.054	5826
1746.203	5890
1748.354	5855
1750.503	5912
1752.651	5882
1754.798	5794
1756.944	5949
1759.092	5951
1761.238	5864
1763.383	5963
1765.528	5901
1767.672	5843
1769.814	5963
1771.959	5962
1774.102	5815
1776.242	5908
1778.384	5746
1780.525	5926
1782.665	5823
1784.805	5977
1786.945	5969
1789.082	5893
1791.22	5817
1793.36	5881
1795.495	5940
1797.632	5918
1799.766	5961
1801.902	5917
1804.035	5959
1806.172	5907
1808.304	5871
1810.436	5860
1812.569	5862
1814.699	5839
1816.833	5915
1818.963	5942
1821.092	5885
1823.222	5880
1825.35	5930
1827.478	5897
1829.608	5950
1831.734	5893
1833.86	5777
1835.986	5858
1838.11	5841
1840.238	5968
1842.362	5901
1844.485	5797
1846.608	5755
1848.73	5831
1850.853	5874
1852.974	5854
1855.097	5865
1857.217	5861
1859.336	5822
1861.455	5806
1863.576	5933
1865.693	5873
1867.811	5795
1869.926	5897
1872.042	5769
1874.16	5796
1876.275	5718
1878.39	5923
1880.504	5850
1882.618	5844
1884.731	5819
1886.843	5871
1888.956	5816
1891.067	5762
1893.178	5893
1895.287	5787
1897.399	5908
1899.508	5888
1901.617	5852
1903.724	5912
1905.832	5905
1907.941	5862
1910.046	5863
1912.152	5882
1914.256	5895
1916.361	5869
1918.464	5876
1920.57	5908
1922.672	5970
1924.775	5840
1926.876	5992
1928.978	5990
1931.08	5930
1933.181	5952
1935.28	5837
1937.38	5868
1939.478	5973
1941.577	5907
1943.675	5921
1945.771	5866
1947.867	5819
1949.964	5965
1952.058	5901
1954.154	5860
1956.248	5902
1958.343	5880
1960.435	5795
1962.527	5864
1964.62	5895
1966.711	5909
1968.802	5836
1970.892	5962
1972.983	5907
1975.072	5914
1977.162	5874
1979.25	5760
1981.337	5909
1983.424	5939
1985.51	5941
1987.598	5965
1989.683	5897
1991.768	5912
1993.852	5947
1995.934	5813
1998.019	5798
2000.102	5702
2002.184	5875
2004.266	5885
2006.347	5817
2008.427	5750
2010.508	5793
2012.587	5828
2014.666	5887
2016.745	5861
2018.821	5911
2020.9	5804
2022.977	5828
2025.052	5834
2027.128	5840
2029.204	5771
2031.277	5837
2033.353	5852
2035.425	5846
2037.499	5816
2039.57	5707
2041.642	5792
2043.714	5888
2045.786	5738
2047.855	5942
2049.925	5742
2051.993	5790
2054.064	5928
2056.132	5884
2058.2	5828
2060.266	5792
2062.332	5894
2064.398	5790
2066.465	5851
2068.529	5893
2070.592	5797
2072.657	5881
2074.719	5866
2076.783	5969
2078.845	5912
2080.907	5804
2082.968	5851
2085.028	5869
2087.087	5848
2089.148	5787
2091.207	5858
2093.264	5830
2095.322	5943
2097.379	5796
2099.439	5909
2101.495	5877
2103.55	5750
2105.605	5949
2107.658	5833
2109.713	5798
2111.767	5861
2113.82	5806
2115.872	5796
2117.924	5891
2119.975	5833
2122.028	5900
2124.078	5849
2126.126	5877
2128.176	5793
2130.225	5921
2132.275	5813
2134.321	5886
2136.368	5736
2138.415	5870
2140.461	5926
2142.505	5904
2144.552	5751
2146.597	5793
2148.64	5780
2150.684	5821
2152.725	5748
2154.77	5674
2156.811	5883
2158.852	5874
2160.894	5684
2162.933	5805
2164.973	5714
2167.013	5781
2169.051	5752
2171.089	5779
2173.126	5716
2175.164	5799
2177.201	5728
2179.236	5690
2181.273	5843
2183.307	5777
2185.341	5698
2187.377	5714
2189.41	5607
2191.442	5690
2193.473	5784
2195.506	5826
2197.539	5824
2199.569	5675
2201.598	5671
2203.628	5705
2205.656	5802
2207.686	5643
2209.716	5685
2211.743	5696
2213.769	5723
2215.796	5693
2217.821	5727
2219.848	5669
2221.873	5707
2223.897	5762
2225.921	5715
2227.944	5644
2229.967	5790
2231.991	5686
2234.011	5755
2236.032	5606
2238.053	5699
2240.073	5743
2242.094	5645
2244.114	5665
2246.131	5635
2248.149	5804
2250.167	5627
2252.186	5629
2254.201	5712
2256.218	5623
2258.233	5488
2260.247	5676
2262.262	5823
2264.278	5721
2266.29	5751
2268.303	5734
2270.315	5698
2272.327	5729
2274.341	5676
2276.35	5614
2278.361	5776
2280.37	5755
2282.38	5725
2284.388	5746
2286.397	5561
2288.405	5662
2290.412	5688
2292.419	5662
2294.425	5727
2296.431	5667
2298.437	5705
2300.441	5669
2302.445	5651
2304.449	5704
2306.453	5669
2308.455	5667
2310.457	5522
2312.459	5668
2314.46	5670
2316.46	5693
2318.461	5671
2320.46	5670
2322.458	5699
2324.458	5585
2326.456	5646
2328.455	5637
2330.451	5638
2332.447	5667
2334.443	5620
2336.438	5518
2338.433	5552
2340.429	5609
2342.422	5569
2344.416	5599
2346.408	5621
2348.399	5587
2350.393	5614
2352.384	5524
2354.375	5647
2356.365	5496
2358.355	5607
2360.344	5563
2362.333	5592
2364.322	5533
2366.309	5629
2368.295	5482
2370.282	5620
2372.27	5527
2374.256	5622
2376.24	5582
2378.225	5464
2380.208	5561
2382.194	5565
2384.177	5534
2386.159	5472
2388.142	5470
2390.122	5503
2392.105	5574
2394.085	5598
2396.066	5530
2398.044	5558
2400.024	5514
2402.002	5513
2403.982	5589
2405.959	5598
2407.935	5615
2409.913	5456
2411.888	5550
2413.865	5555
2415.84	5416
2417.814	5504
2419.788	5558
2421.762	5447
2423.735	5522
2425.708	5369
2427.68	5539
2429.651	5599
2431.623	5477
2433.593	5503
2435.564	5569
2437.533	5500
2439.502	5496
2441.47	5425
2443.438	5479
2445.406	5530
2447.373	5505
2449.34	5537
2451.305	5432
2453.271	5451
2455.235	5450
2457.201	5599
2459.165	5470
2461.129	5548
2463.092	5515
2465.054	5475
2467.018	5503
2468.978	5441
2470.939	5471
2472.899	5451
2474.86	5431
2476.819	5530
2478.778	5314
2480.737	5425
2482.695	5383
2484.653	5413
2486.609	5405
2488.567	5315
2490.524	5427
2492.478	5425
2494.433	5542
2496.387	5456
2498.343	5335
2500.297	5457
2502.249	5438
2504.202	5487
2506.153	5294
2508.105	5434
2510.057	5393
2512.008	5471
2513.957	5354
2515.906	5463
2517.855	5358
2519.805	5287
2521.754	5346
2523.7	5372
2525.647	5395
2527.594	5334
2529.54	5470
2531.486	5363
2533.431	5419
2535.376	5413
2537.32	5299
2539.263	5344
2541.207	5433
2543.151	5374
2545.093	5412
2547.034	5400
2548.975	5484
2550.917	5475
2552.856	5309
2554.796	5446
2556.735	5339
2558.673	5328
2560.611	5365
2562.55	5364
2564.487	5412
2566.424	5355
2568.36	5395
2570.296	5368
2572.232	5309
2574.167	5327
2576.101	5360
2578.035	5347
2579.969	5323
2581.902	5346
2583.834	5351
2585.766	5357
2587.698	5365
2589.628	5323
2591.557	5506
2593.489	5268
2595.419	5322
2597.348	5362
2599.275	5372
2601.204	5407
2603.131	5326
2605.059	5338
2606.986	5323
2608.911	5224
2610.837	5337
2612.76	5394
2614.687	5306
2616.61	5395
2618.534	5331
2620.457	5406
2622.38	5359
2624.302	5424
2626.225	5446
2628.145	5444
2630.067	5366
2631.986	5439
2633.906	5377
2635.827	5319
2637.745	5365
2639.662	5367
2641.581	5359
2643.498	5321
2645.415	5398
2647.331	5411
2649.248	5354
2651.163	5376
2653.077	5422
2654.993	5404
2656.906	5452
2658.821	5291
2660.733	5369
2662.646	5304
2664.557	5308
2666.47	5344
2668.381	5300
2670.291	5262
2672.201	5347
2674.11	5401
2676.021	5372
2677.929	5329
2679.837	5303
2681.745	5263
2683.652	5240
2685.56	5244
2687.466	5302
2689.371	5236
2691.276	5263
2693.181	5271
2695.085	5354
2696.991	5317
2698.893	5348
2700.796	5107
2702.698	5313
2704.601	5240
2706.502	5282
2708.404	5357
2710.304	5250
2712.203	5299
2714.103	5302
2716.003	5228
2717.902	5307
2719.8	5221
2721.697	5256
2723.594	5224
2725.49	5221
2727.389	5200
2729.283	5161
2731.179	5257
2733.073	5187
2734.968	5263
2736.863	5295
2738.757	5213
2740.649	5259
2742.541	5161
2744.433	5128
2746.324	5195
2748.216	5180
2750.107	5191
2751.997	5179
2753.886	5233
2755.776	5188
2757.666	5221
2759.553	5213
2761.44	5219
2763.327	5161
2765.215	5228
2767.102	5270
2768.988	5185
2770.873	5145
2772.757	5163
2774.641	5194
2776.525	5153
2778.41	5138
2780.292	5072
2782.175	5130
2784.057	5156
2785.938	5163
2787.821	5175
2789.701	5212
2791.581	5171
2793.461	5153
2795.34	5110
2797.219	5158
2799.099	5138
2800.975	5107
2802.853	5128
2804.73	5081
2806.606	5116
2808.484	5141
2810.358	5129
2812.233	5081
2814.108	5081
2815.981	5119
2817.857	5064
2819.73	5165
2821.602	5167
2823.474	5077
2825.346	5105
2827.217	5084
2829.089	5182
2830.959	5094
2832.829	5194
2834.698	5039
2836.567	5152
2838.436	5124
2840.305	5052
2842.172	5043
2844.04	5114
2845.905	5065
2847.772	5134
2849.639	5199
2851.503	5184
2853.369	5150
2855.232	5039
2857.096	5184
2858.961	5106
2860.824	5109
2862.686	5263
2864.547	5190
2866.41	5339
2868.272	5280
2870.132	5296
2871.992	5326
2873.851	5377
2875.711	5406
2877.57	5458
2879.429	5352
2881.287	5495
2883.144	5392
2885.001	5469
2886.857	5536
2888.714	5402
2890.57	5468
2892.425	5526
2894.279	5553
2896.133	5445
2897.987	5559
2899.842	5500
2901.694	5425
2903.547	5450
2905.397	5528
2907.249	5469
2909.101	5519
2910.952	5408
2912.802	5547
2914.652	5591
2916.5	5608
2918.35	5654
2920.198	5701
2922.045	5648
2923.893	5727
2925.74	5867
2927.585	5755
2929.433	5898
2931.279	5966
2933.123	5902
2934.968	5945
2936.811	6165
2938.656	6062
2940.5	6072
2942.342	6203
2944.185	6120
2946.026	6220
2947.87	6294
2949.71	6070
2951.549	6004
2953.39	5953
2955.229	5945
2957.069	5855
2958.908	5866
2960.746	5926
2962.584	5762
2964.421	5671
2966.257	5737
2968.094	5580
2969.931	5662
2971.766	5621
2973.601	5610
2975.435	5695
2977.27	5569
2979.105	5586
2980.938	5653
2982.77	5461
2984.602	5569
2986.434	5537
2988.267	5563
2990.097	5458
2991.927	5462
2993.757	5421
2995.587	5423
2997.417	5260
2999.246	5298
3001.074	5317
3002.902	5212
3004.729	5194
3006.556	5160
3008.384	5113
3010.21	5051
3012.036	5065
3013.861	4988
3015.684	5004
3017.51	4883
3019.334	4964
3021.157	4893
3022.981	4934
3024.802	4890
3026.624	4829
3028.448	4863
3030.267	4875
3032.088	4811
3033.909	4779
3035.728	4729
3037.549	4712
3039.368	4753
3041.186	4768
3043.004	4734
3044.821	4796
3046.64	4785
3048.455	4816
3050.272	4837
3052.087	4743
3053.903	4705
3055.717	4752
3057.534	4747
3059.347	4830
3061.16	4715
3062.974	4774
3064.785	4780
3066.598	4717
3068.411	4756
3070.222	4782
3072.032	4756
3073.844	4673
3075.653	4836
3077.463	4668
3079.272	4614
3081.08	4698
3082.889	4660
3084.697	4661
3086.505	4616
3088.312	4683
3090.118	4600
3091.924	4549
3093.729	4687
3095.535	4661
3097.34	4594
3099.144	4620
3100.947	4577
3102.75	4615
3104.553	4601
3106.357	4627
3108.159	4510
3109.961	4539
3111.762	4501
3113.562	4633
3115.365	4532
3117.164	4621
3118.964	4562
3120.761	4515
3122.56	4625
3124.36	4502
3126.158	4495
3127.954	4514
3129.75	4510
3131.547	4547
3133.343	4505
3135.139	4481
3136.934	4482
3138.729	4413
3140.522	4451
3142.317	4552
3144.11	4542
3145.904	4382
3147.695	4507
3149.488	4409
3151.28	4438
3153.07	4514
3154.863	4438
3156.652	4461
3158.441	4472
3160.231	4406
3162.019	4480
3163.81	4469
3165.597	4413
3167.384	4464
3169.172	4497
3170.958	4368
3172.745	4418
3174.532	4408
3176.317	4332
3178.101	4524
3179.885	4428
3181.67	4473
3183.455	4418
3185.238	4454
3187.02	4400
3188.802	4390
3190.585	4422
3192.368	4436
3194.149	4371
3195.929	4466
3197.709	4410
3199.489	4255
3201.268	4372
3203.048	4427
3204.826	4384
3206.604	4394
3208.382	4357
3210.159	4375
3211.937	4337
3213.713	4383
3215.489	4344
3217.263	4390
3219.038	4389
3220.815	4377
3222.589	4397
3224.363	4376
3226.136	4447
3227.908	4283
3229.681	4364
3231.454	4425
3233.226	4364
3234.996	4411
3236.767	4372
3238.538	4401
3240.308	4336
3242.078	4332
3243.847	4352
3245.615	4321
3247.384	4383
3249.15	4341
3250.92	4308
3252.686	4378
3254.453	4382
3256.218	4386
3257.984	4382
3259.75	4346
3261.515	4332
3263.279	4392
3265.044	4320
3266.806	4361
3268.57	4306
3270.334	4368
3272.095	4266
3273.856	4359
3275.619	4344
3277.379	4345
3279.14	4419
3280.9	4296
3282.661	4366
3284.419	4447
3286.178	4356
3287.937	4490
3289.695	4332
3291.453	4393
3293.21	4471
3294.967	4349
3296.723	4376
3298.48	4381
3300.235	4339
3301.99	4506
3303.744	4274
3305.498	4321
3307.253	4316
3309.006	4383
3310.759	4404
3312.511	4394
3314.263	4405
3316.017	4374
3317.768	4393
3319.519	4345
3321.268	4369
3323.018	4317
3324.767	4355
3326.518	4368
3328.267	4265
3330.014	4352
3331.762	4367
3333.509	4275
3335.258	4341
3337.003	4320
3338.75	4347
3340.496	4409
3342.24	4229
3343.987	4373
3345.732	4309
3347.475	4328
3349.219	4319
3350.961	4295
3352.705	4332
3354.448	4262
3356.19	4191
3357.931	4244
3359.672	4327
3361.412	4299
3363.155	4270
3364.894	4234
3366.633	4193
3368.372	4210
3370.11	4268
3371.849	4210
3373.588	4158
3375.325	4205
3377.061	4275
3378.799	4237
3380.534	4195
3382.271	4212
3384.006	4204
3385.741	4247
3387.475	4209
3389.209	4218
3390.944	4217
3392.677	4199
3394.409	4148
3396.143	4158
3397.874	4177
3399.606	4191
3401.338	4208
3403.069	4135
3404.799	4133
3406.528	4120
3408.258	4075
3409.988	4203
3411.717	4121
3413.445	4159
3415.173	4160
3416.899	4137
3418.626	4149
3420.354	4034
3422.08	4082
3423.806	4090
3425.531	4257
3427.255	4155
3428.981	4095
3430.705	4145
3432.429	4064
3434.151	4117
3435.875	4032
3437.599	4219
3439.321	4146
3441.042	4223
3442.763	4022
3444.483	3923
3446.204	4059
3447.926	4176
3449.645	3934
3451.364	4008
3453.082	3975
3454.801	4097
3456.52	4040
3458.238	4056
3459.954	4050
3461.671	4039
3463.387	3968
3465.104	4061
3466.82	3955
3468.534	3998
3470.25	4075
3471.963	4014
3473.676	3917
3475.392	3947
3477.104	3920
3478.817	3988
3480.528	4010
3482.241	3911
3483.954	4024
3485.664	3871
3487.374	3911
3489.084	3896
3490.795	3901
3492.504	3969
3494.214	3862
3495.922	3892
3497.63	3919
3499.338	3967
3501.045	3841
3502.753	3964
3504.459	3925
3506.166	3883
3507.871	3915
3509.576	3804
3511.283	3934
3512.987	3895
3514.691	3856
3516.395	3819
3518.098	3892
3519.8	3918
3521.504	3738
3523.206	3773
3524.908	3854
3526.609	3737
3528.309	3792
3530.011	3786
3531.711	3672
3533.411	3806
3535.109	3834
3536.808	3808
3538.507	3857
3540.206	3771
3541.904	3763
3543.601	3834
3545.297	3799
3546.994	3751
3548.69	3754
3550.387	3778
3552.081	3808
3553.776	3770
3555.47	3781
3557.166	3786
3558.859	3746
3560.553	3769
3562.245	3771
3563.938	3739
3565.629	3723
3567.322	3722
3569.014	3698
3570.704	3711
3572.394	3727
3574.084	3790
3575.775	3737
3577.464	3755
3579.152	3701
3580.842	3711
3582.529	3715
3584.216	3732
3585.905	3652
3587.591	3676
3589.279	3637
3590.964	3706
3592.649	3720
3594.336	3586
3596.021	3707
3597.705	3736
3599.388	3738
3601.072	3626
3602.757	3654
3604.439	3551
3606.122	3553
3607.803	3624
3609.485	3631
3611.167	3615
3612.849	3618
3614.529	3585
3616.208	3626
3617.888	3616
3619.567	3592
3621.247	3498
3622.926	3534
3624.603	3471
3626.281	3448
3627.958	3575
3629.635	3566
3631.312	3519
3632.989	3504
3634.665	3554
3636.339	3488
3638.014	3531
3639.691	3507
3641.364	3473
3643.038	3450
3644.71	3550
3646.384	3511
3648.058	3399
3649.729	3485
3651.402	3431
3653.073	3457
3654.744	3508
3656.414	3449
3658.085	3434
3659.755	3483
3661.424	3457
3663.094	3408
3664.762	3463
3666.431	3506
3668.099	3359
3669.766	3482
3671.433	3499
3673.099	3423
3674.768	3378
3676.433	3405
3678.098	3397
3679.763	3386
3681.428	3435
3683.093	3390
3684.757	3424
3686.421	3437
3688.083	3304
3689.746	3410
3691.408	3451
3693.071	3346
3694.733	3391
3696.394	3392
3698.054	3420
3699.715	3392
3701.375	3479
3703.036	3397
3704.695	3345
3706.354	3407
3708.012	3463
3709.67	3364
3711.329	3325
3712.987	3433
3714.644	3393
3716.299	3296
3717.955	3386
3719.613	3385
3721.268	3379
3722.923	3394
3724.577	3382
3726.231	3281
3727.885	3351
3729.539	3284
3731.192	3368
3732.845	3300
3734.497	3366
3736.149	3325
3737.802	3265
3739.453	3322
3741.104	3330
3742.753	3335
3744.404	3278
3746.052	3317
3747.704	3373
3749.352	3381
3751	3283
3752.648	3290
3754.296	3328
3755.944	3363
3757.59	3273
3759.238	3227
3760.883	3286
3762.528	3374
3764.176	3289
3765.82	3279
3767.464	3188
3769.109	3200
3770.753	3279
3772.396	3275
3774.04	3319
3775.683	3198
3777.325	3206
3778.967	3213
3780.608	3157
3782.25	3220
3783.89	3311
3785.531	3245
3787.17	3340
3788.81	3241
3790.45	3218
3792.09	3274
3793.729	3242
3795.366	3245
3797.003	3261
3798.64	3243
3800.278	3214
3801.915	3282
3803.551	3166
3805.187	3219
3806.822	3214
3808.458	3164
3810.093	3177
3811.726	3266
3813.36	3177
3814.994	3163
3816.627	3195
3818.262	3177
3819.893	3240
3821.525	3096
3823.157	3258
3824.787	3180
3826.42	3145
3828.051	3214
3829.68	3157
3831.31	3126
3832.938	3171
3834.569	3143
3836.198	3183
3837.825	3155
3839.454	3151
3841.08	3069
3842.708	3160
3844.335	3129
3845.962	3157
3847.587	3174
3849.212	3150
3850.838	3118
3852.463	3174
3854.089	3104
3855.712	3084
3857.335	3150
3858.959	3126
3860.582	3070
3862.205	3168
3863.827	3071
3865.449	3142
3867.07	3117
3868.691	3050
3870.312	3064
3871.933	3030
3873.553	3051
3875.173	3064
3876.792	3082
3878.411	3097
3880.03	3065
3881.647	3053
3883.265	3057
3884.882	3061
3886.499	3033
3888.116	3113
3889.732	3026
3891.348	2991
3892.964	3037
3894.579	3062
3896.195	3006
3897.809	3032
3899.423	3156
3901.036	3011
3902.648	3075
3904.261	3021
3905.875	2994
3907.487	2984
3909.099	3022
3910.709	3031
3912.321	3062
3913.933	2964
3915.542	3065
3917.152	3037
3918.762	2965
3920.37	3005
3921.98	3002
3923.589	3041
3925.196	2989
3926.804	2982
3928.41	2991
3930.018	3058
3931.626	2987
3933.231	3077
3934.838	2990
3936.442	3059
3938.046	3014
3939.653	2969
3941.257	3036
3942.861	3033
3944.464	2982
3946.068	2993
3947.67	2905
3949.273	2964
3950.876	2990
3952.477	3000
3954.078	2971
3955.678	2974
3957.281	2967
3958.881	3053
3960.48	2988
3962.079	2983
3963.678	2905
3965.279	2959
3966.877	2972
3968.475	2908
3970.072	2946
3971.669	2904
3973.266	2916
3974.864	2893
3976.459	2916
3978.055	2976
3979.65	2943
3981.245	2921
3982.841	2862
3984.436	2908
3986.03	2924
3987.623	2895
3989.216	2860
3990.809	2897
3992.403	2829
3993.995	2905
3995.586	2865
3997.177	2848
3998.768	2867
4000.361	2915
4001.951	2920
4003.54	2875
4005.13	2842
4006.719	2898
4008.31	2866
4009.897	2798
4011.485	2762
4013.073	2841
4014.66	2862
4016.247	2887
4017.834	2776
4019.421	2812
4021.006	2834
4022.592	2767
4024.178	2784
4025.763	2813
4027.348	2854
4028.932	2721
4030.515	2729
4032.099	2666
4033.682	2811
4035.266	2786
4036.847	2762
4038.429	2803
4040.011	2852
4041.592	2764
4043.173	2795
4044.755	2770
4046.334	2725
4047.913	2797
4049.494	2762
4051.074	2749
4052.652	2816
4054.23	2767
4055.807	2693
4057.385	2646
4058.963	2756
4060.541	2740
4062.117	2813
4063.693	2752
4065.269	2775
4066.844	2748
4068.42	2697
4069.995	2660
4071.569	2663
4073.143	2671
4074.716	2725
4076.291	2720
4077.864	2656
4079.436	2662
4081.009	2686
4082.58	2761
4084.152	2724
4085.723	2666
4087.294	2722
4088.865	2676
4090.435	2697
4092.005	2694
4093.574	2739
4095.143	2665
4096.712	2677
4098.279	2697
4099.848	2750
4101.416	2648
4102.984	2680
4104.55	2655
4106.117	2635
4107.682	2671
4109.248	2747
4110.815	2664
4112.379	2710
4113.945	2664
4115.508	2613
4117.073	2647
4118.637	2658
4120.201	2633
4121.763	2670
4123.325	2662
4124.888	2655
4126.449	2649
4128.013	2585
4129.573	2643
4131.133	2655
4132.694	2594
4134.254	2721
4135.814	2631
4137.374	2514
4138.933	2586
4140.491	2636
4142.049	2540
4143.607	2614
4145.167	2550
4146.724	2606
4148.28	2545
4149.836	2504
4151.392	2548
4152.949	2564
4154.504	2599
4156.059	2552
4157.614	2556
4159.168	2550
4160.723	2607
4162.277	2583
4163.83	2554
4165.383	2600
4166.936	2480
4168.488	2524
4170.041	2578
4171.593	2503
4173.144	2552
4174.695	2565
4176.246	2530
4177.796	2561
4179.346	2540
4180.896	2606
4182.445	2547
4183.994	2535
4185.542	2479
4187.091	2558
4188.639	2478
4190.185	2531
4191.732	2581
4193.279	2455
4194.826	2449
4196.373	2505
4197.918	2497
4199.463	2486
4201.008	2552
4202.553	2478
4204.098	2507
4205.641	2514
4207.185	2468
4208.728	2469
4210.271	2526
4211.814	2545
4213.357	2465
4214.898	2512
4216.439	2485
4217.98	2464
4219.522	2468
4221.062	2518
4222.603	2446
4224.142	2453
4225.681	2375
4227.222	2450
4228.76	2484
4230.298	2473
4231.835	2445
4233.373	2444
4234.911	2487
4236.449	2420
4237.985	2462
4239.521	2461
4241.057	2392
4242.592	2430
4244.128	2421
4245.663	2446
4247.197	2399
4248.731	2442
4250.265	2425
4251.798	2406
4253.333	2420
4254.865	2435
4256.397	2434
4257.93	2427
4259.461	2381
4260.994	2373
4262.525	2461
4264.056	2411
4265.586	2430
4267.115	2428
4268.646	2397
4270.176	2327
4271.705	2407
4273.232	2398
4274.761	2352
4276.289	2420
4277.818	2417
4279.345	2379
4280.872	2416
4282.399	2375
4283.924	2416
4285.452	2355
4286.976	2340
4288.502	2409
4290.026	2370
4291.551	2330
4293.074	2370
4294.6	2368
4296.123	2361
4297.646	2365
4299.168	2382
4300.691	2322
4302.214	2393
4303.736	2294
4305.257	2382
4306.778	2286
4308.299	2309
4309.82	2311
4311.34	2364
4312.86	2278
4314.379	2332
