200.151048	34169.333333
201.758777	34210.000000
203.365815	34046.666667
204.972162	33994.666667
206.577820	33858.666667
208.182787	33733.666667
209.787065	33730.000000
211.390653	33741.000000
212.993553	33652.000000
214.595765	33550.666667
216.197289	33729.333333
217.798125	33494.666667
219.398274	33308.666667
220.997737	33466.666667
222.596513	33503.333333
224.194603	33570.666667
225.792008	33334.666667
227.388728	33419.000000
228.984763	33300.000000
230.580114	33218.333333
232.174781	33397.666667
233.768765	33183.666667
235.362065	33205.333333
236.954683	33077.666667
238.546619	33045.666667
240.137872	33000.000000
241.728445	33094.333333
243.318336	32791.000000
244.907546	33021.000000
246.496076	32851.333333
248.083926	32579.333333
249.671097	32645.666667
251.257589	32459.333333
252.843402	32487.000000
254.428536	32423.666667
256.012993	32311.666667
257.596772	32301.000000
259.179874	32238.333333
260.762300	31973.666667
262.344049	32101.666667
263.925122	32175.000000
265.505519	31961.666667
267.085241	32055.666667
268.664289	32111.000000
270.242662	31994.333333
271.820361	31990.666667
273.397387	31980.666667
274.973740	31935.333333
276.549419	32035.333333
278.124426	31814.333333
279.698762	31969.000000
281.272425	31951.666667
282.845417	32027.333333
284.417739	31991.333333
285.989390	32097.666667
287.560371	32237.000000
289.130682	32128.000000
290.700324	32024.333333
292.269297	32063.000000
293.837602	31964.333333
295.405238	32097.333333
296.972207	32050.000000
298.538508	31900.000000
300.104142	31972.666667
301.669110	31810.333333
303.233411	31694.000000
304.797047	31662.000000
306.360017	31437.666667
307.922322	31598.000000
309.483963	31236.333333
311.044939	31315.666667
312.605252	31154.000000
314.164900	31230.666667
315.723886	31191.666667
317.282209	31206.666667
318.839870	30854.666667
320.396868	30892.000000
321.953205	30849.333333
323.508881	30860.333333
325.063896	30741.000000
326.618251	30822.666667
328.171945	30759.333333
329.724980	30797.666667
331.277356	30663.666667
332.829072	30932.333333
334.380131	30720.666667
335.930530	30731.000000
337.480273	30796.333333
339.029357	30710.333333
340.577785	30621.000000
342.125556	30739.666667
343.672671	30704.333333
345.219130	30575.666667
346.764933	30727.000000
348.310081	30649.666667
349.854575	30615.666667
351.398414	30520.666667
352.941599	30623.333333
354.484130	30664.666667
356.026008	30420.000000
357.567234	30468.333333
359.107807	30418.333333
360.647727	30339.333333
362.186996	30479.333333
363.725614	30111.000000
365.263580	30187.666667
366.800896	30169.666667
368.337562	29984.333333
369.873578	30151.333333
371.408944	29978.000000
372.943661	30221.666667
374.477730	29857.666667
376.011150	29927.666667
377.543922	30088.333333
379.076046	29891.000000
380.607523	30064.333333
382.138353	29842.333333
383.668537	29933.333333
385.198075	29825.333333
386.726966	29799.666667
388.255213	29824.666667
389.782814	29731.333333
391.309770	29859.333333
392.836083	29938.666667
394.361751	29900.333333
395.886776	30077.000000
397.411157	29877.000000
398.934896	29882.000000
400.457992	29939.666667
401.980446	30059.000000
403.502258	29964.666667
405.023429	30036.000000
406.543959	29877.333333
408.063849	29948.333333
409.583098	30080.000000
411.101707	30043.000000
412.619677	30174.333333
414.137007	30068.666667
415.653699	30409.666667
417.169752	30347.333333
418.685167	30620.333333
420.199945	30788.666667
421.714085	31085.000000
423.227588	31108.000000
424.740454	31436.666667
426.252684	31391.333333
427.764279	31454.000000
429.275238	31653.000000
430.785561	31392.333333
432.295250	31405.000000
433.804304	31245.333333
435.312725	31128.333333
436.820511	30836.000000
438.327664	30688.666667
439.834185	30557.000000
441.340072	30431.000000
442.845327	30129.000000
444.349951	30365.000000
445.853942	30062.000000
447.357303	30185.666667
448.860033	29960.333333
450.362132	29909.666667
451.863601	29637.333333
453.364440	29619.000000
454.864650	29383.000000
456.364231	29121.666667
457.863183	28992.000000
459.361507	28771.000000
460.859203	28710.000000
462.356271	28600.333333
463.852712	28375.000000
465.348526	28375.666667
466.843714	28390.666667
468.338275	28196.000000
469.832210	27967.666667
471.325520	28076.000000
472.818205	27889.333333
474.310265	27866.666667
475.801700	27899.333333
477.292512	27839.333333
478.782700	27790.000000
480.272264	27752.666667
481.761205	27669.333333
483.249524	27549.000000
484.737221	27564.666667
486.224295	27445.666667
487.710748	27304.666667
489.196579	27274.666667
490.681790	27320.000000
492.166380	27316.666667
493.650350	27233.333333
495.133700	27250.000000
496.616431	27280.000000
498.098542	27001.333333
499.580035	27291.000000
501.060909	27300.000000
502.541165	27150.000000
504.020804	27240.333333
505.499825	27086.666667
506.978228	27060.000000
508.456016	26889.666667
509.933186	26686.000000
511.409741	26760.333333
512.885680	26735.666667
514.361004	26514.333333
515.835713	26837.333333
517.309807	26932.000000
518.783287	26742.666667
520.256153	26659.666667
521.728406	26605.666667
523.200045	26549.333333
524.671071	26608.000000
526.141485	26600.000000
527.611287	26483.333333
529.080476	26604.666667
530.549054	26424.333333
532.017021	26520.333333
533.484378	26428.666667
534.951123	26385.333333
536.417259	26356.333333
537.882785	26347.333333
539.347701	26372.333333
540.812008	26282.000000
542.275707	26403.000000
543.738797	26156.000000
545.201279	26379.333333
546.663153	26329.333333
548.124420	26308.333333
549.585080	26482.333333
551.045133	26600.333333
552.504579	26433.000000
553.963420	26500.000000
555.421655	26537.333333
556.879285	26648.000000
558.336309	26442.333333
559.792729	26446.000000
561.248545	26416.000000
562.703756	26664.333333
564.158364	26532.666667
565.612369	26673.666667
567.065770	26651.333333
568.518569	26681.000000
569.970766	26992.333333
571.422361	26944.000000
572.873354	27174.666667
574.323745	27125.333333
575.773536	27357.333333
577.222726	27246.333333
578.671316	27405.666667
580.119306	27411.000000
581.566696	27213.666667
583.013487	27091.000000
584.459679	26858.666667
585.905273	26877.000000
587.350268	26958.666667
588.794665	26838.333333
590.238465	26805.333333
591.681667	26777.000000
593.124272	26634.000000
594.566281	26515.666667
596.007694	26320.000000
597.448510	26297.666667
598.888731	26055.666667
600.328357	25950.333333
601.767388	25806.333333
603.205824	25938.333333
604.643666	25839.333333
606.080914	25885.333333
607.517568	25805.666667
608.953629	25928.333333
610.389097	25797.000000
611.823972	25607.666667
613.258255	25537.666667
614.691946	25552.666667
616.125046	25530.000000
617.557554	25367.666667
618.989471	25231.000000
620.420798	24969.666667
621.851534	24990.333333
623.281680	24715.666667
624.711237	24676.666667
626.140204	24514.333333
627.568582	24484.333333
628.996372	24284.666667
630.423573	24323.666667
631.850186	24441.000000
633.276211	24283.333333
634.701650	24252.666667
636.126501	24233.666667
637.550765	24332.333333
638.974443	24225.000000
640.397535	24281.000000
641.820041	24301.333333
643.241961	24125.000000
644.663297	24269.666667
646.084048	24121.000000
647.504214	24035.333333
648.923796	23857.666667
650.342795	23915.000000
651.761210	23806.333333
653.179041	23708.666667
654.596290	23715.333333
656.012957	23734.333333
657.429041	23534.666667
658.844543	23640.333333
660.259464	23640.000000
661.673804	23596.666667
663.087563	23602.666667
664.500741	23661.666667
665.913339	23656.333333
667.325357	23552.666667
668.736795	23653.333333
670.147654	23498.333333
671.557934	23493.333333
672.967636	23414.666667
674.376759	23391.000000
675.785304	23291.000000
677.193271	23310.000000
678.600661	23223.333333
680.007474	23350.000000
681.413711	23386.333333
682.819370	23078.666667
684.224454	23149.000000
685.628962	23094.000000
687.032895	23252.333333
688.436252	23112.666667
689.839034	23119.666667
691.241242	23043.666667
692.642876	22995.000000
694.043936	22974.000000
695.444422	22947.333333
696.844336	22894.666667
698.243676	22782.000000
699.642443	22826.000000
701.040639	22885.666667
702.438262	22772.000000
703.835313	22760.666667
705.231794	23003.666667
706.627703	22677.000000
708.023041	22563.333333
709.417810	22796.666667
710.812008	22637.000000
712.205636	22600.000000
713.598694	22556.000000
714.991184	22508.000000
716.383105	22420.666667
717.774457	22458.333333
719.165241	22445.666667
720.555457	22553.000000
721.945105	22402.333333
723.334187	22335.000000
724.722701	22406.333333
726.110648	22572.666667
727.498030	22399.000000
728.884845	22401.000000
730.271094	22383.333333
731.656778	22386.000000
733.041897	22165.666667
734.426451	22233.000000
735.810441	22143.333333
737.193866	22120.000000
738.576728	22174.666667
739.959026	22176.666667
741.340760	22087.000000
742.721932	22178.666667
744.102541	22096.666667
745.482588	22055.333333
746.862073	22076.333333
748.240996	21952.333333
749.619358	22068.333333
750.997158	22009.000000
752.374398	22120.666667
753.751077	22041.000000
755.127197	22054.666667
756.502756	21937.000000
757.877756	21938.666667
759.252196	21979.666667
760.626078	21826.000000
761.999400	21903.333333
763.372165	21795.000000
764.744371	21835.000000
766.116020	21789.333333
767.487111	21743.666667
768.857646	21603.333333
770.227623	21733.000000
771.597044	21754.666667
772.965908	21541.666667
774.334217	21568.666667
775.701970	21576.333333
777.069168	21584.333333
778.435811	21483.666667
779.801899	21491.333333
781.167433	21332.000000
782.532412	21441.333333
783.896838	21235.333333
785.260710	21435.666667
786.624029	21302.333333
787.986796	21166.666667
789.349009	21201.333333
790.710671	21244.000000
792.071780	21329.333333
793.432338	21068.666667
794.792344	21057.333333
796.151799	21081.333333
797.510704	21059.000000
798.869058	20826.666667
800.226862	20846.333333
801.584116	20973.333333
802.940820	20841.666667
804.296975	20823.666667
805.652581	20802.333333
807.007638	20983.666667
808.362147	21008.000000
809.716108	20888.000000
811.069521	20860.666667
812.422387	20815.000000
813.774705	20804.666667
815.126476	20801.666667
816.477701	20873.333333
817.828380	20727.333333
819.178512	20723.000000
820.528099	20810.000000
821.877140	20734.666667
823.225637	20742.666667
824.573588	20638.000000
825.920995	20576.666667
827.267857	20555.000000
828.614176	20560.333333
829.959951	20553.333333
831.305183	20508.333333
832.649871	20613.666667
833.994017	20537.000000
835.337620	20412.666667
836.680681	20468.333333
838.023201	20320.000000
839.365178	20570.666667
840.706614	20388.666667
842.047510	20385.333333
843.387864	20356.000000
844.727678	20343.666667
846.066952	20493.666667
847.405687	20509.666667
848.743881	20451.333333
850.081537	20501.333333
851.418653	20513.666667
852.755231	20641.000000
854.091270	20565.666667
855.426771	20477.666667
856.761735	20499.333333
858.096160	20339.666667
859.430049	20424.000000
860.763401	20270.666667
862.096216	20237.666667
863.428495	20067.666667
864.760237	20238.666667
866.091444	20077.666667
867.422115	20059.000000
868.752252	20075.333333
870.081853	20087.333333
871.410919	19969.000000
872.739452	20091.333333
874.067450	20037.666667
875.394914	20051.333333
876.721845	19944.000000
878.048243	19835.333333
879.374108	19693.000000
880.699440	19833.333333
882.024240	19779.666667
883.348508	19714.333333
884.672244	19667.000000
885.995449	19609.000000
887.318122	19594.333333
888.640265	19547.333333
889.961877	19565.666667
891.282959	19446.333333
892.603510	19521.000000
893.923532	19433.000000
895.243024	19337.666667
896.561987	19317.666667
897.880422	19365.000000
899.198327	19271.333333
900.515705	19242.000000
901.832554	19322.666667
903.148875	19214.666667
904.464669	19170.666667
905.779936	19172.666667
907.094676	19146.000000
908.408889	19191.666667
909.722576	19236.000000
911.035737	19253.333333
912.348371	19397.666667
913.660481	19250.333333
914.972065	19361.000000
916.283124	19323.666667
917.593659	19363.000000
918.903669	19225.666667
920.213155	19328.666667
921.522117	19404.666667
922.830556	19331.000000
924.138471	19208.000000
925.445864	19297.666667
926.752733	19178.000000
928.059081	19304.000000
929.364906	19222.000000
930.670209	19264.000000
931.974991	19477.333333
933.279251	19479.666667
934.582990	19547.333333
935.886209	19681.000000
937.188907	19571.666667
938.491085	19863.333333
939.792743	19985.000000
941.093881	20242.000000
942.394500	20359.333333
943.694600	20790.000000
944.994181	21067.333333
946.293243	21596.666667
947.591787	22072.666667
948.889813	22764.000000
950.187322	23601.000000
951.484313	24521.666667
952.780787	25698.000000
954.076744	26983.333333
955.372184	28288.333333
956.667108	29147.000000
957.961516	30108.000000
959.255409	30182.666667
960.548785	29679.000000
961.841647	28795.666667
963.133993	27428.000000
964.425825	26100.333333
965.717142	24725.333333
967.007946	23445.333333
968.298235	22097.333333
969.588011	21167.000000
970.877273	20327.333333
972.166023	19861.666667
973.454259	19253.000000
974.741984	18970.333333
976.029196	18733.000000
977.315895	18347.666667
978.602084	18198.333333
979.887761	18003.000000
981.172926	18019.000000
982.457581	17928.666667
983.741725	17745.333333
985.025359	17869.333333
986.308483	17698.000000
987.591097	17743.000000
988.873202	17647.666667
990.154797	17609.333333
991.435883	17493.000000
992.716461	17615.000000
993.996530	17514.666667
995.276091	17467.333333
996.555144	17589.666667
997.833690	17556.000000
999.111728	17674.000000
1000.389259	17680.333333
1001.666283	17780.000000
1002.942800	17737.666667
1004.218812	17650.000000
1005.494317	17582.333333
1006.769317	17601.666667
1008.043811	17525.666667
1009.317799	17585.000000
1010.591283	17526.000000
1011.864263	17642.000000
1013.136737	17541.666667
1014.408708	17571.000000
1015.680175	17515.666667
1016.951138	17592.333333
1018.221598	17468.000000
1019.491554	17575.666667
1020.761008	17529.666667
1022.029959	17508.666667
1023.298408	17573.333333
1024.566355	17587.666667
1025.833800	17631.666667
1027.100744	17636.666667
1028.367187	17658.666667
1029.633128	17501.333333
1030.898569	17627.000000
1032.163509	17379.333333
1033.427949	17394.333333
1034.691890	17524.666667
1035.955330	17555.333333
1037.218271	17628.000000
1038.480714	17568.333333
1039.742657	17652.666667
1041.004101	17531.333333
1042.265048	17717.666667
1043.525496	17696.666667
1044.785446	17548.000000
1046.044899	17649.333333
1047.303855	17522.000000
1048.562313	17553.666667
1049.820275	17466.000000
1051.077740	17343.666667
1052.334709	17352.666667
1053.591182	17277.333333
1054.847160	17102.000000
1056.102641	17260.666667
1057.357628	17194.333333
1058.612120	17242.333333
1059.866117	17350.666667
1061.119619	17277.333333
1062.372628	17372.666667
1063.625142	17548.333333
1064.877163	17429.000000
1066.128691	17470.666667
1067.379725	17589.333333
1068.630267	17482.666667
1069.880316	17550.000000
1071.129872	17518.333333
1072.378937	17399.666667
1073.627509	17255.666667
1074.875590	17232.333333
1076.123180	17040.666667
1077.370279	16927.666667
1078.616887	16719.000000
1079.863004	16600.333333
1081.108631	16628.333333
1082.353768	16490.666667
1083.598415	16438.000000
1084.842573	16242.666667
1086.086241	16145.333333
1087.329421	16180.666667
1088.572111	16005.666667
1089.814314	16013.666667
1091.056028	15900.000000
1092.297253	15875.333333
1093.537992	15994.666667
1094.778242	15835.000000
1096.018006	15827.333333
1097.257282	15801.333333
1098.496072	15840.000000
1099.734376	15784.333333
1100.972193	15720.666667
1102.209524	15715.333333
1103.446370	15661.333333
1104.682730	15684.666667
1105.918604	15610.333333
1107.153994	15566.333333
1108.388900	15477.000000
1109.623320	15335.000000
1110.857257	15379.000000
1112.090710	15400.333333
1113.323679	15400.333333
1114.556164	15315.000000
1115.788167	15294.000000
1117.019686	15244.000000
1118.250723	15298.333333
1119.481278	15147.666667
1120.711350	15112.333333
1121.940940	15181.000000
1123.170049	15076.666667
1124.398676	15222.666667
1125.626823	15078.333333
1126.854488	15034.666667
1128.081672	14998.333333
1129.308376	15057.666667
1130.534600	14985.000000
1131.760345	14954.666667
1132.985609	15015.666667
1134.210394	14929.666667
1135.434700	14911.333333
1136.658527	15062.666667
1137.881875	14925.333333
1139.104745	14941.333333
1140.327136	14880.666667
1141.549050	14786.333333
1142.770486	14921.666667
1143.991445	14774.000000
1145.211926	14895.000000
1146.431931	14929.333333
1147.651459	14699.000000
1148.870510	14795.666667
1150.089086	14830.666667
1151.307185	14674.666667
1152.524808	14701.333333
1153.741957	14721.333333
1154.958630	14722.000000
1156.174828	14722.000000
1157.390551	14763.000000
1158.605800	14716.333333
1159.820574	14663.333333
1161.034875	14612.666667
1162.248702	14729.666667
1163.462055	14549.000000
1164.674936	14663.333333
1165.887343	14559.000000
1167.099277	14637.333333
1168.310739	14581.000000
1169.521729	14509.666667
1170.732247	14619.000000
1171.942293	14528.000000
1173.151867	14548.666667
1174.360970	14540.333333
1175.569602	14578.333333
1176.777764	14505.666667
1177.985454	14535.333333
1179.192675	14422.000000
1180.399425	14361.666667
1181.605706	14326.666667
1182.811517	14323.666667
1184.016859	14346.333333
1185.221731	14178.000000
1186.426135	14137.333333
1187.630070	14145.333333
1188.833537	14140.666667
1190.036535	14103.666667
1191.239066	13997.333333
1192.441129	14069.000000
1193.642725	13956.333333
1194.843853	14045.333333
1196.044515	14064.333333
1197.244710	13993.000000
1198.444438	13959.666667
1199.643701	13997.333333
1200.842497	13991.000000
1202.040827	13984.333333
1203.238693	13937.333333
1204.436092	13986.000000
1205.633027	13994.000000
1206.829497	13934.666667
1208.025503	13828.666667
1209.221044	13832.666667
1210.416122	13854.666667
1211.610735	13823.333333
1212.804885	13795.000000
1213.998572	13709.000000
1215.191795	13693.333333
1216.384556	13600.000000
1217.576854	13711.000000
1218.768689	13718.333333
1219.960063	13742.000000
1221.150974	13603.666667
1222.341424	13608.666667
1223.531413	13595.000000
1224.720940	13552.333333
1225.910006	13572.666667
1227.098612	13473.000000
1228.286757	13693.333333
1229.474442	13536.333333
1230.661667	13673.333333
1231.848432	13690.666667
1233.034738	13692.666667
1234.220584	13724.666667
1235.405971	13836.666667
1236.590900	13801.666667
1237.775369	13831.000000
1238.959381	13765.666667
1240.142934	13782.333333
1241.326029	13804.333333
1242.508667	13726.666667
1243.690848	13790.333333
1244.872571	13872.333333
1246.053837	13820.333333
1247.234646	13794.666667
1248.414999	13742.000000
1249.594896	13530.000000
1250.774337	13594.666667
1251.953322	13553.666667
1253.131851	13476.666667
1254.309925	13537.000000
1255.487544	13549.333333
1256.664708	13498.666667
1257.841417	13508.333333
1259.017673	13517.333333
1260.193473	13554.000000
1261.368820	13526.333333
1262.543714	13412.000000
1263.718154	13559.000000
1264.892140	13445.666667
1266.065674	13598.666667
1267.238755	13511.666667
1268.411383	13625.000000
1269.583559	13478.333333
1270.755283	13549.000000
1271.926555	13500.000000
1273.097375	13566.666667
1274.267744	13504.333333
1275.437662	13453.666667
1276.607129	13509.666667
1277.776145	13315.666667
1278.944711	13482.666667
1280.112827	13246.333333
1281.280492	13238.666667
1282.447708	13190.333333
1283.614474	13216.000000
1284.780791	13173.000000
1285.946659	13080.000000
1287.112078	13110.333333
1288.277048	13129.666667
1289.441570	13041.333333
1290.605644	13004.666667
1291.769270	13035.000000
1292.932448	12910.333333
1294.095178	12799.000000
1295.257461	12828.000000
1296.419298	12789.333333
1297.580687	12818.333333
1298.741630	12824.666667
1299.902126	12740.333333
1301.062177	12723.666667
1302.221781	12837.666667
1303.380940	12737.333333
1304.539653	12752.333333
1305.697921	12729.666667
1306.855744	12671.333333
1308.013123	12714.666667
1309.170056	12751.666667
1310.326546	12631.333333
1311.482591	12688.666667
1312.638193	12724.666667
1313.793350	12680.666667
1314.948065	12703.333333
1316.102336	12637.000000
1317.256164	12639.000000
1318.409550	12521.333333
1319.562493	12483.666667
1320.714993	12552.333333
1321.867052	12567.000000
1323.018668	12472.000000
1324.169843	12418.666667
1325.320577	12364.000000
1326.470870	12404.333333
1327.620721	12327.333333
1328.770132	12403.333333
1329.919102	12290.666667
1331.067632	12278.333333
1332.215722	12289.000000
1333.363372	12213.000000
1334.510582	12244.000000
1335.657353	12277.666667
1336.803685	12226.666667
1337.949578	12250.000000
1339.095032	12239.333333
1340.240048	12286.333333
1341.384625	12310.333333
1342.528764	12183.000000
1343.672466	12250.666667
1344.815729	12307.666667
1345.958556	12282.000000
1347.100945	12153.333333
1348.242897	12156.000000
1349.384413	12161.000000
1350.525492	12057.000000
1351.666134	12098.666667
1352.806341	12161.333333
1353.946111	11989.666667
1355.085446	12083.333333
1356.224346	11944.666667
1357.362810	11938.666667
1358.500840	11948.666667
1359.638434	11851.000000
1360.775594	11862.000000
1361.912320	11835.666667
1363.048612	11799.000000
1364.184469	11794.333333
1365.319893	11736.000000
1366.454884	11773.000000
1367.589441	11809.333333
1368.723566	11802.333333
1369.857257	11779.333333
1370.990516	11795.333333
1372.123343	11846.666667
1373.255737	11858.000000
1374.387699	11838.000000
1375.519230	11823.000000
1376.650329	11780.666667
1377.780997	11782.333333
1378.911234	11931.000000
1380.041040	11759.000000
1381.170416	11789.000000
1382.299361	11749.000000
1383.427875	11690.666667
1384.555960	11791.333333
1385.683615	11753.333333
1386.810841	11675.000000
1387.937637	11703.333333
1389.064004	11771.000000
1390.189942	11681.000000
1391.315451	11692.666667
1392.440532	11711.333333
1393.565185	11517.000000
1394.689409	11550.000000
1395.813206	11547.000000
1396.936575	11556.333333
1398.059517	11505.333333
1399.182032	11352.333333
1400.304119	11528.333333
1401.425780	11472.666667
1402.547014	11298.000000
1403.667822	11387.000000
1404.788204	11416.333333
1405.908160	11355.666667
1407.027690	11513.666667
1408.146795	11360.666667
1409.265474	11412.000000
1410.383728	11421.333333
1411.501558	11376.000000
1412.618963	11408.666667
1413.735943	11350.666667
1414.852499	11413.666667
1415.968632	11533.666667
1417.084340	11413.333333
1418.199625	11462.333333
1419.314486	11410.666667
1420.428925	11405.333333
1421.542940	11504.666667
1422.656533	11389.333333
1423.769703	11369.333333
1424.882451	11423.666667
1425.994777	11313.000000
1427.106680	11288.000000
1428.218163	11327.000000
1429.329223	11195.666667
1430.439863	11227.666667
1431.550081	11180.000000
1432.659879	11164.666667
1433.769256	11139.333333
1434.878212	11169.333333
1435.986749	11084.333333
1437.094865	11105.333333
1438.202562	11160.666667
1439.309839	11140.000000
1440.416696	11085.666667
1441.523135	11138.333333
1442.629154	11221.666667
1443.734755	11173.666667
1444.839937	11198.666667
1445.944701	11334.000000
1447.049047	11195.666667
1448.152975	11303.666667
1449.256485	11216.000000
1450.359577	11266.666667
1451.462253	11232.000000
1452.564511	11270.000000
1453.666352	11243.000000
1454.767777	11217.000000
1455.868785	11233.333333
1456.969377	11162.000000
1458.069553	11095.666667
1459.169313	11071.000000
1460.268658	11067.666667
1461.367587	11032.666667
1462.466101	11040.000000
1463.564200	10943.666667
1464.661884	10916.000000
1465.759153	10967.666667
1466.856008	10847.666667
1467.952449	10739.333333
1469.048476	10669.000000
1470.144089	10632.000000
1471.239288	10650.000000
1472.334074	10572.666667
1473.428447	10512.666667
1474.522407	10459.666667
1475.615955	10381.333333
1476.709089	10327.000000
1477.801812	10399.666667
1478.894122	10357.000000
1479.986020	10293.000000
1481.077506	10262.666667
1482.168581	10238.666667
1483.259245	10274.666667
1484.349498	10271.000000
1485.439339	10299.666667
1486.528770	10198.333333
1487.617790	10229.000000
1488.706400	10165.333333
1489.794600	10215.000000
1490.882390	10157.333333
1491.969771	10103.666667
1493.056742	10203.000000
1494.143303	10213.666667
1495.229456	10171.333333
1496.315199	10088.000000
1497.400534	10042.000000
1498.485460	10060.333333
1499.569978	9985.666667
1500.654088	9949.666667
1501.737790	9973.000000
1502.821085	10023.333333
1503.903972	9963.666667
1504.986451	9911.666667
1506.068524	9839.333333
1507.150189	9868.666667
1508.231448	9811.333333
1509.312301	9846.000000
1510.392747	9762.666667
1511.472787	9797.666667
1512.552422	9805.666667
1513.631650	9805.333333
1514.710473	9776.000000
1515.788891	9747.000000
1516.866904	9732.333333
1517.944512	9703.333333
1519.021715	9818.333333
1520.098513	9607.666667
1521.174908	9689.666667
1522.250898	9673.333333
1523.326485	9678.000000
1524.401667	9707.666667
1525.476447	9688.333333
1526.550823	9706.333333
1527.624796	9757.666667
1528.698365	9674.333333
1529.771533	9601.666667
1530.844298	9728.000000
1531.916660	9709.333333
1532.988620	9596.000000
1534.060179	9735.666667
1535.131336	9718.666667
1536.202091	9657.666667
1537.272445	9526.333333
1538.342398	9638.000000
1539.411950	9510.666667
1540.481101	9468.666667
1541.549851	9515.333333
1542.618202	9475.666667
1543.686152	9433.000000
1544.753702	9424.000000
1545.820853	9429.666667
1546.887604	9397.333333
1547.953955	9323.666667
1549.019908	9326.333333
1550.085461	9346.333333
1551.150616	9339.000000
1552.215372	9255.666667
1553.279730	9316.333333
1554.343690	9314.666667
1555.407252	9226.000000
1556.470415	9265.000000
1557.533182	9192.000000
1558.595551	9254.333333
1559.657522	9186.333333
1560.719097	9169.000000
1561.780275	9125.000000
1562.841056	9200.333333
1563.901441	9142.333333
1564.961429	9183.000000
1566.021022	9149.666667
1567.080219	9143.000000
1568.139020	9109.666667
1569.197425	9111.666667
1570.255436	9020.000000
1571.313051	9147.333333
1572.370271	9091.333333
1573.427097	9045.666667
1574.483528	9090.666667
1575.539565	9078.333333
1576.595208	9064.000000
1577.650457	8925.000000
1578.705312	8968.000000
1579.759774	8847.000000
1580.813842	8879.666667
1581.867517	8820.666667
1582.920799	8765.666667
1583.973689	8810.333333
1585.026186	8787.666667
1586.078290	8837.000000
1587.130002	8756.000000
1588.181323	8695.333333
1589.232251	8755.000000
1590.282788	8724.666667
1591.332933	8670.000000
1592.382688	8698.000000
1593.432051	8656.000000
1594.481023	8590.333333
1595.529605	8692.000000
1596.577796	8693.333333
1597.625597	8665.333333
1598.673007	8695.333333
1599.720028	8769.333333
1600.766660	8723.333333
1601.812901	8793.000000
1602.858753	8717.666667
1603.904217	8744.333333
1604.949291	8855.000000
1605.993976	8755.666667
1607.038273	8791.666667
1608.082182	8749.000000
1609.125702	8673.000000
1610.168834	8715.666667
1611.211579	8633.666667
1612.253935	8636.333333
1613.295905	8552.000000
1614.337487	8557.333333
1615.378682	8439.333333
1616.419490	8558.000000
1617.459912	8574.333333
1618.499946	8498.666667
1619.539595	8484.666667
1620.578858	8469.000000
1621.617734	8557.333333
1622.656225	8538.666667
1623.694330	8517.666667
1624.732050	8472.000000
1625.769385	8433.666667
1626.806334	8359.666667
1627.842899	8326.333333
1628.879079	8411.000000
1629.914875	8397.333333
1630.950286	8332.333333
1631.985314	8406.000000
1633.019957	8345.000000
1634.054217	8375.333333
1635.088093	8342.666667
1636.121586	8363.000000
1637.154696	8446.000000
1638.187423	8353.000000
1639.219767	8360.000000
1640.251728	8423.000000
1641.283307	8430.000000
1642.314504	8460.333333
1643.345319	8399.333333
1644.375751	8404.666667
1645.405803	8345.000000
1646.435472	8424.333333
1647.464761	8365.333333
1648.493668	8352.000000
1649.522194	8370.666667
1650.550340	8364.333333
1651.578105	8282.333333
1652.605490	8309.333333
1653.632494	8319.333333
1654.659119	8314.666667
1655.685363	8326.000000
1656.711228	8189.666667
1657.736714	8182.000000
1658.761820	8246.666667
1659.786547	8176.333333
1660.810895	8121.666667
1661.834865	8101.000000
1662.858456	8120.666667
1663.881668	8139.000000
1664.904503	8109.000000
1665.926959	8023.333333
1666.949038	8046.333333
1667.970739	7989.000000
1668.992062	8040.666667
1670.013008	8032.000000
1671.033577	7942.666667
1672.053770	7873.333333
1673.073585	7979.333333
1674.093024	7919.333333
1675.112086	7946.666667
1676.130773	7912.333333
1677.149083	7776.333333
1678.167017	7879.666667
1679.184576	7879.000000
1680.201760	7852.333333
1681.218568	7857.666667
1682.235001	7824.333333
1683.251059	7814.333333
1684.266742	7897.333333
1685.282051	7879.000000
1686.296985	7781.666667
1687.311546	7783.000000
1688.325732	7733.000000
1689.339544	7688.666667
1690.352983	7659.000000
1691.366048	7630.666667
1692.378740	7597.333333
1693.391058	7598.666667
1694.403004	7538.333333
1695.414577	7580.666667
1696.425778	7478.000000
1697.436606	7495.000000
1698.447061	7396.333333
1699.457145	7392.000000
1700.466857	7296.666667
1701.476197	7280.000000
1702.485166	7275.333333
1703.493763	7250.000000
1704.501989	7211.000000
1705.509844	7169.000000
1706.517328	7167.666667
1707.524442	7155.000000
1708.531185	7207.000000
1709.537558	7131.666667
1710.543561	7087.333333
1711.549194	7063.666667
1712.554457	7063.666667
1713.559351	7057.333333
1714.563875	7080.333333
1715.568030	7066.000000
1716.571816	7048.666667
1717.575233	7107.000000
1718.578282	7195.333333
1719.580962	7174.000000
1720.583273	7208.666667
1721.585217	7153.666667
1722.586792	7142.333333
1723.588000	7144.333333
1724.588840	7149.666667
1725.589312	7123.333333
1726.589418	7158.666667
1727.589156	7210.000000
1728.588527	7200.000000
1729.587532	7173.000000
1730.586170	7217.000000
1731.584441	7066.666667
1732.582346	7131.000000
1733.579886	7054.666667
1734.577059	7039.000000
1735.573867	7050.333333
1736.570309	7010.333333
1737.566386	6965.333333
1738.562097	7002.000000
1739.557444	6954.333333
1740.552426	6872.333333
1741.547043	6928.333333
1742.541295	6934.333333
1743.535184	6792.000000
1744.528708	6824.000000
1745.521868	6843.666667
1746.514664	6757.000000
1747.507097	6842.333333
1748.499166	6741.333333
1749.490873	6726.333333
1750.482216	6771.333333
1751.473196	6812.333333
1752.463813	6701.333333
1753.454068	6803.333333
1754.443960	6732.000000
1755.433490	6707.333333
1756.422658	6639.666667
1757.411464	6712.333333
1758.399908	6663.333333
1759.387991	6658.000000
1760.375713	6652.333333
1761.363073	6678.666667
1762.350072	6709.333333
1763.336711	6676.666667
1764.322988	6612.333333
1765.308905	6697.666667
1766.294462	6586.666667
1767.279659	6584.333333
1768.264496	6573.666667
1769.248972	6536.000000
1770.233089	6484.333333
1771.216847	6533.666667
1772.200245	6463.000000
1773.183284	6517.000000
1774.165965	6508.000000
1775.148286	6420.666667
1776.130249	6436.333333
1777.111853	6395.000000
1778.093099	6429.333333
1779.073987	6391.666667
1780.054517	6280.666667
1781.034689	6281.666667
1782.014503	6245.666667
1782.993960	6212.000000
1783.973060	6186.333333
1784.951802	6058.000000
1785.930188	6080.000000
1786.908217	6065.666667
1787.885889	6037.666667
1788.863205	6046.666667
1789.840164	6028.000000
1790.816768	6021.333333
1791.793015	5998.666667
1792.768907	5933.666667
1793.744443	6034.666667
1794.719624	5999.333333
1795.694449	5990.666667
1796.668919	6039.666667
1797.643035	6018.333333
1798.616795	6008.333333
1799.590201	6007.666667
1800.563253	5999.333333
1801.535950	6102.000000
1802.508294	6037.666667
1803.480283	6086.333333
1804.451919	6063.333333
1805.423201	6097.000000
1806.394129	6019.666667
1807.364705	6076.333333
1808.334927	6055.666667
1809.304796	6035.333333
1810.274313	6008.000000
1811.243477	6036.333333
1812.212288	6020.333333
1813.180747	6025.666667
1814.148855	5959.000000
1815.116610	6018.000000
1816.084013	5898.333333
1817.051065	5969.333333
1818.017766	5948.333333
1818.984115	5996.000000
1819.950113	5921.333333
1820.915760	5946.333333
1821.881057	5938.000000
1822.846003	5879.666667
1823.810598	5888.333333
1824.774843	5841.000000
1825.738738	5801.333333
1826.702283	5870.000000
1827.665479	5866.666667
1828.628324	5856.666667
1829.590821	5751.333333
1830.552968	5780.333333
1831.514765	5758.333333
1832.476214	5763.333333
1833.437314	5755.333333
1834.398066	5687.333333
1835.358469	5729.000000
1836.318524	5686.666667
1837.278230	5665.333333
1838.237589	5740.666667
1839.196600	5688.666667
1840.155263	5698.000000
1841.113578	5665.000000
1842.071547	5719.666667
1843.029168	5646.666667
1843.986442	5691.333333
1844.943369	5740.666667
1845.899950	5738.666667
1846.856184	5685.333333
1847.812072	5735.333333
1848.767614	5731.000000
1849.722809	5710.666667
1850.677659	5733.666667
1851.632163	5706.666667
1852.586322	5712.000000
1853.540135	5644.000000
1854.493603	5682.000000
1855.446726	5664.333333
1856.399504	5705.333333
1857.351937	5655.000000
1858.304026	5670.333333
1859.255770	5581.666667
1860.207170	5581.666667
1861.158227	5541.666667
1862.108939	5486.000000
1863.059307	5503.666667
1864.009332	5486.666667
1864.959013	5457.333333
1865.908351	5437.333333
1866.857346	5503.000000
1867.805998	5387.666667
1868.754307	5428.000000
1869.702274	5392.000000
1870.649898	5336.000000
1871.597180	5352.333333
1872.544119	5353.000000
1873.490717	5261.000000
1874.436973	5268.000000
1875.382887	5280.333333
1876.328459	5242.666667
1877.273691	5208.666667
1878.218581	5211.666667
1879.163130	5237.333333
1880.107338	5196.666667
1881.051205	5231.666667
1881.994732	5262.000000
1882.937919	5272.333333
1883.880765	5245.666667
1884.823271	5231.333333
1885.765437	5246.333333
1886.707264	5299.000000
1887.648750	5244.000000
1888.589898	5258.000000
1889.530706	5236.333333
1890.471175	5293.333333
1891.411305	5264.000000
1892.351096	5301.000000
1893.290548	5338.333333
1894.229662	5310.666667
1895.168438	5335.333333
1896.106876	5330.000000
1897.044975	5273.666667
1897.982737	5282.666667
1898.920160	5231.000000
1899.857247	5254.000000
1900.793996	5201.333333
1901.730407	5203.666667
1902.666482	5132.666667
1903.602219	5133.333333
1904.537620	5114.333333
1905.472685	5114.000000
1906.407412	5148.666667
1907.341804	5113.333333
1908.275859	5033.666667
1909.209579	4998.666667
1910.142962	4997.000000
1911.076010	5017.000000
1912.008722	4946.000000
1912.941099	4896.666667
1913.873141	4922.000000
1914.804848	4872.000000
1915.736219	4867.000000
1916.667256	4872.333333
1917.597959	4846.666667
1918.528327	4803.666667
1919.458360	4758.666667
1920.388060	4790.666667
1921.317426	4780.333333
1922.246457	4784.666667
1923.175156	4831.000000
1924.103520	4725.666667
1925.031552	4808.333333
1925.959250	4749.333333
1926.886615	4789.333333
1927.813647	4753.000000
1928.740346	4771.000000
1929.666713	4822.333333
1930.592748	4783.333333
1931.518450	4775.666667
1932.443820	4842.333333
1933.368858	4812.666667
1934.293564	4781.666667
1935.217939	4729.333333
1936.141982	4782.666667
1937.065694	4751.666667
1937.989074	4723.333333
1938.912124	4762.333333
1939.834842	4709.333333
1940.757230	4709.666667
1941.679287	4681.000000
1942.601014	4677.333333
1943.522411	4634.333333
1944.443477	4597.333333
1945.364214	4614.666667
1946.284621	4596.333333
1947.204698	4593.666667
1948.124445	4584.000000
1949.043863	4512.000000
1949.962952	4539.333333
1950.881712	4516.333333
1951.800143	4451.333333
1952.718245	4479.000000
1953.636019	4505.333333
1954.553464	4429.000000
1955.470581	4418.666667
1956.387369	4420.333333
1957.303830	4441.333333
1958.219963	4358.333333
1959.135768	4380.000000
1960.051246	4401.666667
1960.966396	4364.666667
1961.881219	4428.000000
1962.795715	4408.666667
1963.709883	4419.000000
1964.623726	4446.000000
1965.537241	4441.333333
1966.450430	4438.333333
1967.363293	4446.000000
1968.275829	4426.666667
1969.188040	4411.333333
1970.099924	4438.000000
1971.011483	4401.333333
1971.922716	4431.666667
1972.833624	4453.000000
1973.744206	4468.666667
1974.654464	4460.000000
1975.564396	4477.666667
1976.474004	4444.333333
1977.383286	4468.000000
1978.292245	4375.000000
1979.200878	4415.000000
1980.109188	4373.000000
1981.017174	4337.333333
1981.924835	4339.333333
1982.832173	4339.000000
1983.739187	4332.666667
1984.645878	4298.666667
1985.552245	4286.666667
1986.458289	4277.666667
1987.364010	4205.333333
1988.269408	4214.666667
1989.174484	4211.666667
1990.079236	4235.000000
1990.983667	4134.666667
1991.887775	4186.000000
1992.791561	4127.333333
1993.695024	4172.000000
1994.598166	4109.333333
1995.500986	4073.333333
1996.403485	4087.000000
1997.305662	4008.666667
1998.207518	4047.000000
1999.109053	4045.000000
2000.010267	4131.333333
2000.911160	4073.000000
2001.811732	4086.000000
2002.711984	4080.666667
2003.611915	4062.666667
2004.511526	4123.333333
2005.410817	4086.333333
2006.309788	4112.000000
2007.208439	4083.666667
2008.106771	4083.666667
2009.004783	4101.666667
2009.902475	4075.000000
2010.799849	4108.333333
2011.696903	4069.333333
2012.593638	4104.333333
2013.490055	4039.333333
2014.386153	4049.333333
2015.281932	4046.333333
2016.177394	4106.000000
2017.072536	4101.666667
2017.967361	4080.000000
2018.861868	4105.333333
2019.756057	4084.666667
2020.649929	4050.333333
2021.543483	4051.333333
2022.436720	3999.666667
2023.329639	4014.000000
2024.222241	3972.000000
2025.114527	3929.000000
2026.006496	3977.666667
2026.898148	3921.666667
2027.789484	3916.333333
2028.680503	3887.000000
2029.571206	3869.333333
2030.461594	3870.000000
2031.351665	3832.000000
2032.241420	3847.000000
2033.130860	3837.333333
2034.019985	3823.333333
2034.908794	3759.000000
2035.797288	3778.000000
2036.685467	3817.000000
2037.573331	3832.333333
2038.460880	3747.333333
2039.348115	3780.000000
2040.235035	3818.666667
2041.121641	3778.333333
2042.007933	3836.666667
2042.893911	3821.666667
2043.779575	3772.000000
2044.664925	3829.666667
2045.549961	3854.000000
2046.434685	3826.000000
2047.319094	3795.000000
2048.203191	3840.666667
2049.086975	3818.666667
2049.970445	3825.666667
2050.853603	3818.666667
2051.736449	3811.000000
2052.618982	3806.333333
2053.501202	3819.333333
2054.383111	3860.000000
2055.264707	3792.333333
2056.145991	3774.000000
2057.026964	3803.333333
2057.907625	3780.333333
2058.787975	3794.000000
2059.668013	3721.000000
2060.547741	3759.666667
2061.427157	3714.333333
2062.306262	3710.000000
2063.185056	3708.333333
2064.063540	3666.000000
2064.941714	3615.333333
2065.819577	3620.666667
2066.697130	3629.333333
2067.574372	3638.333333
2068.451305	3566.333333
2069.327928	3555.666667
2070.204242	3543.000000
2071.080246	3503.000000
2071.955940	3509.000000
2072.831326	3535.333333
2073.706402	3543.000000
2074.581170	3488.333333
2075.455628	3529.333333
2076.329778	3482.333333
2077.203620	3478.333333
2078.077153	3462.333333
2078.950378	3456.333333
2079.823294	3469.333333
2080.695903	3502.666667
2081.568204	3476.333333
2082.440197	3454.666667
2083.311883	3502.000000
2084.183261	3448.000000
2085.054333	3471.333333
2085.925097	3470.666667
2086.795554	3518.333333
2087.665704	3511.000000
2088.535547	3495.333333
2089.405084	3528.666667
2090.274315	3500.000000
2091.143239	3520.666667
2092.011857	3498.666667
2092.880169	3500.333333
2093.748175	3504.000000
2094.615875	3511.666667
2095.483270	3524.000000
2096.350360	3480.000000
2097.217144	3456.333333
2098.083622	3448.333333
2098.949796	3457.000000
2099.815665	3413.666667
2100.681229	3420.333333
2101.546489	3364.666667
2102.411444	3389.666667
2103.276094	3346.333333
2104.140441	3333.000000
2105.004483	3372.666667
2105.868222	3358.666667
2106.731656	3327.000000
2107.594787	3341.000000
2108.457614	3294.333333
2109.320138	3312.666667
2110.182359	3336.333333
2111.044277	3328.333333
2111.905891	3294.666667
2112.767203	3309.666667
2113.628212	3318.333333
2114.488919	3323.333333
2115.349323	3331.666667
2116.209424	3279.000000
2117.069224	3331.000000
2117.928721	3318.000000
2118.787917	3332.000000
2119.646811	3336.333333
2120.505403	3340.333333
2121.363694	3300.000000
2122.221683	3326.000000
2123.079371	3328.666667
2123.936758	3329.000000
2124.793844	3352.666667
2125.650630	3368.333333
2126.507114	3352.666667
2127.363298	3334.666667
2128.219182	3288.000000
2129.074765	3315.666667
2129.930048	3295.000000
2130.785032	3291.000000
2131.639715	3306.000000
2132.494099	3216.000000
2133.348183	3244.666667
2134.201967	3217.000000
2135.055452	3176.000000
2135.908638	3189.666667
2136.761525	3203.000000
2137.614113	3188.666667
2138.466403	3211.333333
2139.318393	3202.666667
2140.170085	3146.000000
2141.021479	3107.000000
2141.872574	3065.000000
2142.723371	3076.000000
2143.573871	3075.666667
2144.424072	3092.000000
2145.273976	3041.666667
2146.123582	3095.333333
2146.972891	3084.666667
2147.821902	3059.333333
2148.670616	3062.333333
2149.519033	3007.000000
2150.367153	3056.000000
2151.214976	3056.333333
2152.062503	3025.333333
2152.909733	3033.333333
2153.756667	3033.666667
2154.603304	3043.666667
2155.449646	3070.666667
2156.295691	3073.000000
2157.141441	3060.000000
2157.986894	3099.000000
2158.832052	3087.000000
2159.676915	3076.333333
2160.521482	3074.000000
2161.365755	3104.000000
2162.209732	3061.000000
2163.053414	3044.666667
2163.896801	3057.000000
2164.739894	3017.000000
2165.582692	3032.666667
2166.425196	3012.333333
2167.267405	2995.000000
2168.109320	3024.666667
2168.950941	3010.000000
2169.792269	3008.333333
2170.633302	2963.666667
2171.474042	2973.333333
2172.314489	2927.666667
2173.154642	2947.000000
2173.994502	2938.000000
2174.834068	2914.333333
2175.673342	2973.666667
2176.512323	2935.000000
2177.351011	2891.666667
2178.189407	2864.666667
2179.027510	2867.666667
2179.865321	2901.000000
2180.702840	2868.333333
2181.540066	2902.000000
2182.377001	2884.333333
2183.213644	2855.666667
2184.049995	2881.333333
2184.886055	2870.000000
2185.721823	2873.666667
2186.557300	2867.333333
2187.392486	2863.333333
2188.227381	2884.666667
2189.061985	2892.000000
2189.896298	2944.333333
2190.730320	2943.333333
2191.564052	2891.666667
2192.397494	2874.333333
2193.230646	2984.000000
2194.063507	2943.333333
2194.896078	2919.333333
2195.728360	2891.000000
2196.560351	2907.666667
2197.392053	2940.000000
2198.223466	2907.666667
2199.054589	2916.333333
2199.885424	2900.666667
