200.151048	15547.666667
201.758777	15476.333333
203.365815	15382.333333
204.972162	15378.333333
206.577820	15378.333333
208.182787	15314.333333
209.787065	15215.000000
211.390653	15222.333333
212.993553	15224.000000
214.595765	15157.000000
216.197289	15044.666667
217.798125	15116.333333
219.398274	14997.333333
220.997737	15027.000000
222.596513	14935.000000
224.194603	14841.333333
225.792008	14861.000000
227.388728	14885.333333
228.984763	14804.000000
230.580114	14787.666667
232.174781	14718.333333
233.768765	14763.000000
235.362065	14710.000000
236.954683	14700.000000
238.546619	14559.000000
240.137872	14688.666667
241.728445	14506.000000
243.318336	14447.000000
244.907546	14437.666667
246.496076	14432.666667
248.083926	14328.000000
249.671097	14182.666667
251.257589	14241.333333
252.843402	14196.333333
254.428536	14182.666667
256.012993	14103.666667
257.596772	14038.000000
259.179874	14047.666667
260.762300	13976.000000
262.344049	13930.666667
263.925122	13900.000000
265.505519	13832.333333
267.085241	13829.000000
268.664289	13778.000000
270.242662	13845.333333
271.820361	13765.000000
273.397387	13794.666667
274.973740	13804.000000
276.549419	13728.666667
278.124426	13704.000000
279.698762	13714.333333
281.272425	13736.000000
282.845417	13838.333333
284.417739	13651.666667
285.989390	13656.333333
287.560371	13671.333333
289.130682	13680.000000
290.700324	13696.666667
292.269297	13606.333333
293.837602	13691.666667
295.405238	13608.333333
296.972207	13444.000000
298.538508	13522.000000
300.104142	13443.333333
301.669110	13456.666667
303.233411	13441.000000
304.797047	13395.333333
306.360017	13237.000000
307.922322	13264.000000
309.483963	13159.333333
311.044939	13158.333333
312.605252	13097.333333
314.164900	12996.000000
315.723886	13033.666667
317.282209	12903.000000
318.839870	12801.666667
320.396868	12812.666667
321.953205	12764.333333
323.508881	12713.333333
325.063896	12709.000000
326.618251	12725.000000
328.171945	12639.666667
329.724980	12559.000000
331.277356	12507.333333
332.829072	12570.666667
334.380131	12618.000000
335.930530	12530.333333
337.480273	12492.333333
339.029357	12567.000000
340.577785	12459.000000
342.125556	12393.333333
343.672671	12353.000000
345.219130	12427.000000
346.764933	12348.666667
348.310081	12405.666667
349.854575	12382.333333
351.398414	12283.333333
352.941599	12245.666667
354.484130	12108.000000
356.026008	12200.666667
357.567234	12126.000000
359.107807	12109.333333
360.647727	12158.000000
362.186996	12038.666667
363.725614	11939.000000
365.263580	11989.333333
366.800896	12016.000000
368.337562	11936.000000
369.873578	12000.666667
371.408944	11909.000000
372.943661	11979.666667
374.477730	11878.666667
376.011150	11999.333333
377.543922	11898.666667
379.076046	12020.333333
380.607523	11907.000000
382.138353	11991.333333
383.668537	11985.666667
385.198075	11982.333333
386.726966	12047.333333
388.255213	12027.333333
389.782814	11996.666667
391.309770	12036.000000
392.836083	11980.333333
394.361751	12014.333333
395.886776	12122.333333
397.411157	12030.666667
398.934896	12014.333333
400.457992	12126.333333
401.980446	12123.000000
403.502258	12063.666667
405.023429	12070.666667
406.543959	12118.666667
408.063849	12119.333333
409.583098	12116.333333
411.101707	12233.000000
412.619677	12263.333333
414.137007	12388.666667
415.653699	12440.333333
417.169752	12535.333333
418.685167	12603.666667
420.199945	12717.666667
421.714085	12750.666667
423.227588	12999.333333
424.740454	13056.000000
426.252684	13131.000000
427.764279	13233.333333
429.275238	13359.000000
430.785561	13162.666667
432.295250	13096.000000
433.804304	13056.333333
435.312725	13014.333333
436.820511	12725.000000
438.327664	12662.333333
439.834185	12665.333333
441.340072	12579.666667
442.845327	12512.666667
444.349951	12444.333333
445.853942	12388.000000
447.357303	12369.000000
448.860033	12279.666667
450.362132	12301.333333
451.863601	12129.000000
453.364440	12027.000000
454.864650	11824.333333
456.364231	11917.666667
457.863183	11823.666667
459.361507	11751.333333
460.859203	11662.000000
462.356271	11508.666667
463.852712	11489.333333
465.348526	11375.333333
466.843714	11192.000000
468.338275	11321.000000
469.832210	11263.000000
471.325520	11176.333333
472.818205	11151.666667
474.310265	11140.333333
475.801700	11124.000000
477.292512	10988.333333
478.782700	11142.666667
480.272264	10995.000000
481.761205	11028.666667
483.249524	10920.666667
484.737221	10985.666667
486.224295	10805.333333
487.710748	10890.333333
489.196579	10740.333333
490.681790	10810.666667
492.166380	10741.666667
493.650350	10785.000000
495.133700	10760.666667
496.616431	10732.000000
498.098542	10736.333333
499.580035	10698.333333
501.060909	10700.000000
502.541165	10658.666667
504.020804	10652.666667
505.499825	10632.333333
506.978228	10591.666667
508.456016	10607.000000
509.933186	10607.666667
511.409741	10594.000000
512.885680	10590.666667
514.361004	10592.000000
515.835713	10528.666667
517.309807	10584.666667
518.783287	10492.000000
520.256153	10559.333333
521.728406	10510.000000
523.200045	10513.666667
524.671071	10529.000000
526.141485	10594.666667
527.611287	10562.666667
529.080476	10589.333333
530.549054	10518.666667
532.017021	10472.000000
533.484378	10558.666667
534.951123	10435.000000
536.417259	10466.666667
537.882785	10362.666667
539.347701	10479.666667
540.812008	10576.000000
542.275707	10454.000000
543.738797	10416.000000
545.201279	10381.000000
546.663153	10448.000000
548.124420	10432.000000
549.585080	10473.666667
551.045133	10450.333333
552.504579	10610.666667
553.963420	10498.000000
555.421655	10620.666667
556.879285	10530.333333
558.336309	10555.666667
559.792729	10584.000000
561.248545	10713.666667
562.703756	10544.000000
564.158364	10722.000000
565.612369	10834.666667
567.065770	10814.333333
568.518569	10852.333333
569.970766	10909.333333
571.422361	10904.666667
572.873354	10944.000000
574.323745	11010.000000
575.773536	11149.666667
577.222726	11182.666667
578.671316	11158.333333
580.119306	11357.333333
581.566696	11306.333333
583.013487	11239.666667
584.459679	11314.000000
585.905273	11253.000000
587.350268	11269.333333
588.794665	11177.000000
590.238465	11202.333333
591.681667	11176.000000
593.124272	11130.000000
594.566281	10982.333333
596.007694	10828.666667
597.448510	10675.000000
598.888731	10705.000000
600.328357	10646.333333
601.767388	10533.666667
603.205824	10577.000000
604.643666	10622.333333
606.080914	10529.333333
607.517568	10508.000000
608.953629	10506.666667
610.389097	10472.333333
611.823972	10462.000000
613.258255	10403.000000
614.691946	10380.666667
616.125046	10313.666667
617.557554	10222.666667
618.989471	10244.666667
620.420798	10157.000000
621.851534	10053.000000
623.281680	9971.666667
624.711237	9964.666667
626.140204	9902.333333
627.568582	9829.666667
628.996372	9875.000000
630.423573	9811.000000
631.850186	9730.666667
633.276211	9749.000000
634.701650	9697.666667
636.126501	9728.000000
637.550765	9726.000000
638.974443	9781.000000
640.397535	9704.333333
641.820041	9691.333333
643.241961	9699.000000
644.663297	9689.666667
646.084048	9628.333333
647.504214	9638.000000
648.923796	9580.333333
650.342795	9661.000000
651.761210	9495.333333
653.179041	9578.333333
654.596290	9624.333333
656.012957	9587.666667
657.429041	9589.333333
658.844543	9518.333333
660.259464	9566.666667
661.673804	9576.000000
663.087563	9522.000000
664.500741	9698.333333
665.913339	9594.666667
667.325357	9516.333333
668.736795	9662.333333
670.147654	9611.000000
671.557934	9543.666667
672.967636	9453.000000
674.376759	9591.000000
675.785304	9567.666667
677.193271	9547.666667
678.600661	9506.333333
680.007474	9503.000000
681.413711	9531.333333
682.819370	9504.333333
684.224454	9568.666667
685.628962	9574.000000
687.032895	9577.000000
688.436252	9514.000000
689.839034	9462.000000
691.241242	9519.000000
692.642876	9496.666667
694.043936	9537.333333
695.444422	9477.000000
696.844336	9509.333333
698.243676	9494.000000
699.642443	9478.666667
701.040639	9417.333333
702.438262	9496.666667
703.835313	9539.000000
705.231794	9367.666667
706.627703	9457.333333
708.023041	9517.333333
709.417810	9443.000000
710.812008	9552.000000
712.205636	9486.666667
713.598694	9478.333333
714.991184	9525.333333
716.383105	9447.666667
717.774457	9580.000000
719.165241	9461.333333
720.555457	9510.333333
721.945105	9464.666667
723.334187	9447.666667
724.722701	9471.333333
726.110648	9429.333333
727.498030	9487.000000
728.884845	9429.000000
730.271094	9450.333333
731.656778	9432.000000
733.041897	9520.000000
734.426451	9472.000000
735.810441	9416.333333
737.193866	9567.666667
738.576728	9374.333333
739.959026	9542.000000
741.340760	9548.666667
742.721932	9475.666667
744.102541	9512.000000
745.482588	9583.000000
746.862073	9561.000000
748.240996	9587.000000
749.619358	9433.333333
750.997158	9493.333333
752.374398	9598.666667
753.751077	9509.333333
755.127197	9554.333333
756.502756	9561.000000
757.877756	9565.666667
759.252196	9570.333333
760.626078	9574.000000
761.999400	9558.333333
763.372165	9534.000000
764.744371	9536.000000
766.116020	9461.666667
767.487111	9567.666667
768.857646	9529.666667
770.227623	9515.666667
771.597044	9543.333333
772.965908	9531.333333
774.334217	9535.000000
775.701970	9526.666667
777.069168	9478.333333
778.435811	9418.666667
779.801899	9425.000000
781.167433	9510.333333
782.532412	9482.666667
783.896838	9470.666667
785.260710	9561.000000
786.624029	9522.333333
787.986796	9458.333333
789.349009	9544.000000
790.710671	9524.000000
792.071780	9453.666667
793.432338	9423.000000
794.792344	9521.666667
796.151799	9496.333333
797.510704	9474.000000
798.869058	9527.333333
800.226862	9541.000000
801.584116	9424.666667
802.940820	9548.333333
804.296975	9648.666667
805.652581	9594.333333
807.007638	9590.333333
808.362147	9689.333333
809.716108	9642.333333
811.069521	9674.333333
812.422387	9804.666667
813.774705	9690.000000
815.126476	9753.333333
816.477701	9738.000000
817.828380	9717.666667
819.178512	9675.333333
820.528099	9668.333333
821.877140	9681.666667
823.225637	9713.333333
824.573588	9823.333333
825.920995	9785.333333
827.267857	9717.000000
828.614176	9695.000000
829.959951	9773.666667
831.305183	9752.000000
832.649871	9743.666667
833.994017	9754.000000
835.337620	9838.666667
836.680681	9870.666667
838.023201	9839.666667
839.365178	9953.000000
840.706614	9991.333333
842.047510	9977.666667
843.387864	10044.666667
844.727678	10033.666667
846.066952	10091.333333
847.405687	10127.666667
848.743881	10163.000000
850.081537	10157.333333
851.418653	10275.000000
852.755231	10205.000000
854.091270	10274.333333
855.426771	10383.000000
856.761735	10327.333333
858.096160	10268.333333
859.430049	10356.333333
860.763401	10302.000000
862.096216	10310.333333
863.428495	10217.666667
864.760237	10254.000000
866.091444	10271.666667
867.422115	10189.333333
868.752252	10276.666667
870.081853	10270.333333
871.410919	10321.333333
872.739452	10327.666667
874.067450	10410.000000
875.394914	10274.000000
876.721845	10249.666667
878.048243	10412.333333
879.374108	10323.000000
880.699440	10327.666667
882.024240	10394.666667
883.348508	10350.666667
884.672244	10396.333333
885.995449	10370.333333
887.318122	10367.333333
888.640265	10387.666667
889.961877	10399.333333
891.282959	10352.333333
892.603510	10373.000000
893.923532	10428.000000
895.243024	10427.666667
896.561987	10332.333333
897.880422	10404.666667
899.198327	10365.000000
900.515705	10406.333333
901.832554	10397.333333
903.148875	10562.666667
904.464669	10584.666667
905.779936	10561.666667
907.094676	10557.666667
908.408889	10588.000000
909.722576	10667.666667
911.035737	10653.000000
912.348371	10752.333333
913.660481	10711.000000
914.972065	10803.666667
916.283124	10993.333333
917.593659	10984.000000
918.903669	10992.666667
920.213155	11039.000000
921.522117	11049.000000
922.830556	11078.666667
924.138471	11050.000000
925.445864	11108.666667
926.752733	11192.333333
928.059081	11217.666667
929.364906	11275.333333
930.670209	11367.000000
931.974991	11304.000000
933.279251	11528.333333
934.582990	11675.000000
935.886209	11767.333333
937.188907	11788.666667
938.491085	11971.333333
939.792743	12235.000000
941.093881	12418.666667
942.394500	12563.333333
943.694600	12790.000000
944.994181	13040.000000
946.293243	13532.000000
947.591787	13793.000000
948.889813	14391.000000
950.187322	14852.000000
951.484313	15549.333333
952.780787	16087.333333
954.076744	16904.333333
955.372184	17515.666667
956.667108	17991.666667
957.961516	18250.000000
959.255409	18379.000000
960.548785	18303.333333
961.841647	17750.666667
963.133993	17205.666667
964.425825	16438.000000
965.717142	15702.333333
967.007946	14852.666667
968.298235	14221.000000
969.588011	13753.666667
970.877273	13090.666667
972.166023	12768.666667
973.454259	12484.333333
974.741984	12148.000000
976.029196	12017.000000
977.315895	11795.000000
978.602084	11632.666667
979.887761	11673.000000
981.172926	11565.666667
982.457581	11564.666667
983.741725	11403.333333
985.025359	11444.000000
986.308483	11429.333333
987.591097	11467.333333
988.873202	11450.000000
990.154797	11405.666667
991.435883	11405.000000
992.716461	11337.000000
993.996530	11444.000000
995.276091	11465.666667
996.555144	11511.000000
997.833690	11626.000000
999.111728	11595.666667
1000.389259	11778.666667
1001.666283	11717.000000
1002.942800	11762.000000
1004.218812	11766.333333
1005.494317	11755.666667
1006.769317	11655.333333
1008.043811	11817.333333
1009.317799	11740.666667
1010.591283	11824.333333
1011.864263	11837.666667
1013.136737	11757.333333
1014.408708	11849.666667
1015.680175	11889.333333
1016.951138	11869.000000
1018.221598	11920.333333
1019.491554	11960.666667
1020.761008	12114.666667
1022.029959	12054.000000
1023.298408	12112.333333
1024.566355	12140.333333
1025.833800	12192.333333
1027.100744	12170.333333
1028.367187	12233.666667
1029.633128	12225.333333
1030.898569	12265.666667
1032.163509	12332.333333
1033.427949	12300.000000
1034.691890	12267.666667
1035.955330	12343.666667
1037.218271	12292.000000
1038.480714	12352.333333
1039.742657	12441.333333
1041.004101	12353.666667
1042.265048	12451.000000
1043.525496	12483.666667
1044.785446	12479.000000
1046.044899	12487.000000
1047.303855	12532.000000
1048.562313	12514.000000
1049.820275	12383.000000
1051.077740	12446.666667
1052.334709	12302.666667
1053.591182	12444.333333
1054.847160	12490.333333
1056.102641	12433.000000
1057.357628	12585.000000
1058.612120	12586.000000
1059.866117	12562.333333
1061.119619	12667.333333
1062.372628	12678.000000
1063.625142	12772.000000
1064.877163	12947.666667
1066.128691	12932.333333
1067.379725	12859.333333
1068.630267	12940.333333
1069.880316	12974.333333
1071.129872	13000.000000
1072.378937	12869.000000
1073.627509	12843.000000
1074.875590	12922.333333
1076.123180	12834.000000
1077.370279	12714.666667
1078.616887	12552.000000
1079.863004	12518.666667
1081.108631	12457.666667
1082.353768	12388.666667
1083.598415	12273.000000
1084.842573	12270.666667
1086.086241	12191.333333
1087.329421	12219.666667
1088.572111	12212.333333
1089.814314	12260.333333
1091.056028	12036.333333
1092.297253	12036.333333
1093.537992	12058.333333
1094.778242	12059.333333
1096.018006	12010.000000
1097.257282	12014.000000
1098.496072	12005.333333
1099.734376	12022.666667
1100.972193	11965.666667
1102.209524	12006.666667
1103.446370	12009.333333
1104.682730	11974.666667
1105.918604	11960.666667
1107.153994	11912.000000
1108.388900	11881.000000
1109.623320	11879.666667
1110.857257	11889.333333
1112.090710	11859.666667
1113.323679	11775.000000
1114.556164	11868.333333
1115.788167	11876.000000
1117.019686	11832.333333
1118.250723	11798.000000
1119.481278	11808.666667
1120.711350	11757.666667
1121.940940	11765.333333
1123.170049	11783.000000
1124.398676	11777.000000
1125.626823	11749.333333
1126.854488	11668.000000
1128.081672	11743.000000
1129.308376	11754.666667
1130.534600	11731.000000
1131.760345	11757.000000
1132.985609	11739.666667
1134.210394	11685.000000
1135.434700	11706.000000
1136.658527	11744.333333
1137.881875	11756.000000
1139.104745	11760.333333
1140.327136	11865.666667
1141.549050	11741.000000
1142.770486	11823.333333
1143.991445	11697.333333
1145.211926	11825.333333
1146.431931	11804.333333
1147.651459	11752.666667
1148.870510	11815.000000
1150.089086	11728.333333
1151.307185	11653.000000
1152.524808	11790.666667
1153.741957	11787.333333
1154.958630	11811.000000
1156.174828	11756.000000
1157.390551	11846.333333
1158.605800	11784.000000
1159.820574	11717.000000
1161.034875	11869.333333
1162.248702	11785.666667
1163.462055	11839.000000
1164.674936	11784.000000
1165.887343	11634.000000
1167.099277	11763.666667
1168.310739	11797.666667
1169.521729	11877.333333
1170.732247	11773.000000
1171.942293	11789.666667
1173.151867	11836.000000
1174.360970	11818.000000
1175.569602	11757.666667
1176.777764	11819.333333
1177.985454	11810.000000
1179.192675	11803.000000
1180.399425	11740.000000
1181.605706	11782.000000
1182.811517	11715.666667
1184.016859	11783.000000
1185.221731	11775.666667
1186.426135	11717.000000
1187.630070	11603.000000
1188.833537	11586.666667
1190.036535	11658.333333
1191.239066	11598.666667
1192.441129	11573.666667
1193.642725	11617.000000
1194.843853	11614.000000
1196.044515	11574.000000
1197.244710	11606.000000
1198.444438	11682.333333
1199.643701	11569.000000
1200.842497	11591.666667
1202.040827	11620.666667
1203.238693	11624.333333
1204.436092	11651.000000
1205.633027	11582.666667
1206.829497	11576.333333
1208.025503	11615.666667
1209.221044	11540.333333
1210.416122	11490.666667
1211.610735	11460.666667
1212.804885	11591.000000
1213.998572	11403.000000
1215.191795	11447.333333
1216.384556	11435.333333
1217.576854	11425.333333
1218.768689	11418.000000
1219.960063	11356.000000
1221.150974	11324.000000
1222.341424	11379.000000
1223.531413	11456.333333
1224.720940	11441.000000
1225.910006	11322.000000
1227.098612	11474.666667
1228.286757	11448.333333
1229.474442	11559.333333
1230.661667	11539.666667
1231.848432	11569.333333
1233.034738	11593.666667
1234.220584	11665.666667
1235.405971	11545.000000
1236.590900	11657.000000
1237.775369	11708.333333
1238.959381	11689.000000
1240.142934	11768.000000
1241.326029	11680.333333
1242.508667	11734.666667
1243.690848	11756.666667
1244.872571	11809.000000
1246.053837	11696.666667
1247.234646	11701.666667
1248.414999	11753.333333
1249.594896	11547.666667
1250.774337	11642.000000
1251.953322	11621.666667
1253.131851	11570.666667
1254.309925	11570.666667
1255.487544	11549.333333
1256.664708	11459.333333
1257.841417	11497.666667
1259.017673	11490.000000
1260.193473	11501.333333
1261.368820	11479.000000
1262.543714	11516.000000
1263.718154	11503.333333
1264.892140	11540.000000
1266.065674	11526.333333
1267.238755	11639.000000
1268.411383	11562.333333
1269.583559	11529.333333
1270.755283	11507.000000
1271.926555	11508.333333
1273.097375	11551.000000
1274.267744	11492.000000
1275.437662	11489.333333
1276.607129	11491.666667
1277.776145	11525.000000
1278.944711	11402.666667
1280.112827	11381.666667
1281.280492	11356.000000
1282.447708	11401.666667
1283.614474	11315.000000
1284.780791	11380.333333
1285.946659	11406.000000
1287.112078	11179.666667
1288.277048	11224.333333
1289.441570	11169.333333
1290.605644	11120.333333
1291.769270	11176.666667
1292.932448	11074.333333
1294.095178	11114.666667
1295.257461	11056.333333
1296.419298	11083.333333
1297.580687	11041.000000
1298.741630	11002.666667
1299.902126	11059.666667
1301.062177	10951.666667
1302.221781	11015.000000
1303.380940	10997.000000
1304.539653	10953.000000
1305.697921	11064.666667
1306.855744	10966.000000
1308.013123	10964.666667
1309.170056	10944.666667
1310.326546	10934.000000
1311.482591	10947.666667
1312.638193	11033.333333
1313.793350	10927.000000
1314.948065	10969.666667
1316.102336	10876.666667
1317.256164	10860.333333
1318.409550	10957.333333
1319.562493	10820.333333
1320.714993	10802.000000
1321.867052	10706.333333
1323.018668	10768.000000
1324.169843	10690.333333
1325.320577	10703.666667
1326.470870	10669.666667
1327.620721	10640.333333
1328.770132	10628.000000
1329.919102	10754.333333
1331.067632	10651.000000
1332.215722	10556.000000
1333.363372	10602.666667
1334.510582	10624.333333
1335.657353	10585.666667
1336.803685	10500.000000
1337.949578	10598.333333
1339.095032	10592.333333
1340.240048	10609.666667
1341.384625	10616.000000
1342.528764	10567.000000
1343.672466	10579.333333
1344.815729	10459.333333
1345.958556	10652.333333
1347.100945	10525.333333
1348.242897	10563.000000
1349.384413	10446.000000
1350.525492	10528.333333
1351.666134	10367.666667
1352.806341	10535.666667
1353.946111	10321.666667
1355.085446	10419.333333
1356.224346	10321.666667
1357.362810	10283.666667
1358.500840	10301.000000
1359.638434	10326.333333
1360.775594	10344.333333
1361.912320	10138.333333
1363.048612	10196.666667
1364.184469	10129.000000
1365.319893	10235.333333
1366.454884	10167.000000
1367.589441	10088.666667
1368.723566	10183.000000
1369.857257	10138.666667
1370.990516	10194.666667
1372.123343	10166.333333
1373.255737	10178.000000
1374.387699	10124.333333
1375.519230	10168.000000
1376.650329	10230.666667
1377.780997	10193.333333
1378.911234	10246.333333
1380.041040	10197.333333
1381.170416	10202.333333
1382.299361	10242.000000
1383.427875	10108.000000
1384.555960	10120.333333
1385.683615	10136.333333
1386.810841	10147.000000
1387.937637	10126.333333
1389.064004	10039.000000
1390.189942	10106.000000
1391.315451	10025.666667
1392.440532	10028.666667
1393.565185	10002.000000
1394.689409	10009.333333
1395.813206	10124.000000
1396.936575	9903.000000
1398.059517	9874.333333
1399.182032	9832.333333
1400.304119	9801.666667
1401.425780	9854.666667
1402.547014	9815.666667
1403.667822	9821.000000
1404.788204	9839.666667
1405.908160	9794.666667
1407.027690	9863.666667
1408.146795	9787.000000
1409.265474	9807.000000
1410.383728	9662.000000
1411.501558	9754.333333
1412.618963	9832.666667
1413.735943	9830.000000
1414.852499	9755.333333
1415.968632	9684.666667
1417.084340	9813.666667
1418.199625	9906.666667
1419.314486	9741.666667
1420.428925	9774.666667
1421.542940	9741.333333
1422.656533	9754.000000
1423.769703	9650.666667
1424.882451	9684.333333
1425.994777	9623.666667
1427.106680	9647.666667
1428.218163	9551.666667
1429.329223	9614.000000
1430.439863	9581.000000
1431.550081	9501.000000
1432.659879	9510.333333
1433.769256	9507.333333
1434.878212	9544.666667
1435.986749	9476.000000
1437.094865	9464.333333
1438.202562	9436.333333
1439.309839	9366.333333
1440.416696	9440.333333
1441.523135	9516.000000
1442.629154	9481.000000
1443.734755	9498.000000
1444.839937	9547.333333
1445.944701	9482.000000
1447.049047	9475.666667
1448.152975	9526.666667
1449.256485	9481.666667
1450.359577	9557.333333
1451.462253	9454.333333
1452.564511	9477.666667
1453.666352	9546.666667
1454.767777	9458.666667
1455.868785	9477.666667
1456.969377	9328.333333
1458.069553	9449.000000
1459.169313	9331.666667
1460.268658	9307.333333
1461.367587	9287.333333
1462.466101	9287.333333
1463.564200	9211.666667
1464.661884	9189.666667
1465.759153	9101.666667
1466.856008	9096.333333
1467.952449	9054.000000
1469.048476	8968.000000
1470.144089	8971.000000
1471.239288	9000.000000
1472.334074	8800.000000
1473.428447	8801.000000
1474.522407	8762.666667
1475.615955	8729.000000
1476.709089	8685.333333
1477.801812	8650.333333
1478.894122	8626.666667
1479.986020	8588.000000
1481.077506	8592.000000
1482.168581	8581.333333
1483.259245	8558.333333
1484.349498	8544.333333
1485.439339	8497.666667
1486.528770	8490.333333
1487.617790	8500.666667
1488.706400	8538.666667
1489.794600	8463.333333
1490.882390	8527.000000
1491.969771	8459.666667
1493.056742	8412.000000
1494.143303	8373.666667
1495.229456	8359.666667
1496.315199	8326.666667
1497.400534	8278.666667
1498.485460	8325.000000
1499.569978	8258.000000
1500.654088	8331.000000
1501.737790	8266.666667
1502.821085	8217.666667
1503.903972	8175.666667
1504.986451	8113.666667
1506.068524	8198.333333
1507.150189	8124.333333
1508.231448	8072.000000
1509.312301	8098.000000
1510.392747	8001.000000
1511.472787	8013.666667
1512.552422	8072.333333
1513.631650	7966.333333
1514.710473	7913.333333
1515.788891	7922.000000
1516.866904	7976.333333
1517.944512	7890.666667
1519.021715	7940.666667
1520.098513	7910.666667
1521.174908	7854.000000
1522.250898	7941.000000
1523.326485	7947.000000
1524.401667	7873.666667
1525.476447	7897.000000
1526.550823	7830.000000
1527.624796	7843.666667
1528.698365	7907.666667
1529.771533	7862.666667
1530.844298	7768.666667
1531.916660	7784.666667
1532.988620	7750.333333
1534.060179	7764.333333
1535.131336	7764.000000
1536.202091	7757.000000
1537.272445	7757.333333
1538.342398	7665.333333
1539.411950	7651.666667
1540.481101	7676.000000
1541.549851	7577.000000
1542.618202	7557.666667
1543.686152	7547.333333
1544.753702	7556.333333
1545.820853	7484.666667
1546.887604	7532.333333
1547.953955	7419.666667
1549.019908	7442.666667
1550.085461	7483.000000
1551.150616	7460.000000
1552.215372	7396.000000
1553.279730	7390.666667
1554.343690	7366.000000
1555.407252	7359.666667
1556.470415	7363.000000
1557.533182	7301.666667
1558.595551	7305.666667
1559.657522	7339.666667
1560.719097	7261.000000
1561.780275	7288.333333
1562.841056	7295.666667
1563.901441	7218.333333
1564.961429	7287.000000
1566.021022	7287.666667
1567.080219	7286.333333
1568.139020	7239.333333
1569.197425	7198.000000
1570.255436	7217.666667
1571.313051	7163.666667
1572.370271	7186.333333
1573.427097	7172.666667
1574.483528	7143.666667
1575.539565	7123.000000
1576.595208	7071.333333
1577.650457	7066.666667
1578.705312	7070.666667
1579.759774	6992.000000
1580.813842	6964.333333
1581.867517	7022.666667
1582.920799	6910.333333
1583.973689	6875.333333
1585.026186	6840.333333
1586.078290	6860.000000
1587.130002	6912.000000
1588.181323	6861.666667
1589.232251	6814.000000
1590.282788	6808.666667
1591.332933	6746.333333
1592.382688	6811.000000
1593.432051	6828.333333
1594.481023	6765.333333
1595.529605	6732.666667
1596.577796	6788.000000
1597.625597	6730.666667
1598.673007	6801.333333
1599.720028	6813.000000
1600.766660	6732.333333
1601.812901	6749.000000
1602.858753	6753.000000
1603.904217	6734.000000
1604.949291	6730.333333
1605.993976	6695.333333
1607.038273	6746.666667
1608.082182	6657.000000
1609.125702	6650.666667
1610.168834	6677.000000
1611.211579	6675.000000
1612.253935	6611.000000
1613.295905	6564.666667
1614.337487	6637.666667
1615.378682	6583.666667
1616.419490	6532.333333
1617.459912	6532.000000
1618.499946	6508.333333
1619.539595	6451.000000
1620.578858	6492.333333
1621.617734	6422.000000
1622.656225	6454.333333
1623.694330	6410.000000
1624.732050	6407.000000
1625.769385	6417.000000
1626.806334	6430.000000
1627.842899	6314.333333
1628.879079	6336.666667
1629.914875	6371.000000
1630.950286	6334.666667
1631.985314	6327.666667
1633.019957	6356.666667
1634.054217	6403.666667
1635.088093	6363.333333
1636.121586	6280.000000
1637.154696	6331.000000
1638.187423	6292.000000
1639.219767	6250.666667
1640.251728	6279.000000
1641.283307	6314.666667
1642.314504	6256.000000
1643.345319	6344.000000
1644.375751	6287.333333
1645.405803	6267.333333
1646.435472	6283.666667
1647.464761	6254.666667
1648.493668	6257.333333
1649.522194	6248.000000
1650.550340	6209.000000
1651.578105	6117.666667
1652.605490	6166.666667
1653.632494	6075.666667
1654.659119	6123.000000
1655.685363	6135.000000
1656.711228	6122.666667
1657.736714	6003.666667
1658.761820	6048.000000
1659.786547	6052.333333
1660.810895	5987.666667
1661.834865	5981.000000
1662.858456	5998.333333
1663.881668	5965.000000
1664.904503	5939.333333
1665.926959	5909.333333
1666.949038	5891.000000
1667.970739	5830.333333
1668.992062	5818.000000
1670.013008	5833.666667
1671.033577	5786.333333
1672.053770	5778.666667
1673.073585	5778.000000
1674.093024	5716.000000
1675.112086	5727.666667
1676.130773	5701.666667
1677.149083	5676.333333
1678.167017	5690.333333
1679.184576	5690.000000
1680.201760	5676.333333
1681.218568	5695.666667
1682.235001	5661.333333
1683.251059	5697.666667
1684.266742	5681.000000
1685.282051	5618.000000
1686.296985	5615.333333
1687.311546	5613.666667
1688.325732	5510.666667
1689.339544	5544.333333
1690.352983	5524.333333
1691.366048	5446.333333
1692.378740	5453.000000
1693.391058	5403.333333
1694.403004	5373.666667
1695.414577	5330.000000
1696.425778	5350.000000
1697.436606	5314.333333
1698.447061	5229.666667
1699.457145	5222.333333
1700.466857	5185.666667
1701.476197	5144.333333
1702.485166	5157.333333
1703.493763	5097.333333
1704.501989	5116.666667
1705.509844	5142.666667
1706.517328	5062.333333
1707.524442	5045.333333
1708.531185	5032.000000
1709.537558	5024.666667
1710.543561	4967.000000
1711.549194	5067.333333
1712.554457	4905.333333
1713.559351	5009.666667
1714.563875	4938.666667
1715.568030	4969.666667
1716.571816	4951.333333
1717.575233	5018.666667
1718.578282	5026.000000
1719.580962	4966.000000
1720.583273	4986.000000
1721.585217	4932.000000
1722.586792	4912.333333
1723.588000	4941.666667
1724.588840	4947.000000
1725.589312	4954.000000
1726.589418	4953.000000
1727.589156	4938.666667
1728.588527	4965.666667
1729.587532	4876.000000
1730.586170	4937.333333
1731.584441	4931.666667
1732.582346	4885.000000
1733.579886	4882.000000
1734.577059	4816.333333
1735.573867	4908.000000
1736.570309	4789.666667
1737.566386	4825.333333
1738.562097	4808.000000
1739.557444	4749.333333
1740.552426	4777.000000
1741.547043	4694.000000
1742.541295	4714.666667
1743.535184	4714.666667
1744.528708	4705.666667
1745.521868	4655.666667
1746.514664	4656.000000
1747.507097	4582.000000
1748.499166	4608.333333
1749.490873	4559.333333
1750.482216	4608.333333
1751.473196	4563.666667
1752.463813	4571.000000
1753.454068	4532.333333
1754.443960	4553.666667
1755.433490	4546.333333
1756.422658	4528.666667
1757.411464	4548.333333
1758.399908	4521.333333
1759.387991	4521.666667
1760.375713	4521.666667
1761.363073	4475.333333
1762.350072	4471.333333
1763.336711	4431.000000
1764.322988	4476.000000
1765.308905	4435.333333
1766.294462	4355.333333
1767.279659	4391.000000
1768.264496	4455.000000
1769.248972	4365.000000
1770.233089	4386.000000
1771.216847	4413.000000
1772.200245	4310.666667
1773.183284	4286.666667
1774.165965	4248.333333
1775.148286	4291.333333
1776.130249	4270.000000
1777.111853	4285.666667
1778.093099	4249.666667
1779.073987	4255.666667
1780.054517	4188.333333
1781.034689	4157.000000
1782.014503	4136.333333
1782.993960	4083.000000
1783.973060	4117.000000
1784.951802	4109.000000
1785.930188	4081.333333
1786.908217	4044.000000
1787.885889	4026.333333
1788.863205	3992.666667
1789.840164	3994.333333
1790.816768	3966.333333
1791.793015	3975.333333
1792.768907	3935.666667
1793.744443	3974.666667
1794.719624	3952.666667
1795.694449	3900.000000
1796.668919	3966.666667
1797.643035	3903.000000
1798.616795	3950.666667
1799.590201	3948.333333
1800.563253	3942.333333
1801.535950	3953.666667
1802.508294	3905.666667
1803.480283	3897.666667
1804.451919	3942.000000
1805.423201	3924.000000
1806.394129	3930.666667
1807.364705	3960.333333
1808.334927	3913.666667
1809.304796	3863.000000
1810.274313	3923.000000
1811.243477	3879.333333
1812.212288	3906.666667
1813.180747	3871.333333
1814.148855	3866.666667
1815.116610	3891.333333
1816.084013	3856.333333
1817.051065	3889.000000
1818.017766	3840.000000
1818.984115	3862.333333
1819.950113	3814.333333
1820.915760	3819.666667
1821.881057	3832.333333
1822.846003	3824.333333
1823.810598	3797.666667
1824.774843	3773.666667
1825.738738	3742.666667
1826.702283	3746.333333
1827.665479	3723.333333
1828.628324	3728.666667
1829.590821	3720.000000
1830.552968	3665.333333
1831.514765	3713.333333
1832.476214	3694.666667
1833.437314	3683.333333
1834.398066	3688.666667
1835.358469	3658.000000
1836.318524	3653.000000
1837.278230	3657.333333
1838.237589	3665.666667
1839.196600	3626.666667
1840.155263	3649.666667
1841.113578	3638.666667
1842.071547	3646.000000
1843.029168	3604.666667
1843.986442	3613.333333
1844.943369	3594.333333
1845.899950	3583.666667
1846.856184	3591.333333
1847.812072	3563.666667
1848.767614	3609.333333
1849.722809	3607.000000
1850.677659	3584.000000
1851.632163	3532.666667
1852.586322	3581.333333
1853.540135	3610.000000
1854.493603	3541.666667
1855.446726	3567.666667
1856.399504	3511.666667
1857.351937	3518.333333
1858.304026	3465.000000
1859.255770	3468.666667
1860.207170	3493.666667
1861.158227	3410.333333
1862.108939	3419.000000
1863.059307	3425.000000
1864.009332	3446.666667
1864.959013	3369.000000
1865.908351	3364.000000
1866.857346	3362.666667
1867.805998	3344.666667
1868.754307	3303.666667
1869.702274	3334.666667
1870.649898	3315.000000
1871.597180	3302.000000
1872.544119	3311.000000
1873.490717	3284.000000
1874.436973	3291.000000
1875.382887	3291.000000
1876.328459	3266.000000
1877.273691	3266.666667
1878.218581	3189.000000
1879.163130	3234.333333
1880.107338	3255.666667
1881.051205	3230.000000
1881.994732	3236.000000
1882.937919	3248.666667
1883.880765	3231.666667
1884.823271	3275.000000
1885.765437	3226.333333
1886.707264	3210.000000
1887.648750	3207.333333
1888.589898	3225.666667
1889.530706	3261.666667
1890.471175	3251.000000
1891.411305	3216.333333
1892.351096	3239.000000
1893.290548	3208.333333
1894.229662	3197.000000
1895.168438	3202.000000
1896.106876	3183.666667
1897.044975	3230.666667
1897.982737	3231.333333
1898.920160	3176.000000
1899.857247	3150.666667
1900.793996	3180.000000
1901.730407	3115.666667
1902.666482	3156.666667
1903.602219	3167.333333
1904.537620	3079.333333
1905.472685	3112.333333
1906.407412	3112.666667
1907.341804	3037.000000
1908.275859	3082.000000
1909.209579	3031.333333
1910.142962	2984.333333
1911.076010	3001.333333
1912.008722	2970.000000
1912.941099	2977.666667
1913.873141	2944.000000
1914.804848	2913.333333
1915.736219	2960.666667
1916.667256	2910.333333
1917.597959	2927.333333
1918.528327	2897.333333
1919.458360	2901.333333
1920.388060	2898.666667
1921.317426	2864.000000
1922.246457	2900.666667
1923.175156	2874.666667
1924.103520	2889.000000
1925.031552	2852.333333
1925.959250	2890.000000
1926.886615	2885.666667
1927.813647	2870.000000
1928.740346	2864.666667
1929.666713	2889.333333
1930.592748	2869.666667
1931.518450	2903.666667
1932.443820	2894.666667
1933.368858	2803.666667
1934.293564	2832.000000
1935.217939	2852.000000
1936.141982	2825.000000
1937.065694	2836.666667
1937.989074	2804.666667
1938.912124	2826.000000
1939.834842	2803.666667
1940.757230	2817.333333
1941.679287	2817.666667
1942.601014	2767.333333
1943.522411	2751.333333
1944.443477	2728.000000
1945.364214	2752.666667
1946.284621	2759.000000
1947.204698	2756.666667
1948.124445	2670.666667
1949.043863	2670.000000
1949.962952	2700.333333
1950.881712	2666.333333
1951.800143	2654.666667
1952.718245	2653.333333
1953.636019	2613.333333
1954.553464	2612.000000
1955.470581	2634.666667
1956.387369	2600.000000
1957.303830	2642.666667
1958.219963	2585.000000
1959.135768	2634.333333
1960.051246	2581.666667
1960.966396	2609.000000
1961.881219	2581.000000
1962.795715	2612.000000
1963.709883	2628.333333
1964.623726	2609.000000
1965.537241	2627.333333
1966.450430	2620.333333
1967.363293	2633.333333
1968.275829	2603.666667
1969.188040	2618.666667
1970.099924	2604.000000
1971.011483	2622.000000
1971.922716	2608.000000
1972.833624	2604.666667
1973.744206	2631.000000
1974.654464	2583.333333
1975.564396	2591.000000
1976.474004	2582.333333
1977.383286	2618.666667
1978.292245	2591.000000
1979.200878	2538.000000
1980.109188	2590.666667
1981.017174	2590.000000
1981.924835	2556.333333
1982.832173	2556.666667
1983.739187	2580.666667
1984.645878	2510.333333
1985.552245	2494.333333
1986.458289	2527.666667
1987.364010	2498.333333
1988.269408	2508.000000
1989.174484	2448.333333
1990.079236	2474.333333
1990.983667	2447.000000
1991.887775	2413.666667
1992.791561	2418.333333
1993.695024	2448.000000
1994.598166	2389.333333
1995.500986	2424.333333
1996.403485	2380.333333
1997.305662	2368.666667
1998.207518	2396.333333
1999.109053	2374.000000
