400.0961	3839
402.6185	3852
405.1424	3838
407.6635	3776
410.1838	3854
412.7035	3856
415.2225	3920
417.7388	3860
420.2585	3936
422.7754	3928
425.2917	3981
427.8072	3882
430.3221	4040
432.8363	3940
435.3498	4029
437.8626	4047
440.3727	4004
442.8841	4099
445.3969	4057
447.907	4046
450.4142	4040
452.9229	4056
455.4289	4108
457.9362	4017
460.4449	4072
462.9488	4058
465.454	4063
467.9566	4027
470.4604	4142
472.9637	4107
475.4662	4082
477.966	4171
480.4671	4067
482.9656	4167
485.4633	4166
487.9645	4104
490.4608	4213
492.9566	4220
495.4536	4201
497.948	4214
500.4437	4284
502.9387	4269
505.431	4225
507.9226	4319
510.4136	4232
512.9079	4269
515.3975	4231
517.8864	4297
520.3746	4264
522.8622	4287
525.3491	4248
527.8394	4317
530.3249	4257
532.8098	4252
535.2939	4297
537.7774	4275
540.2623	4350
542.7444	4307
545.2259	4269
547.7067	4317
550.1868	4308
552.6683	4320
555.147	4381
557.6231	4330
560.1005	4251
562.5773	4338
565.0534	4344
567.5308	4239
570.0056	4288
572.4776	4409
574.951	4483
577.4237	4293
579.8978	4380
582.3671	4375
584.8378	4391
587.3079	4487
589.7773	4418
592.244	4429
594.714	4509
597.1793	4375
599.6461	4465
602.1121	4394
604.5754	4402
607.0421	4444
609.5042	4362
611.9675	4409
614.4282	4419
616.8902	4343
619.3515	4453
621.8122	4503
624.2702	4447
626.7296	4356
629.1863	4364
631.6423	4374
634.1017	4365
636.5563	4491
639.0104	4369
641.4658	4436
643.9185	4495
646.3725	4441
648.8239	4490
651.2766	4583
653.7266	4457
656.176	4508
658.6247	4528
661.0748	4485
663.5242	4563
665.9709	4460
668.417	4566
670.8624	4556
673.3092	4535
675.7533	4553
678.1968	4491
680.6395	4546
683.0817	4560
685.5251	4593
687.9659	4658
690.4061	4589
692.8456	4495
695.2844	4607
697.7226	4740
700.1621	4629
702.599	4640
705.0332	4704
707.4688	4687
709.9036	4641
712.3399	4741
714.7735	4636
717.2044	4649
719.6367	4726
722.0683	4745
724.4993	4717
726.9296	4735
729.3593	4653
731.7883	4730
734.2147	4763
736.6423	4664
739.0714	4794
741.4958	4766
743.9216	4804
746.3447	4792
748.7691	4874
751.1929	4752
753.616	4870
756.0366	4963
758.4584	4903
760.8776	4956
763.2982	4928
765.718	4949
768.1373	4931
770.5539	4898
772.9698	4977
775.3871	4865
777.8038	4886
780.2178	4902
782.6332	4968
785.0459	4961
787.458	4980
789.8714	5006
792.2842	4970
794.6943	5021
797.1038	4907
799.5127	4970
801.9209	4893
804.3324	5014
806.7393	4917
809.1456	4914
811.5513	4965
813.9562	4946
816.3625	4940
818.7663	5073
821.1693	5069
823.5718	4976
825.9735	4993
828.3746	5002
830.7771	4937
833.177	5038
835.5762	4987
837.9747	4989
840.3727	5036
842.772	5044
845.1666	5098
847.5626	5042
849.958	5186
852.3527	5152
854.7488	5116
857.1403	5073
859.5331	5056
861.9253	5109
864.3168	5068
866.7057	5074
869.098	5025
871.4876	5096
873.8746	4975
876.263	5053
878.6487	5027
881.0378	5110
883.4243	5036
885.8081	4987
888.1933	5047
890.5759	5098
892.9598	5123
895.343	5091
897.7256	5000
900.1057	5034
902.4871	5138
904.8659	5126
907.246	5189
909.6254	5215
912.0023	5159
914.3786	5199
916.7562	5306
919.1331	5364
921.5074	5323
923.8831	5368
926.2562	5428
928.6287	5419
931.0005	5367
933.3757	5401
935.7462	5257
938.1162	5405
940.4855	5253
942.8542	5343
945.2242	5412
947.5916	5275
949.9584	5395
952.3266	5305
954.6921	5455
957.0571	5471
959.4233	5544
961.787	5673
964.15	5617
966.5125	5418
968.8742	5429
971.2354	5462
973.5959	5461
975.9559	5343
978.3151	5335
980.6738	5290
983.0338	5281
985.3912	5298
987.7461	5161
990.1022	5224
992.4578	5242
994.8127	5232
997.1689	5314
999.5207	5278
1001.874	5219
1004.226	5252
1006.576	5182
1008.929	5243
1011.28	5218
1013.628	5203
1015.977	5284
1018.324	5318
1020.674	5246
1023.019	5365
1025.366	5237
1027.713	5354
1030.056	5331
1032.399	5305
1034.746	5238
1037.087	5311
1039.431	5426
1041.771	5351
1044.113	5303
1046.454	5390
1048.793	5353
1051.133	5330
1053.471	5257
1055.807	5364
1058.146	5270
1060.483	5303
1062.818	5440
1065.153	5375
1067.489	5309
1069.822	5354
1072.156	5382
1074.488	5304
1076.82	5441
1079.15	5394
1081.48	5380
1083.814	5369
1086.143	5376
1088.471	5442
1090.799	5328
1093.126	5407
1095.452	5434
1097.78	5405
1100.105	5482
1102.43	5396
1104.754	5377
1107.077	5399
1109.4	5516
1111.722	5386
1114.044	5498
1116.365	5381
1118.685	5433
1121.005	5444
1123.324	5582
1125.643	5428
1127.961	5512
1130.278	5633
1132.595	5514
1134.911	5400
1137.226	5400
1139.541	5405
1141.854	5367
1144.167	5387
1146.482	5413
1148.793	5393
1151.105	5482
1153.414	5498
1155.725	5390
1158.033	5406
1160.344	5523
1162.651	5514
1164.959	5417
1167.265	5447
1169.572	5462
1171.878	5453
1174.184	5413
1176.488	5526
1178.79	5564
1181.094	5425
1183.396	5533
1185.699	5519
1188.001	5576
1190.301	5458
1192.6	5447
1194.9	5352
1197.2	5462
1199.497	5552
1201.794	5444
1204.09	5496
1206.387	5489
1208.684	5474
1210.978	5384
1213.272	5561
1215.565	5497
1217.858	5418
1220.15	5607
1222.443	5473
1224.734	5501
1227.024	5601
1229.313	5549
1231.602	5586
1233.892	5599
1236.18	5592
1238.467	5619
1240.754	5688
1243.04	5639
1245.325	5699
1247.612	5774
1249.896	5796
1252.178	5796
1254.461	5800
1256.743	5641
1259.027	5776
1261.308	5747
1263.587	5714
1265.867	5747
1268.146	5762
1270.425	5717
1272.703	5653
1274.981	5741
1277.256	5655
1279.532	5763
1281.808	5682
1284.083	5534
1286.358	5633
1288.63	5479
1290.904	5649
1293.175	5573
1295.449	5730
1297.719	5673
1299.99	5616
1302.259	5607
1304.529	5677
1306.798	5704
1309.065	5710
1311.333	5651
1313.599	5601
1315.866	5704
1318.131	5656
1320.396	5713
1322.66	5771
1324.925	5676
1327.187	5638
1329.448	5724
1331.711	5662
1333.974	5731
1336.234	5662
1338.493	5768
1340.752	5585
1343.01	5603
1345.269	5633
1347.526	5711
1349.784	5747
1352.04	5641
1354.295	5647
1356.552	5586
1358.806	5522
1361.059	5710
1363.312	5589
1365.564	5695
1367.818	5630
1370.069	5758
1372.318	5711
1374.568	5745
1376.817	5797
1379.066	5694
1381.316	5721
1383.564	5738
1385.809	5764
1388.056	5707
1390.301	5786
1392.549	5751
1394.793	5930
1397.036	6062
1399.279	5978
1401.522	5979
1403.763	5909
1406.007	5908
1408.248	5883
1410.487	5825
1412.727	5996
1414.965	5869
1417.205	5917
1419.442	5815
1421.68	5788
1423.915	5885
1426.152	5770
1428.388	5874
1430.623	5936
1432.857	5896
1435.091	5981
1437.323	5935
1439.556	5900
1441.789	5908
1444.019	5875
1446.25	5942
1448.48	5979
1450.708	5992
1452.938	5969
1455.167	5966
1457.394	6137
1459.62	5954
1461.846	6007
1464.073	5966
1466.299	5992
1468.523	6017
1470.746	5908
1472.969	5828
1475.191	5848
1477.415	5852
1479.636	5800
1481.858	5743
1484.078	5669
1486.298	5590
1488.518	5753
1490.736	5716
1492.954	5662
1495.169	5662
1497.386	5810
1499.602	5600
1501.819	5719
1504.034	5734
1506.248	5654
1508.462	5632
1510.675	5552
1512.888	5739
1515.1	5666
1517.311	5688
1519.522	5622
1521.732	5673
1523.942	5668
1526.151	5679
1528.36	5662
1530.566	5662
1532.773	5627
1534.98	5704
1537.187	5690
1539.392	5711
1541.596	5730
1543.801	5698
1546.005	5751
1548.208	5680
1550.411	5758
1552.612	5731
1554.814	5752
1557.013	5637
1559.212	5806
1561.414	5772
1563.612	5735
1565.811	5788
1568.007	5809
1570.203	5864
1572.403	5780
1574.598	5762
1576.792	5881
1578.988	5841
1581.181	5706
1583.376	5874
1585.568	5869
1587.761	5826
1589.952	5894
1592.143	5900
1594.333	5759
1596.524	5875
1598.715	5878
1600.903	5805
1603.091	5906
1605.278	5867
1607.466	5856
1609.652	5952
1611.838	5819
1614.023	5872
1616.207	5847
1618.391	5827
1620.576	5843
1622.759	5780
1624.941	5840
1627.123	5884
1629.304	5915
1631.484	5969
1633.664	5883
1635.844	5930
1638.022	5847
1640.201	5933
1642.38	5920
1644.556	5976
1646.732	5936
1648.908	5929
1651.084	5912
1653.257	5893
1655.433	5960
1657.607	5913
1659.779	6055
1661.951	5904
1664.122	6024
1666.295	6018
1668.467	6050
1670.635	6046
1672.805	5989
1674.973	5974
1677.142	5916
1679.31	5924
1681.478	5938
1683.644	5916
1685.81	5913
1687.975	6011
1690.142	5951
1692.305	5914
1694.468	5934
1696.632	5956
1698.794	5841
1700.957	5870
1703.119	5909
1705.279	5935
1707.439	5854
1709.598	5902
1711.758	5919
1713.917	5856
1716.075	5993
1718.231	5838
1720.388	5801
1722.543	5792
1724.702	5836
1726.856	5848
1729.01	5838
1731.164	5820
1733.317	5894
1735.471	5883
1737.623	5802
1739.774	6020
1741.925	5890
1744.075	5831
1746.225	5970
1748.376	5958
1750.524	5831
1752.672	5952
1754.82	5865
1756.965	5874
1759.113	6007
1761.259	5843
1763.405	5735
1765.549	5898
1767.694	5881
1769.836	5954
1771.981	6081
1774.123	5906
1776.264	5870
1778.405	5925
1780.546	5976
1782.687	5902
1784.827	5973
1786.966	5944
1789.103	5956
1791.242	5919
1793.381	5896
1795.517	5756
1797.653	5882
1799.788	5951
1801.923	5998
1804.057	5905
1806.193	5938
1808.326	5972
1810.457	5906
1812.59	5891
1814.721	5986
1816.855	5793
1818.984	5960
1821.113	5922
1823.244	5894
1825.372	5937
1827.499	5827
1829.63	5845
1831.756	5881
1833.882	5932
1836.007	5953
1838.132	5917
1840.26	5864
1842.384	5830
1844.507	5753
1846.63	5874
1848.752	5870
1850.875	5904
1852.996	5829
1855.118	5881
1857.238	5812
1859.358	5718
1861.477	5842
1863.597	5777
1865.715	5853
1867.832	5871
1869.948	5944
1872.064	5784
1874.181	5914
1876.297	5850
1878.411	5803
1880.526	5857
1882.639	5820
1884.752	5831
1886.865	5814
1888.977	5871
1891.089	5917
1893.2	5875
1895.308	5911
1897.42	5921
1899.53	5846
1901.639	5848
1903.745	5909
1905.853	5875
1907.962	5994
1910.067	5859
1912.174	5826
1914.278	6044
1916.383	5944
1918.486	5910
1920.592	5946
1922.694	6050
1924.797	5939
1926.898	5909
1929	6053
1931.102	5897
1933.203	5945
1935.301	5804
1937.401	5821
1939.499	5898
1941.598	5960
1943.697	5917
1945.793	5911
1947.888	5899
1949.985	6015
1952.08	5958
1954.176	5959
1956.269	6032
1958.364	5982
1960.457	5978
1962.549	5952
1964.642	5856
1966.733	6061
1968.823	5933
1970.913	5913
1973.005	5921
1975.093	5932
1977.184	5969
1979.271	5979
1981.359	5967
1983.446	5944
1985.532	5884
1987.619	5861
1989.705	5970
1991.789	5740
1993.874	5949
1995.956	5950
1998.041	5849
2000.123	5832
2002.206	5981
2004.287	5938
2006.368	5745
2008.449	5999
2010.529	5865
2012.609	5883
2014.688	5819
2016.766	5832
2018.843	5914
2020.922	5890
2022.999	5921
2025.074	5863
2027.15	5847
2029.225	5865
2031.299	5817
2033.375	5920
2035.447	5866
2037.52	5958
2039.592	5829
2041.664	5897
2043.736	5949
2045.807	5887
2047.876	5910
2049.947	5833
2052.015	5891
2054.086	5871
2056.153	5879
2058.221	5846
2060.288	5893
2062.353	5980
2064.42	5890
2066.486	5905
2068.55	5903
2070.614	5908
2072.678	5882
2074.741	5909
2076.805	5949
2078.866	5910
2080.929	5784
2082.99	5913
2085.049	5842
2087.109	5844
2089.17	5837
2091.228	5923
2093.286	5871
2095.344	5913
2097.4	5928
2099.46	5837
2101.516	5934
2103.572	5912
2105.626	5834
2107.679	6024
2109.735	5846
2111.788	5864
2113.841	5845
2115.894	5914
2117.945	5897
2119.997	5821
2122.049	5811
2124.1	5882
2126.148	5842
2128.197	5874
2130.246	5835
2132.296	5836
2134.342	5922
2136.39	5947
2138.437	5913
2140.483	5839
2142.527	5834
2144.574	5931
2146.619	5846
2148.661	5895
2150.705	5847
2152.747	5801
2154.792	5896
2156.832	5834
2158.874	5844
2160.915	5772
2162.954	5793
2164.995	5858
2167.034	5755
2169.072	5785
2171.111	5846
2173.148	5749
2175.186	5825
2177.223	5787
2179.258	5841
2181.294	5765
2183.328	5754
2185.362	5824
2187.398	5738
2189.431	5797
2191.463	5711
2193.495	5806
2195.528	5726
2197.56	5734
2199.59	5762
2201.62	5718
2203.649	5609
2205.678	5823
2207.708	5616
2209.737	5770
2211.764	5655
2213.791	5653
2215.817	5848
2217.843	5669
2219.87	5767
2221.895	5728
2223.919	5694
2225.942	5665
2227.966	5753
2229.988	5662
2232.012	5651
2234.032	5744
2236.054	5642
2238.074	5679
2240.095	5699
2242.116	5736
2244.135	5599
2246.153	5634
2248.171	5700
2250.188	5681
2252.208	5752
2254.223	5739
2256.239	5655
2258.255	5697
2260.269	5660
2262.283	5719
2264.3	5676
2266.312	5711
2268.325	5730
2270.336	5685
2272.349	5609
2274.362	5680
2276.372	5771
2278.383	5715
2280.392	5677
2282.402	5663
2284.409	5600
2286.418	5619
2288.427	5747
2290.433	5682
2292.441	5740
2294.446	5631
2296.453	5681
2298.459	5545
2300.463	5633
2302.466	5612
2304.471	5744
2306.475	5701
2308.477	5633
2310.478	5648
2312.481	5724
2314.481	5685
2316.481	5664
2318.482	5680
2320.482	5631
2322.48	5692
2324.48	5698
2326.478	5602
2328.476	5641
2330.473	5646
2332.469	5653
2334.465	5611
2336.46	5689
2338.454	5543
2340.45	5592
2342.444	5481
2344.437	5623
2346.43	5652
2348.421	5608
2350.414	5562
2352.405	5654
2354.396	5609
2356.386	5594
2358.376	5519
2360.366	5528
2362.355	5397
2364.343	5581
2366.331	5581
2368.317	5493
2370.304	5533
2372.292	5511
2374.278	5491
2376.262	5512
2378.247	5479
2380.23	5489
2382.216	5629
2384.199	5500
2386.181	5506
2388.163	5536
2390.144	5487
2392.127	5562
2394.107	5469
2396.087	5505
2398.066	5453
2400.046	5544
2402.023	5407
2404.004	5585
2405.981	5477
2407.957	5452
2409.934	5498
2411.91	5576
2413.886	5476
2415.862	5517
2417.836	5475
2419.809	5480
2421.784	5579
2423.756	5491
2425.73	5500
2427.701	5489
2429.672	5457
2431.644	5486
2433.615	5483
2435.586	5515
2437.555	5535
2439.523	5439
2441.491	5429
2443.459	5514
2445.428	5518
2447.395	5414
2449.361	5410
2451.327	5466
2453.292	5423
2455.257	5474
2457.223	5415
2459.187	5435
2461.15	5416
2463.113	5423
2465.076	5397
2467.039	5429
2468.999	5411
2470.96	5353
2472.921	5360
2474.881	5484
2476.841	5317
2478.8	5332
2480.759	5437
2482.717	5356
2484.675	5422
2486.63	5393
2488.589	5486
2490.545	5416
2492.5	5404
2494.455	5436
2496.408	5334
2498.364	5399
2500.318	5413
2502.27	5418
2504.223	5408
2506.174	5452
2508.126	5333
2510.078	5409
2512.03	5314
2513.979	5373
2515.927	5256
2517.877	5401
2519.826	5337
2521.775	5388
2523.722	5336
2525.668	5326
2527.616	5392
2529.561	5369
2531.508	5317
2533.452	5352
2535.398	5368
2537.342	5373
2539.284	5327
2541.229	5319
2543.173	5294
2545.114	5196
2547.055	5332
2548.996	5341
2550.938	5287
2552.878	5374
2554.817	5399
2556.756	5277
2558.695	5350
2560.633	5307
2562.572	5329
2564.509	5341
2566.445	5267
2568.382	5363
2570.317	5215
2572.254	5335
2574.189	5363
2576.123	5348
2578.057	5270
2579.99	5236
2581.923	5435
2583.855	5411
2585.788	5329
2587.719	5355
2589.65	5349
2591.579	5257
2593.511	5379
2595.44	5278
2597.37	5376
2599.297	5241
2601.225	5396
2603.153	5362
2605.08	5318
2607.007	5310
2608.932	5404
2610.858	5386
2612.782	5275
2614.709	5234
2616.632	5325
2618.556	5294
2620.478	5441
2622.401	5383
2624.324	5301
2626.247	5357
2628.167	5299
2630.088	5330
2632.008	5345
2633.928	5427
2635.848	5318
2637.766	5290
2639.684	5343
2641.603	5302
2643.519	5200
2645.437	5336
2647.353	5385
2649.27	5319
2651.184	5376
2653.099	5287
2655.014	5306
2656.928	5346
2658.842	5306
2660.755	5329
2662.667	5376
2664.579	5204
2666.491	5338
2668.402	5390
2670.312	5313
2672.222	5325
2674.132	5384
2676.042	5268
2677.951	5257
2679.859	5267
2681.766	5282
2683.674	5361
2685.582	5274
2687.488	5173
2689.392	5282
2691.298	5204
2693.202	5275
2695.107	5216
2697.012	5174
2698.914	5253
2700.817	5296
2702.72	5219
2704.622	5196
2706.524	5325
2708.425	5173
2710.326	5253
2712.225	5234
2714.125	5239
2716.024	5265
2717.923	5332
2719.822	5073
2721.719	5159
2723.616	5098
2725.512	5197
2727.41	5212
2729.305	5090
2731.201	5186
2733.095	5178
2734.99	5174
2736.884	5211
2738.778	5154
2740.67	5222
2742.562	5212
2744.455	5242
2746.346	5192
2748.238	5185
2750.129	5292
2752.018	5150
2753.907	5146
2755.797	5172
2757.687	5202
2759.575	5091
2761.462	5184
2763.349	5116
2765.237	5139
2767.124	5087
2769.009	5168
2770.894	5229
2772.779	5184
2774.663	5080
2776.547	5130
2778.431	5085
2780.314	5139
2782.197	4952
2784.078	5216
2785.96	5103
2787.842	5087
2789.723	5170
2791.603	5139
2793.483	5025
2795.362	5142
2797.241	5093
2799.121	5062
2800.997	5067
2802.874	5113
2804.751	5151
2806.628	5084
2808.506	5139
2810.38	5075
2812.255	5149
2814.13	5158
2816.003	5143
2817.878	5154
2819.752	5114
2821.623	5150
2823.496	5039
2825.368	5043
2827.238	5151
2829.111	5199
2830.98	5047
2832.851	5107
2834.719	5209
2836.589	5118
2838.458	5054
2840.327	5085
2842.193	5194
2844.061	5110
2845.927	5124
2847.794	5067
2849.66	5139
2851.525	5214
2853.39	5206
2855.254	5251
2857.117	5323
2858.983	5215
2860.845	5246
2862.707	5250
2864.569	5329
2866.431	5241
2868.293	5255
2870.154	5375
2872.013	5360
2873.873	5367
2875.733	5353
2877.592	5402
2879.451	5391
2881.309	5503
2883.166	5455
2885.022	5527
2886.879	5579
2888.736	5574
2890.591	5572
2892.446	5589
2894.301	5671
2896.155	5518
2898.009	5674
2899.863	5650
2901.716	5468
2903.568	5596
2905.419	5620
2907.27	5473
2909.123	5596
2910.973	5522
2912.824	5607
2914.673	5514
2916.521	5599
2918.372	5623
2920.22	5664
2922.067	5666
2923.914	5626
2925.761	5673
2927.607	5712
2929.455	5830
2931.301	5780
2933.144	5834
2934.99	5828
2936.833	5807
2938.678	5884
2940.522	5763
2942.364	5945
2944.207	6119
2946.048	5974
2947.891	6299
2949.731	6197
2951.571	6293
2953.412	6252
2955.25	6137
2957.09	6108
2958.93	6016
2960.767	6048
2962.606	6105
2964.443	6006
2966.279	6030
2968.116	5833
2969.953	5884
2971.788	5750
2973.623	5671
2975.457	5558
2977.292	5571
2979.127	5569
2980.959	5505
2982.792	5411
2984.624	5358
2986.455	5551
2988.288	5350
2990.119	5362
2991.949	5306
2993.779	5320
2995.608	5213
2997.439	5197
2999.268	5246
3001.096	5216
3002.923	5070
3004.751	5098
3006.578	5027
3008.406	5078
3010.232	5030
3012.057	4995
3013.883	4966
3015.706	4982
3017.532	4974
3019.356	4850
3021.179	4866
3023.002	4822
3024.823	4924
3026.646	4813
3028.469	4851
3030.289	4894
3032.11	4859
3033.93	4902
3035.749	4822
3037.57	4859
3039.39	4840
3041.207	4771
3043.026	4854
3044.842	4864
3046.661	4730
3048.477	4728
3050.294	4920
3052.109	4773
3053.925	4832
3055.739	4802
3057.555	4762
3059.368	4678
3061.181	4873
3062.995	4740
3064.807	4862
3066.62	4735
3068.433	4808
3070.243	4656
3072.054	4726
3073.865	4769
3075.675	4656
3077.485	4759
3079.293	4679
3081.102	4731
3082.911	4656
3084.719	4708
3086.527	4667
3088.333	4681
3090.139	4768
3091.945	4672
3093.75	4632
3095.557	4614
3097.361	4652
3099.165	4676
3100.969	4608
3102.772	4611
3104.575	4592
3106.379	4621
3108.181	4621
3109.982	4620
3111.783	4636
3113.584	4613
3115.386	4543
3117.186	4491
3118.985	4547
3120.783	4587
3122.582	4511
3124.381	4544
3126.179	4517
3127.975	4582
3129.772	4455
3131.569	4613
3133.365	4495
3135.161	4565
3136.956	4485
3138.751	4653
3140.544	4509
3142.338	4498
3144.132	4559
3145.925	4514
3147.717	4481
3149.509	4555
3151.301	4458
3153.091	4488
3154.884	4456
3156.673	4516
3158.462	4540
3160.252	4536
3162.041	4480
3163.831	4587
3165.618	4325
3167.405	4604
3169.193	4486
3170.979	4373
3172.767	4431
3174.553	4500
3176.338	4434
3178.123	4430
3179.907	4400
3181.692	4499
3183.477	4424
3185.259	4361
3187.042	4441
3188.824	4436
3190.607	4415
3192.389	4489
3194.17	4454
3195.951	4467
3197.73	4380
3199.51	4429
3201.289	4406
3203.07	4472
3204.848	4428
3206.626	4438
3208.403	4351
3210.18	4473
3211.959	4409
3213.735	4335
3215.511	4438
3217.285	4321
3219.06	4351
3220.836	4439
3222.611	4419
3224.384	4428
3226.158	4401
3227.929	4385
3229.702	4359
3231.476	4383
3233.248	4332
3235.018	4376
3236.789	4396
3238.56	4339
3240.33	4279
3242.1	4458
3243.869	4390
3245.637	4358
3247.405	4327
3249.172	4440
3250.941	4328
3252.707	4314
3254.474	4351
3256.24	4452
3258.006	4344
3259.772	4336
3261.537	4264
3263.301	4487
3265.065	4355
3266.828	4330
3268.592	4283
3270.355	4417
3272.117	4294
3273.878	4334
3275.64	4329
3277.401	4308
3279.162	4375
3280.922	4371
3282.682	4382
3284.441	4351
3286.199	4342
3287.959	4342
3289.716	4313
3291.475	4423
3293.232	4343
3294.988	4269
3296.744	4302
3298.501	4349
3300.256	4436
3302.011	4360
3303.766	4253
3305.52	4302
3307.275	4355
3309.028	4293
3310.781	4445
3312.533	4250
3314.285	4220
3316.038	4367
3317.789	4277
3319.54	4251
3321.289	4306
3323.039	4357
3324.789	4253
3326.539	4281
3328.288	4242
3330.035	4341
3331.783	4301
3333.531	4309
3335.28	4317
3337.025	4302
3338.771	4294
3340.518	4284
3342.262	4233
3344.009	4239
3345.753	4329
3347.497	4257
3349.24	4290
3350.983	4280
3352.726	4196
3354.469	4193
3356.212	4197
3357.952	4169
3359.694	4295
3361.434	4225
3363.176	4257
3364.916	4311
3366.654	4206
3368.394	4205
3370.132	4177
3371.871	4175
3373.61	4154
3375.346	4109
3377.083	4172
3378.82	4204
3380.556	4262
3382.292	4212
3384.027	4280
3385.763	4148
3387.497	4082
3389.231	4093
3390.965	4207
3392.698	4096
3394.431	4073
3396.164	4109
3397.896	4160
3399.627	4211
3401.36	4083
3403.09	4157
3404.82	4105
3406.55	4146
3408.279	4022
3410.01	4029
3411.738	4098
3413.467	4120
3415.194	4175
3416.92	4102
3418.647	4076
3420.375	4034
3422.102	3980
3423.827	3994
3425.553	4111
3427.277	4084
3429.003	4072
3430.727	4022
3432.451	4009
3434.173	4087
3435.896	4102
3437.62	3995
3439.343	4009
3441.063	4059
3442.785	3933
3444.505	3994
3446.226	3962
3447.948	4042
3449.666	3964
3451.386	3965
3453.104	3973
3454.823	4050
3456.541	3998
3458.259	3997
3459.976	3982
3461.693	3900
3463.408	3916
3465.125	3913
3466.841	3895
3468.556	3883
3470.271	3866
3471.985	3939
3473.698	3992
3475.414	4004
3477.126	3917
3478.838	3937
3480.55	3894
3482.263	3974
3483.975	3888
3485.686	3988
3487.396	3871
3489.106	3848
3490.817	3872
3492.526	3850
3494.236	3940
3495.944	3801
3497.652	3931
3499.359	3765
3501.066	3844
3502.775	3841
3504.481	3822
3506.187	3857
3507.893	3836
3509.598	3894
3511.304	3826
3513.009	3769
3514.713	3768
3516.417	3828
3518.12	3830
3519.821	3791
3521.525	3811
3523.228	3712
3524.929	3860
3526.631	3812
3528.33	3835
3530.032	3746
3531.733	3785
3533.433	3756
3535.131	3749
3536.83	3688
3538.529	3762
3540.227	3695
3541.925	3707
3543.623	3747
3545.319	3805
3547.016	3775
3548.712	3684
3550.408	3746
3552.103	3730
3553.798	3675
3555.491	3733
3557.188	3703
3558.88	3741
3560.574	3735
3562.266	3664
3563.959	3652
3565.651	3767
3567.343	3619
3569.035	3631
3570.725	3690
3572.415	3680
3574.106	3682
3575.797	3732
3577.485	3718
3579.174	3684
3580.863	3630
3582.551	3683
3584.238	3590
3585.926	3603
3587.613	3617
3589.3	3677
3590.986	3726
3592.671	3642
3594.357	3630
3596.042	3614
3597.726	3612
3599.41	3631
3601.094	3602
3602.778	3594
3604.461	3585
3606.143	3631
3607.825	3563
3609.507	3596
3611.188	3527
3612.87	3609
3614.551	3504
3616.229	3562
3617.909	3602
3619.589	3546
3621.269	3543
3622.948	3571
3624.625	3569
3626.302	3588
3627.98	3487
3629.657	3577
3631.334	3502
3633.01	3521
3634.686	3531
3636.361	3530
3638.036	3423
3639.712	3442
3641.385	3478
3643.06	3557
3644.732	3508
3646.405	3480
3648.08	3507
3649.751	3440
3651.424	3389
3653.094	3519
3654.766	3453
3656.436	3405
3658.106	3474
3659.777	3505
3661.446	3466
3663.115	3466
3664.783	3442
3666.452	3426
3668.121	3395
3669.788	3404
3671.454	3418
3673.121	3375
3674.789	3349
3676.455	3394
3678.12	3493
3679.784	3389
3681.45	3456
3683.114	3380
3684.779	3386
3686.442	3371
3688.105	3418
3689.768	3382
3691.43	3363
3693.093	3422
3694.754	3315
3696.415	3356
3698.076	3390
3699.736	3423
3701.396	3360
3703.057	3334
3704.716	3342
3706.375	3315
3708.034	3436
3709.692	3340
3711.351	3329
3713.008	3347
3714.665	3403
3716.321	3328
3717.977	3389
3719.634	3320
3721.29	3338
3722.945	3294
3724.598	3315
3726.253	3333
3727.907	3265
3729.561	3302
3731.214	3264
3732.867	3347
3734.518	3409
3736.171	3282
3737.824	3384
3739.474	3242
3741.125	3227
3742.775	3286
3744.425	3294
3746.074	3317
3747.725	3315
3749.373	3330
3751.022	3276
3752.669	3274
3754.318	3272
3755.966	3317
3757.612	3315
3759.259	3284
3760.905	3218
3762.55	3325
3764.197	3307
3765.842	3292
3767.486	3333
3769.131	3259
3770.774	3253
3772.417	3247
3774.061	3262
3775.705	3268
3777.347	3201
3778.988	3203
3780.629	3216
3782.271	3200
3783.912	3234
3785.552	3214
3787.192	3194
3788.831	3214
3790.472	3131
3792.112	3302
3793.75	3202
3795.388	3201
3797.024	3182
3798.661	3296
3800.3	3176
3801.936	3186
3803.572	3287
3805.208	3211
3806.844	3192
3808.48	3120
3810.115	3191
3811.748	3151
3813.382	3109
3815.016	3146
3816.649	3217
3818.283	3157
3819.914	3182
3821.547	3127
3823.178	3123
3824.809	3127
3826.441	3153
3828.072	3109
3829.701	3127
3831.331	3079
3832.96	3140
3834.591	3145
3836.219	3115
3837.847	3077
3839.475	3110
3841.102	3090
3842.729	3057
3844.357	3081
3845.984	3091
3847.609	3121
3849.234	3118
3850.86	3016
3852.485	3075
3854.11	3049
3855.734	3102
3857.357	3030
3858.981	3098
3860.603	3078
3862.227	3049
3863.848	3042
3865.471	3138
3867.092	3073
3868.713	3053
3870.334	3125
3871.954	3022
3873.575	3083
3875.194	3089
3876.813	3039
3878.433	3065
3880.051	3033
3881.669	3136
3883.286	3075
3884.904	3071
3886.52	3050
3888.138	3075
3889.754	3000
3891.37	2961
3892.985	3071
3894.6	3119
3896.216	3032
3897.831	2998
3899.444	3007
3901.058	3057
3902.67	3058
3904.283	2946
3905.897	2961
3907.509	3021
3909.121	3024
3910.731	2971
3912.342	2946
3913.954	3011
3915.563	2991
3917.174	2961
3918.783	2924
3920.391	2955
3922.002	3000
3923.611	2989
3925.218	3007
3926.826	3023
3928.432	3027
3930.039	2937
3931.647	2977
3933.253	3009
3934.859	2961
3936.464	2950
3938.068	2990
3939.675	2941
3941.278	3057
3942.883	2939
3944.486	2975
3946.089	2969
3947.692	2918
3949.295	2930
3950.898	2913
3952.499	3009
3954.1	2963
3955.7	2946
3957.303	2977
3958.903	2920
3960.502	2984
3962.101	2994
3963.7	2966
3965.301	2908
3966.899	2984
3968.497	2888
3970.094	2877
3971.691	2906
3973.288	2911
3974.885	2884
3976.481	2847
3978.077	2880
3979.672	2859
3981.267	2891
3982.863	2879
3984.457	2934
3986.051	2839
3987.645	2915
3989.238	2895
3990.831	2842
3992.425	2850
3994.017	2866
3995.607	2830
3997.199	2885
3998.79	2798
4000.382	2837
4001.973	2851
4003.561	2848
4005.151	2832
4006.741	2858
4008.331	2827
4009.918	2845
4011.507	2789
4013.095	2823
4014.681	2795
4016.269	2762
4017.856	2825
4019.443	2778
4021.028	2774
4022.614	2811
4024.199	2852
4025.785	2851
4027.37	2730
4028.953	2741
4030.536	2767
4032.12	2732
4033.704	2724
4035.287	2721
4036.869	2750
4038.45	2710
4040.032	2780
4041.613	2775
4043.195	2702
4044.776	2718
4046.356	2745
4047.935	2701
4049.515	2737
4051.095	2723
4052.674	2740
4054.251	2735
4055.829	2714
4057.406	2720
4058.985	2748
4060.562	2733
4062.139	2703
4063.715	2702
4065.29	2762
4066.865	2688
4068.442	2721
4070.016	2700
4071.59	2710
4073.164	2727
4074.738	2670
4076.312	2741
4077.885	2678
4079.458	2727
4081.03	2688
4082.602	2693
4084.173	2655
4085.745	2657
4087.315	2656
4088.886	2679
4090.456	2608
4092.026	2650
4093.596	2663
4095.165	2736
4096.734	2644
4098.301	2731
4099.869	2658
4101.437	2629
4103.006	2664
4104.572	2672
4106.139	2622
4107.704	2676
4109.27	2591
4110.837	2639
4112.401	2638
4113.966	2659
4115.53	2616
4117.094	2654
4118.659	2622
4120.223	2622
4121.785	2569
4123.347	2638
4124.909	2594
4126.471	2634
4128.034	2598
4129.595	2584
4131.155	2558
4132.716	2542
4134.275	2621
4135.836	2584
4137.395	2563
4138.955	2630
4140.513	2602
4142.071	2529
4143.628	2643
4145.188	2570
4146.745	2513
4148.302	2577
4149.858	2537
4151.414	2546
4152.971	2565
4154.526	2560
4156.081	2557
4157.635	2528
4159.189	2512
4160.745	2459
4162.298	2529
4163.852	2542
4165.405	2587
4166.957	2598
4168.51	2509
4170.063	2474
4171.614	2498
4173.166	2538
4174.717	2585
4176.267	2563
4177.817	2494
4179.368	2494
4180.917	2487
4182.466	2475
4184.016	2475
4185.564	2470
4187.112	2495
4188.66	2464
4190.207	2428
4191.754	2485
4193.301	2494
4194.848	2530
4196.394	2466
4197.94	2486
4199.484	2426
4201.03	2412
4202.575	2468
4204.12	2437
4205.663	2435
4207.207	2496
4208.75	2485
4210.292	2457
4211.836	2404
4213.378	2447
4214.92	2480
4216.46	2490
4218.002	2433
4219.544	2454
4221.083	2390
4222.625	2458
4224.164	2478
4225.703	2420
4227.244	2427
4228.782	2429
4230.32	2425
4231.857	2480
4233.395	2431
4234.933	2457
4236.471	2439
4238.007	2424
4239.542	2406
4241.078	2459
4242.614	2369
4244.15	2410
4245.685	2432
4247.219	2419
4248.753	2378
4250.287	2423
4251.82	2374
4253.354	2411
4254.887	2374
4256.419	2378
4257.951	2358
4259.483	2419
4261.016	2377
4262.547	2414
4264.078	2369
4265.608	2324
4267.137	2371
4268.668	2356
4270.197	2399
4271.727	2363
4273.254	2373
4274.783	2363
4276.311	2317
4277.84	2373
4279.366	2374
4280.894	2390
4282.42	2365
4283.946	2332
4285.473	2376
4286.998	2389
4288.523	2313
4290.047	2390
4291.572	2371
4293.096	2297
4294.622	2287
4296.144	2301
4297.668	2354
4299.19	2317
4300.713	2354
4302.236	2301
4303.758	2314
4305.279	2337
4306.799	2337
4308.321	2237
4309.842	2269
4311.361	2314
4312.882	2286
4314.401	2322
