400.0961	4329
402.6185	4385
405.1424	4445
407.6635	4445
410.1838	4474
412.7035	4463
415.2225	4493
417.7388	4529
420.2585	4475
422.7754	4631
425.2917	4671
427.8072	4629
430.3221	4764
432.8363	4767
435.3498	4741
437.8626	4760
440.3727	4765
442.8841	4734
445.3969	4682
447.907	4736
450.4142	4653
452.9229	4707
455.4289	4678
457.9362	4746
460.4449	4776
462.9488	4673
465.454	4699
467.9566	4666
470.4604	4719
472.9637	4702
475.4662	4659
477.966	4743
480.4671	4705
482.9656	4853
485.4633	4858
487.9645	4783
490.4608	4798
492.9566	4700
495.4536	4715
497.948	4782
500.4437	4861
502.9387	4816
505.431	4826
507.9226	4765
510.4136	4745
512.9079	4859
515.3975	4952
517.8864	4832
520.3746	4832
522.8622	4810
525.3491	4827
527.8394	4863
530.3249	4829
532.8098	4930
535.2939	4787
537.7774	4963
540.2623	4833
542.7444	4972
545.2259	4847
547.7067	4979
550.1868	4894
552.6683	4953
555.147	4955
557.6231	4969
560.1005	4992
562.5773	5026
565.0534	5020
567.5308	5068
570.0056	5071
572.4776	5044
574.951	5069
577.4237	5068
579.8978	5097
582.3671	5106
584.8378	5163
587.3079	5133
589.7773	5175
592.244	5110
594.714	5063
597.1793	5193
599.6461	5120
602.1121	5096
604.5754	5115
607.0421	4991
609.5042	5029
611.9675	5048
614.4282	5129
616.8902	5057
619.3515	5032
621.8122	5043
624.2702	5067
626.7296	5044
629.1863	4988
631.6423	4986
634.1017	5026
636.5563	5046
639.0104	5019
641.4658	5092
643.9185	5096
646.3725	5087
648.8239	5074
651.2766	5155
653.7266	5012
656.176	5161
658.6247	5136
661.0748	5158
663.5242	5206
665.9709	5115
668.417	5206
670.8624	5223
673.3092	5193
675.7533	5136
678.1968	5208
680.6395	5216
683.0817	5236
685.5251	5121
687.9659	5231
690.4061	5223
692.8456	5187
695.2844	5231
697.7226	5199
700.1621	5273
702.599	5302
705.0332	5354
707.4688	5310
709.9036	5283
712.3399	5454
714.7735	5365
717.2044	5286
719.6367	5410
722.0683	5328
724.4993	5354
726.9296	5366
729.3593	5443
731.7883	5393
734.2147	5483
736.6423	5459
739.0714	5454
741.4958	5476
743.9216	5402
746.3447	5397
748.7691	5454
751.1929	5420
753.616	5501
756.0366	5595
758.4584	5680
760.8776	5564
763.2982	5707
765.718	5705
768.1373	5605
770.5539	5659
772.9698	5654
775.3871	5620
777.8038	5510
780.2178	5540
782.6332	5705
785.0459	5621
787.458	5491
789.8714	5673
792.2842	5620
794.6943	5681
797.1038	5730
799.5127	5634
801.9209	5613
804.3324	5613
806.7393	5657
809.1456	5802
811.5513	5611
813.9562	5775
816.3625	5832
818.7663	5762
821.1693	5745
823.5718	5686
825.9735	5645
828.3746	5663
830.7771	5715
833.177	5750
835.5762	5663
837.9747	5862
840.3727	5751
842.772	5838
845.1666	5805
847.5626	5840
849.958	5811
852.3527	5840
854.7488	5869
857.1403	5772
859.5331	5934
861.9253	5841
864.3168	5793
866.7057	5792
869.098	5817
871.4876	5827
873.8746	5767
876.263	5748
878.6487	5887
881.0378	5833
883.4243	5868
885.8081	5863
888.1933	5868
890.5759	5833
892.9598	5816
895.343	5825
897.7256	5894
900.1057	5836
902.4871	5877
904.8659	5872
907.246	5863
909.6254	5872
912.0023	6015
914.3786	6044
916.7562	6064
919.1331	6046
921.5074	6196
923.8831	6167
926.2562	6207
928.6287	6234
931.0005	6178
933.3757	6161
935.7462	6205
938.1162	6358
940.4855	6309
942.8542	6319
945.2242	6251
947.5916	6542
949.9584	6538
952.3266	6790
954.6921	7198
957.0571	7412
959.4233	7546
961.787	7734
964.15	7836
966.5125	7609
968.8742	7420
971.2354	7116
973.5959	6679
975.9559	6366
978.3151	6445
980.6738	6191
983.0338	6211
985.3912	6166
987.7461	6124
990.1022	6132
992.4578	6132
994.8127	5997
997.1689	6085
999.5207	6021
1001.874	6110
1004.226	6146
1006.576	6071
1008.929	6102
1011.28	6083
1013.628	6073
1015.977	6101
1018.324	6159
1020.674	6043
1023.019	6209
1025.366	6057
1027.713	6071
1030.056	6130
1032.399	6179
1034.746	6097
1037.087	6126
1039.431	6183
1041.771	6254
1044.113	6186
1046.454	6288
1048.793	6174
1051.133	6238
1053.471	6179
1055.807	6352
1058.146	6232
1060.483	6225
1062.818	6323
1065.153	6241
1067.489	6291
1069.822	6346
1072.156	6301
1074.488	6457
1076.82	6295
1079.15	6302
1081.48	6268
1083.814	6257
1086.143	6311
1088.471	6266
1090.799	6217
1093.126	6221
1095.452	6266
1097.78	6234
1100.105	6195
1102.43	6312
1104.754	6188
1107.077	6203
1109.4	6292
1111.722	6299
1114.044	6284
1116.365	6321
1118.685	6202
1121.005	6324
1123.324	6244
1125.643	6247
1127.961	6365
1130.278	6255
1132.595	6367
1134.911	6335
1137.226	6237
1139.541	6127
1141.854	6300
1144.167	6285
1146.482	6277
1148.793	6316
1151.105	6306
1153.414	6290
1155.725	6264
1158.033	6264
1160.344	6275
1162.651	6248
1164.959	6348
1167.265	6314
1169.572	6348
1171.878	6260
1174.184	6267
1176.488	6298
1178.79	6327
1181.094	6439
1183.396	6352
1185.699	6338
1188.001	6319
1190.301	6261
1192.6	6380
1194.9	6228
1197.2	6246
1199.497	6302
1201.794	6326
1204.09	6256
1206.387	6287
1208.684	6263
1210.978	6308
1213.272	6317
1215.565	6263
1217.858	6242
1220.15	6248
1222.443	6353
1224.734	6362
1227.024	6351
1229.313	6394
1231.602	6396
1233.892	6484
1236.18	6415
1238.467	6567
1240.754	6512
1243.04	6572
1245.325	6423
1247.612	6529
1249.896	6642
1252.178	6587
1254.461	6584
1256.743	6552
1259.027	6563
1261.308	6581
1263.587	6602
1265.867	6629
1268.146	6582
1270.425	6612
1272.703	6533
1274.981	6621
1277.256	6593
1279.532	6552
1281.808	6490
1284.083	6533
1286.358	6478
1288.63	6528
1290.904	6374
1293.175	6408
1295.449	6515
1297.719	6512
1299.99	6446
1302.259	6404
1304.529	6435
1306.798	6462
1309.065	6463
1311.333	6303
1313.599	6441
1315.866	6571
1318.131	6414
1320.396	6478
1322.66	6455
1324.925	6499
1327.187	6381
1329.448	6467
1331.711	6538
1333.974	6464
1336.234	6536
1338.493	6500
1340.752	6491
1343.01	6390
1345.269	6389
1347.526	6539
1349.784	6521
1352.04	6483
1354.295	6433
1356.552	6439
1358.806	6453
1361.059	6486
1363.312	6514
1365.564	6472
1367.818	6416
1370.069	6556
1372.318	6439
1374.568	6404
1376.817	6531
1379.066	6560
1381.316	6488
1383.564	6677
1385.809	6546
1388.056	6608
1390.301	6517
1392.549	6606
1394.793	6669
1397.036	6723
1399.279	6824
1401.522	6773
1403.763	6818
1406.007	6730
1408.248	6646
1410.487	6768
1412.727	6743
1414.965	6763
1417.205	6718
1419.442	6732
1421.68	6680
1423.915	6823
1426.152	6732
1428.388	6638
1430.623	6753
1432.857	6755
1435.091	6741
1437.323	6789
1439.556	6805
1441.789	6869
1444.019	6840
1446.25	6729
1448.48	6863
1450.708	6820
1452.938	6881
1455.167	6817
1457.394	6921
1459.62	6883
1461.846	6818
1464.073	6883
1466.299	6830
1468.523	6752
1470.746	6708
1472.969	6755
1475.191	6793
1477.415	6704
1479.636	6640
1481.858	6658
1484.078	6551
1486.298	6594
1488.518	6565
1490.736	6557
1492.954	6605
1495.169	6495
1497.386	6502
1499.602	6577
1501.819	6552
1504.034	6432
1506.248	6524
1508.462	6586
1510.675	6527
1512.888	6442
1515.1	6446
1517.311	6464
1519.522	6509
1521.732	6418
1523.942	6503
1526.151	6367
1528.36	6426
1530.566	6568
1532.773	6447
1534.98	6413
1537.187	6474
1539.392	6520
1541.596	6432
1543.801	6552
1546.005	6476
1548.208	6534
1550.411	6546
1552.612	6620
1554.814	6628
1557.013	6490
1559.212	6670
1561.414	6627
1563.612	6605
1565.811	6739
1568.007	6599
1570.203	6779
1572.403	6585
1574.598	6673
1576.792	6614
1578.988	6694
1581.181	6664
1583.376	6707
1585.568	6692
1587.761	6718
1589.952	6624
1592.143	6560
1594.333	6718
1596.524	6736
1598.715	6716
1600.903	6779
1603.091	6719
1605.278	6718
1607.466	6762
1609.652	6812
1611.838	6804
1614.023	6693
1616.207	6775
1618.391	6696
1620.576	6824
1622.759	6731
1624.941	6764
1627.123	6800
1629.304	6750
1631.484	6835
1633.664	6904
1635.844	6828
1638.022	6895
1640.201	6841
1642.38	6813
1644.556	6792
1646.732	6809
1648.908	6965
1651.084	6782
1653.257	6840
1655.433	6883
1657.607	6736
1659.779	6894
1661.951	6806
1664.122	6976
1666.295	6855
1668.467	6871
1670.635	7006
1672.805	6781
1674.973	6894
1677.142	6953
1679.31	6982
1681.478	6911
1683.644	6776
1685.81	6888
1687.975	6767
1690.142	6792
1692.305	6870
1694.468	6866
1696.632	6824
1698.794	6771
1700.957	6790
1703.119	6798
1705.279	6845
1707.439	6684
1709.598	6747
1711.758	6625
1713.917	6763
1716.075	6750
1718.231	6798
1720.388	6689
1722.543	6797
1724.702	6627
1726.856	6744
1729.01	6603
1731.164	6671
1733.317	6748
1735.471	6769
1737.623	6793
1739.774	6726
1741.925	6744
1744.075	6735
1746.225	6707
1748.376	6702
1750.524	6671
1752.672	6637
1754.82	6689
1756.965	6728
1759.113	6652
1761.259	6735
1763.405	6733
1765.549	6751
1767.694	6803
1769.836	6789
1771.981	6751
1774.123	6881
1776.264	6740
1778.405	6744
1780.546	6780
1782.687	6783
1784.827	6876
1786.966	6690
1789.103	6862
1791.242	6828
1793.381	6723
1795.517	6722
1797.653	6729
1799.788	6852
1801.923	6747
1804.057	6788
1806.193	6791
1808.326	6767
1810.457	6794
1812.59	6927
1814.721	6882
1816.855	6784
1818.984	6691
1821.113	6818
1823.244	6751
1825.372	6879
1827.499	6800
1829.63	6721
1831.756	6805
1833.882	6722
1836.007	6768
1838.132	6804
1840.26	6763
1842.384	6857
1844.507	6689
1846.63	6769
1848.752	6827
1850.875	6777
1852.996	6679
1855.118	6752
1857.238	6703
1859.358	6679
1861.477	6737
1863.597	6695
1865.715	6761
1867.832	6681
1869.948	6668
1872.064	6758
1874.181	6738
1876.297	6689
1878.411	6800
1880.526	6680
1882.639	6857
1884.752	6827
1886.865	6686
1888.977	6727
1891.089	6674
1893.2	6805
1895.308	6709
1897.42	6675
1899.53	6670
1901.639	6761
1903.745	6739
1905.853	6815
1907.962	6811
1910.067	6740
1912.174	6792
1914.278	6762
1916.383	6762
1918.486	6581
1920.592	6899
1922.694	6883
1924.797	6809
1926.898	6795
1929	6795
1931.102	6657
1933.203	6932
1935.301	6759
1937.401	6794
1939.499	6933
1941.598	6864
1943.697	6805
1945.793	6837
1947.888	6830
1949.985	6879
1952.08	6767
1954.176	6830
1956.269	6966
1958.364	6780
1960.457	6775
1962.549	6804
1964.642	6854
1966.733	6747
1968.823	6867
1970.913	6775
1973.005	6782
1975.093	6829
1977.184	6902
1979.271	6857
1981.359	6817
1983.446	6880
1985.532	6687
1987.619	6791
1989.705	6781
1991.789	6771
1993.874	6766
1995.956	6720
1998.041	6729
2000.123	6736
2002.206	6823
2004.287	6707
2006.368	6825
2008.449	6717
2010.529	6689
2012.609	6805
2014.688	6771
2016.766	6733
2018.843	6786
2020.922	6754
2022.999	6783
2025.074	6798
2027.15	6740
2029.225	6805
2031.299	6824
2033.375	6718
2035.447	6760
2037.52	6831
2039.592	6743
2041.664	6769
2043.736	6776
2045.807	6710
2047.876	6754
2049.947	6849
2052.015	6682
2054.086	6782
2056.153	6753
2058.221	6844
2060.288	6730
2062.353	6655
2064.42	6780
2066.486	6717
2068.55	6784
2070.614	6877
2072.678	6889
2074.741	6670
2076.805	6805
2078.866	6815
2080.929	6703
2082.99	6710
2085.049	6697
2087.109	6710
2089.17	6800
2091.228	6753
2093.286	6810
2095.344	6697
2097.4	6774
2099.46	6708
2101.516	6814
2103.572	6809
2105.626	6925
2107.679	6854
2109.735	6717
2111.788	6784
2113.841	6709
2115.894	6710
2117.945	6740
2119.997	6626
2122.049	6897
2124.1	6762
2126.148	6838
2128.197	6713
2130.246	6798
2132.296	6635
2134.342	6800
2136.39	6830
2138.437	6812
2140.483	6727
2142.527	6820
2144.574	6754
2146.619	6693
2148.661	6727
2150.705	6672
2152.747	6737
2154.792	6722
2156.832	6718
2158.874	6671
2160.915	6705
2162.954	6731
2164.995	6741
2167.034	6571
2169.072	6707
2171.111	6673
2173.148	6639
2175.186	6767
2177.223	6634
2179.258	6769
2181.294	6645
2183.328	6670
2185.362	6755
2187.398	6604
2189.431	6585
2191.463	6718
2193.495	6579
2195.528	6634
2197.56	6619
2199.59	6558
2201.62	6570
2203.649	6620
2205.678	6546
2207.708	6496
2209.737	6573
2211.764	6509
2213.791	6615
2215.817	6574
2217.843	6720
2219.87	6529
2221.895	6646
2223.919	6510
2225.942	6513
2227.966	6582
2229.988	6572
2232.012	6473
2234.032	6618
2236.054	6612
2238.074	6605
2240.095	6572
2242.116	6509
2244.135	6541
2246.153	6519
2248.171	6616
2250.188	6605
2252.208	6595
2254.223	6614
2256.239	6536
2258.255	6505
2260.269	6569
2262.283	6668
2264.3	6491
2266.312	6495
2268.325	6425
2270.336	6556
2272.349	6593
2274.362	6588
2276.372	6647
2278.383	6619
2280.392	6515
2282.402	6689
2284.409	6666
2286.418	6364
2288.427	6529
2290.433	6446
2292.441	6518
2294.446	6556
2296.453	6488
2298.459	6614
2300.463	6464
2302.466	6492
2304.471	6467
2306.475	6550
2308.477	6510
2310.478	6550
2312.481	6536
2314.481	6518
2316.481	6453
2318.482	6487
2320.482	6534
2322.48	6589
2324.48	6575
2326.478	6412
2328.476	6516
2330.473	6421
2332.469	6545
2334.465	6465
2336.46	6330
2338.454	6449
2340.45	6555
2342.444	6349
2344.437	6369
2346.43	6451
2348.421	6381
2350.414	6437
2352.405	6410
2354.396	6237
2356.386	6271
2358.376	6409
2360.366	6400
2362.355	6419
2364.343	6311
2366.331	6493
2368.317	6433
2370.304	6407
2372.292	6239
2374.278	6523
2376.262	6262
2378.247	6391
2380.23	6391
2382.216	6344
2384.199	6302
2386.181	6415
2388.163	6386
2390.144	6377
2392.127	6353
2394.107	6195
2396.087	6296
2398.066	6246
2400.046	6308
2402.023	6234
2404.004	6312
2405.981	6379
2407.957	6273
2409.934	6361
2411.91	6314
2413.886	6389
2415.862	6369
2417.836	6363
2419.809	6381
2421.784	6341
2423.756	6328
2425.73	6269
2427.701	6379
2429.672	6277
2431.644	6305
2433.615	6325
2435.586	6303
2437.555	6330
2439.523	6264
2441.491	6258
2443.459	6426
2445.428	6352
2447.395	6233
2449.361	6329
2451.327	6272
2453.292	6204
2455.257	6243
2457.223	6285
2459.187	6230
2461.15	6236
2463.113	6248
2465.076	6210
2467.039	6201
2468.999	6266
2470.96	6194
2472.921	6283
2474.881	6320
2476.841	6269
2478.8	6241
2480.759	6308
2482.717	6077
2484.675	6252
2486.63	6227
2488.589	6221
2490.545	6229
2492.5	6247
2494.455	6259
2496.408	6239
2498.364	6230
2500.318	6240
2502.27	6120
2504.223	6183
2506.174	6270
2508.126	6176
2510.078	6127
2512.03	6164
2513.979	6271
2515.927	6215
2517.877	6243
2519.826	6148
2521.775	6313
2523.722	6166
2525.668	6189
2527.616	6196
2529.561	6151
2531.508	6152
2533.452	6170
2535.398	6102
2537.342	6011
2539.284	6050
2541.229	6197
2543.173	6095
2545.114	6147
2547.055	6281
2548.996	6195
2550.938	6165
2552.878	6103
2554.817	6124
2556.756	6184
2558.695	6013
2560.633	6097
2562.572	6143
2564.509	6083
2566.445	6106
2568.382	6234
2570.317	6099
2572.254	6175
2574.189	6133
2576.123	6065
2578.057	6233
2579.99	6188
2581.923	6185
2583.855	6215
2585.788	6169
2587.719	6136
2589.65	6183
2591.579	6209
2593.511	6111
2595.44	6063
2597.37	6175
2599.297	6189
2601.225	6140
2603.153	6130
2605.08	6196
2607.007	6223
2608.932	6145
2610.858	6154
2612.782	6151
2614.709	6149
2616.632	6263
2618.556	6041
2620.478	6168
2622.401	6232
2624.324	6189
2626.247	6124
2628.167	6121
2630.088	6195
2632.008	6251
2633.928	6235
2635.848	6091
2637.766	6166
2639.684	6210
2641.603	6165
2643.519	6225
2645.437	6070
2647.353	6215
2649.27	6211
2651.184	6156
2653.099	6025
2655.014	6120
2656.928	6208
2658.842	6158
2660.755	6057
2662.667	6176
2664.579	6095
2666.491	6203
2668.402	6148
2670.312	6146
2672.222	6226
2674.132	6181
2676.042	6179
2677.951	6095
2679.859	6173
2681.766	6161
2683.674	6075
2685.582	6163
2687.488	6116
2689.392	6153
2691.298	5984
2693.202	6095
2695.107	6079
2697.012	6186
2698.914	6034
2700.817	6055
2702.72	6101
2704.622	6116
2706.524	6140
2708.425	6045
2710.326	6025
2712.225	6069
2714.125	5976
2716.024	6076
2717.923	5934
2719.822	6065
2721.719	6010
2723.616	6052
2725.512	6040
2727.41	5960
2729.305	6009
2731.201	5975
2733.095	6060
2734.99	6112
2736.884	6052
2738.778	5957
2740.67	5981
2742.562	6110
2744.455	5880
2746.346	6055
2748.238	5979
2750.129	5934
2752.018	6064
2753.907	5974
2755.797	5965
2757.687	6023
2759.575	6096
2761.462	6059
2763.349	6018
2765.237	6028
2767.124	5991
2769.009	6017
2770.894	5960
2772.779	6050
2774.663	6017
2776.547	6046
2778.431	6029
2780.314	5917
2782.197	5998
2784.078	6066
2785.96	6014
2787.842	5935
2789.723	5989
2791.603	5909
2793.483	5938
2795.362	6032
2797.241	5951
2799.121	5954
2800.997	5915
2802.874	5872
2804.751	5820
2806.628	5991
2808.506	5876
2810.38	5889
2812.255	5911
2814.13	5921
2816.003	6049
2817.878	5944
2819.752	5962
2821.623	5998
2823.496	5842
2825.368	5891
2827.238	6014
2829.111	5870
2830.98	6039
2832.851	5946
2834.719	6001
2836.589	5940
2838.458	5970
2840.327	5871
2842.193	6008
2844.061	6087
2845.927	5948
2847.794	5977
2849.66	5965
2851.525	5959
2853.39	5928
2855.254	5988
2857.117	5926
2858.983	6058
2860.845	6067
2862.707	6075
2864.569	6123
2866.431	6119
2868.293	6087
2870.154	6190
2872.013	6340
2873.873	6225
2875.733	6254
2877.592	6415
2879.451	6333
2881.309	6389
2883.166	6343
2885.022	6608
2886.879	6528
2888.736	6625
2890.591	6583
2892.446	6520
2894.301	6713
2896.155	6486
2898.009	6568
2899.863	6500
2901.716	6447
2903.568	6491
2905.419	6454
2907.27	6467
2909.123	6526
2910.973	6534
2912.824	6546
2914.673	6528
2916.521	6644
2918.372	6789
2920.22	6769
2922.067	6730
2923.914	6767
2925.761	6795
2927.607	7001
2929.455	6939
2931.301	7046
2933.144	7017
2934.99	7086
2936.833	7219
2938.678	7226
2940.522	7212
2942.364	7307
2944.207	7338
2946.048	7456
2947.891	7550
2949.731	7516
2951.571	7342
2953.412	7337
2955.25	7324
2957.09	7147
2958.93	7010
2960.767	7114
2962.606	7183
2964.443	7126
2966.279	6986
2968.116	6895
2969.953	6745
2971.788	6687
2973.623	6704
2975.457	6794
2977.292	6751
2979.127	6581
2980.959	6647
2982.792	6540
2984.624	6600
2986.455	6472
2988.288	6606
2990.119	6463
2991.949	6467
2993.779	6445
2995.608	6234
2997.439	6213
2999.268	6298
3001.096	6187
3002.923	6196
3004.751	6106
3006.578	6097
3008.406	6068
3010.232	5897
3012.057	5991
3013.883	5948
3015.706	5977
3017.532	5848
3019.356	5845
3021.179	5830
3023.002	5742
3024.823	5693
3026.646	5748
3028.469	5792
3030.289	5594
3032.11	5741
3033.93	5761
3035.749	5650
3037.57	5786
3039.39	5718
3041.207	5771
3043.026	5708
3044.842	5636
3046.661	5642
3048.477	5626
3050.294	5646
3052.109	5671
3053.925	5683
3055.739	5617
3057.555	5734
3059.368	5675
3061.181	5671
3062.995	5749
3064.807	5772
3066.62	5535
3068.433	5482
3070.243	5596
3072.054	5625
3073.865	5554
3075.675	5677
3077.485	5612
3079.293	5528
3081.102	5584
3082.911	5639
3084.719	5519
3086.527	5589
3088.333	5508
3090.139	5629
3091.945	5539
3093.75	5497
3095.557	5416
3097.361	5612
3099.165	5444
3100.969	5465
3102.772	5533
3104.575	5539
3106.379	5518
3108.181	5403
3109.982	5451
3111.783	5490
3113.584	5523
3115.386	5348
3117.186	5359
3118.985	5374
3120.783	5344
3122.582	5451
3124.381	5461
3126.179	5431
3127.975	5376
3129.772	5307
3131.569	5366
3133.365	5314
3135.161	5467
3136.956	5357
3138.751	5344
3140.544	5327
3142.338	5404
3144.132	5295
3145.925	5366
3147.717	5392
3149.509	5290
3151.301	5420
3153.091	5379
3154.884	5392
3156.673	5340
3158.462	5332
3160.252	5325
3162.041	5292
3163.831	5362
3165.618	5221
3167.405	5338
3169.193	5388
3170.979	5290
3172.767	5230
3174.553	5331
3176.338	5318
3178.123	5385
3179.907	5379
3181.692	5361
3183.477	5270
3185.259	5255
3187.042	5291
3188.824	5229
3190.607	5209
3192.389	5340
3194.17	5246
3195.951	5283
3197.73	5201
3199.51	5248
3201.289	5236
3203.07	5210
3204.848	5295
3206.626	5221
3208.403	5227
3210.18	5263
3211.959	5266
3213.735	5187
3215.511	5271
3217.285	5267
3219.06	5159
3220.836	5296
3222.611	5281
3224.384	5241
3226.158	5330
3227.929	5225
3229.702	5332
3231.476	5192
3233.248	5284
3235.018	5214
3236.789	5264
3238.56	5217
3240.33	5189
3242.1	5240
3243.869	5265
3245.637	5230
3247.405	5429
3249.172	5217
3250.941	5188
3252.707	5285
3254.474	5324
3256.24	5277
3258.006	5242
3259.772	5310
3261.537	5216
3263.301	5303
3265.065	5260
3266.828	5313
3268.592	5247
3270.355	5307
3272.117	5238
3273.878	5308
3275.64	5263
3277.401	5249
3279.162	5213
3280.922	5359
3282.682	5265
3284.441	5266
3286.199	5273
3287.959	5151
3289.716	5141
3291.475	5262
3293.232	5258
3294.988	5286
3296.744	5185
3298.501	5163
3300.256	5212
3302.011	5341
3303.766	5189
3305.52	5241
3307.275	5358
3309.028	5215
3310.781	5235
3312.533	5240
3314.285	5291
3316.038	5216
3317.789	5287
3319.54	5240
3321.289	5283
3323.039	5197
3324.789	5216
3326.539	5149
3328.288	5170
3330.035	5204
3331.783	5244
3333.531	5184
3335.28	5198
3337.025	5187
3338.771	5251
3340.518	5249
3342.262	5153
3344.009	5302
3345.753	5253
3347.497	5129
3349.24	5210
3350.983	5133
3352.726	5100
3354.469	5160
3356.212	5096
3357.952	5121
3359.694	5097
3361.434	5130
3363.176	5141
3364.916	5190
3366.654	5075
3368.394	5143
3370.132	5059
3371.871	5113
3373.61	5143
3375.346	5140
3377.083	5157
3378.82	5082
3380.556	5041
3382.292	5162
3384.027	4998
3385.763	5065
3387.497	5036
3389.231	5078
3390.965	5061
3392.698	5051
3394.431	5018
3396.164	5071
3397.896	4998
3399.627	5162
3401.36	4992
3403.09	5062
3404.82	5080
3406.55	5024
3408.279	5001
3410.01	4997
3411.738	5035
3413.467	5059
3415.194	5051
3416.92	5017
3418.647	5008
3420.375	4960
3422.102	4988
3423.827	5004
3425.553	4991
3427.277	4920
3429.003	4944
3430.727	4934
3432.451	4939
3434.173	4913
3435.896	5025
3437.62	5011
3439.343	4957
3441.063	4934
3442.785	4971
3444.505	4885
3446.226	4920
3447.948	5011
3449.666	4826
3451.386	4899
3453.104	4981
3454.823	4924
3456.541	4916
3458.259	4884
3459.976	4885
3461.693	4805
3463.408	4889
3465.125	4870
3466.841	4828
3468.556	4810
3470.271	4775
3471.985	4749
3473.698	4814
3475.414	4807
3477.126	4728
3478.838	4946
3480.55	4781
3482.263	4730
3483.975	4785
3485.686	4777
3487.396	4750
3489.106	4808
3490.817	4745
3492.526	4749
3494.236	4714
3495.944	4712
3497.652	4728
3499.359	4659
3501.066	4702
3502.775	4759
3504.481	4721
3506.187	4781
3507.893	4685
3509.598	4616
3511.304	4679
3513.009	4672
3514.713	4727
3516.417	4683
3518.12	4717
3519.821	4679
3521.525	4627
3523.228	4697
3524.929	4684
3526.631	4590
3528.33	4612
3530.032	4676
3531.733	4599
3533.433	4583
3535.131	4593
3536.83	4615
3538.529	4478
3540.227	4535
3541.925	4540
3543.623	4614
3545.319	4523
3547.016	4590
3548.712	4566
3550.408	4592
3552.103	4628
3553.798	4516
3555.491	4615
3557.188	4646
3558.88	4527
3560.574	4552
3562.266	4540
3563.959	4592
3565.651	4608
3567.343	4537
3569.035	4501
3570.725	4550
3572.415	4470
3574.106	4571
3575.797	4529
3577.485	4512
3579.174	4554
3580.863	4371
3582.551	4490
3584.238	4443
3585.926	4460
3587.613	4587
3589.3	4410
3590.986	4461
3592.671	4433
3594.357	4395
3596.042	4451
3597.726	4372
3599.41	4420
3601.094	4401
3602.778	4425
3604.461	4411
3606.143	4429
3607.825	4441
3609.507	4355
3611.188	4405
3612.87	4515
3614.551	4325
3616.229	4383
3617.909	4325
3619.589	4391
3621.269	4431
3622.948	4205
3624.625	4231
3626.302	4227
3627.98	4321
3629.657	4324
3631.334	4354
3633.01	4323
3634.686	4343
3636.361	4302
3638.036	4206
3639.712	4347
3641.385	4260
3643.06	4373
3644.732	4271
3646.405	4310
3648.08	4319
3649.751	4384
3651.424	4230
3653.094	4283
3654.766	4229
3656.436	4310
3658.106	4307
3659.777	4176
3661.446	4236
3663.115	4234
3664.783	4217
3666.452	4174
3668.121	4244
3669.788	4159
3671.454	4189
3673.121	4156
3674.789	4102
3676.455	4127
3678.12	4206
3679.784	4220
3681.45	4233
3683.114	4101
3684.779	4112
3686.442	4137
3688.105	4059
3689.768	4126
3691.43	4267
3693.093	4120
3694.754	4162
3696.415	4123
3698.076	4115
3699.736	4121
3701.396	4113
3703.057	4118
3704.716	4055
3706.375	4196
3708.034	4178
3709.692	4067
3711.351	4154
3713.008	4132
3714.665	4178
3716.321	4141
3717.977	4160
3719.634	4121
3721.29	4179
3722.945	4140
3724.598	4089
3726.253	4134
3727.907	4037
3729.561	4100
3731.214	4064
3732.867	4098
3734.518	4050
3736.171	4068
3737.824	4057
3739.474	3994
3741.125	4002
3742.775	4056
3744.425	4115
3746.074	4137
3747.725	4047
3749.373	4089
3751.022	4044
3752.669	4049
3754.318	3979
3755.966	4077
3757.612	4075
3759.259	4059
3760.905	4041
3762.55	4071
3764.197	3987
3765.842	4047
3767.486	4018
3769.131	4089
3770.774	4052
3772.417	4013
3774.061	4114
3775.705	3976
3777.347	4051
3778.988	3970
3780.629	4122
3782.271	3960
3783.912	3909
3785.552	3959
3787.192	4013
3788.831	3974
3790.472	3955
3792.112	3979
3793.75	4071
3795.388	3980
3797.024	3941
3798.661	4002
3800.3	3943
3801.936	3968
3803.572	3990
3805.208	3941
3806.844	3873
3808.48	3948
3810.115	3986
3811.748	3936
3813.382	3946
3815.016	3904
3816.649	3948
3818.283	3920
3819.914	3847
3821.547	3962
3823.178	3895
3824.809	3862
3826.441	3883
3828.072	3935
3829.701	3906
3831.331	3932
3832.96	3872
3834.591	3801
3836.219	3902
3837.847	3900
3839.475	3867
3841.102	3836
3842.729	3873
3844.357	3928
3845.984	3883
3847.609	3903
3849.234	3789
3850.86	3752
3852.485	3793
3854.11	3854
3855.734	3760
3857.357	3888
3858.981	3927
3860.603	3923
3862.227	3823
3863.848	3902
3865.471	3892
3867.092	3827
3868.713	3804
3870.334	3848
3871.954	3812
3873.575	3843
3875.194	3849
3876.813	3720
3878.433	3865
3880.051	3858
3881.669	3746
3883.286	3898
3884.904	3833
3886.52	3715
3888.138	3814
3889.754	3821
3891.37	3844
3892.985	3793
3894.6	3824
3896.216	3822
3897.831	3768
3899.444	3786
3901.058	3803
3902.67	3832
3904.283	3823
3905.897	3734
3907.509	3843
3909.121	3869
3910.731	3786
3912.342	3816
3913.954	3713
3915.563	3726
3917.174	3761
3918.783	3776
3920.391	3776
3922.002	3702
3923.611	3786
3925.218	3770
3926.826	3769
3928.432	3731
3930.039	3751
3931.647	3804
3933.253	3657
3934.859	3730
3936.464	3719
3938.068	3731
3939.675	3822
3941.278	3710
3942.883	3673
3944.486	3565
3946.089	3700
3947.692	3749
3949.295	3779
3950.898	3718
3952.499	3650
3954.1	3660
3955.7	3672
3957.303	3739
3958.903	3720
3960.502	3683
3962.101	3646
3963.7	3725
3965.301	3680
3966.899	3697
3968.497	3745
3970.094	3750
3971.691	3736
3973.288	3651
3974.885	3685
3976.481	3570
3978.077	3621
3979.672	3673
3981.267	3623
3982.863	3699
3984.457	3713
3986.051	3611
3987.645	3635
3989.238	3591
3990.831	3678
3992.425	3613
3994.017	3586
3995.607	3602
3997.199	3592
3998.79	3640
4000.382	3656
4001.973	3583
4003.561	3658
4005.151	3625
4006.741	3632
4008.331	3612
4009.918	3589
4011.507	3542
4013.095	3592
4014.681	3531
4016.269	3610
4017.856	3508
4019.443	3573
4021.028	3448
4022.614	3540
4024.199	3603
4025.785	3520
4027.37	3550
4028.953	3518
4030.536	3571
4032.12	3582
4033.704	3593
4035.287	3523
4036.869	3444
4038.45	3574
4040.032	3552
4041.613	3454
4043.195	3474
4044.776	3468
4046.356	3486
4047.935	3569
4049.515	3429
4051.095	3515
4052.674	3501
4054.251	3526
4055.829	3562
4057.406	3483
4058.985	3401
4060.562	3490
4062.139	3431
4063.715	3497
4065.29	3427
4066.865	3519
4068.442	3458
4070.016	3447
4071.59	3425
4073.164	3485
4074.738	3428
4076.312	3441
4077.885	3454
4079.458	3481
4081.03	3469
4082.602	3434
4084.173	3522
4085.745	3530
4087.315	3394
4088.886	3391
4090.456	3392
4092.026	3432
4093.596	3426
4095.165	3389
4096.734	3393
4098.301	3315
4099.869	3402
4101.437	3359
4103.006	3427
4104.572	3477
4106.139	3485
4107.704	3515
4109.27	3419
4110.837	3488
4112.401	3378
4113.966	3403
4115.53	3514
4117.094	3397
4118.659	3365
4120.223	3421
4121.785	3400
4123.347	3301
4124.909	3355
4126.471	3406
4128.034	3394
4129.595	3392
4131.155	3345
4132.716	3382
4134.275	3427
4135.836	3436
4137.395	3337
4138.955	3364
4140.513	3297
4142.071	3352
4143.628	3287
4145.188	3309
4146.745	3323
4148.302	3373
4149.858	3292
4151.414	3283
4152.971	3274
4154.526	3292
4156.081	3328
4157.635	3345
4159.189	3318
4160.745	3304
4162.298	3270
4163.852	3310
4165.405	3241
4166.957	3259
4168.51	3248
4170.063	3300
4171.614	3325
4173.166	3208
4174.717	3346
4176.267	3258
4177.817	3279
4179.368	3236
4180.917	3235
4182.466	3293
4184.016	3253
4185.564	3250
4187.112	3242
4188.66	3302
4190.207	3222
4191.754	3307
4193.301	3168
4194.848	3272
4196.394	3148
4197.94	3251
4199.484	3255
4201.03	3241
4202.575	3257
4204.12	3197
4205.663	3236
4207.207	3295
4208.75	3213
4210.292	3160
4211.836	3237
4213.378	3164
4214.92	3124
4216.46	3206
4218.002	3194
4219.544	3182
4221.083	3245
4222.625	3129
4224.164	3218
4225.703	3176
4227.244	3110
4228.782	3219
4230.32	3170
4231.857	3163
4233.395	3235
4234.933	3167
4236.471	3142
4238.007	3194
4239.542	3179
4241.078	3139
4242.614	3159
4244.15	3175
4245.685	3159
4247.219	3189
4248.753	3127
4250.287	3235
4251.82	3189
4253.354	3121
4254.887	3142
4256.419	3086
4257.951	3116
4259.483	3150
4261.016	3146
4262.547	3148
4264.078	3157
4265.608	3148
4267.137	3100
4268.668	3198
4270.197	3106
4271.727	3157
4273.254	3113
4274.783	3073
4276.311	3125
4277.84	3110
4279.366	3104
4280.894	3166
4282.42	3123
4283.946	3181
4285.473	3148
4286.998	3157
4288.523	3078
4290.047	3123
4291.572	3076
4293.096	3183
4294.622	3109
4296.144	3072
4297.668	3099
4299.19	3026
4300.713	3069
4302.236	3091
4303.758	2993
4305.279	3062
4306.799	3157
4308.321	3150
4309.842	3120
4311.361	3030
4312.882	3101
4314.401	3107
