400.0961	5109
402.6185	5342
405.1424	5238
407.6635	5301
410.1838	5266
412.7035	5409
415.2225	5344
417.7388	5301
420.2585	5430
422.7754	5486
425.2917	5457
427.8072	5556
430.3221	5609
432.8363	5536
435.3498	5508
437.8626	5586
440.3727	5700
442.8841	5658
445.3969	5706
447.907	5654
450.4142	5700
452.9229	5642
455.4289	5516
457.9362	5663
460.4449	5669
462.9488	5488
465.454	5622
467.9566	5596
470.4604	5602
472.9637	5651
475.4662	5653
477.966	5712
480.4671	5731
482.9656	5651
485.4633	5600
487.9645	5755
490.4608	5642
492.9566	5710
495.4536	5672
497.948	5599
500.4437	5735
502.9387	5840
505.431	5728
507.9226	5840
510.4136	5852
512.9079	5866
515.3975	5711
517.8864	5815
520.3746	5741
522.8622	5879
525.3491	5778
527.8394	5857
530.3249	5779
532.8098	5822
535.2939	5735
537.7774	5848
540.2623	5864
542.7444	5894
545.2259	5937
547.7067	5817
550.1868	5771
552.6683	5810
555.147	5946
557.6231	5832
560.1005	5876
562.5773	5931
565.0534	5892
567.5308	6076
570.0056	5971
572.4776	6007
574.951	6145
577.4237	6068
579.8978	6174
582.3671	6153
584.8378	6094
587.3079	6182
589.7773	6191
592.244	6111
594.714	6083
597.1793	6195
599.6461	5948
602.1121	6191
604.5754	6139
607.0421	6040
609.5042	6079
611.9675	6047
614.4282	6085
616.8902	6089
619.3515	6062
621.8122	6025
624.2702	6013
626.7296	6135
629.1863	6082
631.6423	6109
634.1017	6018
636.5563	6038
639.0104	6105
641.4658	6044
643.9185	6168
646.3725	6112
648.8239	6127
651.2766	6226
653.7266	6129
656.176	6151
658.6247	6226
661.0748	6182
663.5242	6139
665.9709	6115
668.417	6111
670.8624	6253
673.3092	6260
675.7533	6390
678.1968	6285
680.6395	6200
683.0817	6264
685.5251	6308
687.9659	6211
690.4061	6316
692.8456	6336
695.2844	6284
697.7226	6412
700.1621	6383
702.599	6343
705.0332	6353
707.4688	6315
709.9036	6337
712.3399	6364
714.7735	6506
717.2044	6355
719.6367	6502
722.0683	6374
724.4993	6534
726.9296	6491
729.3593	6497
731.7883	6504
734.2147	6598
736.6423	6489
739.0714	6559
741.4958	6456
743.9216	6672
746.3447	6611
748.7691	6628
751.1929	6580
753.616	6638
756.0366	6783
758.4584	6715
760.8776	6682
763.2982	6748
765.718	6760
768.1373	6756
770.5539	6716
772.9698	6792
775.3871	6637
777.8038	6791
780.2178	6834
782.6332	6772
785.0459	6736
787.458	6795
789.8714	6805
792.2842	6753
794.6943	6864
797.1038	6793
799.5127	6855
801.9209	6846
804.3324	6773
806.7393	6823
809.1456	6766
811.5513	6925
813.9562	6792
816.3625	6911
818.7663	6939
821.1693	6968
823.5718	6975
825.9735	6823
828.3746	6781
830.7771	6878
833.177	6875
835.5762	6867
837.9747	6989
840.3727	6958
842.772	6858
845.1666	7065
847.5626	7018
849.958	7001
852.3527	7146
854.7488	7161
857.1403	7045
859.5331	6967
861.9253	6988
864.3168	7034
866.7057	6976
869.098	7063
871.4876	7025
873.8746	6952
876.263	7128
878.6487	7054
881.0378	7058
883.4243	7000
885.8081	7056
888.1933	6962
890.5759	7041
892.9598	7000
895.343	6928
897.7256	7035
900.1057	6977
902.4871	7045
904.8659	7156
907.246	7040
909.6254	7113
912.0023	7005
914.3786	7167
916.7562	7270
919.1331	7170
921.5074	7361
923.8831	7451
926.2562	7427
928.6287	7417
931.0005	7425
933.3757	7478
935.7462	7399
938.1162	7343
940.4855	7447
942.8542	7468
945.2242	7625
947.5916	7828
949.9584	7898
952.3266	8082
954.6921	8466
957.0571	8649
959.4233	8933
961.787	9028
964.15	8958
966.5125	8864
968.8742	8587
971.2354	8150
973.5959	7800
975.9559	7664
978.3151	7609
980.6738	7470
983.0338	7378
985.3912	7262
987.7461	7381
990.1022	7305
992.4578	7299
994.8127	7188
997.1689	7361
999.5207	7276
1001.874	7367
1004.226	7366
1006.576	7335
1008.929	7245
1011.28	7420
1013.628	7240
1015.977	7403
1018.324	7327
1020.674	7354
1023.019	7293
1025.366	7404
1027.713	7436
1030.056	7433
1032.399	7483
1034.746	7345
1037.087	7426
1039.431	7360
1041.771	7453
1044.113	7488
1046.454	7476
1048.793	7380
1051.133	7508
1053.471	7580
1055.807	7424
1058.146	7459
1060.483	7492
1062.818	7523
1065.153	7325
1067.489	7599
1069.822	7588
1072.156	7823
1074.488	7736
1076.82	7550
1079.15	7574
1081.48	7540
1083.814	7555
1086.143	7526
1088.471	7511
1090.799	7558
1093.126	7482
1095.452	7424
1097.78	7527
1100.105	7323
1102.43	7534
1104.754	7592
1107.077	7465
1109.4	7447
1111.722	7517
1114.044	7358
1116.365	7565
1118.685	7463
1121.005	7555
1123.324	7575
1125.643	7534
1127.961	7465
1130.278	7599
1132.595	7489
1134.911	7420
1137.226	7437
1139.541	7433
1141.854	7490
1144.167	7446
1146.482	7373
1148.793	7455
1151.105	7512
1153.414	7507
1155.725	7365
1158.033	7379
1160.344	7592
1162.651	7537
1164.959	7513
1167.265	7478
1169.572	7420
1171.878	7504
1174.184	7506
1176.488	7569
1178.79	7395
1181.094	7521
1183.396	7664
1185.699	7639
1188.001	7549
1190.301	7485
1192.6	7582
1194.9	7477
1197.2	7485
1199.497	7489
1201.794	7508
1204.09	7449
1206.387	7490
1208.684	7516
1210.978	7469
1213.272	7631
1215.565	7566
1217.858	7476
1220.15	7629
1222.443	7486
1224.734	7554
1227.024	7651
1229.313	7704
1231.602	7649
1233.892	7698
1236.18	7690
1238.467	7683
1240.754	7752
1243.04	7914
1245.325	7843
1247.612	7848
1249.896	7905
1252.178	7852
1254.461	7868
1256.743	7801
1259.027	7725
1261.308	7882
1263.587	7913
1265.867	7940
1268.146	7930
1270.425	7840
1272.703	7819
1274.981	7906
1277.256	7767
1279.532	7785
1281.808	7692
1284.083	7803
1286.358	7828
1288.63	7746
1290.904	7695
1293.175	7749
1295.449	7722
1297.719	7761
1299.99	7733
1302.259	7632
1304.529	7646
1306.798	7745
1309.065	7790
1311.333	7608
1313.599	7696
1315.866	7823
1318.131	7808
1320.396	7759
1322.66	7715
1324.925	7781
1327.187	7711
1329.448	7687
1331.711	7827
1333.974	7779
1336.234	7671
1338.493	7740
1340.752	7790
1343.01	7838
1345.269	7804
1347.526	7807
1349.784	7757
1352.04	7714
1354.295	7668
1356.552	7716
1358.806	7794
1361.059	7670
1363.312	7672
1365.564	7641
1367.818	7810
1370.069	7750
1372.318	7694
1374.568	7762
1376.817	7822
1379.066	7637
1381.316	7880
1383.564	7719
1385.809	7786
1388.056	7874
1390.301	7884
1392.549	7848
1394.793	7934
1397.036	7866
1399.279	8059
1401.522	7947
1403.763	8041
1406.007	8100
1408.248	7943
1410.487	7869
1412.727	7998
1414.965	8013
1417.205	8022
1419.442	7981
1421.68	7969
1423.915	7856
1426.152	7990
1428.388	7852
1430.623	8007
1432.857	8012
1435.091	7962
1437.323	8084
1439.556	8153
1441.789	8111
1444.019	8214
1446.25	8221
1448.48	8194
1450.708	8209
1452.938	8198
1455.167	8207
1457.394	8205
1459.62	8145
1461.846	8173
1464.073	8076
1466.299	8175
1468.523	7968
1470.746	7968
1472.969	7972
1475.191	7925
1477.415	7914
1479.636	7846
1481.858	8014
1484.078	7779
1486.298	7837
1488.518	7776
1490.736	7807
1492.954	7819
1495.169	7679
1497.386	7833
1499.602	7754
1501.819	7825
1504.034	7742
1506.248	7760
1508.462	7789
1510.675	7647
1512.888	7658
1515.1	7714
1517.311	7770
1519.522	7758
1521.732	7715
1523.942	7762
1526.151	7782
1528.36	7823
1530.566	7810
1532.773	7848
1534.98	7788
1537.187	7652
1539.392	7770
1541.596	7726
1543.801	7634
1546.005	7689
1548.208	7823
1550.411	7735
1552.612	7888
1554.814	7801
1557.013	7807
1559.212	7957
1561.414	7964
1563.612	7886
1565.811	7835
1568.007	7782
1570.203	7903
1572.403	7984
1574.598	7975
1576.792	8113
1578.988	7745
1581.181	7947
1583.376	7925
1585.568	7962
1587.761	7873
1589.952	7954
1592.143	8029
1594.333	8020
1596.524	7953
1598.715	8156
1600.903	7962
1603.091	8002
1605.278	7961
1607.466	8082
1609.652	7965
1611.838	8013
1614.023	8065
1616.207	8044
1618.391	8108
1620.576	8010
1622.759	8002
1624.941	8059
1627.123	7986
1629.304	8147
1631.484	8084
1633.664	8058
1635.844	8051
1638.022	8084
1640.201	8162
1642.38	8107
1644.556	8127
1646.732	8085
1648.908	8173
1651.084	8195
1653.257	8139
1655.433	8232
1657.607	8170
1659.779	8248
1661.951	8257
1664.122	8144
1666.295	8188
1668.467	8287
1670.635	8287
1672.805	8269
1674.973	8144
1677.142	8298
1679.31	8197
1681.478	8152
1683.644	8009
1685.81	8201
1687.975	8110
1690.142	8090
1692.305	8110
1694.468	8162
1696.632	8093
1698.794	8083
1700.957	8057
1703.119	8120
1705.279	7939
1707.439	8031
1709.598	7952
1711.758	7903
1713.917	7934
1716.075	8141
1718.231	7986
1720.388	8045
1722.543	7917
1724.702	8076
1726.856	7985
1729.01	7934
1731.164	7892
1733.317	8124
1735.471	8021
1737.623	7888
1739.774	8009
1741.925	7965
1744.075	8052
1746.225	7959
1748.376	8003
1750.524	7964
1752.672	7946
1754.82	7984
1756.965	7946
1759.113	8135
1761.259	7939
1763.405	8145
1765.549	8052
1767.694	7896
1769.836	8006
1771.981	8025
1774.123	8031
1776.264	8158
1778.405	8151
1780.546	8014
1782.687	8014
1784.827	8041
1786.966	8160
1789.103	7963
1791.242	8138
1793.381	8123
1795.517	7883
1797.653	8146
1799.788	7985
1801.923	8055
1804.057	7997
1806.193	8082
1808.326	8048
1810.457	8064
1812.59	8017
1814.721	8130
1816.855	8096
1818.984	7871
1821.113	8022
1823.244	7978
1825.372	8135
1827.499	8075
1829.63	8042
1831.756	8026
1833.882	8002
1836.007	7974
1838.132	8058
1840.26	7913
1842.384	7981
1844.507	7974
1846.63	8091
1848.752	7876
1850.875	7977
1852.996	8055
1855.118	7837
1857.238	8018
1859.358	7942
1861.477	7979
1863.597	7894
1865.715	7942
1867.832	7931
1869.948	8015
1872.064	8098
1874.181	8057
1876.297	7974
1878.411	8053
1880.526	8025
1882.639	8106
1884.752	8016
1886.865	7996
1888.977	8017
1891.089	8051
1893.2	8161
1895.308	8037
1897.42	8036
1899.53	8019
1901.639	8004
1903.745	8094
1905.853	8025
1907.962	8027
1910.067	8120
1912.174	8088
1914.278	8061
1916.383	8095
1918.486	8013
1920.592	8104
1922.694	8093
1924.797	7993
1926.898	8053
1929	8148
1931.102	7843
1933.203	8054
1935.301	8075
1937.401	8105
1939.499	8086
1941.598	8072
1943.697	8193
1945.793	8094
1947.888	8175
1949.985	8058
1952.08	8025
1954.176	7959
1956.269	8057
1958.364	8082
1960.457	7979
1962.549	8160
1964.642	8141
1966.733	8203
1968.823	8042
1970.913	8017
1973.005	8015
1975.093	7990
1977.184	7981
1979.271	8051
1981.359	8114
1983.446	8104
1985.532	8053
1987.619	7880
1989.705	7950
1991.789	8017
1993.874	8028
1995.956	8093
1998.041	7979
2000.123	8021
2002.206	7984
2004.287	8006
2006.368	7990
2008.449	7978
2010.529	7961
2012.609	7997
2014.688	7944
2016.766	7993
2018.843	8061
2020.922	7981
2022.999	7963
2025.074	8019
2027.15	7921
2029.225	8052
2031.299	7891
2033.375	7953
2035.447	7904
2037.52	8174
2039.592	8059
2041.664	7939
2043.736	7972
2045.807	7957
2047.876	7839
2049.947	8004
2052.015	7919
2054.086	7953
2056.153	7925
2058.221	7925
2060.288	7974
2062.353	8062
2064.42	8050
2066.486	7912
2068.55	7985
2070.614	7912
2072.678	7979
2074.741	7912
2076.805	7996
2078.866	7936
2080.929	7901
2082.99	8038
2085.049	7957
2087.109	8009
2089.17	8081
2091.228	7904
2093.286	8079
2095.344	8171
2097.4	7965
2099.46	8060
2101.516	8014
2103.572	8128
2105.626	8045
2107.679	8073
2109.735	8006
2111.788	7809
2113.841	8021
2115.894	7981
2117.945	7954
2119.997	7988
2122.049	7983
2124.1	7929
2126.148	8014
2128.197	7936
2130.246	8082
2132.296	7936
2134.342	8065
2136.39	8042
2138.437	7894
2140.483	8003
2142.527	7926
2144.574	7835
2146.619	8016
2148.661	8094
2150.705	7849
2152.747	8040
2154.792	7920
2156.832	7801
2158.874	7954
2160.915	7955
2162.954	7979
2164.995	7831
2167.034	7898
2169.072	7855
2171.111	7911
2173.148	7860
2175.186	7929
2177.223	7857
2179.258	7920
2181.294	7905
2183.328	7821
2185.362	7851
2187.398	7674
2189.431	7846
2191.463	7874
2193.495	7796
2195.528	7793
2197.56	7714
2199.59	7781
2201.62	7811
2203.649	7809
2205.678	7746
2207.708	7739
2209.737	7793
2211.764	7727
2213.791	7840
2215.817	7761
2217.843	7812
2219.87	7668
2221.895	7803
2223.919	7775
2225.942	7690
2227.966	7711
2229.988	7625
2232.012	7682
2234.032	7654
2236.054	7823
2238.074	7797
2240.095	7842
2242.116	7631
2244.135	7686
2246.153	7685
2248.171	7824
2250.188	7752
2252.208	7587
2254.223	7760
2256.239	7715
2258.255	7904
2260.269	7668
2262.283	7720
2264.3	7840
2266.312	7706
2268.325	7826
2270.336	7636
2272.349	7673
2274.362	7817
2276.372	7759
2278.383	7606
2280.392	7706
2282.402	7747
2284.409	7753
2286.418	7698
2288.427	7796
2290.433	7705
2292.441	7785
2294.446	7724
2296.453	7671
2298.459	7747
2300.463	7802
2302.466	7726
2304.471	7625
2306.475	7761
2308.477	7507
2310.478	7687
2312.481	7777
2314.481	7727
2316.481	7635
2318.482	7673
2320.482	7625
2322.48	7694
2324.48	7634
2326.478	7619
2328.476	7696
2330.473	7688
2332.469	7597
2334.465	7741
2336.46	7568
2338.454	7627
2340.45	7458
2342.444	7556
2344.437	7716
2346.43	7618
2348.421	7613
2350.414	7438
2352.405	7474
2354.396	7600
2356.386	7517
2358.376	7599
2360.366	7654
2362.355	7505
2364.343	7581
2366.331	7512
2368.317	7462
2370.304	7549
2372.292	7498
2374.278	7502
2376.262	7430
2378.247	7560
2380.23	7536
2382.216	7500
2384.199	7549
2386.181	7474
2388.163	7386
2390.144	7460
2392.127	7493
2394.107	7462
2396.087	7391
2398.066	7357
2400.046	7379
2402.023	7487
2404.004	7489
2405.981	7411
2407.957	7398
2409.934	7398
2411.91	7537
2413.886	7455
2415.862	7392
2417.836	7418
2419.809	7363
2421.784	7315
2423.756	7510
2425.73	7351
2427.701	7287
2429.672	7279
2431.644	7405
2433.615	7300
2435.586	7548
2437.555	7394
2439.523	7523
2441.491	7329
2443.459	7542
2445.428	7392
2447.395	7357
2449.361	7479
2451.327	7354
2453.292	7483
2455.257	7353
2457.223	7428
2459.187	7407
2461.15	7259
2463.113	7430
2465.076	7360
2467.039	7454
2468.999	7319
2470.96	7388
2472.921	7376
2474.881	7452
2476.841	7322
2478.8	7218
2480.759	7427
2482.717	7318
2484.675	7395
2486.63	7310
2488.589	7170
2490.545	7318
2492.5	7326
2494.455	7254
2496.408	7328
2498.364	7276
2500.318	7170
2502.27	7344
2504.223	7335
2506.174	7339
2508.126	7275
2510.078	7261
2512.03	7238
2513.979	7288
2515.927	7179
2517.877	7256
2519.826	7227
2521.775	7281
2523.722	7175
2525.668	7229
2527.616	7194
2529.561	7219
2531.508	7229
2533.452	7273
2535.398	7294
2537.342	7191
2539.284	7148
2541.229	7178
2543.173	7226
2545.114	7126
2547.055	7243
2548.996	7207
2550.938	7039
2552.878	7197
2554.817	7176
2556.756	7122
2558.695	7238
2560.633	7125
2562.572	7250
2564.509	7252
2566.445	7224
2568.382	7157
2570.317	7124
2572.254	7285
2574.189	7170
2576.123	7209
2578.057	7099
2579.99	7273
2581.923	7202
2583.855	7260
2585.788	7267
2587.719	7144
2589.65	7176
2591.579	7280
2593.511	7192
2595.44	7226
2597.37	7040
2599.297	7261
2601.225	7127
2603.153	7172
2605.08	7098
2607.007	7172
2608.932	7088
2610.858	7177
2612.782	7250
2614.709	7201
2616.632	7178
2618.556	7151
2620.478	7153
2622.401	7228
2624.324	7164
2626.247	7293
2628.167	7221
2630.088	7186
2632.008	7231
2633.928	7217
2635.848	7216
2637.766	7260
2639.684	7221
2641.603	7258
2643.519	7357
2645.437	7266
2647.353	7229
2649.27	7090
2651.184	7315
2653.099	7287
2655.014	7318
2656.928	7152
2658.842	7224
2660.755	7047
2662.667	7252
2664.579	7156
2666.491	7218
2668.402	7176
2670.312	7189
2672.222	7109
2674.132	7217
2676.042	7070
2677.951	7144
2679.859	7060
2681.766	7174
2683.674	7125
2685.582	7269
2687.488	7095
2689.392	7017
2691.298	7040
2693.202	7103
2695.107	7020
2697.012	7154
2698.914	7104
2700.817	6941
2702.72	7000
2704.622	7185
2706.524	7139
2708.425	7113
2710.326	7080
2712.225	7164
2714.125	6891
2716.024	7137
2717.923	7019
2719.822	7011
2721.719	7103
2723.616	7014
2725.512	7061
2727.41	7082
2729.305	7003
2731.201	6897
2733.095	7061
2734.99	7011
2736.884	7011
2738.778	6996
2740.67	6972
2742.562	7020
2744.455	6904
2746.346	7036
2748.238	7104
2750.129	7054
2752.018	7098
2753.907	6894
2755.797	6979
2757.687	6977
2759.575	7010
2761.462	7003
2763.349	6941
2765.237	6892
2767.124	6920
2769.009	6916
2770.894	6896
2772.779	6845
2774.663	6901
2776.547	6954
2778.431	6886
2780.314	6970
2782.197	6931
2784.078	6976
2785.96	6852
2787.842	6880
2789.723	6949
2791.603	6956
2793.483	6819
2795.362	6837
2797.241	6959
2799.121	6848
2800.997	6847
2802.874	6901
2804.751	6910
2806.628	6844
2808.506	6936
2810.38	6772
2812.255	6854
2814.13	6874
2816.003	6929
2817.878	6833
2819.752	6773
2821.623	6984
2823.496	6794
2825.368	6930
2827.238	6866
2829.111	6808
2830.98	6914
2832.851	6887
2834.719	6893
2836.589	6916
2838.458	6857
2840.327	6831
2842.193	6927
2844.061	6938
2845.927	6989
2847.794	6919
2849.66	6908
2851.525	7017
2853.39	6937
2855.254	6950
2857.117	6983
2858.983	6907
2860.845	7109
2862.707	6906
2864.569	7010
2866.431	7201
2868.293	6969
2870.154	7136
2872.013	7162
2873.873	7235
2875.733	7258
2877.592	7337
2879.451	7391
2881.309	7461
2883.166	7369
2885.022	7687
2886.879	7543
2888.736	7422
2890.591	7497
2892.446	7468
2894.301	7461
2896.155	7391
2898.009	7525
2899.863	7468
2901.716	7500
2903.568	7469
2905.419	7492
2907.27	7429
2909.123	7543
2910.973	7579
2912.824	7604
2914.673	7686
2916.521	7513
2918.372	7719
2920.22	7737
2922.067	7731
2923.914	7753
2925.761	7897
2927.607	7924
2929.455	7897
2931.301	8094
2933.144	8057
2934.99	8121
2936.833	8159
2938.678	8179
2940.522	8334
2942.364	8316
2944.207	8446
2946.048	8378
2947.891	8635
2949.731	8333
2951.571	8408
2953.412	8331
2955.25	8301
2957.09	8366
2958.93	8150
2960.767	8161
2962.606	8153
2964.443	8019
2966.279	8029
2968.116	7803
2969.953	7763
2971.788	7903
2973.623	7768
2975.457	7723
2977.292	7692
2979.127	7645
2980.959	7634
2982.792	7524
2984.624	7626
2986.455	7524
2988.288	7444
2990.119	7498
2991.949	7376
2993.779	7356
2995.608	7160
2997.439	7264
2999.268	7234
3001.096	7170
3002.923	7083
3004.751	7055
3006.578	6887
3008.406	7007
3010.232	6860
3012.057	6942
3013.883	6788
3015.706	6807
3017.532	6736
3019.356	6712
3021.179	6602
3023.002	6584
3024.823	6644
3026.646	6612
3028.469	6587
3030.289	6651
3032.11	6514
3033.93	6556
3035.749	6534
3037.57	6544
3039.39	6600
3041.207	6410
3043.026	6512
3044.842	6452
3046.661	6399
3048.477	6450
3050.294	6477
3052.109	6425
3053.925	6424
3055.739	6256
3057.555	6597
3059.368	6493
3061.181	6477
3062.995	6418
3064.807	6481
3066.62	6564
3068.433	6455
3070.243	6447
3072.054	6399
3073.865	6415
3075.675	6447
3077.485	6470
3079.293	6422
3081.102	6446
3082.911	6340
3084.719	6318
3086.527	6308
3088.333	6350
3090.139	6430
3091.945	6343
3093.75	6379
3095.557	6259
3097.361	6339
3099.165	6237
3100.969	6229
3102.772	6271
3104.575	6198
3106.379	6181
3108.181	6246
3109.982	6237
3111.783	6238
3113.584	6318
3115.386	6177
3117.186	6274
3118.985	6209
3120.783	6253
3122.582	6283
3124.381	6163
3126.179	6258
3127.975	6132
3129.772	6082
3131.569	6065
3133.365	6106
3135.161	6150
3136.956	6111
3138.751	6188
3140.544	6002
3142.338	6041
3144.132	5972
3145.925	6134
3147.717	6167
3149.509	6182
3151.301	6173
3153.091	6011
3154.884	6079
3156.673	6106
3158.462	6137
3160.252	6114
3162.041	6129
3163.831	5900
3165.618	6072
3167.405	6096
3169.193	6129
3170.979	6056
3172.767	6023
3174.553	6098
3176.338	6048
3178.123	5950
3179.907	6078
3181.692	6011
3183.477	5997
3185.259	6035
3187.042	5964
3188.824	5978
3190.607	6049
3192.389	6044
3194.17	5932
3195.951	6070
3197.73	5875
3199.51	6031
3201.289	6029
3203.07	6020
3204.848	5913
3206.626	6033
3208.403	6042
3210.18	5970
3211.959	5969
3213.735	5953
3215.511	6029
3217.285	5974
3219.06	5951
3220.836	5958
3222.611	5885
3224.384	5942
3226.158	5857
3227.929	6003
3229.702	5916
3231.476	5933
3233.248	5881
3235.018	5913
3236.789	5959
3238.56	5927
3240.33	5917
3242.1	5973
3243.869	6013
3245.637	5970
3247.405	6016
3249.172	5943
3250.941	5959
3252.707	5970
3254.474	5953
3256.24	5821
3258.006	5880
3259.772	5978
3261.537	5938
3263.301	6022
3265.065	5929
3266.828	5829
3268.592	5924
3270.355	5943
3272.117	5855
3273.878	5945
3275.64	5882
3277.401	5890
3279.162	5917
3280.922	6025
3282.682	5939
3284.441	5887
3286.199	5973
3287.959	5949
3289.716	5833
3291.475	5949
3293.232	5867
3294.988	6004
3296.744	5957
3298.501	5919
3300.256	6105
3302.011	5933
3303.766	6021
3305.52	5978
3307.275	5816
3309.028	5821
3310.781	5896
3312.533	5927
3314.285	5903
3316.038	5834
3317.789	5883
3319.54	5814
3321.289	5866
3323.039	5819
3324.789	5914
3326.539	5857
3328.288	5864
3330.035	5961
3331.783	5829
3333.531	5957
3335.28	5930
3337.025	5827
3338.771	5858
3340.518	5878
3342.262	5885
3344.009	5899
3345.753	5814
3347.497	5746
3349.24	5745
3350.983	5798
3352.726	5885
3354.469	5797
3356.212	5726
3357.952	5768
3359.694	5834
3361.434	5816
3363.176	5686
3364.916	5717
3366.654	5766
3368.394	5659
3370.132	5792
3371.871	5733
3373.61	5729
3375.346	5737
3377.083	5660
3378.82	5743
3380.556	5686
3382.292	5649
3384.027	5709
3385.763	5643
3387.497	5666
3389.231	5658
3390.965	5730
3392.698	5613
3394.431	5568
3396.164	5509
3397.896	5666
3399.627	5624
3401.36	5593
3403.09	5616
3404.82	5695
3406.55	5675
3408.279	5590
3410.01	5640
3411.738	5636
3413.467	5657
3415.194	5656
3416.92	5472
3418.647	5580
3420.375	5543
3422.102	5573
3423.827	5673
3425.553	5681
3427.277	5568
3429.003	5599
3430.727	5547
3432.451	5483
3434.173	5457
3435.896	5507
3437.62	5524
3439.343	5547
3441.063	5516
3442.785	5423
3444.505	5473
3446.226	5401
3447.948	5553
3449.666	5382
3451.386	5515
3453.104	5460
3454.823	5537
3456.541	5503
3458.259	5505
3459.976	5373
3461.693	5387
3463.408	5418
3465.125	5430
3466.841	5388
3468.556	5303
3470.271	5324
3471.985	5423
3473.698	5375
3475.414	5373
3477.126	5269
3478.838	5486
3480.55	5294
3482.263	5406
3483.975	5195
3485.686	5340
3487.396	5263
3489.106	5281
3490.817	5224
3492.526	5258
3494.236	5327
3495.944	5262
3497.652	5256
3499.359	5133
3501.066	5222
3502.775	5271
3504.481	5293
3506.187	5120
3507.893	5198
3509.598	5165
3511.304	5287
3513.009	5201
3514.713	5279
3516.417	5188
3518.12	5152
3519.821	5114
3521.525	5188
3523.228	5169
3524.929	5186
3526.631	5142
3528.33	5145
3530.032	5209
3531.733	5094
3533.433	5069
3535.131	5106
3536.83	5109
3538.529	5158
3540.227	5054
3541.925	5108
3543.623	5119
3545.319	5074
3547.016	5077
3548.712	5116
3550.408	5083
3552.103	5022
3553.798	5031
3555.491	5076
3557.188	4997
3558.88	4988
3560.574	5054
3562.266	5043
3563.959	5019
3565.651	5009
3567.343	4877
3569.035	5095
3570.725	4988
3572.415	4881
3574.106	4961
3575.797	4942
3577.485	4988
3579.174	4917
3580.863	4984
3582.551	4901
3584.238	4931
3585.926	4857
3587.613	4867
3589.3	4827
3590.986	4958
3592.671	4899
3594.357	4814
3596.042	4731
3597.726	4943
3599.41	4857
3601.094	4780
3602.778	4800
3604.461	4844
3606.143	4852
3607.825	4772
3609.507	4728
3611.188	4799
3612.87	4764
3614.551	4764
3616.229	4817
3617.909	4747
3619.589	4842
3621.269	4825
3622.948	4787
3624.625	4733
3626.302	4723
3627.98	4639
3629.657	4678
3631.334	4728
3633.01	4734
3634.686	4712
3636.361	4624
3638.036	4764
3639.712	4719
3641.385	4753
3643.06	4595
3644.732	4669
3646.405	4619
3648.08	4599
3649.751	4686
3651.424	4751
3653.094	4641
3654.766	4579
3656.436	4663
3658.106	4698
3659.777	4622
3661.446	4524
3663.115	4576
3664.783	4603
3666.452	4605
3668.121	4642
3669.788	4595
3671.454	4650
3673.121	4561
3674.789	4513
3676.455	4629
3678.12	4527
3679.784	4595
3681.45	4659
3683.114	4438
3684.779	4664
3686.442	4489
3688.105	4570
3689.768	4507
3691.43	4614
3693.093	4521
3694.754	4506
3696.415	4576
3698.076	4451
3699.736	4501
3701.396	4473
3703.057	4541
3704.716	4514
3706.375	4507
3708.034	4517
3709.692	4434
3711.351	4465
3713.008	4485
3714.665	4465
3716.321	4459
3717.977	4449
3719.634	4474
3721.29	4445
3722.945	4542
3724.598	4375
3726.253	4501
3727.907	4449
3729.561	4359
3731.214	4403
3732.867	4395
3734.518	4411
3736.171	4416
3737.824	4458
3739.474	4478
3741.125	4486
3742.775	4326
3744.425	4367
3746.074	4344
3747.725	4313
3749.373	4423
3751.022	4368
3752.669	4360
3754.318	4454
3755.966	4396
3757.612	4272
3759.259	4280
3760.905	4373
3762.55	4384
3764.197	4232
3765.842	4362
3767.486	4310
3769.131	4311
3770.774	4377
3772.417	4283
3774.061	4292
3775.705	4323
3777.347	4313
3778.988	4268
3780.629	4344
3782.271	4284
3783.912	4309
3785.552	4254
3787.192	4210
3788.831	4339
3790.472	4229
3792.112	4345
3793.75	4218
3795.388	4302
3797.024	4329
3798.661	4332
3800.3	4233
3801.936	4230
3803.572	4189
3805.208	4208
3806.844	4256
3808.48	4169
3810.115	4303
3811.748	4163
3813.382	4165
3815.016	4164
3816.649	4197
3818.283	4227
3819.914	4245
3821.547	4246
3823.178	4228
3824.809	4155
3826.441	4163
3828.072	4117
3829.701	4226
3831.331	4233
3832.96	4111
3834.591	4112
3836.219	4228
3837.847	4065
3839.475	4092
3841.102	4169
3842.729	4119
3844.357	4093
3845.984	4179
3847.609	4183
3849.234	4131
3850.86	4022
3852.485	4083
3854.11	4040
3855.734	4036
3857.357	4037
3858.981	4077
3860.603	4079
3862.227	4190
3863.848	4060
3865.471	4111
3867.092	4047
3868.713	4087
3870.334	4110
3871.954	4065
3873.575	4089
3875.194	4041
3876.813	4077
3878.433	4113
3880.051	4064
3881.669	4061
3883.286	4070
3884.904	3933
3886.52	4088
3888.138	4064
3889.754	4073
3891.37	4046
3892.985	3931
3894.6	4023
3896.216	3988
3897.831	4043
3899.444	3986
3901.058	3994
3902.67	4029
3904.283	4005
3905.897	3922
3907.509	4006
3909.121	3927
3910.731	3981
3912.342	4008
3913.954	3933
3915.563	3937
3917.174	3947
3918.783	3926
3920.391	3973
3922.002	3927
3923.611	3935
3925.218	3937
3926.826	3966
3928.432	3883
3930.039	3934
3931.647	3963
3933.253	3968
3934.859	4028
3936.464	3881
3938.068	3893
3939.675	3969
3941.278	3882
3942.883	3882
3944.486	3845
3946.089	3897
3947.692	3957
3949.295	3917
3950.898	3883
3952.499	3914
3954.1	3859
3955.7	3928
3957.303	3833
3958.903	3915
3960.502	3768
3962.101	3829
3963.7	3904
3965.301	3876
3966.899	3858
3968.497	3900
3970.094	3809
3971.691	3828
3973.288	3848
3974.885	3874
3976.481	3864
3978.077	3763
3979.672	3820
3981.267	3867
3982.863	3791
3984.457	3861
3986.051	3769
3987.645	3815
3989.238	3756
3990.831	3877
3992.425	3813
3994.017	3857
3995.607	3815
3997.199	3710
3998.79	3811
4000.382	3750
4001.973	3696
4003.561	3699
4005.151	3634
4006.741	3737
4008.331	3654
4009.918	3684
4011.507	3716
4013.095	3720
4014.681	3769
4016.269	3662
4017.856	3651
4019.443	3648
4021.028	3765
4022.614	3678
4024.199	3684
4025.785	3578
4027.37	3697
4028.953	3677
4030.536	3672
4032.12	3615
4033.704	3692
4035.287	3633
4036.869	3566
4038.45	3582
4040.032	3616
4041.613	3626
4043.195	3574
4044.776	3705
4046.356	3522
4047.935	3591
4049.515	3658
4051.095	3591
4052.674	3621
4054.251	3676
4055.829	3539
4057.406	3630
4058.985	3577
4060.562	3550
4062.139	3544
4063.715	3552
4065.29	3626
4066.865	3509
4068.442	3648
4070.016	3575
4071.59	3588
4073.164	3506
4074.738	3564
4076.312	3643
4077.885	3566
4079.458	3491
4081.03	3628
4082.602	3501
4084.173	3597
4085.745	3471
4087.315	3543
4088.886	3485
4090.456	3586
4092.026	3439
4093.596	3421
4095.165	3513
4096.734	3451
4098.301	3543
4099.869	3516
4101.437	3569
4103.006	3351
4104.572	3453
4106.139	3468
4107.704	3575
4109.27	3424
4110.837	3502
4112.401	3481
4113.966	3445
4115.53	3531
4117.094	3514
4118.659	3447
4120.223	3405
4121.785	3414
4123.347	3431
4124.909	3419
4126.471	3402
4128.034	3472
4129.595	3476
4131.155	3441
4132.716	3332
4134.275	3413
4135.836	3365
4137.395	3429
4138.955	3465
4140.513	3448
4142.071	3401
4143.628	3414
4145.188	3357
4146.745	3363
4148.302	3404
4149.858	3343
4151.414	3279
4152.971	3347
4154.526	3331
4156.081	3312
4157.635	3346
4159.189	3326
4160.745	3321
4162.298	3353
4163.852	3305
4165.405	3313
4166.957	3406
4168.51	3311
4170.063	3215
4171.614	3342
4173.166	3347
4174.717	3280
4176.267	3258
4177.817	3354
4179.368	3225
4180.917	3255
4182.466	3305
4184.016	3376
4185.564	3292
4187.112	3279
4188.66	3203
4190.207	3301
4191.754	3232
4193.301	3323
4194.848	3207
4196.394	3275
4197.94	3220
4199.484	3248
4201.03	3284
4202.575	3287
4204.12	3198
4205.663	3159
4207.207	3185
4208.75	3228
4210.292	3209
4211.836	3253
4213.378	3281
4214.92	3287
4216.46	3163
4218.002	3261
4219.544	3230
4221.083	3154
4222.625	3165
4224.164	3229
4225.703	3150
4227.244	3169
4228.782	3149
4230.32	3240
4231.857	3232
4233.395	3169
4234.933	3200
4236.471	3074
4238.007	3156
4239.542	3159
4241.078	3176
4242.614	3138
4244.15	3187
4245.685	3186
4247.219	3196
4248.753	3140
4250.287	3205
4251.82	3056
4253.354	3118
4254.887	3182
4256.419	3169
4257.951	3106
4259.483	3044
4261.016	3079
4262.547	3143
4264.078	3045
4265.608	3118
4267.137	3110
4268.668	3116
4270.197	3120
4271.727	3069
4273.254	3008
4274.783	3072
4276.311	3079
4277.84	3053
4279.366	3104
4280.894	3066
4282.42	3081
4283.946	3141
4285.473	3081
4286.998	3042
4288.523	3022
4290.047	3036
4291.572	3127
4293.096	3032
4294.622	3055
4296.144	3061
4297.668	3074
4299.19	2984
4300.713	3110
4302.236	3005
4303.758	3056
4305.279	3043
4306.799	3067
4308.321	3052
4309.842	3075
4311.361	3058
4312.882	3034
4314.401	2995
