400.0961	4591
402.6185	4615
405.1424	4524
407.6635	4583
410.1838	4625
412.7035	4625
415.2225	4585
417.7388	4657
420.2585	4717
422.7754	4653
425.2917	4808
427.8072	4798
430.3221	4834
432.8363	4870
435.3498	4805
437.8626	4833
440.3727	4810
442.8841	4959
445.3969	4829
447.907	4842
450.4142	4877
452.9229	4830
455.4289	4745
457.9362	4901
460.4449	4771
462.9488	4697
465.454	4802
467.9566	4895
470.4604	4782
472.9637	4897
475.4662	4833
477.966	4856
480.4671	4901
482.9656	4866
485.4633	4890
487.9645	4934
490.4608	4954
492.9566	4928
495.4536	4990
497.948	4956
500.4437	5033
502.9387	5032
505.431	4943
507.9226	4980
510.4136	5038
512.9079	5002
515.3975	5010
517.8864	5097
520.3746	4972
522.8622	4882
525.3491	5162
527.8394	5092
530.3249	5013
532.8098	5141
535.2939	5035
537.7774	5095
540.2623	5054
542.7444	5013
545.2259	4968
547.7067	5087
550.1868	5110
552.6683	5049
555.147	5120
557.6231	5047
560.1005	5122
562.5773	5167
565.0534	5091
567.5308	5151
570.0056	5158
572.4776	5200
574.951	5109
577.4237	5235
579.8978	5235
582.3671	5289
584.8378	5313
587.3079	5267
589.7773	5287
592.244	5197
594.714	5259
597.1793	5347
599.6461	5154
602.1121	5246
604.5754	5250
607.0421	5169
609.5042	5220
611.9675	5354
614.4282	5159
616.8902	5226
619.3515	5216
621.8122	5229
624.2702	5255
626.7296	5236
629.1863	5211
631.6423	5079
634.1017	5159
636.5563	5209
639.0104	5188
641.4658	5155
643.9185	5203
646.3725	5220
648.8239	5323
651.2766	5174
653.7266	5262
656.176	5266
658.6247	5279
661.0748	5336
663.5242	5440
665.9709	5459
668.417	5313
670.8624	5307
673.3092	5294
675.7533	5311
678.1968	5393
680.6395	5467
683.0817	5432
685.5251	5404
687.9659	5375
690.4061	5443
692.8456	5498
695.2844	5415
697.7226	5466
700.1621	5407
702.599	5412
705.0332	5513
707.4688	5499
709.9036	5450
712.3399	5520
714.7735	5457
717.2044	5483
719.6367	5540
722.0683	5490
724.4993	5609
726.9296	5565
729.3593	5616
731.7883	5624
734.2147	5699
736.6423	5685
739.0714	5666
741.4958	5697
743.9216	5768
746.3447	5665
748.7691	5562
751.1929	5788
753.616	5834
756.0366	5817
758.4584	5836
760.8776	5655
763.2982	5821
765.718	5809
768.1373	5780
770.5539	5853
772.9698	5773
775.3871	5862
777.8038	5812
780.2178	5717
782.6332	5880
785.0459	5786
787.458	5738
789.8714	5822
792.2842	5783
794.6943	5942
797.1038	5726
799.5127	5903
801.9209	5762
804.3324	5830
806.7393	5878
809.1456	5877
811.5513	6021
813.9562	5852
816.3625	5866
818.7663	5871
821.1693	5937
823.5718	5802
825.9735	5892
828.3746	5847
830.7771	5920
833.177	5875
835.5762	5897
837.9747	5956
840.3727	5983
842.772	5971
845.1666	6007
847.5626	6003
849.958	6014
852.3527	6000
854.7488	5979
857.1403	6094
859.5331	6145
861.9253	6147
864.3168	6103
866.7057	6138
869.098	6084
871.4876	6073
873.8746	6060
876.263	6030
878.6487	6025
881.0378	5941
883.4243	5997
885.8081	5987
888.1933	6099
890.5759	6005
892.9598	6005
895.343	6042
897.7256	5986
900.1057	6010
902.4871	6087
904.8659	6051
907.246	6119
909.6254	6146
912.0023	6040
914.3786	6229
916.7562	6337
919.1331	6428
921.5074	6580
923.8831	6359
926.2562	6631
928.6287	6492
931.0005	6455
933.3757	6391
935.7462	6501
938.1162	6374
940.4855	6483
942.8542	6510
945.2242	6597
947.5916	6643
949.9584	6681
952.3266	6828
954.6921	6951
957.0571	7227
959.4233	7479
961.787	7514
964.15	7505
966.5125	7370
968.8742	7176
971.2354	6936
973.5959	6682
975.9559	6560
978.3151	6541
980.6738	6462
983.0338	6467
985.3912	6373
987.7461	6322
990.1022	6265
992.4578	6249
994.8127	6229
997.1689	6268
999.5207	6281
1001.874	6258
1004.226	6334
1006.576	6295
1008.929	6369
1011.28	6239
1013.628	6366
1015.977	6304
1018.324	6298
1020.674	6217
1023.019	6344
1025.366	6369
1027.713	6389
1030.056	6316
1032.399	6294
1034.746	6404
1037.087	6394
1039.431	6330
1041.771	6396
1044.113	6423
1046.454	6390
1048.793	6382
1051.133	6324
1053.471	6402
1055.807	6385
1058.146	6431
1060.483	6469
1062.818	6393
1065.153	6441
1067.489	6438
1069.822	6494
1072.156	6489
1074.488	6512
1076.82	6440
1079.15	6421
1081.48	6454
1083.814	6406
1086.143	6396
1088.471	6388
1090.799	6359
1093.126	6311
1095.452	6359
1097.78	6504
1100.105	6480
1102.43	6394
1104.754	6293
1107.077	6405
1109.4	6497
1111.722	6520
1114.044	6427
1116.365	6459
1118.685	6314
1121.005	6532
1123.324	6525
1125.643	6442
1127.961	6430
1130.278	6604
1132.595	6344
1134.911	6492
1137.226	6474
1139.541	6537
1141.854	6383
1144.167	6398
1146.482	6540
1148.793	6428
1151.105	6487
1153.414	6333
1155.725	6406
1158.033	6476
1160.344	6427
1162.651	6389
1164.959	6378
1167.265	6557
1169.572	6501
1171.878	6411
1174.184	6536
1176.488	6458
1178.79	6537
1181.094	6569
1183.396	6481
1185.699	6574
1188.001	6445
1190.301	6457
1192.6	6573
1194.9	6403
1197.2	6379
1199.497	6456
1201.794	6468
1204.09	6544
1206.387	6485
1208.684	6412
1210.978	6462
1213.272	6412
1215.565	6371
1217.858	6511
1220.15	6570
1222.443	6513
1224.734	6577
1227.024	6618
1229.313	6537
1231.602	6582
1233.892	6658
1236.18	6706
1238.467	6811
1240.754	6638
1243.04	6840
1245.325	6855
1247.612	6784
1249.896	6779
1252.178	6749
1254.461	6794
1256.743	6748
1259.027	6711
1261.308	6796
1263.587	6936
1265.867	6837
1268.146	6779
1270.425	6700
1272.703	6894
1274.981	6804
1277.256	6776
1279.532	6755
1281.808	6647
1284.083	6699
1286.358	6716
1288.63	6728
1290.904	6637
1293.175	6597
1295.449	6634
1297.719	6724
1299.99	6520
1302.259	6715
1304.529	6630
1306.798	6653
1309.065	6645
1311.333	6583
1313.599	6679
1315.866	6679
1318.131	6569
1320.396	6637
1322.66	6670
1324.925	6674
1327.187	6717
1329.448	6620
1331.711	6683
1333.974	6822
1336.234	6687
1338.493	6749
1340.752	6716
1343.01	6712
1345.269	6631
1347.526	6645
1349.784	6612
1352.04	6577
1354.295	6536
1356.552	6589
1358.806	6689
1361.059	6677
1363.312	6631
1365.564	6625
1367.818	6693
1370.069	6722
1372.318	6629
1374.568	6702
1376.817	6755
1379.066	6705
1381.316	6691
1383.564	6855
1385.809	6750
1388.056	6817
1390.301	6915
1392.549	6854
1394.793	6934
1397.036	7013
1399.279	6967
1401.522	7119
1403.763	7074
1406.007	7042
1408.248	7053
1410.487	6998
1412.727	7019
1414.965	7111
1417.205	7028
1419.442	6935
1421.68	6944
1423.915	6982
1426.152	6942
1428.388	7001
1430.623	6796
1432.857	6977
1435.091	7018
1437.323	7193
1439.556	7054
1441.789	7063
1444.019	7021
1446.25	7168
1448.48	7110
1450.708	7020
1452.938	7193
1455.167	7086
1457.394	7241
1459.62	7219
1461.846	7042
1464.073	7071
1466.299	7090
1468.523	7015
1470.746	6962
1472.969	6928
1475.191	6899
1477.415	6866
1479.636	6741
1481.858	6785
1484.078	6718
1486.298	6749
1488.518	6643
1490.736	6605
1492.954	6720
1495.169	6612
1497.386	6734
1499.602	6585
1501.819	6652
1504.034	6705
1506.248	6684
1508.462	6660
1510.675	6756
1512.888	6599
1515.1	6615
1517.311	6663
1519.522	6709
1521.732	6605
1523.942	6659
1526.151	6621
1528.36	6569
1530.566	6661
1532.773	6735
1534.98	6659
1537.187	6716
1539.392	6599
1541.596	6736
1543.801	6728
1546.005	6793
1548.208	6616
1550.411	6760
1552.612	6713
1554.814	6783
1557.013	6666
1559.212	6813
1561.414	6804
1563.612	6744
1565.811	6774
1568.007	6844
1570.203	6872
1572.403	6845
1574.598	6832
1576.792	6734
1578.988	6818
1581.181	6864
1583.376	6953
1585.568	6850
1587.761	6837
1589.952	6892
1592.143	6923
1594.333	6882
1596.524	6713
1598.715	6940
1600.903	6886
1603.091	6890
1605.278	6955
1607.466	6767
1609.652	7001
1611.838	7023
1614.023	6943
1616.207	6891
1618.391	6920
1620.576	6989
1622.759	6827
1624.941	7011
1627.123	6856
1629.304	7021
1631.484	6898
1633.664	7008
1635.844	7020
1638.022	6977
1640.201	6866
1642.38	7122
1644.556	7103
1646.732	7003
1648.908	6958
1651.084	7008
1653.257	6916
1655.433	7002
1657.607	7013
1659.779	7141
1661.951	7032
1664.122	7139
1666.295	6994
1668.467	7147
1670.635	6944
1672.805	7087
1674.973	7137
1677.142	7134
1679.31	7156
1681.478	7086
1683.644	7061
1685.81	7082
1687.975	6946
1690.142	7008
1692.305	6895
1694.468	7018
1696.632	6958
1698.794	6930
1700.957	6774
1703.119	7026
1705.279	6852
1707.439	6811
1709.598	6860
1711.758	6893
1713.917	6862
1716.075	6969
1718.231	6942
1720.388	6810
1722.543	6906
1724.702	6915
1726.856	6927
1729.01	6810
1731.164	6810
1733.317	6878
1735.471	6826
1737.623	6873
1739.774	6814
1741.925	6858
1744.075	6778
1746.225	6934
1748.376	6841
1750.524	6993
1752.672	6911
1754.82	6902
1756.965	6776
1759.113	7068
1761.259	6867
1763.405	6998
1765.549	7075
1767.694	6872
1769.836	6993
1771.981	6943
1774.123	6930
1776.264	6935
1778.405	7004
1780.546	6928
1782.687	6847
1784.827	6857
1786.966	6969
1789.103	6853
1791.242	6971
1793.381	6962
1795.517	6920
1797.653	6871
1799.788	6871
1801.923	6973
1804.057	6943
1806.193	6938
1808.326	6952
1810.457	6939
1812.59	6865
1814.721	6989
1816.855	6902
1818.984	7006
1821.113	6911
1823.244	6849
1825.372	7016
1827.499	7005
1829.63	6915
1831.756	6910
1833.882	6848
1836.007	6905
1838.132	6750
1840.26	6851
1842.384	6888
1844.507	6873
1846.63	6924
1848.752	6868
1850.875	6832
1852.996	6911
1855.118	6950
1857.238	6926
1859.358	6920
1861.477	6821
1863.597	6935
1865.715	6863
1867.832	6833
1869.948	6933
1872.064	6858
1874.181	6837
1876.297	6828
1878.411	6781
1880.526	6949
1882.639	6860
1884.752	6842
1886.865	6814
1888.977	6718
1891.089	6792
1893.2	6869
1895.308	6901
1897.42	6896
1899.53	6847
1901.639	6846
1903.745	6865
1905.853	6869
1907.962	6837
1910.067	6893
1912.174	6870
1914.278	6936
1916.383	7019
1918.486	6927
1920.592	6769
1922.694	6907
1924.797	6967
1926.898	7023
1929	7110
1931.102	6923
1933.203	7085
1935.301	6873
1937.401	6935
1939.499	7129
1941.598	6908
1943.697	7012
1945.793	6892
1947.888	6905
1949.985	6964
1952.08	6913
1954.176	6967
1956.269	6907
1958.364	6956
1960.457	7006
1962.549	7008
1964.642	6902
1966.733	6933
1968.823	6940
1970.913	6944
1973.005	6889
1975.093	6938
1977.184	6904
1979.271	6900
1981.359	6813
1983.446	6916
1985.532	6972
1987.619	6959
1989.705	6909
1991.789	6814
1993.874	6857
1995.956	6840
1998.041	6927
2000.123	6869
2002.206	6828
2004.287	6993
2006.368	6834
2008.449	6892
2010.529	6757
2012.609	6884
2014.688	6867
2016.766	6767
2018.843	6830
2020.922	6927
2022.999	6814
2025.074	6729
2027.15	6876
2029.225	6869
2031.299	6768
2033.375	6756
2035.447	6869
2037.52	6835
2039.592	6933
2041.664	6888
2043.736	6818
2045.807	6859
2047.876	6917
2049.947	6790
2052.015	6863
2054.086	6918
2056.153	6871
2058.221	6873
2060.288	6898
2062.353	6934
2064.42	6790
2066.486	6918
2068.55	6847
2070.614	6881
2072.678	6824
2074.741	6841
2076.805	6801
2078.866	6964
2080.929	6943
2082.99	6801
2085.049	6877
2087.109	6796
2089.17	6834
2091.228	6884
2093.286	6924
2095.344	6887
2097.4	6935
2099.46	6863
2101.516	6930
2103.572	6944
2105.626	6908
2107.679	6876
2109.735	6790
2111.788	6900
2113.841	6892
2115.894	6899
2117.945	6917
2119.997	6713
2122.049	6832
2124.1	6838
2126.148	6796
2128.197	6841
2130.246	6779
2132.296	6912
2134.342	7035
2136.39	6828
2138.437	6921
2140.483	6798
2142.527	6795
2144.574	6735
2146.619	6803
2148.661	6927
2150.705	6801
2152.747	6838
2154.792	6809
2156.832	6856
2158.874	6805
2160.915	6795
2162.954	6760
2164.995	6751
2167.034	6804
2169.072	6749
2171.111	6696
2173.148	6726
2175.186	6840
2177.223	6681
2179.258	6886
2181.294	6766
2183.328	6774
2185.362	6654
2187.398	6661
2189.431	6656
2191.463	6819
2193.495	6707
2195.528	6684
2197.56	6702
2199.59	6686
2201.62	6586
2203.649	6646
2205.678	6622
2207.708	6751
2209.737	6803
2211.764	6689
2213.791	6566
2215.817	6734
2217.843	6577
2219.87	6701
2221.895	6563
2223.919	6567
2225.942	6601
2227.966	6707
2229.988	6727
2232.012	6639
2234.032	6705
2236.054	6749
2238.074	6557
2240.095	6691
2242.116	6548
2244.135	6663
2246.153	6634
2248.171	6642
2250.188	6630
2252.208	6571
2254.223	6557
2256.239	6626
2258.255	6598
2260.269	6503
2262.283	6628
2264.3	6638
2266.312	6630
2268.325	6657
2270.336	6597
2272.349	6554
2274.362	6647
2276.372	6598
2278.383	6603
2280.392	6631
2282.402	6601
2284.409	6554
2286.418	6602
2288.427	6589
2290.433	6645
2292.441	6614
2294.446	6652
2296.453	6580
2298.459	6705
2300.463	6627
2302.466	6664
2304.471	6514
2306.475	6561
2308.477	6526
2310.478	6603
2312.481	6727
2314.481	6544
2316.481	6529
2318.482	6581
2320.482	6522
2322.48	6711
2324.48	6554
2326.478	6597
2328.476	6510
2330.473	6526
2332.469	6482
2334.465	6590
2336.46	6442
2338.454	6417
2340.45	6431
2342.444	6523
2344.437	6515
2346.43	6516
2348.421	6517
2350.414	6545
2352.405	6433
2354.396	6545
2356.386	6418
2358.376	6509
2360.366	6466
2362.355	6434
2364.343	6451
2366.331	6482
2368.317	6343
2370.304	6442
2372.292	6456
2374.278	6592
2376.262	6514
2378.247	6319
2380.23	6388
2382.216	6382
2384.199	6401
2386.181	6349
2388.163	6455
2390.144	6398
2392.127	6445
2394.107	6355
2396.087	6438
2398.066	6417
2400.046	6444
2402.023	6400
2404.004	6386
2405.981	6395
2407.957	6405
2409.934	6377
2411.91	6397
2413.886	6356
2415.862	6437
2417.836	6369
2419.809	6367
2421.784	6336
2423.756	6497
2425.73	6333
2427.701	6364
2429.672	6430
2431.644	6295
2433.615	6433
2435.586	6277
2437.555	6320
2439.523	6402
2441.491	6380
2443.459	6405
2445.428	6488
2447.395	6245
2449.361	6331
2451.327	6373
2453.292	6431
2455.257	6319
2457.223	6330
2459.187	6261
2461.15	6291
2463.113	6255
2465.076	6403
2467.039	6344
2468.999	6261
2470.96	6303
2472.921	6260
2474.881	6351
2476.841	6265
2478.8	6352
2480.759	6329
2482.717	6272
2484.675	6201
2486.63	6279
2488.589	6317
2490.545	6304
2492.5	6153
2494.455	6344
2496.408	6297
2498.364	6228
2500.318	6308
2502.27	6250
2504.223	6191
2506.174	6333
2508.126	6099
2510.078	6064
2512.03	6212
2513.979	6355
2515.927	6128
2517.877	6298
2519.826	6231
2521.775	6181
2523.722	6246
2525.668	6339
2527.616	6261
2529.561	6374
2531.508	6173
2533.452	6270
2535.398	6247
2537.342	6189
2539.284	6330
2541.229	6297
2543.173	6227
2545.114	6194
2547.055	6185
2548.996	6190
2550.938	6213
2552.878	6184
2554.817	6205
2556.756	6257
2558.695	6125
2560.633	6247
2562.572	6134
2564.509	6281
2566.445	6341
2568.382	6099
2570.317	6181
2572.254	6083
2574.189	6210
2576.123	6206
2578.057	6248
2579.99	6139
2581.923	6172
2583.855	6166
2585.788	6291
2587.719	6276
2589.65	6156
2591.579	6206
2593.511	6226
2595.44	6185
2597.37	6139
2599.297	6164
2601.225	6255
2603.153	6139
2605.08	6122
2607.007	6253
2608.932	6240
2610.858	6164
2612.782	6113
2614.709	6235
2616.632	6153
2618.556	6135
2620.478	6159
2622.401	6143
2624.324	6198
2626.247	6258
2628.167	6218
2630.088	6279
2632.008	6221
2633.928	6274
2635.848	6071
2637.766	6171
2639.684	6105
2641.603	6097
2643.519	6351
2645.437	6216
2647.353	6258
2649.27	6065
2651.184	6146
2653.099	6183
2655.014	6250
2656.928	6266
2658.842	6198
2660.755	6108
2662.667	6261
2664.579	6146
2666.491	6203
2668.402	6102
2670.312	6053
2672.222	6171
2674.132	6168
2676.042	6085
2677.951	6112
2679.859	6083
2681.766	6074
2683.674	6079
2685.582	6000
2687.488	6173
2689.392	6137
2691.298	6134
2693.202	6081
2695.107	5910
2697.012	6193
2698.914	6154
2700.817	6090
2702.72	6010
2704.622	6036
2706.524	6158
2708.425	6100
2710.326	6019
2712.225	5959
2714.125	6106
2716.024	5978
2717.923	6027
2719.822	6140
2721.719	6008
2723.616	6011
2725.512	6106
2727.41	6138
2729.305	6069
2731.201	5945
2733.095	6025
2734.99	6032
2736.884	6012
2738.778	6103
2740.67	5914
2742.562	6026
2744.455	5974
2746.346	6064
2748.238	6129
2750.129	6034
2752.018	6008
2753.907	6070
2755.797	6106
2757.687	6125
2759.575	5913
2761.462	5941
2763.349	5967
2765.237	6027
2767.124	5963
2769.009	6121
2770.894	6020
2772.779	6106
2774.663	5988
2776.547	6059
2778.431	5960
2780.314	5996
2782.197	5927
2784.078	5940
2785.96	5923
2787.842	5977
2789.723	6031
2791.603	5944
2793.483	5948
2795.362	5974
2797.241	6008
2799.121	5887
2800.997	5962
2802.874	6041
2804.751	5961
2806.628	6021
2808.506	6078
2810.38	5955
2812.255	6055
2814.13	5953
2816.003	5942
2817.878	6049
2819.752	5946
2821.623	5971
2823.496	5785
2825.368	5956
2827.238	5797
2829.111	6049
2830.98	5904
2832.851	5909
2834.719	5837
2836.589	6032
2838.458	6051
2840.327	5931
2842.193	6037
2844.061	6035
2845.927	5928
2847.794	6036
2849.66	6048
2851.525	6039
2853.39	6121
2855.254	6089
2857.117	6144
2858.983	6066
2860.845	6198
2862.707	6248
2864.569	6245
2866.431	6105
2868.293	6307
2870.154	6308
2872.013	6303
2873.873	6363
2875.733	6546
2877.592	6567
2879.451	6432
2881.309	6552
2883.166	6543
2885.022	6723
2886.879	6782
2888.736	6909
2890.591	6826
2892.446	6792
2894.301	6779
2896.155	6902
2898.009	6832
2899.863	6704
2901.716	6735
2903.568	6787
2905.419	6694
2907.27	6638
2909.123	6784
2910.973	6747
2912.824	6820
2914.673	6823
2916.521	6772
2918.372	6879
2920.22	6949
2922.067	6867
2923.914	7124
2925.761	7099
2927.607	7290
2929.455	7138
2931.301	7117
2933.144	7220
2934.99	7266
2936.833	7419
2938.678	7514
2940.522	7400
2942.364	7589
2944.207	7697
2946.048	7616
2947.891	7897
2949.731	7839
2951.571	7780
2953.412	7729
2955.25	7648
2957.09	7733
2958.93	7602
2960.767	7617
2962.606	7649
2964.443	7437
2966.279	7434
2968.116	7353
2969.953	7290
2971.788	7050
2973.623	6915
2975.457	6889
2977.292	6754
2979.127	6832
2980.959	6655
2982.792	6703
2984.624	6614
2986.455	6645
2988.288	6571
2990.119	6576
2991.949	6388
2993.779	6479
2995.608	6290
2997.439	6379
2999.268	6330
3001.096	6347
3002.923	6163
3004.751	6044
3006.578	6049
3008.406	6127
3010.232	6097
3012.057	5936
3013.883	5853
3015.706	5947
3017.532	5951
3019.356	5852
3021.179	5791
3023.002	5821
3024.823	5767
3026.646	5803
3028.469	5809
3030.289	5756
3032.11	5708
3033.93	5714
3035.749	5686
3037.57	5693
3039.39	5643
3041.207	5662
3043.026	5647
3044.842	5719
3046.661	5673
3048.477	5636
3050.294	5561
3052.109	5613
3053.925	5554
3055.739	5671
3057.555	5650
3059.368	5599
3061.181	5609
3062.995	5723
3064.807	5616
3066.62	5673
3068.433	5737
3070.243	5616
3072.054	5602
3073.865	5573
3075.675	5550
3077.485	5722
3079.293	5502
3081.102	5525
3082.911	5572
3084.719	5553
3086.527	5516
3088.333	5541
3090.139	5515
3091.945	5394
3093.75	5488
3095.557	5476
3097.361	5510
3099.165	5500
3100.969	5514
3102.772	5398
3104.575	5419
3106.379	5408
3108.181	5448
3109.982	5463
3111.783	5386
3113.584	5488
3115.386	5432
3117.186	5490
3118.985	5326
3120.783	5287
3122.582	5276
3124.381	5317
3126.179	5290
3127.975	5241
3129.772	5317
3131.569	5368
3133.365	5355
3135.161	5340
3136.956	5287
3138.751	5275
3140.544	5249
3142.338	5339
3144.132	5369
3145.925	5315
3147.717	5326
3149.509	5306
3151.301	5370
3153.091	5350
3154.884	5231
3156.673	5342
3158.462	5319
3160.252	5199
3162.041	5192
3163.831	5289
3165.618	5322
3167.405	5175
3169.193	5180
3170.979	5280
3172.767	5300
3174.553	5412
3176.338	5226
3178.123	5237
3179.907	5229
3181.692	5261
3183.477	5231
3185.259	5376
3187.042	5297
3188.824	5128
3190.607	5301
3192.389	5239
3194.17	5287
3195.951	5162
3197.73	5153
3199.51	5214
3201.289	5205
3203.07	5258
3204.848	5171
3206.626	5236
3208.403	5237
3210.18	5143
3211.959	5292
3213.735	5296
3215.511	5225
3217.285	5159
3219.06	5273
3220.836	5156
3222.611	5203
3224.384	5256
3226.158	5200
3227.929	5125
3229.702	5174
3231.476	5215
3233.248	5150
3235.018	5243
3236.789	5209
3238.56	5168
3240.33	5088
3242.1	5229
3243.869	5284
3245.637	5121
3247.405	5183
3249.172	5294
3250.941	5170
3252.707	5233
3254.474	5126
3256.24	5164
3258.006	5149
3259.772	5145
3261.537	5245
3263.301	5210
3265.065	5154
3266.828	5223
3268.592	5219
3270.355	5177
3272.117	5079
3273.878	5142
3275.64	5252
3277.401	5193
3279.162	5226
3280.922	5169
3282.682	5219
3284.441	5145
3286.199	5192
3287.959	5163
3289.716	5114
3291.475	5226
3293.232	5152
3294.988	5103
3296.744	5178
3298.501	5188
3300.256	5177
3302.011	5247
3303.766	5053
3305.52	5150
3307.275	5069
3309.028	5144
3310.781	5130
3312.533	5151
3314.285	5161
3316.038	5170
3317.789	5148
3319.54	5156
3321.289	5051
3323.039	5127
3324.789	5163
3326.539	5037
3328.288	5089
3330.035	5177
3331.783	5044
3333.531	5127
3335.28	5030
3337.025	5041
3338.771	5061
3340.518	5056
3342.262	5035
3344.009	5140
3345.753	4955
3347.497	5036
3349.24	5101
3350.983	5069
3352.726	5008
3354.469	5119
3356.212	5032
3357.952	4993
3359.694	5023
3361.434	5036
3363.176	5015
3364.916	5017
3366.654	4950
3368.394	5020
3370.132	4959
3371.871	4866
3373.61	5017
3375.346	4953
3377.083	4982
3378.82	5059
3380.556	4920
3382.292	4886
3384.027	4951
3385.763	4915
3387.497	4989
3389.231	4868
3390.965	4868
3392.698	5019
3394.431	4943
3396.164	4898
3397.896	4881
3399.627	4943
3401.36	4873
3403.09	4938
3404.82	4817
3406.55	4843
3408.279	4918
3410.01	4972
3411.738	4934
3413.467	4930
3415.194	4876
3416.92	4902
3418.647	4798
3420.375	4840
3422.102	4953
3423.827	4907
3425.553	4759
3427.277	4865
3429.003	4833
3430.727	4794
3432.451	4749
3434.173	4806
3435.896	4859
3437.62	4737
3439.343	4766
3441.063	4800
3442.785	4824
3444.505	4720
3446.226	4696
3447.948	4696
3449.666	4745
3451.386	4737
3453.104	4786
3454.823	4825
3456.541	4736
3458.259	4580
3459.976	4634
3461.693	4771
3463.408	4633
3465.125	4618
3466.841	4710
3468.556	4704
3470.271	4701
3471.985	4600
3473.698	4659
3475.414	4691
3477.126	4667
3478.838	4650
3480.55	4715
3482.263	4618
3483.975	4641
3485.686	4662
3487.396	4544
3489.106	4549
3490.817	4551
3492.526	4574
3494.236	4617
3495.944	4525
3497.652	4598
3499.359	4533
3501.066	4519
3502.775	4584
3504.481	4531
3506.187	4495
3507.893	4511
3509.598	4538
3511.304	4530
3513.009	4447
3514.713	4452
3516.417	4447
3518.12	4510
3519.821	4557
3521.525	4478
3523.228	4480
3524.929	4445
3526.631	4524
3528.33	4489
3530.032	4441
3531.733	4503
3533.433	4429
3535.131	4476
3536.83	4470
3538.529	4440
3540.227	4357
3541.925	4412
3543.623	4511
3545.319	4442
3547.016	4370
3548.712	4394
3550.408	4417
3552.103	4330
3553.798	4418
3555.491	4398
3557.188	4313
3558.88	4368
3560.574	4248
3562.266	4357
3563.959	4314
3565.651	4323
3567.343	4323
3569.035	4326
3570.725	4315
3572.415	4229
3574.106	4195
3575.797	4287
3577.485	4290
3579.174	4259
3580.863	4295
3582.551	4214
3584.238	4310
3585.926	4280
3587.613	4280
3589.3	4163
3590.986	4287
3592.671	4154
3594.357	4201
3596.042	4168
3597.726	4210
3599.41	4125
3601.094	4136
3602.778	4165
3604.461	4145
3606.143	4141
3607.825	4165
3609.507	4174
3611.188	4152
3612.87	4111
3614.551	4113
3616.229	4150
3617.909	4149
3619.589	4098
3621.269	4140
3622.948	4083
3624.625	4092
3626.302	4012
3627.98	4177
3629.657	4015
3631.334	4060
3633.01	4049
3634.686	4003
3636.361	4078
3638.036	4017
3639.712	4047
3641.385	4039
3643.06	3968
3644.732	3995
3646.405	4042
3648.08	4029
3649.751	4031
3651.424	3980
3653.094	4019
3654.766	3932
3656.436	4014
3658.106	3994
3659.777	3983
3661.446	4004
3663.115	3917
3664.783	3964
3666.452	4005
3668.121	3909
3669.788	3924
3671.454	3991
3673.121	3943
3674.789	3930
3676.455	3985
3678.12	3967
3679.784	3946
3681.45	3897
3683.114	3928
3684.779	3830
3686.442	3901
3688.105	3938
3689.768	3879
3691.43	3952
3693.093	3838
3694.754	3925
3696.415	3905
3698.076	3900
3699.736	3920
3701.396	3893
3703.057	3881
3704.716	3852
3706.375	3862
3708.034	3842
3709.692	3881
3711.351	3874
3713.008	3882
3714.665	3916
3716.321	3826
3717.977	3832
3719.634	3890
3721.29	3804
3722.945	3779
3724.598	3828
3726.253	3880
3727.907	3864
3729.561	3825
3731.214	3846
3732.867	3782
3734.518	3842
3736.171	3793
3737.824	3768
3739.474	3762
3741.125	3807
3742.775	3859
3744.425	3768
3746.074	3818
3747.725	3781
3749.373	3901
3751.022	3803
3752.669	3768
3754.318	3736
3755.966	3800
3757.612	3792
3759.259	3814
3760.905	3694
3762.55	3737
3764.197	3703
3765.842	3766
3767.486	3751
3769.131	3811
3770.774	3735
3772.417	3756
3774.061	3728
3775.705	3734
3777.347	3717
3778.988	3622
3780.629	3671
3782.271	3658
3783.912	3684
3785.552	3637
3787.192	3760
3788.831	3700
3790.472	3628
3792.112	3633
3793.75	3662
3795.388	3723
3797.024	3709
3798.661	3659
3800.3	3638
3801.936	3576
3803.572	3641
3805.208	3657
3806.844	3628
3808.48	3646
3810.115	3608
3811.748	3598
3813.382	3615
3815.016	3625
3816.649	3540
3818.283	3504
3819.914	3703
3821.547	3602
3823.178	3554
3824.809	3597
3826.441	3613
3828.072	3569
3829.701	3629
3831.331	3591
3832.96	3614
3834.591	3549
3836.219	3590
3837.847	3559
3839.475	3555
3841.102	3590
3842.729	3577
3844.357	3570
3845.984	3561
3847.609	3647
3849.234	3556
3850.86	3654
3852.485	3522
3854.11	3436
3855.734	3528
3857.357	3564
3858.981	3519
3860.603	3595
3862.227	3467
3863.848	3524
3865.471	3513
3867.092	3513
3868.713	3464
3870.334	3523
3871.954	3471
3873.575	3474
3875.194	3524
3876.813	3504
3878.433	3512
3880.051	3555
3881.669	3405
3883.286	3432
3884.904	3470
3886.52	3497
3888.138	3437
3889.754	3459
3891.37	3463
3892.985	3433
3894.6	3479
3896.216	3459
3897.831	3496
3899.444	3460
3901.058	3480
3902.67	3446
3904.283	3418
3905.897	3414
3907.509	3437
3909.121	3428
3910.731	3386
3912.342	3496
3913.954	3420
3915.563	3487
3917.174	3404
3918.783	3516
3920.391	3424
3922.002	3443
3923.611	3376
3925.218	3421
3926.826	3448
3928.432	3341
3930.039	3358
3931.647	3409
3933.253	3397
3934.859	3394
3936.464	3329
3938.068	3441
3939.675	3384
3941.278	3360
3942.883	3460
3944.486	3359
3946.089	3351
3947.692	3362
3949.295	3356
3950.898	3287
3952.499	3416
3954.1	3398
3955.7	3308
3957.303	3263
3958.903	3419
3960.502	3307
3962.101	3353
3963.7	3376
3965.301	3342
3966.899	3324
3968.497	3343
3970.094	3356
3971.691	3304
3973.288	3323
3974.885	3308
3976.481	3335
3978.077	3314
3979.672	3296
3981.267	3284
3982.863	3231
3984.457	3277
3986.051	3272
3987.645	3273
3989.238	3256
3990.831	3207
3992.425	3196
3994.017	3280
3995.607	3261
3997.199	3316
3998.79	3263
4000.382	3233
4001.973	3190
4003.561	3163
4005.151	3321
4006.741	3239
4008.331	3211
4009.918	3204
4011.507	3256
4013.095	3242
4014.681	3163
4016.269	3224
4017.856	3155
4019.443	3210
4021.028	3100
4022.614	3178
4024.199	3175
4025.785	3147
4027.37	3200
4028.953	3155
4030.536	3134
4032.12	3095
4033.704	3162
4035.287	3196
4036.869	3169
4038.45	3180
4040.032	3169
4041.613	3104
4043.195	3125
4044.776	3129
4046.356	3153
4047.935	3184
4049.515	3071
4051.095	3123
4052.674	3089
4054.251	3179
4055.829	3126
4057.406	3134
4058.985	3088
4060.562	3102
4062.139	3122
4063.715	3118
4065.29	3043
4066.865	3130
4068.442	3082
4070.016	3065
4071.59	3026
4073.164	3121
4074.738	3077
4076.312	3086
4077.885	3067
4079.458	3030
4081.03	3042
4082.602	3028
4084.173	3141
4085.745	3020
4087.315	3036
4088.886	2928
4090.456	3044
4092.026	3073
4093.596	3056
4095.165	3095
4096.734	2988
4098.301	3068
4099.869	3066
4101.437	2971
4103.006	2947
4104.572	2982
4106.139	3002
4107.704	3000
4109.27	2996
4110.837	3010
4112.401	3013
4113.966	2948
4115.53	2998
4117.094	2997
4118.659	2984
4120.223	2993
4121.785	2935
4123.347	3022
4124.909	2974
4126.471	2923
4128.034	2988
4129.595	3028
4131.155	2954
4132.716	2957
4134.275	2904
4135.836	2959
4137.395	2930
4138.955	3001
4140.513	2894
4142.071	2936
4143.628	2859
4145.188	2964
4146.745	2910
4148.302	2916
4149.858	2890
4151.414	2884
4152.971	2895
4154.526	2942
4156.081	2901
4157.635	2842
4159.189	2950
4160.745	2887
4162.298	2891
4163.852	2835
4165.405	2920
4166.957	2873
4168.51	2858
4170.063	2877
4171.614	2784
4173.166	2771
4174.717	2779
4176.267	2804
4177.817	2839
4179.368	2823
4180.917	2865
4182.466	2856
4184.016	2805
4185.564	2772
4187.112	2847
4188.66	2883
4190.207	2863
4191.754	2729
4193.301	2840
4194.848	2754
4196.394	2843
4197.94	2827
4199.484	2775
4201.03	2786
4202.575	2793
4204.12	2797
4205.663	2833
4207.207	2774
4208.75	2830
4210.292	2753
4211.836	2766
4213.378	2758
4214.92	2764
4216.46	2765
4218.002	2726
4219.544	2782
4221.083	2778
4222.625	2794
4224.164	2755
4225.703	2809
4227.244	2722
4228.782	2756
4230.32	2784
4231.857	2759
4233.395	2793
4234.933	2751
4236.471	2692
4238.007	2757
4239.542	2688
4241.078	2697
4242.614	2710
4244.15	2721
4245.685	2773
4247.219	2672
4248.753	2731
4250.287	2720
4251.82	2702
4253.354	2737
4254.887	2745
4256.419	2626
4257.951	2705
4259.483	2685
4261.016	2660
4262.547	2716
4264.078	2603
4265.608	2677
4267.137	2662
4268.668	2657
4270.197	2711
4271.727	2740
4273.254	2624
4274.783	2688
4276.311	2701
4277.84	2659
4279.366	2615
4280.894	2655
4282.42	2620
4283.946	2670
4285.473	2629
4286.998	2618
4288.523	2635
4290.047	2671
4291.572	2663
4293.096	2616
4294.622	2690
4296.144	2712
4297.668	2653
4299.19	2582
4300.713	2642
4302.236	2618
4303.758	2586
4305.279	2593
4306.799	2570
4308.321	2545
4309.842	2667
4311.361	2639
4312.882	2632
4314.401	2663
