400.0961	4366
402.6185	4293
405.1424	4244
407.6635	4255
410.1838	4332
412.7035	4373
415.2225	4318
417.7388	4321
420.2585	4427
422.7754	4439
425.2917	4501
427.8072	4513
430.3221	4558
432.8363	4626
435.3498	4546
437.8626	4571
440.3727	4606
442.8841	4558
445.3969	4618
447.907	4507
450.4142	4699
452.9229	4500
455.4289	4536
457.9362	4574
460.4449	4556
462.9488	4528
465.454	4629
467.9566	4545
470.4604	4583
472.9637	4596
475.4662	4576
477.966	4512
480.4671	4505
482.9656	4687
485.4633	4582
487.9645	4718
490.4608	4686
492.9566	4680
495.4536	4526
497.948	4719
500.4437	4675
502.9387	4625
505.431	4670
507.9226	4684
510.4136	4736
512.9079	4755
515.3975	4672
517.8864	4737
520.3746	4823
522.8622	4672
525.3491	4741
527.8394	4792
530.3249	4699
532.8098	4703
535.2939	4715
537.7774	4732
540.2623	4796
542.7444	4814
545.2259	4777
547.7067	4809
550.1868	4747
552.6683	4809
555.147	4731
557.6231	4878
560.1005	4694
562.5773	4806
565.0534	4815
567.5308	4799
570.0056	4809
572.4776	4825
574.951	4836
577.4237	4873
579.8978	4956
582.3671	4991
584.8378	4902
587.3079	5010
589.7773	4989
592.244	4828
594.714	4954
597.1793	4905
599.6461	4841
602.1121	5020
604.5754	4880
607.0421	4884
609.5042	4949
611.9675	4915
614.4282	4955
616.8902	5048
619.3515	4831
621.8122	4897
624.2702	4873
626.7296	4910
629.1863	4943
631.6423	4891
634.1017	4895
636.5563	4919
639.0104	4958
641.4658	4906
643.9185	4871
646.3725	4900
648.8239	4917
651.2766	4913
653.7266	5037
656.176	4951
658.6247	4976
661.0748	4984
663.5242	4988
665.9709	4952
668.417	5057
670.8624	4985
673.3092	5011
675.7533	5047
678.1968	5010
680.6395	5132
683.0817	5039
685.5251	5110
687.9659	5082
690.4061	5137
692.8456	5102
695.2844	5072
697.7226	5071
700.1621	5164
702.599	5074
705.0332	5170
707.4688	5104
709.9036	5120
712.3399	5194
714.7735	5075
717.2044	5123
719.6367	5261
722.0683	5205
724.4993	5229
726.9296	5287
729.3593	5271
731.7883	5273
734.2147	5272
736.6423	5279
739.0714	5256
741.4958	5370
743.9216	5246
746.3447	5312
748.7691	5383
751.1929	5329
753.616	5502
756.0366	5316
758.4584	5390
760.8776	5326
763.2982	5382
765.718	5307
768.1373	5422
770.5539	5454
772.9698	5539
775.3871	5501
777.8038	5370
780.2178	5462
782.6332	5454
785.0459	5526
787.458	5420
789.8714	5620
792.2842	5437
794.6943	5377
797.1038	5396
799.5127	5498
801.9209	5393
804.3324	5449
806.7393	5508
809.1456	5515
811.5513	5599
813.9562	5592
816.3625	5554
818.7663	5616
821.1693	5546
823.5718	5502
825.9735	5610
828.3746	5522
830.7771	5541
833.177	5571
835.5762	5561
837.9747	5496
840.3727	5601
842.772	5683
845.1666	5630
847.5626	5613
849.958	5694
852.3527	5799
854.7488	5768
857.1403	5717
859.5331	5825
861.9253	5771
864.3168	5696
866.7057	5729
869.098	5720
871.4876	5797
873.8746	5679
876.263	5632
878.6487	5608
881.0378	5649
883.4243	5744
885.8081	5552
888.1933	5632
890.5759	5695
892.9598	5547
895.343	5575
897.7256	5681
900.1057	5674
902.4871	5687
904.8659	5703
907.246	5805
909.6254	5678
912.0023	5849
914.3786	5815
916.7562	5963
919.1331	5941
921.5074	6117
923.8831	6096
926.2562	6183
928.6287	6097
931.0005	6126
933.3757	5934
935.7462	5989
938.1162	5956
940.4855	6033
942.8542	6155
945.2242	6017
947.5916	6297
949.9584	6293
952.3266	6383
954.6921	6480
957.0571	6526
959.4233	6765
961.787	6785
964.15	6916
966.5125	6783
968.8742	6590
971.2354	6454
973.5959	6314
975.9559	6125
978.3151	6024
980.6738	6176
983.0338	6004
985.3912	5946
987.7461	5953
990.1022	5949
992.4578	5853
994.8127	5797
997.1689	5867
999.5207	5874
1001.874	6023
1004.226	5964
1006.576	5947
1008.929	5926
1011.28	5805
1013.628	5913
1015.977	5825
1018.324	5820
1020.674	5950
1023.019	5853
1025.366	5887
1027.713	5978
1030.056	5929
1032.399	5932
1034.746	5913
1037.087	5898
1039.431	5959
1041.771	5894
1044.113	5999
1046.454	6058
1048.793	5993
1051.133	5913
1053.471	5948
1055.807	6048
1058.146	5994
1060.483	6012
1062.818	6037
1065.153	6020
1067.489	6062
1069.822	6006
1072.156	6134
1074.488	6108
1076.82	6224
1079.15	6069
1081.48	6020
1083.814	6044
1086.143	6189
1088.471	5994
1090.799	6046
1093.126	6031
1095.452	6026
1097.78	6030
1100.105	6004
1102.43	6117
1104.754	5948
1107.077	5920
1109.4	6014
1111.722	6042
1114.044	6096
1116.365	6133
1118.685	6005
1121.005	6060
1123.324	6060
1125.643	6034
1127.961	6183
1130.278	6146
1132.595	6164
1134.911	6105
1137.226	6061
1139.541	6037
1141.854	6028
1144.167	5978
1146.482	6075
1148.793	5934
1151.105	5973
1153.414	6142
1155.725	6017
1158.033	6054
1160.344	6058
1162.651	6097
1164.959	6123
1167.265	6092
1169.572	6117
1171.878	6037
1174.184	6123
1176.488	6131
1178.79	6197
1181.094	6121
1183.396	6307
1185.699	6103
1188.001	6158
1190.301	6130
1192.6	6153
1194.9	6033
1197.2	6128
1199.497	6073
1201.794	6076
1204.09	6208
1206.387	6156
1208.684	6173
1210.978	6158
1213.272	6151
1215.565	6242
1217.858	6147
1220.15	6250
1222.443	6158
1224.734	6186
1227.024	6237
1229.313	6280
1231.602	6283
1233.892	6368
1236.18	6234
1238.467	6383
1240.754	6418
1243.04	6387
1245.325	6375
1247.612	6445
1249.896	6477
1252.178	6496
1254.461	6411
1256.743	6447
1259.027	6427
1261.308	6411
1263.587	6498
1265.867	6382
1268.146	6402
1270.425	6476
1272.703	6545
1274.981	6412
1277.256	6525
1279.532	6511
1281.808	6275
1284.083	6329
1286.358	6237
1288.63	6408
1290.904	6299
1293.175	6407
1295.449	6264
1297.719	6420
1299.99	6386
1302.259	6352
1304.529	6305
1306.798	6221
1309.065	6381
1311.333	6406
1313.599	6384
1315.866	6488
1318.131	6374
1320.396	6334
1322.66	6386
1324.925	6474
1327.187	6331
1329.448	6467
1331.711	6484
1333.974	6515
1336.234	6253
1338.493	6492
1340.752	6389
1343.01	6305
1345.269	6359
1347.526	6393
1349.784	6580
1352.04	6463
1354.295	6337
1356.552	6428
1358.806	6371
1361.059	6393
1363.312	6422
1365.564	6412
1367.818	6327
1370.069	6484
1372.318	6430
1374.568	6462
1376.817	6435
1379.066	6468
1381.316	6509
1383.564	6533
1385.809	6544
1388.056	6502
1390.301	6597
1392.549	6586
1394.793	6667
1397.036	6736
1399.279	6836
1401.522	6876
1403.763	6771
1406.007	6759
1408.248	6918
1410.487	6816
1412.727	6708
1414.965	6654
1417.205	6812
1419.442	6813
1421.68	6813
1423.915	6739
1426.152	6597
1428.388	6604
1430.623	6529
1432.857	6694
1435.091	6776
1437.323	6659
1439.556	6822
1441.789	6747
1444.019	6726
1446.25	6732
1448.48	6834
1450.708	6699
1452.938	6842
1455.167	6830
1457.394	6876
1459.62	6729
1461.846	6839
1464.073	6743
1466.299	6734
1468.523	6598
1470.746	6688
1472.969	6666
1475.191	6595
1477.415	6547
1479.636	6607
1481.858	6470
1484.078	6375
1486.298	6474
1488.518	6397
1490.736	6440
1492.954	6406
1495.169	6411
1497.386	6480
1499.602	6508
1501.819	6427
1504.034	6333
1506.248	6340
1508.462	6384
1510.675	6348
1512.888	6423
1515.1	6353
1517.311	6434
1519.522	6474
1521.732	6458
1523.942	6415
1526.151	6411
1528.36	6484
1530.566	6475
1532.773	6497
1534.98	6485
1537.187	6400
1539.392	6455
1541.596	6474
1543.801	6493
1546.005	6507
1548.208	6441
1550.411	6480
1552.612	6516
1554.814	6649
1557.013	6522
1559.212	6534
1561.414	6438
1563.612	6513
1565.811	6484
1568.007	6572
1570.203	6648
1572.403	6543
1574.598	6707
1576.792	6558
1578.988	6650
1581.181	6553
1583.376	6509
1585.568	6608
1587.761	6553
1589.952	6524
1592.143	6581
1594.333	6609
1596.524	6608
1598.715	6586
1600.903	6636
1603.091	6619
1605.278	6758
1607.466	6655
1609.652	6664
1611.838	6649
1614.023	6647
1616.207	6639
1618.391	6697
1620.576	6611
1622.759	6656
1624.941	6783
1627.123	6656
1629.304	6762
1631.484	6758
1633.664	6713
1635.844	6775
1638.022	6716
1640.201	6675
1642.38	6710
1644.556	6636
1646.732	6778
1648.908	6600
1651.084	6755
1653.257	6677
1655.433	6803
1657.607	6636
1659.779	6825
1661.951	6714
1664.122	6773
1666.295	6708
1668.467	6724
1670.635	6769
1672.805	6713
1674.973	6768
1677.142	6752
1679.31	6745
1681.478	6733
1683.644	6711
1685.81	6696
1687.975	6691
1690.142	6772
1692.305	6757
1694.468	6562
1696.632	6829
1698.794	6719
1700.957	6672
1703.119	6718
1705.279	6611
1707.439	6543
1709.598	6642
1711.758	6671
1713.917	6575
1716.075	6732
1718.231	6534
1720.388	6563
1722.543	6670
1724.702	6725
1726.856	6670
1729.01	6614
1731.164	6605
1733.317	6575
1735.471	6688
1737.623	6628
1739.774	6628
1741.925	6711
1744.075	6541
1746.225	6677
1748.376	6569
1750.524	6711
1752.672	6663
1754.82	6609
1756.965	6671
1759.113	6694
1761.259	6503
1763.405	6681
1765.549	6600
1767.694	6686
1769.836	6630
1771.981	6693
1774.123	6718
1776.264	6696
1778.405	6609
1780.546	6674
1782.687	6604
1784.827	6559
1786.966	6691
1789.103	6679
1791.242	6745
1793.381	6628
1795.517	6715
1797.653	6720
1799.788	6634
1801.923	6616
1804.057	6722
1806.193	6618
1808.326	6611
1810.457	6737
1812.59	6577
1814.721	6694
1816.855	6611
1818.984	6705
1821.113	6661
1823.244	6641
1825.372	6832
1827.499	6652
1829.63	6721
1831.756	6651
1833.882	6723
1836.007	6590
1838.132	6571
1840.26	6614
1842.384	6559
1844.507	6612
1846.63	6570
1848.752	6691
1850.875	6570
1852.996	6667
1855.118	6663
1857.238	6548
1859.358	6634
1861.477	6719
1863.597	6540
1865.715	6591
1867.832	6535
1869.948	6591
1872.064	6620
1874.181	6606
1876.297	6561
1878.411	6611
1880.526	6556
1882.639	6650
1884.752	6729
1886.865	6584
1888.977	6645
1891.089	6535
1893.2	6643
1895.308	6762
1897.42	6761
1899.53	6704
1901.639	6587
1903.745	6490
1905.853	6498
1907.962	6732
1910.067	6732
1912.174	6592
1914.278	6735
1916.383	6824
1918.486	6711
1920.592	6805
1922.694	6797
1924.797	6767
1926.898	6737
1929	6714
1931.102	6744
1933.203	6790
1935.301	6778
1937.401	6592
1939.499	6730
1941.598	6698
1943.697	6677
1945.793	6703
1947.888	6695
1949.985	6783
1952.08	6767
1954.176	6842
1956.269	6684
1958.364	6752
1960.457	6783
1962.549	6794
1964.642	6629
1966.733	6733
1968.823	6764
1970.913	6768
1973.005	6670
1975.093	6656
1977.184	6790
1979.271	6697
1981.359	6813
1983.446	6585
1985.532	6611
1987.619	6625
1989.705	6673
1991.789	6652
1993.874	6660
1995.956	6597
1998.041	6666
2000.123	6748
2002.206	6744
2004.287	6679
2006.368	6622
2008.449	6741
2010.529	6597
2012.609	6620
2014.688	6648
2016.766	6644
2018.843	6682
2020.922	6585
2022.999	6562
2025.074	6575
2027.15	6688
2029.225	6565
2031.299	6530
2033.375	6707
2035.447	6760
2037.52	6620
2039.592	6735
2041.664	6648
2043.736	6681
2045.807	6820
2047.876	6671
2049.947	6595
2052.015	6587
2054.086	6674
2056.153	6633
2058.221	6651
2060.288	6692
2062.353	6644
2064.42	6744
2066.486	6761
2068.55	6718
2070.614	6681
2072.678	6705
2074.741	6599
2076.805	6737
2078.866	6730
2080.929	6660
2082.99	6633
2085.049	6699
2087.109	6619
2089.17	6672
2091.228	6688
2093.286	6721
2095.344	6677
2097.4	6608
2099.46	6547
2101.516	6625
2103.572	6587
2105.626	6654
2107.679	6710
2109.735	6541
2111.788	6632
2113.841	6660
2115.894	6791
2117.945	6709
2119.997	6660
2122.049	6729
2124.1	6550
2126.148	6617
2128.197	6668
2130.246	6787
2132.296	6457
2134.342	6717
2136.39	6684
2138.437	6668
2140.483	6686
2142.527	6535
2144.574	6740
2146.619	6638
2148.661	6587
2150.705	6638
2152.747	6559
2154.792	6566
2156.832	6631
2158.874	6676
2160.915	6600
2162.954	6555
2164.995	6738
2167.034	6607
2169.072	6557
2171.111	6627
2173.148	6559
2175.186	6593
2177.223	6502
2179.258	6609
2181.294	6529
2183.328	6567
2185.362	6611
2187.398	6533
2189.431	6622
2191.463	6492
2193.495	6472
2195.528	6560
2197.56	6491
2199.59	6448
2201.62	6423
2203.649	6574
2205.678	6601
2207.708	6488
2209.737	6482
2211.764	6486
2213.791	6370
2215.817	6507
2217.843	6468
2219.87	6532
2221.895	6503
2223.919	6566
2225.942	6485
2227.966	6522
2229.988	6466
2232.012	6576
2234.032	6425
2236.054	6477
2238.074	6423
2240.095	6592
2242.116	6459
2244.135	6565
2246.153	6443
2248.171	6457
2250.188	6564
2252.208	6509
2254.223	6410
2256.239	6532
2258.255	6577
2260.269	6462
2262.283	6465
2264.3	6430
2266.312	6540
2268.325	6551
2270.336	6491
2272.349	6481
2274.362	6401
2276.372	6574
2278.383	6536
2280.392	6389
2282.402	6479
2284.409	6569
2286.418	6458
2288.427	6559
2290.433	6403
2292.441	6497
2294.446	6416
2296.453	6429
2298.459	6474
2300.463	6402
2302.466	6409
2304.471	6483
2306.475	6517
2308.477	6492
2310.478	6471
2312.481	6503
2314.481	6448
2316.481	6494
2318.482	6312
2320.482	6432
2322.48	6442
2324.48	6446
2326.478	6372
2328.476	6367
2330.473	6600
2332.469	6388
2334.465	6471
2336.46	6454
2338.454	6302
2340.45	6402
2342.444	6484
2344.437	6470
2346.43	6279
2348.421	6347
2350.414	6471
2352.405	6322
2354.396	6275
2356.386	6356
2358.376	6203
2360.366	6328
2362.355	6301
2364.343	6353
2366.331	6475
2368.317	6349
2370.304	6361
2372.292	6269
2374.278	6379
2376.262	6438
2378.247	6407
2380.23	6269
2382.216	6378
2384.199	6379
2386.181	6278
2388.163	6274
2390.144	6304
2392.127	6372
2394.107	6258
2396.087	6267
2398.066	6270
2400.046	6386
2402.023	6287
2404.004	6185
2405.981	6275
2407.957	6365
2409.934	6259
2411.91	6323
2413.886	6262
2415.862	6286
2417.836	6200
2419.809	6211
2421.784	6177
2423.756	6177
2425.73	6249
2427.701	6257
2429.672	6335
2431.644	6270
2433.615	6333
2435.586	6249
2437.555	6189
2439.523	6221
2441.491	6350
2443.459	6340
2445.428	6338
2447.395	6229
2449.361	6364
2451.327	6223
2453.292	6254
2455.257	6313
2457.223	6231
2459.187	6285
2461.15	6203
2463.113	6249
2465.076	6251
2467.039	6215
2468.999	6257
2470.96	6113
2472.921	6264
2474.881	6129
2476.841	6171
2478.8	6318
2480.759	6242
2482.717	6155
2484.675	6157
2486.63	6166
2488.589	6233
2490.545	6165
2492.5	6325
2494.455	6237
2496.408	6193
2498.364	6266
2500.318	6133
2502.27	6013
2504.223	6132
2506.174	6165
2508.126	6169
2510.078	6127
2512.03	6102
2513.979	6131
2515.927	6176
2517.877	6165
2519.826	6114
2521.775	6235
2523.722	6201
2525.668	6212
2527.616	6207
2529.561	6184
2531.508	6241
2533.452	6150
2535.398	6100
2537.342	6069
2539.284	6165
2541.229	6157
2543.173	6135
2545.114	6094
2547.055	6298
2548.996	6170
2550.938	6170
2552.878	6121
2554.817	6243
2556.756	6275
2558.695	6160
2560.633	6123
2562.572	6151
2564.509	6166
2566.445	6194
2568.382	6145
2570.317	6076
2572.254	6111
2574.189	6078
2576.123	6037
2578.057	6134
2579.99	6082
2581.923	6216
2583.855	6112
2585.788	6180
2587.719	6135
2589.65	6168
2591.579	6160
2593.511	6279
2595.44	6094
2597.37	6150
2599.297	6210
2601.225	6182
2603.153	6112
2605.08	6160
2607.007	6208
2608.932	6219
2610.858	6204
2612.782	6096
2614.709	6219
2616.632	6188
2618.556	6210
2620.478	6186
2622.401	6184
2624.324	6234
2626.247	6227
2628.167	6229
2630.088	6192
2632.008	6161
2633.928	6203
2635.848	6042
2637.766	6162
2639.684	6211
2641.603	6166
2643.519	6131
2645.437	6208
2647.353	6166
2649.27	6165
2651.184	6149
2653.099	6180
2655.014	6082
2656.928	6230
2658.842	6126
2660.755	6117
2662.667	6195
2664.579	6158
2666.491	6143
2668.402	6138
2670.312	6113
2672.222	6121
2674.132	6159
2676.042	6226
2677.951	6165
2679.859	6105
2681.766	6068
2683.674	6110
2685.582	5965
2687.488	6043
2689.392	6056
2691.298	6125
2693.202	6141
2695.107	6140
2697.012	6125
2698.914	6163
2700.817	6066
2702.72	6134
2704.622	6102
2706.524	6059
2708.425	5996
2710.326	6136
2712.225	6069
2714.125	6057
2716.024	6097
2717.923	5959
2719.822	6159
2721.719	6001
2723.616	6075
2725.512	6179
2727.41	6023
2729.305	6112
2731.201	6113
2733.095	6020
2734.99	6064
2736.884	6060
2738.778	6058
2740.67	6040
2742.562	6108
2744.455	5959
2746.346	6053
2748.238	6077
2750.129	6118
2752.018	6107
2753.907	5976
2755.797	6014
2757.687	6097
2759.575	5927
2761.462	6056
2763.349	6021
2765.237	6040
2767.124	6052
2769.009	5997
2770.894	6015
2772.779	6023
2774.663	6001
2776.547	6002
2778.431	12499
2780.314	11680
2782.197	6105
2784.078	6014
2785.96	5950
2787.842	6095
2789.723	5994
2791.603	6063
2793.483	6011
2795.362	5919
2797.241	5951
2799.121	6014
2800.997	5927
2802.874	6060
2804.751	5943
2806.628	5997
2808.506	6171
2810.38	5939
2812.255	6059
2814.13	5939
2816.003	6029
2817.878	6048
2819.752	6095
2821.623	6029
2823.496	5895
2825.368	5908
2827.238	5882
2829.111	6006
2830.98	6028
2832.851	6031
2834.719	6095
2836.589	5925
2838.458	5975
2840.327	6018
2842.193	6062
2844.061	6047
2845.927	6138
2847.794	6071
2849.66	6087
2851.525	6113
2853.39	6185
2855.254	6252
2857.117	6184
2858.983	6146
2860.845	6218
2862.707	6257
2864.569	6370
2866.431	6180
2868.293	6309
2870.154	6403
2872.013	6310
2873.873	6444
2875.733	6418
2877.592	6457
2879.451	6513
2881.309	6556
2883.166	6582
2885.022	6629
2886.879	6645
2888.736	6889
2890.591	6790
2892.446	6843
2894.301	6743
2896.155	6813
2898.009	6776
2899.863	6784
2901.716	6709
2903.568	6773
2905.419	6730
2907.27	6741
2909.123	6762
2910.973	6653
2912.824	6873
2914.673	6764
2916.521	6844
2918.372	6974
2920.22	6845
2922.067	6930
2923.914	6920
2925.761	7173
2927.607	7044
2929.455	7136
2931.301	7159
2933.144	6978
2934.99	7172
2936.833	7140
2938.678	7155
2940.522	7324
2942.364	7443
2944.207	7624
2946.048	7578
2947.891	7748
2949.731	7752
2951.571	7621
2953.412	7809
2955.25	7687
2957.09	7618
2958.93	7576
2960.767	7651
2962.606	7500
2964.443	7513
2966.279	7386
2968.116	7236
2969.953	7236
2971.788	6915
2973.623	6909
2975.457	6924
2977.292	6891
2979.127	6817
2980.959	6673
2982.792	6599
2984.624	6625
2986.455	6639
2988.288	6556
2990.119	6490
2991.949	6357
2993.779	6371
2995.608	6463
2997.439	6275
2999.268	6344
3001.096	6319
3002.923	6189
3004.751	6178
3006.578	6189
3008.406	6170
3010.232	6118
3012.057	5954
3013.883	5942
3015.706	6062
3017.532	5916
3019.356	5926
3021.179	5870
3023.002	5877
3024.823	5837
3026.646	5960
3028.469	5838
3030.289	5929
3032.11	5760
3033.93	5915
3035.749	5780
3037.57	5720
3039.39	5886
3041.207	5742
3043.026	5706
3044.842	5761
3046.661	5736
3048.477	5737
3050.294	5795
3052.109	5721
3053.925	5731
3055.739	5757
3057.555	5814
3059.368	5682
3061.181	5718
3062.995	5756
3064.807	5790
3066.62	5729
3068.433	5757
3070.243	5775
3072.054	5719
3073.865	5648
3075.675	5742
3077.485	5678
3079.293	5731
3081.102	5624
3082.911	5646
3084.719	5641
3086.527	5664
3088.333	5596
3090.139	5712
3091.945	5691
3093.75	5539
3095.557	5635
3097.361	5708
3099.165	5588
3100.969	5539
3102.772	5633
3104.575	5563
3106.379	5573
3108.181	5548
3109.982	5530
3111.783	5587
3113.584	5516
3115.386	5525
3117.186	5437
3118.985	5549
3120.783	5535
3122.582	5560
3124.381	5455
3126.179	5527
3127.975	5490
3129.772	5399
3131.569	5559
3133.365	5537
3135.161	5466
3136.956	5487
3138.751	5464
3140.544	5370
3142.338	5431
3144.132	5368
3145.925	5433
3147.717	5427
3149.509	5471
3151.301	5473
3153.091	5491
3154.884	5318
3156.673	5485
3158.462	5475
3160.252	5444
3162.041	5442
3163.831	5461
3165.618	5385
3167.405	5403
3169.193	5382
3170.979	5452
3172.767	5418
3174.553	5345
3176.338	5343
3178.123	5426
3179.907	5417
3181.692	5445
3183.477	5361
3185.259	5481
3187.042	5347
3188.824	5325
3190.607	5460
3192.389	5372
3194.17	5363
3195.951	5335
3197.73	5314
3199.51	5400
3201.289	5330
3203.07	5327
3204.848	5397
3206.626	5345
3208.403	5371
3210.18	5367
3211.959	5252
3213.735	5292
3215.511	5348
3217.285	5278
3219.06	5239
3220.836	5379
3222.611	5447
3224.384	5307
3226.158	5449
3227.929	5302
3229.702	5366
3231.476	5298
3233.248	5359
3235.018	5420
3236.789	5383
3238.56	5224
3240.33	5255
3242.1	5310
3243.869	5233
3245.637	5319
3247.405	5298
3249.172	5272
3250.941	5381
3252.707	5404
3254.474	5366
3256.24	5315
3258.006	5326
3259.772	5280
3261.537	5337
3263.301	5369
3265.065	5291
3266.828	5346
3268.592	5356
3270.355	5333
3272.117	5337
3273.878	5245
3275.64	5349
3277.401	5371
3279.162	5315
3280.922	5250
3282.682	5306
3284.441	5304
3286.199	5335
3287.959	5340
3289.716	5280
3291.475	5331
3293.232	5314
3294.988	5375
3296.744	5253
3298.501	5282
3300.256	5333
3302.011	5337
3303.766	5244
3305.52	5234
3307.275	5333
3309.028	5298
3310.781	5312
3312.533	5302
3314.285	5402
3316.038	5309
3317.789	5228
3319.54	5222
3321.289	5366
3323.039	5234
3324.789	5322
3326.539	5285
3328.288	5334
3330.035	5284
3331.783	5210
3333.531	5170
3335.28	5235
3337.025	5237
3338.771	5264
3340.518	5272
3342.262	5202
3344.009	5319
3345.753	5218
3347.497	5172
3349.24	5215
3350.983	5188
3352.726	5164
3354.469	5227
3356.212	5244
3357.952	5113
3359.694	5164
3361.434	5208
3363.176	5141
3364.916	5188
3366.654	5127
3368.394	5158
3370.132	5141
3371.871	5146
3373.61	5090
3375.346	5128
3377.083	5202
3378.82	5167
3380.556	5132
3382.292	5128
3384.027	5107
3385.763	5159
3387.497	5169
3389.231	5123
3390.965	5086
3392.698	5089
3394.431	5105
3396.164	5089
3397.896	5013
3399.627	5134
3401.36	5043
3403.09	5052
3404.82	5116
3406.55	5004
3408.279	5024
3410.01	5079
3411.738	5032
3413.467	5028
3415.194	5032
3416.92	4973
3418.647	5103
3420.375	4982
3422.102	5068
3423.827	5031
3425.553	4969
3427.277	5134
3429.003	4983
3430.727	5156
3432.451	5052
3434.173	4981
3435.896	4977
3437.62	4976
3439.343	5022
3441.063	4998
3442.785	4928
3444.505	4945
3446.226	4977
3447.948	4923
3449.666	4939
3451.386	4958
3453.104	4951
3454.823	4902
3456.541	4853
3458.259	4962
3459.976	4914
3461.693	4886
3463.408	4908
3465.125	4866
3466.841	4993
3468.556	4836
3470.271	4915
3471.985	4830
3473.698	4853
3475.414	4782
3477.126	4844
3478.838	4762
3480.55	4877
3482.263	4833
3483.975	4887
3485.686	4900
3487.396	4862
3489.106	4825
3490.817	4823
3492.526	4863
3494.236	4825
3495.944	4754
3497.652	4801
3499.359	4676
3501.066	4709
3502.775	4748
3504.481	4778
3506.187	4725
3507.893	4797
3509.598	4734
3511.304	4777
3513.009	4728
3514.713	4759
3516.417	4711
3518.12	4639
3519.821	4667
3521.525	4677
3523.228	4695
3524.929	4634
3526.631	4702
3528.33	4577
3530.032	4659
3531.733	4760
3533.433	4605
3535.131	4585
3536.83	4609
3538.529	4659
3540.227	4579
3541.925	4626
3543.623	4610
3545.319	4582
3547.016	4610
3548.712	4604
3550.408	4676
3552.103	4559
3553.798	4562
3555.491	4605
3557.188	4534
3558.88	4598
3560.574	4571
3562.266	4658
3563.959	4590
3565.651	4543
3567.343	4516
3569.035	4497
3570.725	4584
3572.415	4604
3574.106	4692
3575.797	4534
3577.485	4563
3579.174	4583
3580.863	4591
3582.551	4510
3584.238	4432
3585.926	4623
3587.613	4514
3589.3	4462
3590.986	4531
3592.671	4421
3594.357	4517
3596.042	4495
3597.726	4415
3599.41	4432
3601.094	4475
3602.778	4505
3604.461	4372
3606.143	4440
3607.825	4528
3609.507	4458
3611.188	4460
3612.87	4455
3614.551	4567
3616.229	4293
3617.909	4377
3619.589	4340
3621.269	4367
3622.948	4330
3624.625	4356
3626.302	4317
3627.98	4299
3629.657	4422
3631.334	4361
3633.01	4292
3634.686	4283
3636.361	4300
3638.036	4322
3639.712	4346
3641.385	4315
3643.06	4300
3644.732	4279
3646.405	4309
3648.08	4256
3649.751	4308
3651.424	4327
3653.094	4300
3654.766	4259
3656.436	4272
3658.106	4297
3659.777	4250
3661.446	4333
3663.115	4211
3664.783	4178
3666.452	4263
3668.121	4211
3669.788	4163
3671.454	4235
3673.121	4139
3674.789	4210
3676.455	4172
3678.12	4245
3679.784	4209
3681.45	4220
3683.114	4256
3684.779	4187
3686.442	4199
3688.105	4180
3689.768	4199
3691.43	4216
3693.093	4148
3694.754	4177
3696.415	4207
3698.076	4155
3699.736	4134
3701.396	4198
3703.057	4175
3704.716	4075
3706.375	4167
3708.034	4173
3709.692	4070
3711.351	4171
3713.008	4134
3714.665	4220
3716.321	4145
3717.977	4180
3719.634	4106
3721.29	4171
3722.945	4047
3724.598	4168
3726.253	4130
3727.907	4086
3729.561	4120
3731.214	4129
3732.867	4097
3734.518	4121
3736.171	4088
3737.824	4121
3739.474	4160
3741.125	4102
3742.775	4070
3744.425	4098
3746.074	4001
3747.725	4069
3749.373	4083
3751.022	4159
3752.669	4020
3754.318	4099
3755.966	4085
3757.612	4046
3759.259	4060
3760.905	4022
3762.55	4035
3764.197	4014
3765.842	4144
3767.486	4072
3769.131	4087
3770.774	4104
3772.417	3962
3774.061	4114
3775.705	3983
3777.347	4012
3778.988	3950
3780.629	4061
3782.271	3971
3783.912	3995
3785.552	3991
3787.192	4052
3788.831	3967
3790.472	4060
3792.112	3975
3793.75	3996
3795.388	3956
3797.024	3940
3798.661	3887
3800.3	3957
3801.936	4035
3803.572	3957
3805.208	3882
3806.844	3943
3808.48	4001
3810.115	3941
3811.748	3853
3813.382	3985
3815.016	3880
3816.649	3956
3818.283	3969
3819.914	3852
3821.547	3906
3823.178	3957
3824.809	3908
3826.441	3861
3828.072	3934
3829.701	3862
3831.331	3861
3832.96	3840
3834.591	3837
3836.219	3955
3837.847	3948
3839.475	3859
3841.102	3890
3842.729	3855
3844.357	3902
3845.984	3895
3847.609	3847
3849.234	3901
3850.86	3936
3852.485	3755
3854.11	3803
3855.734	3886
3857.357	3831
3858.981	3838
3860.603	3795
3862.227	3926
3863.848	3855
3865.471	3857
3867.092	3815
3868.713	3862
3870.334	3774
3871.954	3754
3873.575	3832
3875.194	3817
3876.813	3852
3878.433	3824
3880.051	3830
3881.669	3789
3883.286	3814
3884.904	3859
3886.52	3760
3888.138	3768
3889.754	3782
3891.37	3821
3892.985	3729
3894.6	3725
3896.216	3710
3897.831	3767
3899.444	3822
3901.058	3776
3902.67	3804
3904.283	3871
3905.897	3725
3907.509	3814
3909.121	3773
3910.731	3697
3912.342	3765
3913.954	3687
3915.563	3680
3917.174	3669
3918.783	3770
3920.391	3774
3922.002	3728
3923.611	3794
3925.218	3765
3926.826	3748
3928.432	3701
3930.039	3722
3931.647	3748
3933.253	3762
3934.859	3717
3936.464	3693
3938.068	3768
3939.675	3763
3941.278	3682
3942.883	3779
3944.486	3705
3946.089	3753
3947.692	3719
3949.295	3670
3950.898	3691
3952.499	3730
3954.1	3745
3955.7	3716
3957.303	3746
3958.903	3720
3960.502	3718
3962.101	3593
3963.7	3608
3965.301	3700
3966.899	3762
3968.497	3640
3970.094	3615
3971.691	3643
3973.288	3648
3974.885	3606
3976.481	3581
3978.077	3638
3979.672	3629
3981.267	3661
3982.863	3684
3984.457	3664
3986.051	3635
3987.645	3646
3989.238	3605
3990.831	3626
3992.425	3613
3994.017	3620
3995.607	3542
3997.199	3651
3998.79	3647
4000.382	3589
4001.973	3640
4003.561	3468
4005.151	3519
4006.741	3553
4008.331	3612
4009.918	3466
4011.507	3579
4013.095	3531
4014.681	3557
4016.269	3569
4017.856	3551
4019.443	3414
4021.028	3575
4022.614	3543
4024.199	3527
4025.785	3479
4027.37	3525
4028.953	3442
4030.536	3447
4032.12	3492
4033.704	3485
4035.287	3529
4036.869	3496
4038.45	3454
4040.032	3503
4041.613	3466
4043.195	3422
4044.776	3373
4046.356	3478
4047.935	3481
4049.515	3513
4051.095	3403
4052.674	3382
4054.251	3415
4055.829	3456
4057.406	3513
4058.985	3403
4060.562	3528
4062.139	3450
4063.715	3397
4065.29	3418
4066.865	3369
4068.442	3424
4070.016	3420
4071.59	3445
4073.164	3448
4074.738	3434
4076.312	3400
4077.885	3405
4079.458	3401
4081.03	3362
4082.602	3459
4084.173	3431
4085.745	3383
4087.315	3380
4088.886	3349
4090.456	3368
4092.026	3320
4093.596	3494
4095.165	3349
4096.734	3362
4098.301	3395
4099.869	3342
4101.437	3378
4103.006	3346
4104.572	3378
4106.139	3357
4107.704	3324
4109.27	3398
4110.837	3324
4112.401	3323
4113.966	3384
4115.53	3336
4117.094	3307
4118.659	3363
4120.223	3365
4121.785	3300
4123.347	3273
4124.909	3313
4126.471	3376
4128.034	3346
4129.595	3350
4131.155	3282
4132.716	3253
4134.275	3330
4135.836	3287
4137.395	3310
4138.955	3250
4140.513	3318
4142.071	3271
4143.628	3336
4145.188	3287
4146.745	3217
4148.302	3216
4149.858	3309
4151.414	3257
4152.971	3230
4154.526	3186
4156.081	3224
4157.635	3249
4159.189	3184
4160.745	3236
4162.298	3238
4163.852	3214
4165.405	3208
4166.957	3218
4168.51	3191
4170.063	3182
4171.614	3164
4173.166	3156
4174.717	3137
4176.267	3109
4177.817	3134
4179.368	3242
4180.917	3157
4182.466	3197
4184.016	3161
4185.564	3170
4187.112	3199
4188.66	3169
4190.207	3158
4191.754	3100
4193.301	3190
4194.848	3120
4196.394	3187
4197.94	3139
4199.484	3042
4201.03	3183
4202.575	3080
4204.12	3126
4205.663	3165
4207.207	3161
4208.75	3107
4210.292	3050
4211.836	3128
4213.378	3147
4214.92	3143
4216.46	3100
4218.002	3101
4219.544	3076
4221.083	3027
4222.625	3125
4224.164	3076
4225.703	3128
4227.244	3118
4228.782	3055
4230.32	3054
4231.857	3082
4233.395	3109
4234.933	3039
4236.471	3119
4238.007	3110
4239.542	3031
4241.078	3090
4242.614	3101
4244.15	3073
4245.685	3059
4247.219	3068
4248.753	3095
4250.287	3094
4251.82	3076
4253.354	3051
4254.887	3043
4256.419	3061
4257.951	3038
4259.483	3015
4261.016	3026
4262.547	2996
4264.078	3071
4265.608	3052
4267.137	3040
4268.668	3078
4270.197	3008
4271.727	3006
4273.254	3075
4274.783	3105
4276.311	3085
4277.84	3087
4279.366	2996
4280.894	2980
4282.42	2971
4283.946	3089
4285.473	3010
4286.998	2974
4288.523	3001
4290.047	3014
4291.572	3001
4293.096	2965
4294.622	2987
4296.144	3030
4297.668	2981
4299.19	3024
4300.713	2952
4302.236	2968
4303.758	3004
4305.279	2878
4306.799	2940
4308.321	2960
4309.842	2978
4311.361	2977
4312.882	2905
4314.401	2925
