400.0961	4626
402.6185	4669
405.1424	4637
407.6635	4694
410.1838	4747
412.7035	4650
415.2225	4600
417.7388	4648
420.2585	4652
422.7754	4802
425.2917	4776
427.8072	4902
430.3221	4855
432.8363	4895
435.3498	4916
437.8626	4925
440.3727	4963
442.8841	4936
445.3969	4862
447.907	5066
450.4142	4918
452.9229	4907
455.4289	4823
457.9362	4899
460.4449	4869
462.9488	4867
465.454	4894
467.9566	4817
470.4604	4796
472.9637	4842
475.4662	4899
477.966	4894
480.4671	4972
482.9656	4932
485.4633	4863
487.9645	4900
490.4608	4986
492.9566	4995
495.4536	4934
497.948	4905
500.4437	4884
502.9387	5034
505.431	5014
507.9226	5032
510.4136	4960
512.9079	4949
515.3975	4979
517.8864	5074
520.3746	4954
522.8622	5053
525.3491	5070
527.8394	5101
530.3249	5024
532.8098	5029
535.2939	5009
537.7774	5203
540.2623	5104
542.7444	5048
545.2259	5121
547.7067	5164
550.1868	5126
552.6683	5085
555.147	5075
557.6231	5038
560.1005	5091
562.5773	5155
565.0534	5223
567.5308	5200
570.0056	5153
572.4776	5123
574.951	5150
577.4237	5239
579.8978	5323
582.3671	5294
584.8378	5464
587.3079	5289
589.7773	5244
592.244	5263
594.714	5226
597.1793	5299
599.6461	5206
602.1121	5264
604.5754	5319
607.0421	5227
609.5042	5296
611.9675	5255
614.4282	5163
616.8902	5307
619.3515	5319
621.8122	5278
624.2702	5233
626.7296	5227
629.1863	5210
631.6423	5206
634.1017	5167
636.5563	5162
639.0104	5244
641.4658	5334
643.9185	5264
646.3725	5148
648.8239	5226
651.2766	5294
653.7266	5260
656.176	5218
658.6247	5315
661.0748	5240
663.5242	5415
665.9709	5374
668.417	5332
670.8624	5320
673.3092	5330
675.7533	5335
678.1968	5300
680.6395	5411
683.0817	5529
685.5251	5375
687.9659	5418
690.4061	5547
692.8456	5431
695.2844	5437
697.7226	5364
700.1621	5548
702.599	5514
705.0332	5508
707.4688	5607
709.9036	5474
712.3399	5563
714.7735	5590
717.2044	5600
719.6367	5596
722.0683	5613
724.4993	5577
726.9296	5676
729.3593	5566
731.7883	5588
734.2147	5644
736.6423	5763
739.0714	5669
741.4958	5539
743.9216	5723
746.3447	5690
748.7691	5715
751.1929	5685
753.616	5803
756.0366	5801
758.4584	5789
760.8776	5814
763.2982	5751
765.718	5725
768.1373	5834
770.5539	5814
772.9698	5797
775.3871	5784
777.8038	5829
780.2178	5834
782.6332	5818
785.0459	5811
787.458	5805
789.8714	5802
792.2842	5827
794.6943	5714
797.1038	5713
799.5127	5874
801.9209	5825
804.3324	5795
806.7393	5958
809.1456	5900
811.5513	5841
813.9562	5926
816.3625	5911
818.7663	5861
821.1693	5896
823.5718	5871
825.9735	5850
828.3746	5991
830.7771	5910
833.177	6001
835.5762	5963
837.9747	5959
840.3727	5926
842.772	5908
845.1666	6027
847.5626	6038
849.958	6028
852.3527	5971
854.7488	6124
857.1403	6108
859.5331	6137
861.9253	6101
864.3168	6114
866.7057	6071
869.098	6172
871.4876	6107
873.8746	6093
876.263	6102
878.6487	6002
881.0378	6041
883.4243	5974
885.8081	5969
888.1933	6104
890.5759	6053
892.9598	6185
895.343	6062
897.7256	5967
900.1057	6066
902.4871	5993
904.8659	6211
907.246	6066
909.6254	6117
912.0023	6300
914.3786	6224
916.7562	6425
919.1331	6573
921.5074	6604
923.8831	6626
926.2562	6612
928.6287	6727
931.0005	6606
933.3757	6630
935.7462	6471
938.1162	6626
940.4855	6629
942.8542	6620
945.2242	6724
947.5916	6628
949.9584	6715
952.3266	6990
954.6921	7238
957.0571	7225
959.4233	7519
961.787	7607
964.15	7647
966.5125	7465
968.8742	7157
971.2354	6938
973.5959	6703
975.9559	6613
978.3151	6660
980.6738	6592
983.0338	6512
985.3912	6326
987.7461	6462
990.1022	6376
992.4578	6371
994.8127	6278
997.1689	6332
999.5207	6270
1001.874	6259
1004.226	6477
1006.576	6359
1008.929	6436
1011.28	6262
1013.628	6309
1015.977	6310
1018.324	6256
1020.674	6352
1023.019	6284
1025.366	6282
1027.713	6373
1030.056	6332
1032.399	6387
1034.746	6426
1037.087	6456
1039.431	6453
1041.771	6408
1044.113	6363
1046.454	6357
1048.793	6470
1051.133	6307
1053.471	6360
1055.807	6297
1058.146	6448
1060.483	6481
1062.818	6475
1065.153	6467
1067.489	6555
1069.822	6497
1072.156	6457
1074.488	6618
1076.82	6540
1079.15	6453
1081.48	6515
1083.814	6432
1086.143	6457
1088.471	6437
1090.799	6436
1093.126	6435
1095.452	6458
1097.78	6443
1100.105	6459
1102.43	6455
1104.754	6499
1107.077	6471
1109.4	6436
1111.722	6463
1114.044	6408
1116.365	6365
1118.685	6349
1121.005	6519
1123.324	6496
1125.643	6497
1127.961	6650
1130.278	6500
1132.595	6482
1134.911	6586
1137.226	6375
1139.541	6390
1141.854	6440
1144.167	6403
1146.482	6412
1148.793	6438
1151.105	6404
1153.414	6460
1155.725	6417
1158.033	6499
1160.344	6443
1162.651	6518
1164.959	6402
1167.265	6582
1169.572	6470
1171.878	6428
1174.184	6394
1176.488	6478
1178.79	6612
1181.094	6631
1183.396	6562
1185.699	6569
1188.001	6514
1190.301	6478
1192.6	6533
1194.9	6400
1197.2	6466
1199.497	6473
1201.794	6519
1204.09	6540
1206.387	6554
1208.684	6450
1210.978	6510
1213.272	6470
1215.565	6439
1217.858	6648
1220.15	6536
1222.443	6495
1224.734	6539
1227.024	6568
1229.313	6630
1231.602	6541
1233.892	6558
1236.18	6734
1238.467	6773
1240.754	6921
1243.04	6740
1245.325	6762
1247.612	6783
1249.896	6757
1252.178	6924
1254.461	6890
1256.743	6674
1259.027	6843
1261.308	6880
1263.587	6769
1265.867	6914
1268.146	6820
1270.425	6896
1272.703	6899
1274.981	6821
1277.256	6777
1279.532	6872
1281.808	6843
1284.083	6803
1286.358	6713
1288.63	6672
1290.904	6640
1293.175	6590
1295.449	6598
1297.719	6708
1299.99	6635
1302.259	6821
1304.529	6771
1306.798	6788
1309.065	6805
1311.333	6688
1313.599	6648
1315.866	6807
1318.131	6719
1320.396	6797
1322.66	6668
1324.925	6748
1327.187	6779
1329.448	6773
1331.711	6958
1333.974	6936
1336.234	6848
1338.493	6787
1340.752	6728
1343.01	6760
1345.269	6735
1347.526	6651
1349.784	6686
1352.04	6739
1354.295	6580
1356.552	6801
1358.806	6740
1361.059	6739
1363.312	6649
1365.564	6710
1367.818	6640
1370.069	6771
1372.318	6660
1374.568	6796
1376.817	6736
1379.066	6700
1381.316	6751
1383.564	6788
1385.809	6811
1388.056	6854
1390.301	6858
1392.549	7128
1394.793	7114
1397.036	7150
1399.279	7128
1401.522	7337
1403.763	7192
1406.007	7243
1408.248	7199
1410.487	7200
1412.727	7142
1414.965	7178
1417.205	7095
1419.442	7333
1421.68	7115
1423.915	7122
1426.152	7101
1428.388	6988
1430.623	6972
1432.857	7074
1435.091	7203
1437.323	7205
1439.556	7216
1441.789	7223
1444.019	7119
1446.25	6955
1448.48	7142
1450.708	7148
1452.938	7308
1455.167	7336
1457.394	7319
1459.62	7265
1461.846	7172
1464.073	7110
1466.299	7134
1468.523	7083
1470.746	6878
1472.969	6923
1475.191	6792
1477.415	6872
1479.636	6872
1481.858	6866
1484.078	6792
1486.298	6789
1488.518	6759
1490.736	6653
1492.954	6671
1495.169	6671
1497.386	6552
1499.602	6693
1501.819	6619
1504.034	6789
1506.248	6662
1508.462	6674
1510.675	6672
1512.888	6539
1515.1	6680
1517.311	6691
1519.522	6802
1521.732	6614
1523.942	6706
1526.151	6658
1528.36	6635
1530.566	6769
1532.773	6684
1534.98	6646
1537.187	6605
1539.392	6670
1541.596	6747
1543.801	6829
1546.005	6776
1548.208	6732
1550.411	6745
1552.612	6649
1554.814	6743
1557.013	6843
1559.212	6835
1561.414	6822
1563.612	6877
1565.811	6842
1568.007	6866
1570.203	6851
1572.403	6863
1574.598	6920
1576.792	6921
1578.988	6854
1581.181	6902
1583.376	6914
1585.568	6870
1587.761	6879
1589.952	6734
1592.143	6981
1594.333	6875
1596.524	6945
1598.715	6970
1600.903	6941
1603.091	6944
1605.278	7062
1607.466	6883
1609.652	6887
1611.838	6887
1614.023	7070
1616.207	6994
1618.391	6924
1620.576	6897
1622.759	6931
1624.941	7012
1627.123	6923
1629.304	6959
1631.484	7128
1633.664	7062
1635.844	7154
1638.022	7050
1640.201	6954
1642.38	7070
1644.556	7074
1646.732	6986
1648.908	7061
1651.084	7033
1653.257	7115
1655.433	7098
1657.607	6985
1659.779	7253
1661.951	7135
1664.122	7127
1666.295	7220
1668.467	7169
1670.635	7152
1672.805	7224
1674.973	7126
1677.142	7073
1679.31	7039
1681.478	7060
1683.644	7075
1685.81	7194
1687.975	7133
1690.142	7051
1692.305	7116
1694.468	7071
1696.632	6978
1698.794	6946
1700.957	6908
1703.119	7079
1705.279	6873
1707.439	6934
1709.598	6917
1711.758	6877
1713.917	6901
1716.075	7028
1718.231	6956
1720.388	6856
1722.543	6792
1724.702	7088
1726.856	6905
1729.01	6988
1731.164	6941
1733.317	6898
1735.471	6863
1737.623	6788
1739.774	6949
1741.925	6926
1744.075	6842
1746.225	6918
1748.376	6893
1750.524	6858
1752.672	7010
1754.82	6809
1756.965	6904
1759.113	6847
1761.259	6895
1763.405	6804
1765.549	7023
1767.694	6942
1769.836	7044
1771.981	7008
1774.123	6898
1776.264	6922
1778.405	7007
1780.546	7036
1782.687	6912
1784.827	6893
1786.966	6894
1789.103	6921
1791.242	7046
1793.381	6917
1795.517	6770
1797.653	6927
1799.788	6976
1801.923	6926
1804.057	6988
1806.193	6937
1808.326	7049
1810.457	6967
1812.59	7043
1814.721	6972
1816.855	6879
1818.984	6965
1821.113	6920
1823.244	6900
1825.372	6912
1827.499	6847
1829.63	6917
1831.756	6889
1833.882	6943
1836.007	7012
1838.132	6942
1840.26	6876
1842.384	6916
1844.507	6917
1846.63	6832
1848.752	6784
1850.875	6876
1852.996	6909
1855.118	6885
1857.238	6880
1859.358	6816
1861.477	6766
1863.597	6811
1865.715	6810
1867.832	6885
1869.948	6948
1872.064	6913
1874.181	7001
1876.297	6801
1878.411	6829
1880.526	6962
1882.639	6884
1884.752	6946
1886.865	6930
1888.977	6839
1891.089	6831
1893.2	7009
1895.308	6986
1897.42	6950
1899.53	7012
1901.639	6916
1903.745	6899
1905.853	6976
1907.962	6883
1910.067	6876
1912.174	7041
1914.278	7039
1916.383	7002
1918.486	7005
1920.592	7059
1922.694	7037
1924.797	6897
1926.898	6914
1929	6973
1931.102	7033
1933.203	6934
1935.301	6935
1937.401	7044
1939.499	6987
1941.598	7043
1943.697	7001
1945.793	6957
1947.888	7209
1949.985	7014
1952.08	6981
1954.176	7001
1956.269	7009
1958.364	7075
1960.457	7108
1962.549	6967
1964.642	7066
1966.733	6924
1968.823	7013
1970.913	6978
1973.005	6972
1975.093	7044
1977.184	6974
1979.271	6849
1981.359	6953
1983.446	6929
1985.532	6899
1987.619	6947
1989.705	6923
1991.789	6932
1993.874	6900
1995.956	7004
1998.041	7009
2000.123	6990
2002.206	7021
2004.287	6935
2006.368	6782
2008.449	6910
2010.529	6816
2012.609	7010
2014.688	6842
2016.766	6944
2018.843	6970
2020.922	6812
2022.999	6927
2025.074	6864
2027.15	6931
2029.225	6907
2031.299	6932
2033.375	6907
2035.447	6797
2037.52	6970
2039.592	6892
2041.664	6883
2043.736	6830
2045.807	6928
2047.876	6845
2049.947	7004
2052.015	7012
2054.086	6893
2056.153	6796
2058.221	6941
2060.288	6895
2062.353	6942
2064.42	6906
2066.486	6950
2068.55	6916
2070.614	6811
2072.678	6940
2074.741	6831
2076.805	6768
2078.866	6939
2080.929	6838
2082.99	6869
2085.049	6860
2087.109	6863
2089.17	6938
2091.228	6891
2093.286	6935
2095.344	6842
2097.4	6807
2099.46	6863
2101.516	6749
2103.572	6865
2105.626	6910
2107.679	6995
2109.735	6917
2111.788	6829
2113.841	6963
2115.894	6932
2117.945	6908
2119.997	6925
2122.049	6964
2124.1	6971
2126.148	6938
2128.197	6844
2130.246	6873
2132.296	6798
2134.342	6930
2136.39	6784
2138.437	6909
2140.483	6825
2142.527	6844
2144.574	6920
2146.619	6879
2148.661	6987
2150.705	6824
2152.747	6919
2154.792	6748
2156.832	6760
2158.874	6856
2160.915	6922
2162.954	6892
2164.995	6915
2167.034	6826
2169.072	6740
2171.111	6869
2173.148	6862
2175.186	6743
2177.223	6734
2179.258	6762
2181.294	6767
2183.328	6831
2185.362	6822
2187.398	6832
2189.431	6865
2191.463	6689
2193.495	6662
2195.528	6796
2197.56	6648
2199.59	6701
2201.62	6810
2203.649	6714
2205.678	6752
2207.708	6769
2209.737	6648
2211.764	6657
2213.791	6689
2215.817	6614
2217.843	6800
2219.87	6732
2221.895	6686
2223.919	6784
2225.942	6757
2227.966	6634
2229.988	6680
2232.012	6773
2234.032	6634
2236.054	6664
2238.074	6579
2240.095	6626
2242.116	6709
2244.135	6804
2246.153	6764
2248.171	6651
2250.188	6659
2252.208	6612
2254.223	6788
2256.239	6692
2258.255	6692
2260.269	6669
2262.283	6733
2264.3	6636
2266.312	6617
2268.325	6808
2270.336	6612
2272.349	6602
2274.362	6723
2276.372	6706
2278.383	6698
2280.392	6626
2282.402	6616
2284.409	6664
2286.418	6715
2288.427	6757
2290.433	6565
2292.441	6652
2294.446	6697
2296.453	6634
2298.459	6698
2300.463	6804
2302.466	6733
2304.471	6766
2306.475	6629
2308.477	6643
2310.478	6696
2312.481	6596
2314.481	6562
2316.481	6636
2318.482	6690
2320.482	6665
2322.48	6583
2324.48	6715
2326.478	6585
2328.476	6615
2330.473	6605
2332.469	6542
2334.465	6659
2336.46	6679
2338.454	6561
2340.45	6571
2342.444	6599
2344.437	6614
2346.43	6639
2348.421	6571
2350.414	6556
2352.405	6625
2354.396	6490
2356.386	6535
2358.376	6626
2360.366	6546
2362.355	6443
2364.343	6488
2366.331	6492
2368.317	6558
2370.304	6544
2372.292	6611
2374.278	6587
2376.262	6609
2378.247	6447
2380.23	6428
2382.216	6509
2384.199	6555
2386.181	6524
2388.163	6354
2390.144	6460
2392.127	6469
2394.107	6469
2396.087	6492
2398.066	6419
2400.046	6556
2402.023	6438
2404.004	6490
2405.981	6452
2407.957	6457
2409.934	6454
2411.91	6516
2413.886	6499
2415.862	6404
2417.836	6405
2419.809	6398
2421.784	6343
2423.756	6359
2425.73	6483
2427.701	6499
2429.672	6346
2431.644	6409
2433.615	6486
2435.586	6487
2437.555	6386
2439.523	6390
2441.491	6467
2443.459	6410
2445.428	6392
2447.395	6441
2449.361	6486
2451.327	6500
2453.292	6439
2455.257	6322
2457.223	6352
2459.187	6319
2461.15	6497
2463.113	6433
2465.076	6344
2467.039	6457
2468.999	6372
2470.96	6341
2472.921	6352
2474.881	6331
2476.841	6296
2478.8	6305
2480.759	6435
2482.717	6271
2484.675	6308
2486.63	6315
2488.589	6345
2490.545	6291
2492.5	6377
2494.455	6321
2496.408	6410
2498.364	6299
2500.318	6445
2502.27	6253
2504.223	6374
2506.174	6347
2508.126	6298
2510.078	6242
2512.03	6248
2513.979	6302
2515.927	6254
2517.877	6320
2519.826	6314
2521.775	6294
2523.722	6386
2525.668	6265
2527.616	6340
2529.561	6288
2531.508	6271
2533.452	6229
2535.398	6497
2537.342	6190
2539.284	6265
2541.229	6230
2543.173	6323
2545.114	6261
2547.055	6200
2548.996	6337
2550.938	6215
2552.878	6201
2554.817	6364
2556.756	6309
2558.695	6288
2560.633	6295
2562.572	6256
2564.509	6350
2566.445	6269
2568.382	6215
2570.317	6324
2572.254	6138
2574.189	6289
2576.123	6234
2578.057	6278
2579.99	6305
2581.923	6211
2583.855	6289
2585.788	6320
2587.719	6111
2589.65	6254
2591.579	6223
2593.511	6137
2595.44	6339
2597.37	6253
2599.297	6268
2601.225	6278
2603.153	6206
2605.08	6258
2607.007	6249
2608.932	6269
2610.858	6268
2612.782	6224
2614.709	6218
2616.632	6284
2618.556	6354
2620.478	6307
2622.401	6207
2624.324	6252
2626.247	6255
2628.167	6274
2630.088	6317
2632.008	6189
2633.928	6337
2635.848	6344
2637.766	6346
2639.684	6278
2641.603	6333
2643.519	6276
2645.437	6256
2647.353	6273
2649.27	6272
2651.184	6290
2653.099	6301
2655.014	6271
2656.928	6237
2658.842	6253
2660.755	6194
2662.667	6251
2664.579	6204
2666.491	6330
2668.402	6153
2670.312	6194
2672.222	6234
2674.132	6333
2676.042	6252
2677.951	6194
2679.859	6230
2681.766	6211
2683.674	6165
2685.582	6098
2687.488	6149
2689.392	6232
2691.298	6180
2693.202	6158
2695.107	6155
2697.012	6254
2698.914	6219
2700.817	6104
2702.72	6081
2704.622	6176
2706.524	6083
2708.425	6070
2710.326	6267
2712.225	6210
2714.125	6082
2716.024	6095
2717.923	6187
2719.822	6110
2721.719	6116
2723.616	6202
2725.512	6202
2727.41	6238
2729.305	6165
2731.201	6172
2733.095	6110
2734.99	6183
2736.884	6143
2738.778	6073
2740.67	6136
2742.562	6155
2744.455	6180
2746.346	6097
2748.238	6183
2750.129	6104
2752.018	6136
2753.907	6042
2755.797	6134
2757.687	6048
2759.575	6212
2761.462	6083
2763.349	6169
2765.237	6163
2767.124	6053
2769.009	6078
2770.894	6093
2772.779	6078
2774.663	6057
2776.547	6118
2778.431	6146
2780.314	6158
2782.197	6062
2784.078	6087
2785.96	6114
2787.842	6271
2789.723	6117
2791.603	6001
2793.483	6044
2795.362	6145
2797.241	6158
2799.121	6098
2800.997	6070
2802.874	6128
2804.751	5921
2806.628	6162
2808.506	6138
2810.38	5965
2812.255	6054
2814.13	5952
2816.003	6016
2817.878	6130
2819.752	6110
2821.623	6105
2823.496	5951
2825.368	6115
2827.238	6016
2829.111	6069
2830.98	6207
2832.851	6035
2834.719	6031
2836.589	6175
2838.458	6111
2840.327	6085
2842.193	6184
2844.061	6102
2845.927	6107
2847.794	6089
2849.66	6191
2851.525	6198
2853.39	6207
2855.254	6176
2857.117	6233
2858.983	6248
2860.845	6324
2862.707	6337
2864.569	6316
2866.431	6408
2868.293	6406
2870.154	6383
2872.013	6590
2873.873	6511
2875.733	6464
2877.592	6672
2879.451	6795
2881.309	6864
2883.166	6822
2885.022	6946
2886.879	6946
2888.736	6969
2890.591	6900
2892.446	7064
2894.301	7065
2896.155	7043
2898.009	7085
2899.863	6968
2901.716	7025
2903.568	6986
2905.419	6937
2907.27	6919
2909.123	6968
2910.973	6918
2912.824	7136
2914.673	7141
2916.521	7087
2918.372	7154
2920.22	7275
2922.067	7216
2923.914	7456
2925.761	7417
2927.607	7460
2929.455	7450
2931.301	7533
2933.144	7572
2934.99	7558
2936.833	7498
2938.678	7765
2940.522	7846
2942.364	7926
2944.207	8015
2946.048	8168
2947.891	8267
2949.731	8321
2951.571	8333
2953.412	8243
2955.25	8131
2957.09	8098
2958.93	8191
2960.767	8049
2962.606	7948
2964.443	7795
2966.279	7755
2968.116	7674
2969.953	7581
2971.788	7188
2973.623	7201
2975.457	7162
2977.292	7085
2979.127	7098
2980.959	6987
2982.792	6986
2984.624	6837
2986.455	6770
2988.288	6723
2990.119	6691
2991.949	6655
2993.779	6640
2995.608	6576
2997.439	6656
2999.268	6524
3001.096	6362
3002.923	6358
3004.751	6341
3006.578	6253
3008.406	6232
3010.232	6100
3012.057	6072
3013.883	6034
3015.706	6089
3017.532	6066
3019.356	6068
3021.179	6078
3023.002	6013
3024.823	5896
3026.646	5869
3028.469	5915
3030.289	5954
3032.11	5894
3033.93	5910
3035.749	5904
3037.57	5791
3039.39	5733
3041.207	5791
3043.026	5766
3044.842	5748
3046.661	5867
3048.477	5805
3050.294	5870
3052.109	5791
3053.925	5845
3055.739	5789
3057.555	5765
3059.368	5834
3061.181	5809
3062.995	5778
3064.807	5839
3066.62	5769
3068.433	5947
3070.243	5742
3072.054	5743
3073.865	5822
3075.675	5825
3077.485	5708
3079.293	5673
3081.102	5686
3082.911	5638
3084.719	5607
3086.527	5674
3088.333	5611
3090.139	5634
3091.945	5579
3093.75	5660
3095.557	5567
3097.361	5719
3099.165	5564
3100.969	5676
3102.772	5655
3104.575	5578
3106.379	5598
3108.181	5504
3109.982	5592
3111.783	5644
3113.584	5602
3115.386	5509
3117.186	5557
3118.985	5561
3120.783	5509
3122.582	5461
3124.381	5565
3126.179	5429
3127.975	5528
3129.772	5473
3131.569	5472
3133.365	5416
3135.161	5500
3136.956	5466
3138.751	5355
3140.544	5494
3142.338	5460
3144.132	5371
3145.925	5466
3147.717	5459
3149.509	5453
3151.301	5475
3153.091	5436
3154.884	5474
3156.673	5473
3158.462	5386
3160.252	5506
3162.041	5368
3163.831	5444
3165.618	5350
3167.405	5385
3169.193	5427
3170.979	5405
3172.767	5400
3174.553	5380
3176.338	5466
3178.123	5344
3179.907	5393
3181.692	5405
3183.477	5268
3185.259	5428
3187.042	5287
3188.824	5395
3190.607	5312
3192.389	5280
3194.17	5291
3195.951	5326
3197.73	5376
3199.51	5302
3201.289	5306
3203.07	5407
3204.848	5354
3206.626	5422
3208.403	5340
3210.18	5411
3211.959	5451
3213.735	5277
3215.511	5264
3217.285	5277
3219.06	5483
3220.836	5363
3222.611	5355
3224.384	5346
3226.158	5328
3227.929	5383
3229.702	5458
3231.476	5358
3233.248	5249
3235.018	5328
3236.789	5399
3238.56	5366
3240.33	5273
3242.1	5466
3243.869	5307
3245.637	5315
3247.405	5369
3249.172	5379
3250.941	5325
3252.707	5374
3254.474	5376
3256.24	5312
3258.006	5255
3259.772	5368
3261.537	5375
3263.301	5360
3265.065	5366
3266.828	5305
3268.592	5329
3270.355	5366
3272.117	5329
3273.878	5351
3275.64	5443
3277.401	5339
3279.162	5292
3280.922	5397
3282.682	5326
3284.441	5343
3286.199	5242
3287.959	5302
3289.716	5229
3291.475	5366
3293.232	5253
3294.988	5326
3296.744	5371
3298.501	5330
3300.256	5270
3302.011	5197
3303.766	5323
3305.52	5370
3307.275	5278
3309.028	5341
3310.781	5326
3312.533	5372
3314.285	5224
3316.038	5261
3317.789	5315
3319.54	5234
3321.289	5341
3323.039	5286
3324.789	5274
3326.539	5273
3328.288	5217
3330.035	5265
3331.783	5180
3333.531	5190
3335.28	5285
3337.025	5321
3338.771	5291
3340.518	5212
3342.262	5298
3344.009	5182
3345.753	5304
3347.497	5251
3349.24	5144
3350.983	5205
3352.726	5256
3354.469	5213
3356.212	5147
3357.952	5175
3359.694	5137
3361.434	5211
3363.176	5146
3364.916	5142
3366.654	5183
3368.394	5090
3370.132	5234
3371.871	5105
3373.61	5203
3375.346	5192
3377.083	5067
3378.82	5073
3380.556	5133
3382.292	5105
3384.027	5080
3385.763	5119
3387.497	5105
3389.231	5095
3390.965	5098
3392.698	5105
3394.431	4898
3396.164	5007
3397.896	5119
3399.627	5070
3401.36	5060
3403.09	5003
3404.82	5114
3406.55	5049
3408.279	5010
3410.01	5088
3411.738	5020
3413.467	5020
3415.194	5051
3416.92	4993
3418.647	4927
3420.375	4957
3422.102	4934
3423.827	4941
3425.553	5004
3427.277	5031
3429.003	4981
3430.727	5005
3432.451	4914
3434.173	4904
3435.896	4922
3437.62	4896
3439.343	4946
3441.063	4968
3442.785	4903
3444.505	4862
3446.226	4879
3447.948	4917
3449.666	4830
3451.386	4873
3453.104	4910
3454.823	4779
3456.541	4883
3458.259	4813
3459.976	4842
3461.693	4786
3463.408	4770
3465.125	4826
3466.841	4733
3468.556	4812
3470.271	4709
3471.985	4791
3473.698	4721
3475.414	4811
3477.126	4735
3478.838	4755
3480.55	4786
3482.263	4796
3483.975	4729
3485.686	4757
3487.396	4606
3489.106	4770
3490.817	4609
3492.526	4693
3494.236	4614
3495.944	4722
3497.652	4589
3499.359	4709
3501.066	4524
3502.775	4679
3504.481	4578
3506.187	4645
3507.893	4636
3509.598	4681
3511.304	4709
3513.009	4592
3514.713	4624
3516.417	4628
3518.12	4610
3519.821	4694
3521.525	4570
3523.228	4507
3524.929	4655
3526.631	4602
3528.33	4486
3530.032	4621
3531.733	4614
3533.433	4483
3535.131	4590
3536.83	4575
3538.529	4574
3540.227	4571
3541.925	4448
3543.623	4454
3545.319	4525
3547.016	4479
3548.712	4494
3550.408	4415
3552.103	4412
3553.798	4545
3555.491	4383
3557.188	4347
3558.88	4483
3560.574	4461
3562.266	4449
3563.959	4473
3565.651	4470
3567.343	4324
3569.035	4350
3570.725	4363
3572.415	4401
3574.106	4343
3575.797	4414
3577.485	4348
3579.174	4450
3580.863	4315
3582.551	4317
3584.238	4324
3585.926	4425
3587.613	4330
3589.3	4221
3590.986	4307
3592.671	4318
3594.357	4379
3596.042	4355
3597.726	4196
3599.41	4327
3601.094	4263
3602.778	4352
3604.461	4266
3606.143	4320
3607.825	4278
3609.507	4279
3611.188	4129
3612.87	4212
3614.551	4259
3616.229	4213
3617.909	4161
3619.589	4240
3621.269	4145
3622.948	4191
3624.625	4234
3626.302	4179
3627.98	4098
3629.657	4168
3631.334	4212
3633.01	4111
3634.686	4084
3636.361	4209
3638.036	4184
3639.712	4090
3641.385	4088
3643.06	4043
3644.732	4069
3646.405	4128
3648.08	4081
3649.751	4078
3651.424	4111
3653.094	4163
3654.766	4087
3656.436	4080
3658.106	4007
3659.777	4053
3661.446	4077
3663.115	4059
3664.783	4042
3666.452	4068
3668.121	3997
3669.788	4010
3671.454	4065
3673.121	3994
3674.789	4008
3676.455	3937
3678.12	4023
3679.784	4068
3681.45	3977
3683.114	4036
3684.779	4015
3686.442	3939
3688.105	3932
3689.768	3888
3691.43	4032
3693.093	3949
3694.754	3943
3696.415	4019
3698.076	3962
3699.736	3983
3701.396	4015
3703.057	3882
3704.716	3918
3706.375	3883
3708.034	3855
3709.692	3936
3711.351	3937
3713.008	3829
3714.665	3898
3716.321	3883
3717.977	3883
3719.634	3916
3721.29	3910
3722.945	3917
3724.598	3836
3726.253	3881
3727.907	3924
3729.561	3906
3731.214	3913
3732.867	3819
3734.518	3915
3736.171	3904
3737.824	3856
3739.474	3853
3741.125	3781
3742.775	3854
3744.425	3882
3746.074	3849
3747.725	3829
3749.373	3879
3751.022	3879
3752.669	3869
3754.318	3799
3755.966	3853
3757.612	3774
3759.259	3835
3760.905	3818
3762.55	3815
3764.197	3812
3765.842	3818
3767.486	3835
3769.131	3746
3770.774	3745
3772.417	3773
3774.061	3781
3775.705	3761
3777.347	3785
3778.988	3767
3780.629	3777
3782.271	3775
3783.912	3750
3785.552	3841
3787.192	3649
3788.831	3750
3790.472	3756
3792.112	3717
3793.75	3675
3795.388	3688
3797.024	3746
3798.661	3710
3800.3	3701
3801.936	3652
3803.572	3691
3805.208	3740
3806.844	3645
3808.48	3596
3810.115	3656
3811.748	3711
3813.382	3633
3815.016	3621
3816.649	3683
3818.283	3684
3819.914	3586
3821.547	3607
3823.178	3741
3824.809	3678
3826.441	3685
3828.072	3585
3829.701	3621
3831.331	3719
3832.96	3664
3834.591	3679
3836.219	3654
3837.847	3593
3839.475	3596
3841.102	3598
3842.729	3667
3844.357	3625
3845.984	3606
3847.609	3607
3849.234	3632
3850.86	3634
3852.485	3616
3854.11	3631
3855.734	3556
3857.357	3561
3858.981	3571
3860.603	3570
3862.227	3589
3863.848	3606
3865.471	3523
3867.092	3558
3868.713	3623
3870.334	3516
3871.954	3698
3873.575	3508
3875.194	3585
3876.813	3576
3878.433	3555
3880.051	3519
3881.669	3486
3883.286	3487
3884.904	3551
3886.52	3552
3888.138	3560
3889.754	3429
3891.37	3544
3892.985	3503
3894.6	3447
3896.216	3558
3897.831	3473
3899.444	3475
3901.058	3551
3902.67	3514
3904.283	3422
3905.897	3500
3907.509	3494
3909.121	3447
3910.731	3455
3912.342	3466
3913.954	3409
3915.563	3444
3917.174	3512
3918.783	3465
3920.391	3483
3922.002	3526
3923.611	3470
3925.218	3472
3926.826	3486
3928.432	3527
3930.039	3454
3931.647	3454
3933.253	3490
3934.859	3465
3936.464	3415
3938.068	3433
3939.675	3330
3941.278	3415
3942.883	3433
3944.486	3514
3946.089	3423
3947.692	3406
3949.295	3431
3950.898	3431
3952.499	3396
3954.1	3427
3955.7	3376
3957.303	3390
3958.903	3422
3960.502	3412
3962.101	3504
3963.7	3373
3965.301	3386
3966.899	3439
3968.497	3344
3970.094	3307
3971.691	3378
3973.288	3360
3974.885	3257
3976.481	3381
3978.077	3302
3979.672	3421
3981.267	3302
3982.863	3361
3984.457	3381
3986.051	3297
3987.645	3416
3989.238	3391
3990.831	3321
3992.425	3323
3994.017	3363
3995.607	3318
3997.199	3297
3998.79	3225
4000.382	3294
4001.973	3276
4003.561	3289
4005.151	3274
4006.741	3308
4008.331	3378
4009.918	3248
4011.507	3243
4013.095	3329
4014.681	3281
4016.269	3285
4017.856	3248
4019.443	3221
4021.028	3184
4022.614	3270
4024.199	3204
4025.785	3208
4027.37	3179
4028.953	3292
4030.536	3179
4032.12	3237
4033.704	3234
4035.287	3219
4036.869	3207
4038.45	3216
4040.032	3169
4041.613	3173
4043.195	3214
4044.776	3174
4046.356	3285
4047.935	3163
4049.515	3234
4051.095	3248
4052.674	3141
4054.251	3202
4055.829	3098
4057.406	3203
4058.985	3179
4060.562	3169
4062.139	3181
4063.715	3132
4065.29	3091
4066.865	3180
4068.442	3122
4070.016	3170
4071.59	3117
4073.164	3131
4074.738	3176
4076.312	3080
4077.885	3055
4079.458	3155
4081.03	3106
4082.602	3116
4084.173	3118
4085.745	3135
4087.315	3142
4088.886	3036
4090.456	3082
4092.026	3089
4093.596	3096
4095.165	3119
4096.734	3103
4098.301	3045
4099.869	3096
4101.437	3084
4103.006	3079
4104.572	3070
4106.139	3076
4107.704	3039
4109.27	3019
4110.837	3060
4112.401	3042
4113.966	3130
4115.53	3007
4117.094	2998
4118.659	3141
4120.223	2997
4121.785	3073
4123.347	2984
4124.909	3016
4126.471	3050
4128.034	2997
4129.595	3064
4131.155	3030
4132.716	3038
4134.275	3013
4135.836	3012
4137.395	3042
4138.955	2969
4140.513	2994
4142.071	2960
4143.628	2929
4145.188	3006
4146.745	2995
4148.302	2957
4149.858	2928
4151.414	2919
4152.971	2933
4154.526	2961
4156.081	2950
4157.635	2991
4159.189	2925
4160.745	3001
4162.298	2931
4163.852	2962
4165.405	2882
4166.957	2916
4168.51	2826
4170.063	2887
4171.614	2906
4173.166	2894
4174.717	2936
4176.267	2974
4177.817	2913
4179.368	2839
4180.917	2928
4182.466	2833
4184.016	2917
4185.564	2893
4187.112	2914
4188.66	2874
4190.207	2863
4191.754	2906
4193.301	2815
4194.848	2870
4196.394	2888
4197.94	2876
4199.484	2875
4201.03	2863
4202.575	2790
4204.12	2789
4205.663	2855
4207.207	2818
4208.75	2851
4210.292	2836
4211.836	2805
4213.378	2854
4214.92	2933
4216.46	2814
4218.002	2837
4219.544	2892
4221.083	2840
4222.625	2740
4224.164	2799
4225.703	2804
4227.244	2803
4228.782	2753
4230.32	2803
4231.857	2810
4233.395	2802
4234.933	2724
4236.471	2850
4238.007	2745
4239.542	2778
4241.078	2798
4242.614	2805
4244.15	2807
4245.685	2782
4247.219	2796
4248.753	2756
4250.287	2791
4251.82	2698
4253.354	2742
4254.887	2729
4256.419	2817
4257.951	2819
4259.483	2700
4261.016	2754
4262.547	2807
4264.078	2795
4265.608	2750
4267.137	2808
4268.668	2777
4270.197	2731
4271.727	2763
4273.254	2682
4274.783	2752
4276.311	2706
4277.84	2734
4279.366	2664
4280.894	2777
4282.42	2767
4283.946	2682
4285.473	2753
4286.998	2687
4288.523	2702
4290.047	2657
4291.572	2697
4293.096	2726
4294.622	2743
4296.144	2630
4297.668	2658
4299.19	2678
4300.713	2682
4302.236	2692
4303.758	2688
4305.279	2682
4306.799	2638
4308.321	2701
4309.842	2639
4311.361	2612
4312.882	2743
4314.401	2640
