400.0961	7370
402.6185	7435
405.1424	7354
407.6635	7449
410.1838	7492
412.7035	7570
415.2225	7437
417.7388	7569
420.2585	7505
422.7754	7632
425.2917	7706
427.8072	7755
430.3221	7748
432.8363	7811
435.3498	7810
437.8626	7861
440.3727	7808
442.8841	7974
445.3969	7992
447.907	8035
450.4142	7952
452.9229	7998
455.4289	8042
457.9362	7935
460.4449	7988
462.9488	8097
465.454	8097
467.9566	8080
470.4604	8047
472.9637	8088
475.4662	8107
477.966	8252
480.4671	8141
482.9656	8092
485.4633	8174
487.9645	8240
490.4608	8285
492.9566	8327
495.4536	8310
497.948	8257
500.4437	8471
502.9387	8354
505.431	8335
507.9226	8327
510.4136	8492
512.9079	8496
515.3975	8384
517.8864	8367
520.3746	8479
522.8622	8597
525.3491	8591
527.8394	8448
530.3249	8487
532.8098	8386
535.2939	8488
537.7774	8516
540.2623	8506
542.7444	8470
545.2259	8597
547.7067	8548
550.1868	8547
552.6683	8368
555.147	8545
557.6231	8509
560.1005	8467
562.5773	8542
565.0534	8491
567.5308	8604
570.0056	8661
572.4776	8516
574.951	8723
577.4237	8597
579.8978	8736
582.3671	8766
584.8378	8705
587.3079	8728
589.7773	8704
592.244	8843
594.714	8775
597.1793	8735
599.6461	8699
602.1121	8786
604.5754	8913
607.0421	8748
609.5042	8828
611.9675	8737
614.4282	8722
616.8902	8762
619.3515	8822
621.8122	8883
624.2702	8912
626.7296	8850
629.1863	8754
631.6423	8834
634.1017	8848
636.5563	8839
639.0104	8876
641.4658	8770
643.9185	8925
646.3725	8841
648.8239	8888
651.2766	8959
653.7266	8953
656.176	9058
658.6247	9063
661.0748	9053
663.5242	8961
665.9709	9026
668.417	9088
670.8624	9063
673.3092	9038
675.7533	9198
678.1968	9082
680.6395	9207
683.0817	9319
685.5251	9090
687.9659	9181
690.4061	9262
692.8456	9241
695.2844	9152
697.7226	9200
700.1621	9240
702.599	9261
705.0332	9345
707.4688	9346
709.9036	9335
712.3399	9427
714.7735	9364
717.2044	9281
719.6367	9375
722.0683	9374
724.4993	9493
726.9296	9485
729.3593	9383
731.7883	9470
734.2147	9664
736.6423	9553
739.0714	9595
741.4958	9566
743.9216	9655
746.3447	9602
748.7691	9801
751.1929	9752
753.616	9782
756.0366	9836
758.4584	9731
760.8776	9728
763.2982	9820
765.718	9722
768.1373	9659
770.5539	9868
772.9698	9858
775.3871	9986
777.8038	9795
780.2178	9891
782.6332	9851
785.0459	9982
787.458	9866
789.8714	9899
792.2842	9945
794.6943	9916
797.1038	9969
799.5127	9845
801.9209	9922
804.3324	9917
806.7393	9955
809.1456	9844
811.5513	9775
813.9562	10055
816.3625	9982
818.7663	9935
821.1693	10058
823.5718	10078
825.9735	9995
828.3746	10058
830.7771	9888
833.177	9888
835.5762	9930
837.9747	10028
840.3727	10066
842.772	9976
845.1666	10058
847.5626	10201
849.958	10173
852.3527	10008
854.7488	10111
857.1403	10155
859.5331	10274
861.9253	10115
864.3168	10137
866.7057	10076
869.098	10112
871.4876	10151
873.8746	10080
876.263	10049
878.6487	9995
881.0378	10072
883.4243	10028
885.8081	10060
888.1933	10120
890.5759	10209
892.9598	9961
895.343	10044
897.7256	10164
900.1057	9927
902.4871	10318
904.8659	10286
907.246	10234
909.6254	10338
912.0023	10170
914.3786	10161
916.7562	10255
919.1331	10248
921.5074	10481
923.8831	10385
926.2562	10469
928.6287	10434
931.0005	10344
933.3757	10542
935.7462	10426
938.1162	10491
940.4855	10377
942.8542	10467
945.2242	10456
947.5916	10462
949.9584	10531
952.3266	10669
954.6921	10633
957.0571	10733
959.4233	10872
961.787	10728
964.15	10854
966.5125	10704
968.8742	10694
971.2354	10566
973.5959	10575
975.9559	10434
978.3151	10499
980.6738	10506
983.0338	10469
985.3912	10275
987.7461	10360
990.1022	10424
992.4578	10354
994.8127	10389
997.1689	10366
999.5207	10355
1001.874	10406
1004.226	10520
1006.576	10451
1008.929	10502
1011.28	10605
1013.628	10409
1015.977	10571
1018.324	10426
1020.674	10475
1023.019	10427
1025.366	10449
1027.713	10371
1030.056	10450
1032.399	10586
1034.746	10392
1037.087	10481
1039.431	10560
1041.771	10490
1044.113	10414
1046.454	10407
1048.793	10661
1051.133	10340
1053.471	10499
1055.807	10631
1058.146	10615
1060.483	10641
1062.818	10560
1065.153	10609
1067.489	10548
1069.822	10816
1072.156	10524
1074.488	10613
1076.82	10700
1079.15	10682
1081.48	10692
1083.814	10820
1086.143	10716
1088.471	10598
1090.799	10693
1093.126	10582
1095.452	10750
1097.78	10774
1100.105	10773
1102.43	10706
1104.754	10621
1107.077	10728
1109.4	10744
1111.722	10658
1114.044	10822
1116.365	10780
1118.685	10837
1121.005	10867
1123.324	10839
1125.643	10733
1127.961	10850
1130.278	10914
1132.595	10952
1134.911	10913
1137.226	10861
1139.541	10851
1141.854	10717
1144.167	10862
1146.482	10880
1148.793	10900
1151.105	10921
1153.414	10828
1155.725	10831
1158.033	10859
1160.344	10794
1162.651	10984
1164.959	10891
1167.265	10718
1169.572	10807
1171.878	11059
1174.184	10843
1176.488	10857
1178.79	10841
1181.094	10878
1183.396	10787
1185.699	10781
1188.001	10862
1190.301	10774
1192.6	10820
1194.9	10732
1197.2	10983
1199.497	10856
1201.794	10968
1204.09	10710
1206.387	10888
1208.684	10990
1210.978	10973
1213.272	10910
1215.565	10886
1217.858	10982
1220.15	10973
1222.443	10884
1224.734	10987
1227.024	10972
1229.313	10968
1231.602	11032
1233.892	11070
1236.18	11008
1238.467	10915
1240.754	11157
1243.04	11152
1245.325	11140
1247.612	11222
1249.896	11191
1252.178	11030
1254.461	11135
1256.743	11146
1259.027	11188
1261.308	11269
1263.587	11175
1265.867	11214
1268.146	11188
1270.425	11117
1272.703	11164
1274.981	11248
1277.256	11153
1279.532	11245
1281.808	10969
1284.083	11191
1286.358	11232
1288.63	11066
1290.904	10947
1293.175	11086
1295.449	11096
1297.719	10956
1299.99	11222
1302.259	10915
1304.529	11066
1306.798	11169
1309.065	11080
1311.333	11051
1313.599	11147
1315.866	11100
1318.131	11077
1320.396	11116
1322.66	10994
1324.925	11201
1327.187	10947
1329.448	11229
1331.711	11131
1333.974	11203
1336.234	11145
1338.493	11110
1340.752	11031
1343.01	11039
1345.269	11043
1347.526	11140
1349.784	11104
1352.04	11048
1354.295	11030
1356.552	11143
1358.806	11196
1361.059	11134
1363.312	11108
1365.564	11111
1367.818	11054
1370.069	11154
1372.318	11206
1374.568	11164
1376.817	11313
1379.066	11189
1381.316	11081
1383.564	11176
1385.809	11153
1388.056	11102
1390.301	11217
1392.549	11228
1394.793	11352
1397.036	11228
1399.279	11256
1401.522	11418
1403.763	11475
1406.007	11339
1408.248	11225
1410.487	11306
1412.727	11510
1414.965	11489
1417.205	11395
1419.442	11291
1421.68	11346
1423.915	11366
1426.152	11278
1428.388	11381
1430.623	11210
1432.857	11500
1435.091	11361
1437.323	11529
1439.556	11539
1441.789	11328
1444.019	11424
1446.25	11342
1448.48	11494
1450.708	11584
1452.938	11395
1455.167	11545
1457.394	11571
1459.62	11488
1461.846	11496
1464.073	11430
1466.299	11480
1468.523	11417
1470.746	11546
1472.969	11477
1475.191	11380
1477.415	11401
1479.636	11319
1481.858	11397
1484.078	11139
1486.298	11253
1488.518	11368
1490.736	11361
1492.954	11128
1495.169	11098
1497.386	11225
1499.602	11263
1501.819	11224
1504.034	11162
1506.248	11304
1508.462	11033
1510.675	11149
1512.888	11213
1515.1	11181
1517.311	11199
1519.522	11133
1521.732	11300
1523.942	11251
1526.151	11184
1528.36	11114
1530.566	11200
1532.773	11205
1534.98	11223
1537.187	11343
1539.392	11227
1541.596	11236
1543.801	11293
1546.005	11263
1548.208	11289
1550.411	11220
1552.612	11419
1554.814	11364
1557.013	11253
1559.212	11397
1561.414	11408
1563.612	11343
1565.811	11461
1568.007	11421
1570.203	11543
1572.403	11273
1574.598	11426
1576.792	11318
1578.988	11520
1581.181	11428
1583.376	11466
1585.568	11334
1587.761	11536
1589.952	11736
1592.143	11446
1594.333	11602
1596.524	11559
1598.715	11542
1600.903	11571
1603.091	11436
1605.278	11612
1607.466	11648
1609.652	11409
1611.838	11604
1614.023	11519
1616.207	11492
1618.391	11516
1620.576	11348
1622.759	11711
1624.941	11665
1627.123	11616
1629.304	11482
1631.484	11604
1633.664	11514
1635.844	11634
1638.022	11434
1640.201	11512
1642.38	11676
1644.556	11592
1646.732	11631
1648.908	11540
1651.084	11562
1653.257	11546
1655.433	11537
1657.607	11638
1659.779	11531
1661.951	11496
1664.122	11569
1666.295	11569
1668.467	11708
1670.635	11568
1672.805	11626
1674.973	11510
1677.142	11515
1679.31	11537
1681.478	11610
1683.644	11686
1685.81	11617
1687.975	11519
1690.142	11473
1692.305	11434
1694.468	11523
1696.632	11500
1698.794	11593
1700.957	11605
1703.119	11474
1705.279	11394
1707.439	11493
1709.598	11559
1711.758	11534
1713.917	11519
1716.075	11684
1718.231	11541
1720.388	11465
1722.543	11548
1724.702	11642
1726.856	11512
1729.01	11435
1731.164	11404
1733.317	11578
1735.471	11437
1737.623	11490
1739.774	11464
1741.925	11576
1744.075	11461
1746.225	11564
1748.376	11508
1750.524	11530
1752.672	11529
1754.82	11556
1756.965	11767
1759.113	11436
1761.259	11619
1763.405	11626
1765.549	11606
1767.694	11359
1769.836	11552
1771.981	11664
1774.123	11601
1776.264	11564
1778.405	11728
1780.546	11582
1782.687	11410
1784.827	11557
1786.966	11622
1789.103	11580
1791.242	11713
1793.381	11583
1795.517	11439
1797.653	11729
1799.788	11638
1801.923	11774
1804.057	11549
1806.193	11654
1808.326	11665
1810.457	11676
1812.59	11423
1814.721	11714
1816.855	11499
1818.984	11741
1821.113	11570
1823.244	11603
1825.372	11495
1827.499	11588
1829.63	11350
1831.756	11465
1833.882	11540
1836.007	11562
1838.132	11536
1840.26	11630
1842.384	11558
1844.507	11419
1846.63	11471
1848.752	11560
1850.875	11505
1852.996	11435
1855.118	11464
1857.238	11321
1859.358	11400
1861.477	11632
1863.597	11491
1865.715	11464
1867.832	11568
1869.948	11514
1872.064	11413
1874.181	11489
1876.297	11318
1878.411	11330
1880.526	11430
1882.639	11516
1884.752	11400
1886.865	11574
1888.977	11522
1891.089	11450
1893.2	11397
1895.308	11430
1897.42	11535
1899.53	11587
1901.639	11457
1903.745	11473
1905.853	11489
1907.962	11462
1910.067	11595
1912.174	11547
1914.278	11518
1916.383	11556
1918.486	11628
1920.592	11723
1922.694	11489
1924.797	11460
1926.898	11584
1929	11586
1931.102	11472
1933.203	11689
1935.301	11570
1937.401	11410
1939.499	11641
1941.598	11613
1943.697	11589
1945.793	11473
1947.888	11813
1949.985	11549
1952.08	11591
1954.176	11350
1956.269	11428
1958.364	11309
1960.457	11745
1962.549	11369
1964.642	11646
1966.733	11759
1968.823	11519
1970.913	11476
1973.005	11436
1975.093	11674
1977.184	11576
1979.271	11403
1981.359	11281
1983.446	11518
1985.532	11357
1987.619	11458
1989.705	11557
1991.789	11410
1993.874	11398
1995.956	11566
1998.041	11510
2000.123	11418
2002.206	11378
2004.287	11434
2006.368	11247
2008.449	11335
2010.529	11385
2012.609	11501
2014.688	11328
2016.766	11389
2018.843	11333
2020.922	11448
2022.999	11379
2025.074	11343
2027.15	11410
2029.225	11263
2031.299	11309
2033.375	11475
2035.447	11425
2037.52	11448
2039.592	11438
2041.664	11410
2043.736	11235
2045.807	11377
2047.876	11330
2049.947	11371
2052.015	11366
2054.086	11391
2056.153	11494
2058.221	11397
2060.288	11352
2062.353	11461
2064.42	11284
2066.486	11437
2068.55	11402
2070.614	11385
2072.678	11520
2074.741	11359
2076.805	11353
2078.866	11296
2080.929	11394
2082.99	11320
2085.049	11438
2087.109	11349
2089.17	11359
2091.228	11451
2093.286	11231
2095.344	11347
2097.4	11428
2099.46	11330
2101.516	11495
2103.572	11349
2105.626	11265
2107.679	11377
2109.735	11329
2111.788	11335
2113.841	11345
2115.894	11429
2117.945	11250
2119.997	11356
2122.049	11249
2124.1	11330
2126.148	11187
2128.197	11299
2130.246	11387
2132.296	11141
2134.342	11279
2136.39	11357
2138.437	11193
2140.483	11290
2142.527	11353
2144.574	11201
2146.619	11332
2148.661	11196
2150.705	11168
2152.747	11238
2154.792	11127
2156.832	11166
2158.874	11316
2160.915	10996
2162.954	11153
2164.995	11247
2167.034	11220
2169.072	11038
2171.111	11245
2173.148	11122
2175.186	11177
2177.223	11006
2179.258	11196
2181.294	11140
2183.328	11010
2185.362	11095
2187.398	11040
2189.431	11034
2191.463	10965
2193.495	10995
2195.528	11105
2197.56	10939
2199.59	11005
2201.62	10967
2203.649	10999
2205.678	10893
2207.708	10972
2209.737	10868
2211.764	11038
2213.791	11038
2215.817	11039
2217.843	11009
2219.87	10931
2221.895	10927
2223.919	10783
2225.942	11022
2227.966	10871
2229.988	10758
2232.012	10849
2234.032	11000
2236.054	10942
2238.074	10806
2240.095	10903
2242.116	11010
2244.135	10974
2246.153	10850
2248.171	10857
2250.188	10933
2252.208	10825
2254.223	10853
2256.239	10837
2258.255	10781
2260.269	11020
2262.283	10924
2264.3	10833
2266.312	10870
2268.325	11054
2270.336	10896
2272.349	10871
2274.362	10792
2276.372	10967
2278.383	10887
2280.392	10901
2282.402	10826
2284.409	10900
2286.418	10857
2288.427	10972
2290.433	10752
2292.441	10875
2294.446	10765
2296.453	10783
2298.459	10812
2300.463	10802
2302.466	10924
2304.471	10859
2306.475	10861
2308.477	10718
2310.478	10656
2312.481	10769
2314.481	10650
2316.481	10756
2318.482	10490
2320.482	10621
2322.48	10909
2324.48	10723
2326.478	10696
2328.476	10719
2330.473	10734
2332.469	10551
2334.465	10843
2336.46	10596
2338.454	10642
2340.45	10711
2342.444	10723
2344.437	10887
2346.43	10599
2348.421	10473
2350.414	10643
2352.405	10617
2354.396	10627
2356.386	10537
2358.376	10610
2360.366	10621
2362.355	10469
2364.343	10708
2366.331	10552
2368.317	10518
2370.304	10404
2372.292	10578
2374.278	10390
2376.262	10546
2378.247	10531
2380.23	10448
2382.216	10452
2384.199	10423
2386.181	10554
2388.163	10454
2390.144	10422
2392.127	10494
2394.107	10269
2396.087	10336
2398.066	10318
2400.046	10616
2402.023	10398
2404.004	10401
2405.981	10389
2407.957	10419
2409.934	10270
2411.91	10332
2413.886	10294
2415.862	10388
2417.836	10357
2419.809	10388
2421.784	10370
2423.756	10343
2425.73	10364
2427.701	10376
2429.672	10370
2431.644	10408
2433.615	10419
2435.586	10254
2437.555	10262
2439.523	10328
2441.491	10286
2443.459	10366
2445.428	10366
2447.395	10221
2449.361	10540
2451.327	10130
2453.292	10198
2455.257	10323
2457.223	10227
2459.187	10279
2461.15	10092
2463.113	10235
2465.076	10362
2467.039	10146
2468.999	10371
2470.96	10088
2472.921	10270
2474.881	10238
2476.841	10199
2478.8	10148
2480.759	10190
2482.717	10123
2484.675	10125
2486.63	10114
2488.589	10200
2490.545	10211
2492.5	9958
2494.455	10106
2496.408	10136
2498.364	10014
2500.318	10108
2502.27	10094
2504.223	10149
2506.174	10205
2508.126	10075
2510.078	10129
2512.03	10089
2513.979	10050
2515.927	10083
2517.877	10130
2519.826	10124
2521.775	10195
2523.722	10194
2525.668	10053
2527.616	10019
2529.561	10129
2531.508	10063
2533.452	10117
2535.398	9961
2537.342	10036
2539.284	10047
2541.229	10038
2543.173	10129
2545.114	9939
2547.055	10040
2548.996	9973
2550.938	10076
2552.878	10095
2554.817	10100
2556.756	9880
2558.695	10035
2560.633	9941
2562.572	9952
2564.509	10020
2566.445	9918
2568.382	10011
2570.317	10013
2572.254	9900
2574.189	10063
2576.123	9892
2578.057	9983
2579.99	10045
2581.923	9887
2583.855	10013
2585.788	10006
2587.719	9821
2589.65	9889
2591.579	10007
2593.511	10006
2595.44	9845
2597.37	9795
2599.297	10156
2601.225	10004
2603.153	9921
2605.08	9962
2607.007	9942
2608.932	9946
2610.858	10050
2612.782	10056
2614.709	9957
2616.632	9928
2618.556	9998
2620.478	9949
2622.401	9978
2624.324	10066
2626.247	9984
2628.167	9999
2630.088	9917
2632.008	9892
2633.928	9993
2635.848	9808
2637.766	9962
2639.684	9892
2641.603	9991
2643.519	9987
2645.437	9988
2647.353	9966
2649.27	9730
2651.184	10002
2653.099	9804
2655.014	9966
2656.928	9842
2658.842	9986
2660.755	9995
2662.667	9895
2664.579	9788
2666.491	9947
2668.402	9831
2670.312	9832
2672.222	9827
2674.132	9877
2676.042	9946
2677.951	9827
2679.859	9830
2681.766	9786
2683.674	9694
2685.582	9630
2687.488	9788
2689.392	9885
2691.298	9648
2693.202	9770
2695.107	9786
2697.012	9699
2698.914	9725
2700.817	9742
2702.72	9773
2704.622	9772
2706.524	9653
2708.425	9626
2710.326	9713
2712.225	9622
2714.125	9590
2716.024	9684
2717.923	9630
2719.822	9631
2721.719	9727
2723.616	9507
2725.512	9638
2727.41	9623
2729.305	9681
2731.201	9699
2733.095	9644
2734.99	9690
2736.884	9594
2738.778	9574
2740.67	9710
2742.562	9675
2744.455	9567
2746.346	9536
2748.238	9448
2750.129	9653
2752.018	9580
2753.907	9462
2755.797	9440
2757.687	9573
2759.575	9408
2761.462	9604
2763.349	9396
2765.237	9367
2767.124	9535
2769.009	9366
2770.894	9531
2772.779	9561
2774.663	9351
2776.547	9417
2778.431	9394
2780.314	9455
2782.197	9508
2784.078	9414
2785.96	9277
2787.842	9436
2789.723	9425
2791.603	9500
2793.483	9338
2795.362	9330
2797.241	9451
2799.121	9375
2800.997	9368
2802.874	9364
2804.751	9449
2806.628	9317
2808.506	9384
2810.38	9401
2812.255	9165
2814.13	9122
2816.003	9451
2817.878	9446
2819.752	9328
2821.623	9423
2823.496	9191
2825.368	9369
2827.238	9292
2829.111	9312
2830.98	9343
2832.851	9318
2834.719	9314
2836.589	9152
2838.458	9266
2840.327	9197
2842.193	9225
2844.061	9379
2845.927	9275
2847.794	9235
2849.66	9288
2851.525	9406
2853.39	9239
2855.254	9218
2857.117	9272
2858.983	9297
2860.845	9326
2862.707	9352
2864.569	9404
2866.431	9348
2868.293	9149
2870.154	9341
2872.013	9369
2873.873	9324
2875.733	9308
2877.592	9458
2879.451	9326
2881.309	9481
2883.166	9375
2885.022	9474
2886.879	9406
2888.736	9504
2890.591	9547
2892.446	9537
2894.301	9472
2896.155	9572
2898.009	9532
2899.863	9358
2901.716	9439
2903.568	9624
2905.419	9460
2907.27	9424
2909.123	9505
2910.973	9450
2912.824	9507
2914.673	9378
2916.521	9491
2918.372	9604
2920.22	9584
2922.067	9359
2923.914	9546
2925.761	9632
2927.607	9444
2929.455	9519
2931.301	9590
2933.144	9566
2934.99	9711
2936.833	9556
2938.678	9469
2940.522	9517
2942.364	9747
2944.207	9637
2946.048	9716
2947.891	9748
2949.731	9771
2951.571	9755
2953.412	9778
2955.25	9664
2957.09	9570
2958.93	9684
2960.767	9658
2962.606	9662
2964.443	9654
2966.279	9635
2968.116	9557
2969.953	9447
2971.788	9351
2973.623	9361
2975.457	9337
2977.292	9231
2979.127	9285
2980.959	9259
2982.792	9174
2984.624	9308
2986.455	9092
2988.288	9211
2990.119	9082
2991.949	8921
2993.779	9097
2995.608	8944
2997.439	8901
2999.268	9012
3001.096	8913
3002.923	8864
3004.751	8772
3006.578	8774
3008.406	8795
3010.232	8845
3012.057	8795
3013.883	8871
3015.706	8752
3017.532	8754
3019.356	8626
3021.179	8653
3023.002	8833
3024.823	8730
3026.646	8742
3028.469	8691
3030.289	8732
3032.11	8528
3033.93	8686
3035.749	8644
3037.57	8585
3039.39	8509
3041.207	8620
3043.026	8542
3044.842	8578
3046.661	8455
3048.477	8440
3050.294	8623
3052.109	8589
3053.925	8496
3055.739	8476
3057.555	8566
3059.368	8623
3061.181	8547
3062.995	8500
3064.807	8538
3066.62	8473
3068.433	8399
3070.243	8357
3072.054	8397
3073.865	8450
3075.675	8405
3077.485	8481
3079.293	8372
3081.102	8498
3082.911	8494
3084.719	8289
3086.527	8428
3088.333	8371
3090.139	8392
3091.945	8139
3093.75	8361
3095.557	8302
3097.361	8367
3099.165	8294
3100.969	8184
3102.772	8260
3104.575	8179
3106.379	8297
3108.181	8262
3109.982	8275
3111.783	8163
3113.584	8246
3115.386	8172
3117.186	8071
3118.985	8145
3120.783	8196
3122.582	8125
3124.381	8059
3126.179	8055
3127.975	8029
3129.772	8041
3131.569	8142
3133.365	8157
3135.161	8070
3136.956	8026
3138.751	8184
3140.544	7978
3142.338	8001
3144.132	8026
3145.925	8101
3147.717	7964
3149.509	7975
3151.301	7967
3153.091	7866
3154.884	8034
3156.673	7901
3158.462	7919
3160.252	7962
3162.041	7990
3163.831	7899
3165.618	7780
3167.405	7972
3169.193	7733
3170.979	7974
3172.767	7871
3174.553	7777
3176.338	7799
3178.123	7905
3179.907	7801
3181.692	7916
3183.477	7759
3185.259	7965
3187.042	7766
3188.824	7718
3190.607	7794
3192.389	7816
3194.17	7775
3195.951	7779
3197.73	7916
3199.51	7796
3201.289	7764
3203.07	7776
3204.848	7781
3206.626	7778
3208.403	7791
3210.18	7797
3211.959	7757
3213.735	7655
3215.511	7802
3217.285	7791
3219.06	7831
3220.836	7698
3222.611	7629
3224.384	7713
3226.158	7571
3227.929	7636
3229.702	7734
3231.476	7610
3233.248	7550
3235.018	7684
3236.789	7655
3238.56	7686
3240.33	7584
3242.1	7610
3243.869	7600
3245.637	7640
3247.405	7653
3249.172	7628
3250.941	7631
3252.707	7410
3254.474	7586
3256.24	7688
3258.006	7407
3259.772	7615
3261.537	7614
3263.301	7654
3265.065	7601
3266.828	7601
3268.592	7754
3270.355	7457
3272.117	7469
3273.878	7499
3275.64	7636
3277.401	7565
3279.162	7546
3280.922	7588
3282.682	7616
3284.441	7459
3286.199	7534
3287.959	7446
3289.716	7459
3291.475	7502
3293.232	7412
3294.988	7564
3296.744	7476
3298.501	7565
3300.256	7544
3302.011	7525
3303.766	7524
3305.52	7511
3307.275	7522
3309.028	7380
3310.781	7556
3312.533	7490
3314.285	7439
3316.038	7458
3317.789	7514
3319.54	7359
3321.289	7386
3323.039	7401
3324.789	7299
3326.539	7438
3328.288	7368
3330.035	7513
3331.783	7310
3333.531	7274
3335.28	7449
3337.025	7371
3338.771	7407
3340.518	7353
3342.262	7295
3344.009	7507
3345.753	7420
3347.497	7353
3349.24	7275
3350.983	7308
3352.726	7378
3354.469	7422
3356.212	7273
3357.952	7239
3359.694	7272
3361.434	7256
3363.176	7421
3364.916	7233
3366.654	7390
3368.394	7269
3370.132	7224
3371.871	7094
3373.61	7300
3375.346	7272
3377.083	7159
3378.82	7242
3380.556	7169
3382.292	7200
3384.027	7317
3385.763	7144
3387.497	7102
3389.231	7160
3390.965	7224
3392.698	7152
3394.431	7119
3396.164	7110
3397.896	7148
3399.627	7239
3401.36	7056
3403.09	7170
3404.82	7163
3406.55	7095
3408.279	7019
3410.01	7030
3411.738	7050
3413.467	7049
3415.194	7153
3416.92	6946
3418.647	7171
3420.375	7033
3422.102	7025
3423.827	7006
3425.553	6938
3427.277	7013
3429.003	7087
3430.727	6942
3432.451	7014
3434.173	6976
3435.896	6926
3437.62	6929
3439.343	7010
3441.063	6904
3442.785	6979
3444.505	6949
3446.226	6925
3447.948	6879
3449.666	6826
3451.386	6917
3453.104	7031
3454.823	6939
3456.541	6849
3458.259	6803
3459.976	6746
3461.693	6756
3463.408	6828
3465.125	6927
3466.841	6819
3468.556	6934
3470.271	6833
3471.985	6841
3473.698	6842
3475.414	6781
3477.126	6736
3478.838	6790
3480.55	6744
3482.263	6781
3483.975	6779
3485.686	6787
3487.396	6678
3489.106	6635
3490.817	6748
3492.526	6655
3494.236	6675
3495.944	6654
3497.652	6675
3499.359	6627
3501.066	6649
3502.775	6677
3504.481	6533
3506.187	6675
3507.893	6575
3509.598	6618
3511.304	6581
3513.009	6536
3514.713	6677
3516.417	6615
3518.12	6608
3519.821	6557
3521.525	6559
3523.228	6495
3524.929	6587
3526.631	6523
3528.33	6452
3530.032	6621
3531.733	6564
3533.433	6597
3535.131	6476
3536.83	6479
3538.529	6456
3540.227	6590
3541.925	6538
3543.623	6469
3545.319	6528
3547.016	6487
3548.712	6513
3550.408	6424
3552.103	6488
3553.798	6452
3555.491	6586
3557.188	6419
3558.88	6494
3560.574	6342
3562.266	6529
3563.959	6414
3565.651	6379
3567.343	6346
3569.035	6459
3570.725	6396
3572.415	6355
3574.106	6320
3575.797	6273
3577.485	6375
3579.174	6396
3580.863	6208
3582.551	6236
3584.238	6407
3585.926	6236
3587.613	6433
3589.3	6358
3590.986	6264
3592.671	6231
3594.357	6384
3596.042	6240
3597.726	6158
3599.41	6259
3601.094	6230
3602.778	6230
3604.461	6160
3606.143	6174
3607.825	6212
3609.507	6217
3611.188	6363
3612.87	6160
3614.551	6122
3616.229	6166
3617.909	6165
3619.589	6165
3621.269	6181
3622.948	6072
3624.625	6173
3626.302	6174
3627.98	6087
3629.657	6207
3631.334	6179
3633.01	6209
3634.686	6134
3636.361	6098
3638.036	6044
3639.712	6109
3641.385	6135
3643.06	6233
3644.732	6024
3646.405	6142
3648.08	6087
3649.751	6040
3651.424	5985
3653.094	5957
3654.766	6054
3656.436	5892
3658.106	6048
3659.777	6043
3661.446	5953
3663.115	5978
3664.783	5903
3666.452	5932
3668.121	5925
3669.788	5898
3671.454	5858
3673.121	5890
3674.789	5840
3676.455	5854
3678.12	5946
3679.784	5943
3681.45	5995
3683.114	5914
3684.779	5862
3686.442	5900
3688.105	5905
3689.768	6048
3691.43	5896
3693.093	5858
3694.754	6036
3696.415	5921
3698.076	5945
3699.736	5988
3701.396	5892
3703.057	5842
3704.716	5892
3706.375	5895
3708.034	5883
3709.692	5849
3711.351	5786
3713.008	5840
3714.665	5952
3716.321	5898
3717.977	5792
3719.634	5840
3721.29	5839
3722.945	5865
3724.598	5671
3726.253	5837
3727.907	5820
3729.561	5828
3731.214	5805
3732.867	5724
3734.518	5759
3736.171	5764
3737.824	5822
3739.474	5759
3741.125	5718
3742.775	5659
3744.425	5671
3746.074	5692
3747.725	5752
3749.373	5748
3751.022	5781
3752.669	5763
3754.318	5658
3755.966	5695
3757.612	5683
3759.259	5694
3760.905	5687
3762.55	5666
3764.197	5554
3765.842	5673
3767.486	5649
3769.131	5676
3770.774	5601
3772.417	5516
3774.061	5669
3775.705	5583
3777.347	5672
3778.988	5663
3780.629	5547
3782.271	5683
3783.912	5445
3785.552	5540
3787.192	5551
3788.831	5549
3790.472	5446
3792.112	5601
3793.75	5577
3795.388	5578
3797.024	5503
3798.661	5493
3800.3	5479
3801.936	5389
3803.572	5470
3805.208	5477
3806.844	5496
3808.48	5526
3810.115	5379
3811.748	5366
3813.382	5412
3815.016	5483
3816.649	5415
3818.283	5409
3819.914	5387
3821.547	5418
3823.178	5301
3824.809	5446
3826.441	5412
3828.072	5469
3829.701	5422
3831.331	5374
3832.96	5496
3834.591	5339
3836.219	5329
3837.847	5451
3839.475	5439
3841.102	5374
3842.729	5321
3844.357	5251
3845.984	5259
3847.609	5288
3849.234	5333
3850.86	5428
3852.485	5355
3854.11	5336
3855.734	5355
3857.357	5384
3858.981	5206
3860.603	5330
3862.227	5175
3863.848	5198
3865.471	5119
3867.092	5251
3868.713	5288
3870.334	5307
3871.954	5164
3873.575	5241
3875.194	5237
3876.813	5264
3878.433	5320
3880.051	5301
3881.669	5210
3883.286	5140
3884.904	5233
3886.52	5212
3888.138	5206
3889.754	5188
3891.37	5225
3892.985	5197
3894.6	5224
3896.216	5198
3897.831	5125
3899.444	5129
3901.058	5256
3902.67	5198
3904.283	5126
3905.897	5099
3907.509	5087
3909.121	5171
3910.731	5050
3912.342	5173
3913.954	5144
3915.563	5105
3917.174	5091
3918.783	5069
3920.391	5177
3922.002	5077
3923.611	5126
3925.218	5115
3926.826	5057
3928.432	5038
3930.039	5268
3931.647	5024
3933.253	5037
3934.859	5034
3936.464	4934
3938.068	5077
3939.675	5080
3941.278	5016
3942.883	4947
3944.486	5006
3946.089	5019
3947.692	4941
3949.295	5084
3950.898	5031
3952.499	5025
3954.1	5007
3955.7	5004
3957.303	4995
3958.903	5025
3960.502	5138
3962.101	4999
3963.7	5065
3965.301	4976
3966.899	5032
3968.497	5063
3970.094	4962
3971.691	4958
3973.288	4945
3974.885	4892
3976.481	4830
3978.077	4947
3979.672	4778
3981.267	4916
3982.863	4861
3984.457	4997
3986.051	4932
3987.645	4837
3989.238	4830
3990.831	4785
3992.425	4763
3994.017	4713
3995.607	4840
3997.199	4843
3998.79	4827
4000.382	4827
4001.973	4830
4003.561	4834
4005.151	4713
4006.741	4847
4008.331	4875
4009.918	4802
4011.507	4616
4013.095	4708
4014.681	4804
4016.269	4713
4017.856	4693
4019.443	4750
4021.028	4769
4022.614	4742
4024.199	4778
4025.785	4742
4027.37	4727
4028.953	4736
4030.536	4597
4032.12	4699
4033.704	4608
4035.287	4708
4036.869	4685
4038.45	4638
4040.032	4714
4041.613	4656
4043.195	4570
4044.776	4519
4046.356	4567
4047.935	4619
4049.515	4591
4051.095	4593
4052.674	4547
4054.251	4581
4055.829	4694
4057.406	4539
4058.985	4576
4060.562	4580
4062.139	4606
4063.715	4526
4065.29	4610
4066.865	4577
4068.442	4475
4070.016	4536
4071.59	4419
4073.164	4557
4074.738	4658
4076.312	4522
4077.885	4541
4079.458	4508
4081.03	4425
4082.602	4511
4084.173	4502
4085.745	4539
4087.315	4540
4088.886	4435
4090.456	4546
4092.026	4404
4093.596	4447
4095.165	4555
4096.734	4443
4098.301	4459
4099.869	4472
4101.437	4451
4103.006	4418
4104.572	4507
4106.139	4397
4107.704	4442
4109.27	4433
4110.837	4357
4112.401	4405
4113.966	4415
4115.53	4426
4117.094	4368
4118.659	4419
4120.223	4357
4121.785	4378
4123.347	4356
4124.909	4381
4126.471	4448
4128.034	4383
4129.595	4368
4131.155	4304
4132.716	4212
4134.275	4291
4135.836	4288
4137.395	4259
4138.955	4306
4140.513	4311
4142.071	4209
4143.628	4199
4145.188	4239
4146.745	4348
4148.302	4336
4149.858	4282
4151.414	4232
4152.971	4214
4154.526	4126
4156.081	4228
4157.635	4240
4159.189	4134
4160.745	4297
4162.298	4235
4163.852	4156
4165.405	4163
4166.957	4191
4168.51	4210
4170.063	4313
4171.614	4181
4173.166	4173
4174.717	4235
4176.267	4170
4177.817	4086
4179.368	4055
4180.917	4123
4182.466	4143
4184.016	4169
4185.564	4101
4187.112	4107
4188.66	4109
4190.207	4059
4191.754	4138
4193.301	4071
4194.848	4172
4196.394	4096
4197.94	4058
4199.484	4074
4201.03	3982
4202.575	4074
4204.12	4150
4205.663	4080
4207.207	4121
4208.75	4072
4210.292	4047
4211.836	4031
4213.378	4007
4214.92	4156
4216.46	4044
4218.002	4067
4219.544	4027
4221.083	4004
4222.625	3956
4224.164	4014
4225.703	3979
4227.244	3977
4228.782	3983
4230.32	4125
4231.857	4030
4233.395	4058
4234.933	4071
4236.471	4048
4238.007	3997
4239.542	3971
4241.078	3918
4242.614	3912
4244.15	4053
4245.685	3985
4247.219	3961
4248.753	3892
4250.287	3930
4251.82	3993
4253.354	3929
4254.887	3845
4256.419	4008
4257.951	3880
4259.483	3971
4261.016	3946
4262.547	3945
4264.078	3938
4265.608	3921
4267.137	3969
4268.668	3892
4270.197	3936
4271.727	3973
4273.254	3850
4274.783	3823
4276.311	3864
4277.84	3829
4279.366	3802
4280.894	3883
4282.42	3867
4283.946	3856
4285.473	3894
4286.998	3834
4288.523	3772
4290.047	3775
4291.572	3775
4293.096	3844
4294.622	3820
4296.144	3811
4297.668	3775
4299.19	3851
4300.713	3801
4302.236	3744
4303.758	3810
4305.279	3803
4306.799	3706
4308.321	3822
4309.842	3739
4311.361	3682
4312.882	3791
4314.401	3793
