400.0961	5828
402.6185	5811
405.1424	5839
407.6635	5839
410.1838	5907
412.7035	5895
415.2225	5841
417.7388	5913
420.2585	5982
422.7754	6016
425.2917	6056
427.8072	6073
430.3221	6039
432.8363	6126
435.3498	6172
437.8626	6072
440.3727	6031
442.8841	6189
445.3969	6208
447.907	6146
450.4142	6187
452.9229	6196
455.4289	6254
457.9362	6239
460.4449	6245
462.9488	6328
465.454	6262
467.9566	6270
470.4604	6304
472.9637	6362
475.4662	6259
477.966	6335
480.4671	6264
482.9656	6253
485.4633	6355
487.9645	6398
490.4608	6416
492.9566	6363
495.4536	6440
497.948	6387
500.4437	6375
502.9387	6365
505.431	6501
507.9226	6410
510.4136	6401
512.9079	6472
515.3975	6481
517.8864	6552
520.3746	6419
522.8622	6507
525.3491	6584
527.8394	6546
530.3249	6497
532.8098	6591
535.2939	6658
537.7774	6587
540.2623	6585
542.7444	6587
545.2259	6532
547.7067	6577
550.1868	6583
552.6683	6610
555.147	6621
557.6231	6636
560.1005	6619
562.5773	6580
565.0534	6618
567.5308	6629
570.0056	6741
572.4776	6798
574.951	6599
577.4237	6719
579.8978	6889
582.3671	6872
584.8378	6674
587.3079	6696
589.7773	6851
592.244	6815
594.714	6760
597.1793	6773
599.6461	6678
602.1121	6808
604.5754	6873
607.0421	6815
609.5042	6885
611.9675	6820
614.4282	6740
616.8902	6775
619.3515	6705
621.8122	6782
624.2702	6831
626.7296	6787
629.1863	6830
631.6423	6875
634.1017	6740
636.5563	6773
639.0104	6770
641.4658	6850
643.9185	6819
646.3725	6925
648.8239	7002
651.2766	6946
653.7266	6889
656.176	6939
658.6247	7014
661.0748	6895
663.5242	6961
665.9709	6900
668.417	6895
670.8624	7016
673.3092	6925
675.7533	6998
678.1968	7169
680.6395	7150
683.0817	7102
685.5251	7038
687.9659	7225
690.4061	7244
692.8456	7021
695.2844	7089
697.7226	7118
700.1621	7103
702.599	7118
705.0332	7152
707.4688	7215
709.9036	7143
712.3399	7173
714.7735	7200
717.2044	7294
719.6367	7363
722.0683	7202
724.4993	7286
726.9296	7357
729.3593	7217
731.7883	7369
734.2147	7403
736.6423	7289
739.0714	7420
741.4958	7335
743.9216	7480
746.3447	7384
748.7691	7352
751.1929	7515
753.616	7488
756.0366	7546
758.4584	7501
760.8776	7416
763.2982	7582
765.718	7682
768.1373	7492
770.5539	7580
772.9698	7598
775.3871	7545
777.8038	7616
780.2178	7523
782.6332	7729
785.0459	7724
787.458	7694
789.8714	7626
792.2842	7662
794.6943	7612
797.1038	7652
799.5127	7618
801.9209	7750
804.3324	7463
806.7393	7666
809.1456	7609
811.5513	7623
813.9562	7592
816.3625	7787
818.7663	7620
821.1693	7721
823.5718	7673
825.9735	7685
828.3746	7797
830.7771	7715
833.177	7699
835.5762	7809
837.9747	7890
840.3727	7665
842.772	7789
845.1666	7736
847.5626	7703
849.958	7943
852.3527	7919
854.7488	7930
857.1403	7909
859.5331	7709
861.9253	7921
864.3168	7760
866.7057	7776
869.098	7816
871.4876	7787
873.8746	7748
876.263	7886
878.6487	7837
881.0378	7898
883.4243	7839
885.8081	7672
888.1933	7833
890.5759	7841
892.9598	7849
895.343	7795
897.7256	7917
900.1057	7880
902.4871	7876
904.8659	7853
907.246	7925
909.6254	7855
912.0023	7963
914.3786	7890
916.7562	8027
919.1331	8215
921.5074	8213
923.8831	8251
926.2562	8261
928.6287	8351
931.0005	8233
933.3757	8175
935.7462	8187
938.1162	8278
940.4855	8265
942.8542	8275
945.2242	8217
947.5916	8312
949.9584	8239
952.3266	8436
954.6921	8629
957.0571	8655
959.4233	8835
961.787	8807
964.15	8848
966.5125	8808
968.8742	8551
971.2354	8572
973.5959	8384
975.9559	8350
978.3151	8304
980.6738	8195
983.0338	8109
985.3912	8111
987.7461	8121
990.1022	8076
992.4578	8050
994.8127	8150
997.1689	8066
999.5207	8055
1001.874	8151
1004.226	8099
1006.576	8076
1008.929	8130
1011.28	8138
1013.628	8179
1015.977	8108
1018.324	8139
1020.674	8039
1023.019	8107
1025.366	8157
1027.713	8194
1030.056	8168
1032.399	8240
1034.746	8272
1037.087	8230
1039.431	8247
1041.771	8263
1044.113	8156
1046.454	8324
1048.793	8346
1051.133	8145
1053.471	8211
1055.807	8167
1058.146	8212
1060.483	8241
1062.818	8321
1065.153	8387
1067.489	8302
1069.822	8310
1072.156	8235
1074.488	8216
1076.82	8272
1079.15	8325
1081.48	8244
1083.814	8365
1086.143	8252
1088.471	8329
1090.799	8247
1093.126	8202
1095.452	8302
1097.78	8284
1100.105	8456
1102.43	8469
1104.754	8339
1107.077	8348
1109.4	8335
1111.722	8455
1114.044	8233
1116.365	8367
1118.685	8380
1121.005	8450
1123.324	8495
1125.643	8458
1127.961	8591
1130.278	8487
1132.595	8441
1134.911	8411
1137.226	8341
1139.541	8459
1141.854	8453
1144.167	8221
1146.482	8457
1148.793	8295
1151.105	8442
1153.414	8448
1155.725	8322
1158.033	8463
1160.344	8325
1162.651	8521
1164.959	8364
1167.265	8422
1169.572	8451
1171.878	8484
1174.184	8505
1176.488	8492
1178.79	8527
1181.094	8555
1183.396	8504
1185.699	8472
1188.001	8469
1190.301	8332
1192.6	8479
1194.9	8440
1197.2	8404
1199.497	8409
1201.794	8411
1204.09	8325
1206.387	8390
1208.684	8571
1210.978	8464
1213.272	8447
1215.565	8414
1217.858	8545
1220.15	8618
1222.443	8497
1224.734	8568
1227.024	8597
1229.313	8577
1231.602	8731
1233.892	8648
1236.18	8576
1238.467	8609
1240.754	8595
1243.04	8740
1245.325	8702
1247.612	8815
1249.896	8738
1252.178	8879
1254.461	8729
1256.743	8666
1259.027	8799
1261.308	8750
1263.587	8748
1265.867	8753
1268.146	8769
1270.425	8700
1272.703	8756
1274.981	8754
1277.256	8743
1279.532	8722
1281.808	8673
1284.083	8658
1286.358	8712
1288.63	8680
1290.904	8581
1293.175	8655
1295.449	8701
1297.719	8722
1299.99	8701
1302.259	8510
1304.529	8663
1306.798	8557
1309.065	8792
1311.333	8702
1313.599	8550
1315.866	8578
1318.131	8652
1320.396	8863
1322.66	8535
1324.925	8710
1327.187	8789
1329.448	8657
1331.711	8671
1333.974	8868
1336.234	8875
1338.493	8801
1340.752	8651
1343.01	8746
1345.269	8731
1347.526	8684
1349.784	8639
1352.04	8607
1354.295	8532
1356.552	8568
1358.806	8614
1361.059	8639
1363.312	8595
1365.564	8819
1367.818	8697
1370.069	8700
1372.318	8797
1374.568	8710
1376.817	8578
1379.066	8783
1381.316	8786
1383.564	8814
1385.809	8761
1388.056	8660
1390.301	8774
1392.549	8843
1394.793	8900
1397.036	9001
1399.279	8869
1401.522	9014
1403.763	8991
1406.007	8978
1408.248	8889
1410.487	8965
1412.727	9138
1414.965	8889
1417.205	9009
1419.442	9060
1421.68	8962
1423.915	8944
1426.152	8908
1428.388	8981
1430.623	8988
1432.857	9077
1435.091	8971
1437.323	9049
1439.556	9058
1441.789	9022
1444.019	9112
1446.25	8985
1448.48	9127
1450.708	9108
1452.938	9180
1455.167	9104
1457.394	9034
1459.62	9078
1461.846	8971
1464.073	9124
1466.299	9039
1468.523	8978
1470.746	8945
1472.969	8913
1475.191	8830
1477.415	9034
1479.636	8786
1481.858	8822
1484.078	8871
1486.298	8778
1488.518	8639
1490.736	8692
1492.954	8697
1495.169	8680
1497.386	8787
1499.602	8838
1501.819	8726
1504.034	8662
1506.248	8622
1508.462	8659
1510.675	8660
1512.888	8755
1515.1	8482
1517.311	8578
1519.522	8507
1521.732	8680
1523.942	8669
1526.151	8779
1528.36	8691
1530.566	8719
1532.773	8636
1534.98	8710
1537.187	8616
1539.392	8719
1541.596	8708
1543.801	8811
1546.005	8818
1548.208	8662
1550.411	8674
1552.612	8794
1554.814	8890
1557.013	8686
1559.212	8895
1561.414	8747
1563.612	8764
1565.811	8889
1568.007	8824
1570.203	8933
1572.403	8818
1574.598	8939
1576.792	8900
1578.988	8952
1581.181	8935
1583.376	9045
1585.568	8874
1587.761	9034
1589.952	8974
1592.143	8882
1594.333	8897
1596.524	9015
1598.715	8883
1600.903	8981
1603.091	8855
1605.278	8920
1607.466	8945
1609.652	8967
1611.838	8942
1614.023	8961
1616.207	9024
1618.391	8932
1620.576	8983
1622.759	9049
1624.941	9053
1627.123	8922
1629.304	8955
1631.484	9111
1633.664	9028
1635.844	9049
1638.022	9049
1640.201	9096
1642.38	9036
1644.556	9204
1646.732	9086
1648.908	9032
1651.084	9149
1653.257	9128
1655.433	9127
1657.607	8996
1659.779	9218
1661.951	9072
1664.122	9224
1666.295	9180
1668.467	9223
1670.635	9176
1672.805	9350
1674.973	9103
1677.142	9028
1679.31	9111
1681.478	9120
1683.644	9106
1685.81	9046
1687.975	9093
1690.142	9086
1692.305	9020
1694.468	9141
1696.632	9091
1698.794	8971
1700.957	8973
1703.119	9000
1705.279	9034
1707.439	9019
1709.598	8967
1711.758	8931
1713.917	9147
1716.075	9071
1718.231	8973
1720.388	8861
1722.543	8871
1724.702	9009
1726.856	8969
1729.01	8955
1731.164	9020
1733.317	9014
1735.471	8944
1737.623	8957
1739.774	8962
1741.925	8869
1744.075	9037
1746.225	9055
1748.376	8944
1750.524	8937
1752.672	8969
1754.82	8898
1756.965	8973
1759.113	8869
1761.259	8941
1763.405	8936
1765.549	8934
1767.694	9005
1769.836	9049
1771.981	9095
1774.123	8984
1776.264	9040
1778.405	9108
1780.546	9125
1782.687	9072
1784.827	8994
1786.966	9107
1789.103	9135
1791.242	9118
1793.381	8978
1795.517	9147
1797.653	9097
1799.788	8987
1801.923	9100
1804.057	9020
1806.193	8869
1808.326	9020
1810.457	8978
1812.59	8967
1814.721	9072
1816.855	9070
1818.984	9109
1821.113	8966
1823.244	8986
1825.372	8999
1827.499	9038
1829.63	9024
1831.756	8994
1833.882	8946
1836.007	9008
1838.132	8921
1840.26	8994
1842.384	8988
1844.507	8989
1846.63	8911
1848.752	8970
1850.875	8978
1852.996	9054
1855.118	9014
1857.238	9043
1859.358	8986
1861.477	8902
1863.597	8932
1865.715	8854
1867.832	8940
1869.948	8928
1872.064	8931
1874.181	8971
1876.297	8938
1878.411	8910
1880.526	8958
1882.639	8780
1884.752	8940
1886.865	8902
1888.977	9088
1891.089	8941
1893.2	8960
1895.308	8991
1897.42	9004
1899.53	8933
1901.639	8808
1903.745	8870
1905.853	9191
1907.962	8905
1910.067	9155
1912.174	9030
1914.278	9165
1916.383	9068
1918.486	9074
1920.592	9018
1922.694	9172
1924.797	9093
1926.898	9086
1929	9029
1931.102	8990
1933.203	9138
1935.301	9076
1937.401	8951
1939.499	9077
1941.598	9111
1943.697	9050
1945.793	9126
1947.888	9197
1949.985	9289
1952.08	9049
1954.176	9013
1956.269	9167
1958.364	9066
1960.457	8948
1962.549	9088
1964.642	9100
1966.733	9082
1968.823	8881
1970.913	9082
1973.005	8965
1975.093	9017
1977.184	8931
1979.271	8974
1981.359	8965
1983.446	9113
1985.532	9053
1987.619	8963
1989.705	9007
1991.789	8946
1993.874	8908
1995.956	9022
1998.041	8880
2000.123	8862
2002.206	9102
2004.287	9026
2006.368	8989
2008.449	9036
2010.529	8901
2012.609	8884
2014.688	8911
2016.766	8887
2018.843	8978
2020.922	8887
2022.999	8954
2025.074	8921
2027.15	8862
2029.225	8877
2031.299	8965
2033.375	8835
2035.447	9006
2037.52	9041
2039.592	8974
2041.664	8928
2043.736	8941
2045.807	8774
2047.876	8940
2049.947	9006
2052.015	8835
2054.086	8944
2056.153	8963
2058.221	8952
2060.288	8832
2062.353	8973
2064.42	8973
2066.486	8942
2068.55	8888
2070.614	9042
2072.678	8875
2074.741	8976
2076.805	8987
2078.866	8922
2080.929	9010
2082.99	8862
2085.049	8871
2087.109	9052
2089.17	8834
2091.228	8980
2093.286	8963
2095.344	9118
2097.4	8906
2099.46	8824
2101.516	8995
2103.572	9020
2105.626	8871
2107.679	9007
2109.735	8858
2111.788	8820
2113.841	8940
2115.894	8836
2117.945	8816
2119.997	8925
2122.049	8979
2124.1	8975
2126.148	8968
2128.197	8838
2130.246	8966
2132.296	8905
2134.342	8936
2136.39	8890
2138.437	8811
2140.483	8807
2142.527	8956
2144.574	8674
2146.619	8952
2148.661	8837
2150.705	8857
2152.747	8978
2154.792	8769
2156.832	8846
2158.874	8879
2160.915	8902
2162.954	8813
2164.995	8812
2167.034	8998
2169.072	8869
2171.111	8796
2173.148	8854
2175.186	8774
2177.223	8883
2179.258	8698
2181.294	8748
2183.328	8661
2185.362	8827
2187.398	8607
2189.431	8771
2191.463	8683
2193.495	8637
2195.528	8669
2197.56	8686
2199.59	8747
2201.62	8673
2203.649	8673
2205.678	8814
2207.708	8599
2209.737	8698
2211.764	8714
2213.791	8573
2215.817	8602
2217.843	8754
2219.87	8586
2221.895	8618
2223.919	8699
2225.942	8575
2227.966	8705
2229.988	8579
2232.012	8677
2234.032	8756
2236.054	8537
2238.074	8547
2240.095	8587
2242.116	8631
2244.135	8642
2246.153	8581
2248.171	8672
2250.188	8639
2252.208	8538
2254.223	8584
2256.239	8493
2258.255	8564
2260.269	8681
2262.283	8649
2264.3	8614
2266.312	8538
2268.325	8720
2270.336	8529
2272.349	8538
2274.362	8621
2276.372	8513
2278.383	8525
2280.392	8579
2282.402	8517
2284.409	8621
2286.418	8604
2288.427	8597
2290.433	8638
2292.441	8675
2294.446	8547
2296.453	8544
2298.459	8603
2300.463	8649
2302.466	8541
2304.471	8590
2306.475	8517
2308.477	8550
2310.478	8530
2312.481	8511
2314.481	8455
2316.481	8582
2318.482	8561
2320.482	8556
2322.48	8528
2324.48	8388
2326.478	8550
2328.476	8486
2330.473	8482
2332.469	8415
2334.465	8455
2336.46	8401
2338.454	8421
2340.45	8447
2342.444	8442
2344.437	8473
2346.43	8495
2348.421	8414
2350.414	8344
2352.405	8282
2354.396	8451
2356.386	8344
2358.376	8443
2360.366	8377
2362.355	8407
2364.343	8394
2366.331	8291
2368.317	8346
2370.304	8323
2372.292	8355
2374.278	8277
2376.262	8420
2378.247	8344
2380.23	8302
2382.216	8302
2384.199	8303
2386.181	8410
2388.163	8267
2390.144	8228
2392.127	8364
2394.107	8375
2396.087	8422
2398.066	8306
2400.046	8232
2402.023	8144
2404.004	8304
2405.981	8233
2407.957	8229
2409.934	8190
2411.91	8292
2413.886	8179
2415.862	8316
2417.836	8176
2419.809	8282
2421.784	8318
2423.756	8178
2425.73	8205
2427.701	8231
2429.672	8251
2431.644	8136
2433.615	8152
2435.586	8124
2437.555	8238
2439.523	8284
2441.491	8223
2443.459	8283
2445.428	8270
2447.395	8172
2449.361	8193
2451.327	8185
2453.292	8123
2455.257	8114
2457.223	8383
2459.187	8234
2461.15	8174
2463.113	8206
2465.076	8156
2467.039	8166
2468.999	8358
2470.96	8044
2472.921	8138
2474.881	8135
2476.841	8072
2478.8	8171
2480.759	8239
2482.717	8102
2484.675	8093
2486.63	8141
2488.589	8121
2490.545	8166
2492.5	7856
2494.455	7998
2496.408	8100
2498.364	8080
2500.318	8116
2502.27	8064
2504.223	7968
2506.174	8112
2508.126	8073
2510.078	8041
2512.03	8021
2513.979	7948
2515.927	8008
2517.877	8022
2519.826	7979
2521.775	8122
2523.722	8042
2525.668	8023
2527.616	8002
2529.561	7959
2531.508	8019
2533.452	8099
2535.398	7995
2537.342	7913
2539.284	7929
2541.229	8065
2543.173	8145
2545.114	7947
2547.055	7899
2548.996	8004
2550.938	7965
2552.878	7996
2554.817	7909
2556.756	8012
2558.695	7937
2560.633	8065
2562.572	7944
2564.509	7932
2566.445	7916
2568.382	8003
2570.317	8009
2572.254	8010
2574.189	7983
2576.123	7951
2578.057	8024
2579.99	7982
2581.923	7950
2583.855	8062
2585.788	7993
2587.719	8009
2589.65	8126
2591.579	7999
2593.511	7981
2595.44	7891
2597.37	7836
2599.297	7998
2601.225	8010
2603.153	8019
2605.08	7870
2607.007	8061
2608.932	8026
2610.858	7912
2612.782	7937
2614.709	7959
2616.632	7963
2618.556	7998
2620.478	7977
2622.401	7898
2624.324	7955
2626.247	7961
2628.167	8022
2630.088	8123
2632.008	7985
2633.928	8027
2635.848	7990
2637.766	7901
2639.684	8018
2641.603	7956
2643.519	7970
2645.437	7977
2647.353	8031
2649.27	7974
2651.184	7979
2653.099	7941
2655.014	7981
2656.928	8102
2658.842	7932
2660.755	7856
2662.667	7938
2664.579	7978
2666.491	7910
2668.402	7853
2670.312	7899
2672.222	7837
2674.132	7917
2676.042	7868
2677.951	7960
2679.859	7820
2681.766	7919
2683.674	7858
2685.582	7847
2687.488	7839
2689.392	7922
2691.298	7885
2693.202	7866
2695.107	7686
2697.012	7922
2698.914	7904
2700.817	7814
2702.72	7774
2704.622	7768
2706.524	7786
2708.425	7711
2710.326	7879
2712.225	7848
2714.125	7803
2716.024	7971
2717.923	7736
2719.822	7841
2721.719	7753
2723.616	7690
2725.512	7786
2727.41	7736
2729.305	7693
2731.201	7684
2733.095	7822
2734.99	7685
2736.884	7785
2738.778	7810
2740.67	7821
2742.562	7688
2744.455	7794
2746.346	7663
2748.238	7708
2750.129	7679
2752.018	7806
2753.907	7732
2755.797	7733
2757.687	7636
2759.575	7681
2761.462	7694
2763.349	7527
2765.237	7737
2767.124	7707
2769.009	7639
2770.894	7640
2772.779	7692
2774.663	7632
2776.547	7605
2778.431	7599
2780.314	7594
2782.197	7701
2784.078	7613
2785.96	7513
2787.842	7702
2789.723	7563
2791.603	7607
2793.483	7537
2795.362	7605
2797.241	7617
2799.121	7594
2800.997	7593
2802.874	7634
2804.751	7582
2806.628	7567
2808.506	7673
2810.38	7576
2812.255	7533
2814.13	7533
2816.003	7538
2817.878	7663
2819.752	7614
2821.623	7635
2823.496	7567
2825.368	7583
2827.238	7474
2829.111	7644
2830.98	7676
2832.851	7568
2834.719	7605
2836.589	7570
2838.458	7637
2840.327	7568
2842.193	7731
2844.061	7506
2845.927	7654
2847.794	7733
2849.66	7616
2851.525	7569
2853.39	7590
2855.254	7652
2857.117	7623
2858.983	7669
2860.845	7767
2862.707	7737
2864.569	7809
2866.431	7745
2868.293	7704
2870.154	7764
2872.013	7937
2873.873	7788
2875.733	7811
2877.592	7972
2879.451	7965
2881.309	8004
2883.166	8031
2885.022	8035
2886.879	8016
2888.736	8014
2890.591	8142
2892.446	8259
2894.301	8008
2896.155	8010
2898.009	8300
2899.863	8119
2901.716	8185
2903.568	7934
2905.419	8182
2907.27	8131
2909.123	8073
2910.973	8115
2912.824	8119
2914.673	8190
2916.521	8062
2918.372	8302
2920.22	8341
2922.067	8206
2923.914	8318
2925.761	8376
2927.607	8446
2929.455	8521
2931.301	8482
2933.144	8507
2934.99	8495
2936.833	8595
2938.678	8604
2940.522	8511
2942.364	8691
2944.207	8811
2946.048	8781
2947.891	8988
2949.731	8928
2951.571	9055
2953.412	8899
2955.25	8889
2957.09	8714
2958.93	8893
2960.767	8820
2962.606	8729
2964.443	8702
2966.279	8628
2968.116	8364
2969.953	8368
2971.788	8410
2973.623	8259
2975.457	8169
2977.292	8094
2979.127	8103
2980.959	7994
2982.792	8014
2984.624	7952
2986.455	7927
2988.288	7954
2990.119	7824
2991.949	7762
2993.779	7837
2995.608	7730
2997.439	7747
2999.268	7660
3001.096	7837
3002.923	7504
3004.751	7615
3006.578	7467
3008.406	7398
3010.232	7586
3012.057	7332
3013.883	7375
3015.706	7220
3017.532	7351
3019.356	7216
3021.179	7272
3023.002	7340
3024.823	7266
3026.646	7157
3028.469	7131
3030.289	7199
3032.11	7107
3033.93	7234
3035.749	7093
3037.57	7097
3039.39	7189
3041.207	7101
3043.026	7142
3044.842	7119
3046.661	7056
3048.477	7060
3050.294	7036
3052.109	7043
3053.925	7171
3055.739	6921
3057.555	7081
3059.368	7042
3061.181	7160
3062.995	7219
3064.807	7108
3066.62	7088
3068.433	7039
3070.243	7120
3072.054	7060
3073.865	6996
3075.675	6948
3077.485	7011
3079.293	6992
3081.102	7106
3082.911	6951
3084.719	6900
3086.527	6913
3088.333	6985
3090.139	6897
3091.945	6899
3093.75	6938
3095.557	6826
3097.361	6847
3099.165	6826
3100.969	6816
3102.772	6824
3104.575	6861
3106.379	6720
3108.181	6834
3109.982	6934
3111.783	6813
3113.584	6878
3115.386	6788
3117.186	6692
3118.985	6765
3120.783	6830
3122.582	6728
3124.381	6728
3126.179	6729
3127.975	6749
3129.772	6697
3131.569	6700
3133.365	6557
3135.161	6782
3136.956	6731
3138.751	6732
3140.544	6571
3142.338	6599
3144.132	6646
3145.925	6690
3147.717	6568
3149.509	6627
3151.301	6688
3153.091	6614
3154.884	6624
3156.673	6531
3158.462	6563
3160.252	6581
3162.041	6671
3163.831	6570
3165.618	6639
3167.405	6630
3169.193	6637
3170.979	6481
3172.767	6496
3174.553	6652
3176.338	6573
3178.123	6526
3179.907	6464
3181.692	6520
3183.477	6518
3185.259	6565
3187.042	6556
3188.824	6480
3190.607	6514
3192.389	6503
3194.17	6421
3195.951	6523
3197.73	6528
3199.51	6498
3201.289	6477
3203.07	6482
3204.848	6467
3206.626	6419
3208.403	6362
3210.18	6336
3211.959	6392
3213.735	6506
3215.511	6505
3217.285	6365
3219.06	6379
3220.836	6448
3222.611	6560
3224.384	6495
3226.158	6383
3227.929	6437
3229.702	6544
3231.476	6420
3233.248	6339
3235.018	6472
3236.789	6441
3238.56	6402
3240.33	6398
3242.1	6372
3243.869	6500
3245.637	6476
3247.405	6446
3249.172	6424
3250.941	6430
3252.707	6392
3254.474	6408
3256.24	6351
3258.006	6406
3259.772	6444
3261.537	6311
3263.301	6478
3265.065	6337
3266.828	6438
3268.592	6379
3270.355	6368
3272.117	6396
3273.878	6538
3275.64	6493
3277.401	6479
3279.162	6364
3280.922	6448
3282.682	6409
3284.441	6401
3286.199	6374
3287.959	6494
3289.716	6357
3291.475	6348
3293.232	6345
3294.988	6456
3296.744	6366
3298.501	6298
3300.256	6443
3302.011	6399
3303.766	6284
3305.52	6378
3307.275	6427
3309.028	6297
3310.781	6414
3312.533	6392
3314.285	6401
3316.038	6293
3317.789	6358
3319.54	6336
3321.289	6252
3323.039	6306
3324.789	6341
3326.539	6333
3328.288	6281
3330.035	6483
3331.783	6176
3333.531	6296
3335.28	6307
3337.025	6303
3338.771	6259
3340.518	6278
3342.262	6245
3344.009	6235
3345.753	6250
3347.497	6203
3349.24	6165
3350.983	6161
3352.726	6197
3354.469	6237
3356.212	6153
3357.952	6118
3359.694	6071
3361.434	6285
3363.176	6127
3364.916	6190
3366.654	6109
3368.394	6242
3370.132	6300
3371.871	6075
3373.61	6172
3375.346	6080
3377.083	6224
3378.82	6128
3380.556	6135
3382.292	6097
3384.027	6223
3385.763	6099
3387.497	6033
3389.231	6130
3390.965	6070
3392.698	5960
3394.431	6084
3396.164	6077
3397.896	6121
3399.627	6043
3401.36	6012
3403.09	5984
3404.82	6088
3406.55	6002
3408.279	5950
3410.01	6049
3411.738	6121
3413.467	5955
3415.194	5921
3416.92	5943
3418.647	6080
3420.375	5961
3422.102	5982
3423.827	6017
3425.553	5917
3427.277	6005
3429.003	5988
3430.727	5876
3432.451	5929
3434.173	5904
3435.896	5925
3437.62	5860
3439.343	5946
3441.063	5837
3442.785	5962
3444.505	5750
3446.226	5847
3447.948	5866
3449.666	5868
3451.386	5874
3453.104	5867
3454.823	5843
3456.541	5807
3458.259	5699
3459.976	5772
3461.693	5779
3463.408	5930
3465.125	5813
3466.841	5774
3468.556	5797
3470.271	5814
3471.985	5750
3473.698	5713
3475.414	5676
3477.126	5817
3478.838	5816
3480.55	5803
3482.263	5685
3483.975	5657
3485.686	5767
3487.396	5652
3489.106	5689
3490.817	5608
3492.526	5660
3494.236	5636
3495.944	5588
3497.652	5716
3499.359	5509
3501.066	5539
3502.775	5462
3504.481	5595
3506.187	5585
3507.893	5704
3509.598	5560
3511.304	5637
3513.009	5587
3514.713	5555
3516.417	5638
3518.12	5658
3519.821	5602
3521.525	5535
3523.228	5612
3524.929	5564
3526.631	5521
3528.33	5543
3530.032	5452
3531.733	5571
3533.433	5469
3535.131	5453
3536.83	5391
3538.529	5561
3540.227	5484
3541.925	5452
3543.623	5478
3545.319	5463
3547.016	5381
3548.712	5348
3550.408	5409
3552.103	5505
3553.798	5378
3555.491	5408
3557.188	5397
3558.88	5457
3560.574	5375
3562.266	5402
3563.959	5371
3565.651	5476
3567.343	5284
3569.035	5294
3570.725	5268
3572.415	5358
3574.106	5410
3575.797	5376
3577.485	5400
3579.174	5321
3580.863	5325
3582.551	5389
3584.238	5333
3585.926	5395
3587.613	5326
3589.3	5250
3590.986	5404
3592.671	5269
3594.357	5333
3596.042	5331
3597.726	5300
3599.41	5383
3601.094	5174
3602.778	5226
3604.461	5128
3606.143	5138
3607.825	5247
3609.507	5141
3611.188	5220
3612.87	5234
3614.551	5133
3616.229	5123
3617.909	5199
3619.589	5128
3621.269	5141
3622.948	5092
3624.625	5146
3626.302	5163
3627.98	5101
3629.657	5088
3631.334	5139
3633.01	5101
3634.686	5001
3636.361	5096
3638.036	5072
3639.712	5056
3641.385	4990
3643.06	5124
3644.732	4970
3646.405	4987
3648.08	4972
3649.751	5078
3651.424	5004
3653.094	4901
3654.766	5014
3656.436	5046
3658.106	5096
3659.777	5036
3661.446	4885
3663.115	5006
3664.783	4930
3666.452	4918
3668.121	5068
3669.788	4979
3671.454	5022
3673.121	5003
3674.789	4942
3676.455	4931
3678.12	4942
3679.784	5063
3681.45	4849
3683.114	4906
3684.779	4954
3686.442	4944
3688.105	4864
3689.768	4856
3691.43	4952
3693.093	4867
3694.754	4908
3696.415	4952
3698.076	4885
3699.736	4877
3701.396	4855
3703.057	4845
3704.716	4889
3706.375	4810
3708.034	4739
3709.692	4832
3711.351	4871
3713.008	4951
3714.665	4951
3716.321	4901
3717.977	4845
3719.634	4865
3721.29	4821
3722.945	4898
3724.598	4777
3726.253	4850
3727.907	4856
3729.561	4835
3731.214	4706
3732.867	4815
3734.518	4805
3736.171	4794
3737.824	4833
3739.474	4859
3741.125	4753
3742.775	4761
3744.425	4807
3746.074	4863
3747.725	4816
3749.373	4752
3751.022	4805
3752.669	4739
3754.318	4803
3755.966	4750
3757.612	4678
3759.259	4670
3760.905	4677
3762.55	4689
3764.197	4752
3765.842	4594
3767.486	4653
3769.131	4707
3770.774	4624
3772.417	4689
3774.061	4646
3775.705	4693
3777.347	4662
3778.988	4667
3780.629	4623
3782.271	4603
3783.912	4686
3785.552	4716
3787.192	4528
3788.831	4655
3790.472	4552
3792.112	4728
3793.75	4540
3795.388	4648
3797.024	4661
3798.661	4598
3800.3	4671
3801.936	4530
3803.572	4630
3805.208	4582
3806.844	4591
3808.48	4553
3810.115	4553
3811.748	4533
3813.382	4594
3815.016	4632
3816.649	4557
3818.283	4595
3819.914	4587
3821.547	4523
3823.178	4507
3824.809	4515
3826.441	4511
3828.072	4580
3829.701	4416
3831.331	4581
3832.96	4551
3834.591	4508
3836.219	4517
3837.847	4516
3839.475	4496
3841.102	4441
3842.729	4589
3844.357	4523
3845.984	4486
3847.609	4334
3849.234	4493
3850.86	4452
3852.485	4415
3854.11	4468
3855.734	4431
3857.357	4486
3858.981	4413
3860.603	4348
3862.227	4443
3863.848	4347
3865.471	4370
3867.092	4505
3868.713	4420
3870.334	4453
3871.954	4368
3873.575	4318
3875.194	4457
3876.813	4432
3878.433	4414
3880.051	4385
3881.669	4368
3883.286	4376
3884.904	4305
3886.52	4387
3888.138	4388
3889.754	4312
3891.37	4276
3892.985	4274
3894.6	4415
3896.216	4340
3897.831	4319
3899.444	4351
3901.058	4324
3902.67	4393
3904.283	4297
3905.897	4329
3907.509	4252
3909.121	4281
3910.731	4313
3912.342	4346
3913.954	4358
3915.563	4323
3917.174	4273
3918.783	4272
3920.391	4327
3922.002	4378
3923.611	4351
3925.218	4267
3926.826	4256
3928.432	4281
3930.039	4284
3931.647	4242
3933.253	4240
3934.859	4283
3936.464	4288
3938.068	4205
3939.675	4317
3941.278	4253
3942.883	4246
3944.486	4197
3946.089	4341
3947.692	4176
3949.295	4295
3950.898	4248
3952.499	4221
3954.1	4229
3955.7	4169
3957.303	4266
3958.903	4162
3960.502	4143
3962.101	4183
3963.7	4082
3965.301	4250
3966.899	4141
3968.497	4140
3970.094	4220
3971.691	4189
3973.288	4127
3974.885	4193
3976.481	4120
3978.077	4127
3979.672	4153
3981.267	3996
3982.863	4093
3984.457	4154
3986.051	4110
3987.645	4134
3989.238	4053
3990.831	4066
3992.425	4111
3994.017	4065
3995.607	4129
3997.199	4009
3998.79	4036
4000.382	4096
4001.973	4016
4003.561	4106
4005.151	3990
4006.741	4078
4008.331	4023
4009.918	3992
4011.507	4024
4013.095	3975
4014.681	4061
4016.269	3976
4017.856	3952
4019.443	3930
4021.028	3932
4022.614	4044
4024.199	3927
4025.785	4000
4027.37	3917
4028.953	4078
4030.536	3854
4032.12	4007
4033.704	3907
4035.287	3859
4036.869	3914
4038.45	3979
4040.032	3940
4041.613	3909
4043.195	3847
4044.776	3914
4046.356	3925
4047.935	3915
4049.515	3946
4051.095	3831
4052.674	3811
4054.251	3850
4055.829	3879
4057.406	3958
4058.985	3758
4060.562	3812
4062.139	3896
4063.715	3810
4065.29	3835
4066.865	3905
4068.442	3809
4070.016	3818
4071.59	3842
4073.164	3884
4074.738	3860
4076.312	3876
4077.885	3863
4079.458	3823
4081.03	3863
4082.602	3766
4084.173	3778
4085.745	3822
4087.315	3788
4088.886	3743
4090.456	3717
4092.026	3857
4093.596	3771
4095.165	3797
4096.734	3763
4098.301	3801
4099.869	3740
4101.437	3751
4103.006	3744
4104.572	3775
4106.139	3847
4107.704	3718
4109.27	3786
4110.837	3692
4112.401	3792
4113.966	3724
4115.53	3718
4117.094	3788
4118.659	3717
4120.223	3703
4121.785	3670
4123.347	3711
4124.909	3697
4126.471	3594
4128.034	3697
4129.595	3727
4131.155	3705
4132.716	3599
4134.275	3617
4135.836	3688
4137.395	3686
4138.955	3613
4140.513	3636
4142.071	3711
4143.628	3623
4145.188	3607
4146.745	3670
4148.302	3583
4149.858	3565
4151.414	3665
4152.971	3594
4154.526	3646
4156.081	3620
4157.635	3700
4159.189	3613
4160.745	3553
4162.298	3550
4163.852	3607
4165.405	3630
4166.957	3519
4168.51	3525
4170.063	3604
4171.614	3609
4173.166	3507
4174.717	3556
4176.267	3548
4177.817	3502
4179.368	3511
4180.917	3510
4182.466	3531
4184.016	3508
4185.564	3540
4187.112	3495
4188.66	3494
4190.207	3488
4191.754	3460
4193.301	3510
4194.848	3461
4196.394	3492
4197.94	3498
4199.484	3530
4201.03	3512
4202.575	3466
4204.12	3408
4205.663	3459
4207.207	3458
4208.75	3503
4210.292	3466
4211.836	3420
4213.378	3442
4214.92	3459
4216.46	3375
4218.002	3485
4219.544	3404
4221.083	3368
4222.625	3444
4224.164	3460
4225.703	3373
4227.244	3484
4228.782	3437
4230.32	3328
4231.857	3367
4233.395	3465
4234.933	3343
4236.471	3383
4238.007	3424
4239.542	3395
4241.078	3389
4242.614	3442
4244.15	3416
4245.685	3409
4247.219	3354
4248.753	3348
4250.287	3366
4251.82	3358
4253.354	3307
4254.887	3358
4256.419	3362
4257.951	3348
4259.483	3268
4261.016	3420
4262.547	3306
4264.078	3339
4265.608	3293
4267.137	3345
4268.668	3330
4270.197	3349
4271.727	3376
4273.254	3396
4274.783	3333
4276.311	3307
4277.84	3315
4279.366	3344
4280.894	3299
4282.42	3285
4283.946	3224
4285.473	3307
4286.998	3253
4288.523	3298
4290.047	3247
4291.572	3281
4293.096	3308
4294.622	3277
4296.144	3280
4297.668	3330
4299.19	3236
4300.713	3260
4302.236	3310
4303.758	3203
4305.279	3291
4306.799	3198
4308.321	3172
4309.842	3244
4311.361	3184
4312.882	3288
4314.401	3237
