400.0961	4379
402.6185	4415
405.1424	4490
407.6635	4467
410.1838	4585
412.7035	4400
415.2225	4544
417.7388	4514
420.2585	4578
422.7754	4606
425.2917	4621
427.8072	4628
430.3221	4673
432.8363	4645
435.3498	4746
437.8626	4709
440.3727	4681
442.8841	4692
445.3969	4649
447.907	4729
450.4142	4672
452.9229	4718
455.4289	4682
457.9362	4765
460.4449	4640
462.9488	4681
465.454	4688
467.9566	4714
470.4604	4710
472.9637	4722
475.4662	4684
477.966	4699
480.4671	4737
482.9656	4770
485.4633	4777
487.9645	4838
490.4608	4859
492.9566	4784
495.4536	4900
497.948	4853
500.4437	4865
502.9387	4724
505.431	4912
507.9226	4830
510.4136	4851
512.9079	4881
515.3975	4859
517.8864	4891
520.3746	4861
522.8622	4971
525.3491	4853
527.8394	4919
530.3249	4867
532.8098	4966
535.2939	4969
537.7774	4983
540.2623	4885
542.7444	4848
545.2259	4892
547.7067	4927
550.1868	4928
552.6683	4901
555.147	4895
557.6231	4870
560.1005	4980
562.5773	4909
565.0534	4932
567.5308	4924
570.0056	4958
572.4776	5040
574.951	5074
577.4237	5000
579.8978	5080
582.3671	5118
584.8378	5050
587.3079	5167
589.7773	5121
592.244	5104
594.714	5139
597.1793	5121
599.6461	5047
602.1121	5047
604.5754	5120
607.0421	5083
609.5042	5137
611.9675	5074
614.4282	5127
616.8902	5078
619.3515	5180
621.8122	5085
624.2702	5084
626.7296	5042
629.1863	4988
631.6423	5065
634.1017	5121
636.5563	5069
639.0104	5100
641.4658	5031
643.9185	5128
646.3725	5128
648.8239	5079
651.2766	5150
653.7266	5023
656.176	5178
658.6247	5104
661.0748	5172
663.5242	5258
665.9709	5152
668.417	5244
670.8624	5272
673.3092	5224
675.7533	5228
678.1968	5235
680.6395	5322
683.0817	5353
685.5251	5314
687.9659	5301
690.4061	5292
692.8456	5267
695.2844	5300
697.7226	5338
700.1621	5361
702.599	5243
705.0332	5276
707.4688	5314
709.9036	5315
712.3399	5343
714.7735	5469
717.2044	5436
719.6367	5439
722.0683	5523
724.4993	5450
726.9296	5437
729.3593	5403
731.7883	5465
734.2147	5431
736.6423	5452
739.0714	5428
741.4958	5496
743.9216	5526
746.3447	5535
748.7691	5705
751.1929	5614
753.616	5527
756.0366	5698
758.4584	5596
760.8776	5615
763.2982	5519
765.718	5570
768.1373	5704
770.5539	5619
772.9698	5625
775.3871	5671
777.8038	5506
780.2178	5724
782.6332	5654
785.0459	5631
787.458	5792
789.8714	5634
792.2842	5703
794.6943	5711
797.1038	5669
799.5127	5643
801.9209	5719
804.3324	5679
806.7393	5658
809.1456	5684
811.5513	5707
813.9562	5664
816.3625	5781
818.7663	5620
821.1693	5846
823.5718	5640
825.9735	5900
828.3746	5767
830.7771	5690
833.177	5782
835.5762	5648
837.9747	5825
840.3727	5850
842.772	5772
845.1666	5766
847.5626	5861
849.958	5718
852.3527	5947
854.7488	5908
857.1403	5869
859.5331	5889
861.9253	5912
864.3168	5847
866.7057	5887
869.098	5869
871.4876	5808
873.8746	5794
876.263	5916
878.6487	5862
881.0378	5899
883.4243	5846
885.8081	5887
888.1933	5859
890.5759	5910
892.9598	5726
895.343	5792
897.7256	5857
900.1057	5897
902.4871	5859
904.8659	5801
907.246	5954
909.6254	5868
912.0023	5925
914.3786	6082
916.7562	6079
919.1331	6168
921.5074	6224
923.8831	6294
926.2562	6354
928.6287	6232
931.0005	6187
933.3757	6205
935.7462	6201
938.1162	6230
940.4855	6208
942.8542	6288
945.2242	6195
947.5916	6309
949.9584	6365
952.3266	6432
954.6921	6594
957.0571	6813
959.4233	6809
961.787	6935
964.15	6951
966.5125	6710
968.8742	6686
971.2354	6432
973.5959	6277
975.9559	6158
978.3151	6223
980.6738	6112
983.0338	6093
985.3912	6098
987.7461	6016
990.1022	6144
992.4578	6020
994.8127	6062
997.1689	6160
999.5207	6104
1001.874	6036
1004.226	6192
1006.576	6039
1008.929	6082
1011.28	6155
1013.628	6063
1015.977	6006
1018.324	5984
1020.674	6164
1023.019	6012
1025.366	6106
1027.713	6178
1030.056	6118
1032.399	6214
1034.746	6105
1037.087	6105
1039.431	6112
1041.771	6226
1044.113	6044
1046.454	6102
1048.793	6148
1051.133	6150
1053.471	6203
1055.807	6307
1058.146	6117
1060.483	6230
1062.818	6221
1065.153	6221
1067.489	6242
1069.822	6132
1072.156	6371
1074.488	6384
1076.82	6278
1079.15	6290
1081.48	6163
1083.814	6294
1086.143	6202
1088.471	6257
1090.799	6192
1093.126	6205
1095.452	6235
1097.78	6284
1100.105	6300
1102.43	6212
1104.754	6306
1107.077	6207
1109.4	6229
1111.722	6195
1114.044	6299
1116.365	6238
1118.685	6217
1121.005	6316
1123.324	6150
1125.643	6359
1127.961	6412
1130.278	6431
1132.595	6429
1134.911	6266
1137.226	6259
1139.541	6217
1141.854	6267
1144.167	6202
1146.482	6228
1148.793	6320
1151.105	6310
1153.414	6285
1155.725	6323
1158.033	6195
1160.344	6249
1162.651	6240
1164.959	6341
1167.265	6290
1169.572	6298
1171.878	6148
1174.184	6265
1176.488	6369
1178.79	6364
1181.094	6337
1183.396	6341
1185.699	6317
1188.001	6400
1190.301	6285
1192.6	6409
1194.9	6369
1197.2	6234
1199.497	6294
1201.794	6259
1204.09	6222
1206.387	6359
1208.684	6284
1210.978	6260
1213.272	6351
1215.565	6361
1217.858	6319
1220.15	6279
1222.443	6262
1224.734	6389
1227.024	6471
1229.313	6404
1231.602	6468
1233.892	6502
1236.18	6394
1238.467	6542
1240.754	6586
1243.04	6531
1245.325	6480
1247.612	6563
1249.896	6531
1252.178	6653
1254.461	6562
1256.743	6590
1259.027	6664
1261.308	6481
1263.587	6577
1265.867	6535
1268.146	6647
1270.425	6592
1272.703	6593
1274.981	6576
1277.256	6678
1279.532	6594
1281.808	6576
1284.083	6475
1286.358	6477
1288.63	6393
1290.904	6436
1293.175	6489
1295.449	6495
1297.719	6445
1299.99	6425
1302.259	6459
1304.529	6431
1306.798	6542
1309.065	6538
1311.333	6493
1313.599	6615
1315.866	6453
1318.131	6426
1320.396	6547
1322.66	6522
1324.925	6529
1327.187	6516
1329.448	6492
1331.711	6596
1333.974	6614
1336.234	6549
1338.493	6527
1340.752	6521
1343.01	6494
1345.269	6393
1347.526	6640
1349.784	6474
1352.04	6502
1354.295	6446
1356.552	6510
1358.806	6400
1361.059	6534
1363.312	6434
1365.564	6486
1367.818	6477
1370.069	6473
1372.318	6476
1374.568	6531
1376.817	6565
1379.066	6456
1381.316	6463
1383.564	6574
1385.809	6503
1388.056	6550
1390.301	6778
1392.549	6650
1394.793	6807
1397.036	6893
1399.279	6888
1401.522	6879
1403.763	6928
1406.007	6760
1408.248	6792
1410.487	6716
1412.727	6855
1414.965	6863
1417.205	6829
1419.442	6921
1421.68	6747
1423.915	6726
1426.152	6849
1428.388	6865
1430.623	6824
1432.857	6649
1435.091	6714
1437.323	6831
1439.556	6902
1441.789	6787
1444.019	6814
1446.25	6912
1448.48	6957
1450.708	6898
1452.938	6877
1455.167	6842
1457.394	6941
1459.62	6878
1461.846	6879
1464.073	6876
1466.299	6785
1468.523	6798
1470.746	6706
1472.969	6658
1475.191	6599
1477.415	6755
1479.636	6748
1481.858	6578
1484.078	6585
1486.298	6589
1488.518	6463
1490.736	6524
1492.954	6524
1495.169	6462
1497.386	6454
1499.602	6565
1501.819	6504
1504.034	6469
1506.248	6462
1508.462	6470
1510.675	6474
1512.888	6470
1515.1	6406
1517.311	6385
1519.522	6481
1521.732	6597
1523.942	6478
1526.151	6587
1528.36	6486
1530.566	6435
1532.773	6620
1534.98	6466
1537.187	6491
1539.392	6495
1541.596	6594
1543.801	6459
1546.005	6690
1548.208	6592
1550.411	6506
1552.612	6528
1554.814	6555
1557.013	6586
1559.212	6626
1561.414	6530
1563.612	6484
1565.811	6660
1568.007	6619
1570.203	6664
1572.403	6678
1574.598	6517
1576.792	6636
1578.988	6679
1581.181	6683
1583.376	6669
1585.568	6697
1587.761	6773
1589.952	6773
1592.143	6672
1594.333	6646
1596.524	6635
1598.715	6755
1600.903	6690
1603.091	6609
1605.278	6727
1607.466	6709
1609.652	6756
1611.838	6816
1614.023	6693
1616.207	6805
1618.391	6695
1620.576	6719
1622.759	6749
1624.941	6771
1627.123	6679
1629.304	6834
1631.484	6740
1633.664	6813
1635.844	6748
1638.022	6740
1640.201	6711
1642.38	6909
1644.556	6733
1646.732	6847
1648.908	6829
1651.084	6871
1653.257	6822
1655.433	6882
1657.607	6824
1659.779	6820
1661.951	6775
1664.122	6876
1666.295	6779
1668.467	6885
1670.635	6824
1672.805	6850
1674.973	6903
1677.142	6924
1679.31	6829
1681.478	6877
1683.644	6924
1685.81	6891
1687.975	6847
1690.142	6920
1692.305	6820
1694.468	6846
1696.632	6642
1698.794	6871
1700.957	6606
1703.119	6694
1705.279	6683
1707.439	6819
1709.598	6727
1711.758	6665
1713.917	6765
1716.075	6763
1718.231	6711
1720.388	6649
1722.543	6736
1724.702	6817
1726.856	6626
1729.01	6666
1731.164	6794
1733.317	6731
1735.471	6617
1737.623	6629
1739.774	6665
1741.925	6630
1744.075	6681
1746.225	6630
1748.376	6725
1750.524	6855
1752.672	6721
1754.82	6635
1756.965	6728
1759.113	6626
1761.259	6772
1763.405	6806
1765.549	6693
1767.694	6715
1769.836	6650
1771.981	6714
1774.123	6661
1776.264	6643
1778.405	6698
1780.546	6767
1782.687	6676
1784.827	6637
1786.966	6726
1789.103	6761
1791.242	6783
1793.381	6718
1795.517	6761
1797.653	6850
1799.788	6864
1801.923	6921
1804.057	6719
1806.193	6713
1808.326	6725
1810.457	6818
1812.59	6814
1814.721	6589
1816.855	6738
1818.984	6683
1821.113	6779
1823.244	6805
1825.372	6751
1827.499	6763
1829.63	6818
1831.756	6778
1833.882	6787
1836.007	6737
1838.132	6794
1840.26	6747
1842.384	6676
1844.507	6787
1846.63	6776
1848.752	6764
1850.875	6676
1852.996	6766
1855.118	6622
1857.238	6632
1859.358	6751
1861.477	6735
1863.597	6677
1865.715	6716
1867.832	6624
1869.948	6641
1872.064	6618
1874.181	6763
1876.297	6650
1878.411	6700
1880.526	6713
1882.639	6734
1884.752	6616
1886.865	6687
1888.977	6630
1891.089	6720
1893.2	6688
1895.308	6681
1897.42	6797
1899.53	6780
1901.639	6744
1903.745	6665
1905.853	6805
1907.962	6758
1910.067	6850
1912.174	6752
1914.278	6722
1916.383	6669
1918.486	6746
1920.592	6902
1922.694	6739
1924.797	6787
1926.898	6770
1929	6853
1931.102	6774
1933.203	6878
1935.301	6770
1937.401	6778
1939.499	6788
1941.598	6923
1943.697	6825
1945.793	6827
1947.888	6825
1949.985	6658
1952.08	6670
1954.176	6694
1956.269	6781
1958.364	6793
1960.457	6736
1962.549	6819
1964.642	6748
1966.733	6736
1968.823	6754
1970.913	6717
1973.005	6736
1975.093	6695
1977.184	6840
1979.271	6753
1981.359	6805
1983.446	6731
1985.532	6752
1987.619	6734
1989.705	6629
1991.789	6740
1993.874	6762
1995.956	6610
1998.041	6593
2000.123	6753
2002.206	6789
2004.287	6704
2006.368	6719
2008.449	6734
2010.529	6629
2012.609	6624
2014.688	6717
2016.766	6692
2018.843	6825
2020.922	6627
2022.999	6636
2025.074	6622
2027.15	6767
2029.225	6720
2031.299	6735
2033.375	6745
2035.447	6886
2037.52	6579
2039.592	6671
2041.664	6726
2043.736	6652
2045.807	6745
2047.876	6709
2049.947	6644
2052.015	6727
2054.086	6765
2056.153	6740
2058.221	6759
2060.288	6733
2062.353	6805
2064.42	6771
2066.486	6723
2068.55	6753
2070.614	6758
2072.678	6755
2074.741	6696
2076.805	6704
2078.866	6736
2080.929	6696
2082.99	6711
2085.049	6752
2087.109	6716
2089.17	6696
2091.228	6810
2093.286	6807
2095.344	6759
2097.4	6781
2099.46	6735
2101.516	6833
2103.572	6715
2105.626	6682
2107.679	6738
2109.735	6648
2111.788	6700
2113.841	6704
2115.894	6600
2117.945	6707
2119.997	6601
2122.049	6856
2124.1	6771
2126.148	6623
2128.197	6624
2130.246	6656
2132.296	6647
2134.342	6596
2136.39	6714
2138.437	6634
2140.483	6713
2142.527	6465
2144.574	6703
2146.619	6688
2148.661	6666
2150.705	6656
2152.747	6686
2154.792	6613
2156.832	6634
2158.874	6677
2160.915	6636
2162.954	6541
2164.995	6598
2167.034	6706
2169.072	6695
2171.111	6691
2173.148	6639
2175.186	6684
2177.223	6597
2179.258	6578
2181.294	6674
2183.328	6599
2185.362	6723
2187.398	6480
2189.431	6526
2191.463	6617
2193.495	6591
2195.528	6493
2197.56	6516
2199.59	6607
2201.62	6418
2203.649	6490
2205.678	6559
2207.708	6424
2209.737	6462
2211.764	6497
2213.791	6479
2215.817	6542
2217.843	6528
2219.87	6588
2221.895	6482
2223.919	6516
2225.942	6548
2227.966	6515
2229.988	6491
2232.012	6423
2234.032	6593
2236.054	6564
2238.074	6492
2240.095	6483
2242.116	6471
2244.135	6449
2246.153	6499
2248.171	6483
2250.188	6583
2252.208	6575
2254.223	6493
2256.239	6570
2258.255	6518
2260.269	6561
2262.283	6506
2264.3	6395
2266.312	6499
2268.325	6572
2270.336	6535
2272.349	6516
2274.362	6494
2276.372	6516
2278.383	6506
2280.392	6493
2282.402	6572
2284.409	6500
2286.418	6448
2288.427	6573
2290.433	6512
2292.441	6521
2294.446	6495
2296.453	6518
2298.459	6424
2300.463	6503
2302.466	6414
2304.471	6429
2306.475	6475
2308.477	6488
2310.478	6439
2312.481	6413
2314.481	6335
2316.481	6477
2318.482	6405
2320.482	6349
2322.48	6387
2324.48	6424
2326.478	6385
2328.476	6402
2330.473	6389
2332.469	6339
2334.465	6542
2336.46	6392
2338.454	6384
2340.45	6352
2342.444	6492
2344.437	6248
2346.43	6366
2348.421	6375
2350.414	6395
2352.405	6388
2354.396	6296
2356.386	6310
2358.376	6296
2360.366	6262
2362.355	6428
2364.343	6385
2366.331	6508
2368.317	6346
2370.304	6225
2372.292	6438
2374.278	6351
2376.262	6313
2378.247	6325
2380.23	6201
2382.216	6331
2384.199	6309
2386.181	6225
2388.163	6223
2390.144	6251
2392.127	6270
2394.107	6316
2396.087	6253
2398.066	6372
2400.046	6277
2402.023	6322
2404.004	6356
2405.981	6170
2407.957	6305
2409.934	6172
2411.91	6388
2413.886	6304
2415.862	6205
2417.836	6230
2419.809	6288
2421.784	6223
2423.756	6237
2425.73	6290
2427.701	6150
2429.672	6226
2431.644	6316
2433.615	6247
2435.586	6194
2437.555	6126
2439.523	6183
2441.491	6230
2443.459	6286
2445.428	6148
2447.395	6223
2449.361	6146
2451.327	6168
2453.292	6178
2455.257	6273
2457.223	6192
2459.187	6218
2461.15	6271
2463.113	6335
2465.076	6155
2467.039	6228
2468.999	6205
2470.96	6125
2472.921	6135
2474.881	6163
2476.841	6113
2478.8	6117
2480.759	6171
2482.717	6086
2484.675	6129
2486.63	6058
2488.589	6126
2490.545	6004
2492.5	6109
2494.455	6085
2496.408	6136
2498.364	6132
2500.318	6136
2502.27	6175
2504.223	6115
2506.174	6123
2508.126	6133
2510.078	6154
2512.03	6157
2513.979	6118
2515.927	6077
2517.877	6100
2519.826	6147
2521.775	6126
2523.722	5944
2525.668	6064
2527.616	6003
2529.561	6022
2531.508	6201
2533.452	6007
2535.398	6089
2537.342	6014
2539.284	6112
2541.229	6107
2543.173	6077
2545.114	5981
2547.055	6078
2548.996	6067
2550.938	6039
2552.878	6016
2554.817	6081
2556.756	6142
2558.695	6096
2560.633	6044
2562.572	6136
2564.509	6081
2566.445	6124
2568.382	5960
2570.317	6116
2572.254	6106
2574.189	6091
2576.123	6143
2578.057	6005
2579.99	5991
2581.923	6120
2583.855	6038
2585.788	6091
2587.719	6019
2589.65	6150
2591.579	6121
2593.511	6049
2595.44	6172
2597.37	6027
2599.297	6135
2601.225	5967
2603.153	6092
2605.08	6122
2607.007	6082
2608.932	6120
2610.858	6037
2612.782	5933
2614.709	6088
2616.632	6125
2618.556	5996
2620.478	6122
2622.401	6006
2624.324	5982
2626.247	6186
2628.167	6104
2630.088	6034
2632.008	6091
2633.928	6051
2635.848	6089
2637.766	5987
2639.684	6078
2641.603	6097
2643.519	6003
2645.437	6127
2647.353	6178
2649.27	6130
2651.184	6095
2653.099	6105
2655.014	6092
2656.928	6065
2658.842	6156
2660.755	6115
2662.667	6059
2664.579	6025
2666.491	5975
2668.402	6023
2670.312	6032
2672.222	6002
2674.132	6060
2676.042	6124
2677.951	5998
2679.859	5957
2681.766	5847
2683.674	6003
2685.582	6003
2687.488	6059
2689.392	6085
2691.298	5978
2693.202	5958
2695.107	6002
2697.012	5967
2698.914	6007
2700.817	5952
2702.72	5922
2704.622	5839
2706.524	5992
2708.425	5932
2710.326	5975
2712.225	5975
2714.125	6012
2716.024	5978
2717.923	5989
2719.822	5985
2721.719	5968
2723.616	5832
2725.512	5941
2727.41	5943
2729.305	5885
2731.201	5826
2733.095	5936
2734.99	5965
2736.884	5876
2738.778	5910
2740.67	5937
2742.562	5898
2744.455	5991
2746.346	5844
2748.238	5943
2750.129	5900
2752.018	5914
2753.907	5871
2755.797	5865
2757.687	5940
2759.575	5884
2761.462	5917
2763.349	5959
2765.237	5811
2767.124	5885
2769.009	5872
2770.894	5934
2772.779	5873
2774.663	5918
2776.547	5883
2778.431	5838
2780.314	5781
2782.197	5904
2784.078	5784
2785.96	5825
2787.842	5843
2789.723	5944
2791.603	5861
2793.483	5792
2795.362	5849
2797.241	5906
2799.121	5774
2800.997	5834
2802.874	5802
2804.751	5825
2806.628	5905
2808.506	5874
2810.38	5799
2812.255	5782
2814.13	5738
2816.003	5751
2817.878	5799
2819.752	5723
2821.623	5906
2823.496	5853
2825.368	5817
2827.238	5841
2829.111	5982
2830.98	5836
2832.851	5848
2834.719	5880
2836.589	5830
2838.458	5840
2840.327	5896
2842.193	5822
2844.061	5817
2845.927	5833
2847.794	5865
2849.66	5869
2851.525	5912
2853.39	5899
2855.254	6052
2857.117	6017
2858.983	6017
2860.845	6003
2862.707	5903
2864.569	6028
2866.431	6039
2868.293	5945
2870.154	6019
2872.013	6167
2873.873	6161
2875.733	6201
2877.592	6275
2879.451	6212
2881.309	6288
2883.166	6309
2885.022	6388
2886.879	6332
2888.736	6384
2890.591	6488
2892.446	6475
2894.301	6582
2896.155	6415
2898.009	6348
2899.863	6444
2901.716	6399
2903.568	6421
2905.419	6330
2907.27	6364
2909.123	6393
2910.973	6437
2912.824	6451
2914.673	6433
2916.521	6453
2918.372	6726
2920.22	6614
2922.067	6624
2923.914	6530
2925.761	6717
2927.607	6790
2929.455	6753
2931.301	6711
2933.144	6878
2934.99	6836
2936.833	6876
2938.678	6964
2940.522	6946
2942.364	7081
2944.207	7192
2946.048	7208
2947.891	7261
2949.731	7229
2951.571	7309
2953.412	7214
2955.25	7249
2957.09	7108
2958.93	7068
2960.767	7209
2962.606	6956
2964.443	6927
2966.279	6981
2968.116	6762
2969.953	6691
2971.788	6722
2973.623	6631
2975.457	6481
2977.292	6569
2979.127	6427
2980.959	6480
2982.792	6337
2984.624	6290
2986.455	6278
2988.288	6194
2990.119	6311
2991.949	6116
2993.779	6138
2995.608	6103
2997.439	6146
2999.268	5985
3001.096	5997
3002.923	5978
3004.751	5908
3006.578	5853
3008.406	5881
3010.232	5874
3012.057	5785
3013.883	5741
3015.706	5648
3017.532	5650
3019.356	5719
3021.179	5595
3023.002	5626
3024.823	5623
3026.646	5594
3028.469	5589
3030.289	5635
3032.11	5585
3033.93	5557
3035.749	5519
3037.57	5567
3039.39	5524
3041.207	5497
3043.026	5515
3044.842	5553
3046.661	5440
3048.477	5473
3050.294	5492
3052.109	5479
3053.925	5557
3055.739	5562
3057.555	5463
3059.368	5503
3061.181	5498
3062.995	5424
3064.807	5489
3066.62	5493
3068.433	5536
3070.243	5493
3072.054	5421
3073.865	5400
3075.675	5457
3077.485	5289
3079.293	5419
3081.102	5391
3082.911	5467
3084.719	5357
3086.527	5413
3088.333	5327
3090.139	5378
3091.945	5384
3093.75	5330
3095.557	5279
3097.361	5396
3099.165	5378
3100.969	5252
3102.772	5346
3104.575	5337
3106.379	5340
3108.181	5277
3109.982	5253
3111.783	5222
3113.584	5306
3115.386	5241
3117.186	5286
3118.985	5213
3120.783	5215
3122.582	5227
3124.381	5269
3126.179	5245
3127.975	5221
3129.772	5201
3131.569	5367
3133.365	5315
3135.161	5143
3136.956	5151
3138.751	5206
3140.544	5166
3142.338	5201
3144.132	5218
3145.925	5136
3147.717	5179
3149.509	5205
3151.301	5174
3153.091	5236
3154.884	5219
3156.673	5171
3158.462	5139
3160.252	5087
3162.041	5249
3163.831	5058
3165.618	5091
3167.405	5147
3169.193	5027
3170.979	5131
3172.767	5183
3174.553	5210
3176.338	5088
3178.123	5140
3179.907	5057
3181.692	5166
3183.477	5100
3185.259	5043
3187.042	5101
3188.824	5095
3190.607	5182
3192.389	5025
3194.17	5035
3195.951	5099
3197.73	5109
3199.51	5083
3201.289	4979
3203.07	5091
3204.848	5004
3206.626	5061
3208.403	5106
3210.18	5089
3211.959	5059
3213.735	5098
3215.511	5004
3217.285	5001
3219.06	5122
3220.836	5129
3222.611	5037
3224.384	5017
3226.158	4981
3227.929	5051
3229.702	5059
3231.476	5021
3233.248	5061
3235.018	5016
3236.789	5029
3238.56	5046
3240.33	5031
3242.1	5063
3243.869	5045
3245.637	5044
3247.405	5001
3249.172	5056
3250.941	5044
3252.707	5020
3254.474	4981
3256.24	5030
3258.006	5007
3259.772	4989
3261.537	5060
3263.301	4956
3265.065	4993
3266.828	4978
3268.592	5084
3270.355	5048
3272.117	5023
3273.878	5082
3275.64	4993
3277.401	5022
3279.162	4961
3280.922	5040
3282.682	5060
3284.441	5019
3286.199	4886
3287.959	5075
3289.716	4958
3291.475	5038
3293.232	5082
3294.988	4933
3296.744	5101
3298.501	4994
3300.256	4911
3302.011	5017
3303.766	4983
3305.52	4979
3307.275	5032
3309.028	5020
3310.781	4982
3312.533	4963
3314.285	5042
3316.038	4960
3317.789	5080
3319.54	4950
3321.289	4952
3323.039	4972
3324.789	4886
3326.539	4959
3328.288	4910
3330.035	4901
3331.783	4930
3333.531	4883
3335.28	4932
3337.025	4943
3338.771	4941
3340.518	4944
3342.262	4898
3344.009	4907
3345.753	4901
3347.497	4941
3349.24	4951
3350.983	4857
3352.726	4897
3354.469	4906
3356.212	4906
3357.952	4851
3359.694	4874
3361.434	4843
3363.176	4893
3364.916	4922
3366.654	4915
3368.394	4869
3370.132	4892
3371.871	4844
3373.61	4894
3375.346	4807
3377.083	4888
3378.82	4838
3380.556	4825
3382.292	4856
3384.027	4808
3385.763	4771
3387.497	4807
3389.231	4731
3390.965	4772
3392.698	4803
3394.431	4828
3396.164	4751
3397.896	4889
3399.627	4743
3401.36	4631
3403.09	4803
3404.82	4719
3406.55	4781
3408.279	4673
3410.01	4724
3411.738	4673
3413.467	4668
3415.194	4704
3416.92	4797
3418.647	4701
3420.375	4749
3422.102	4754
3423.827	4714
3425.553	4715
3427.277	4621
3429.003	4721
3430.727	4689
3432.451	4641
3434.173	4610
3435.896	4719
3437.62	4577
3439.343	4606
3441.063	4612
3442.785	4602
3444.505	4609
3446.226	4634
3447.948	4582
3449.666	4630
3451.386	4647
3453.104	4682
3454.823	4675
3456.541	4544
3458.259	4510
3459.976	4500
3461.693	4553
3463.408	4580
3465.125	4542
3466.841	4600
3468.556	4540
3470.271	4565
3471.985	4518
3473.698	4491
3475.414	4537
3477.126	4538
3478.838	4488
3480.55	4497
3482.263	4444
3483.975	4511
3485.686	4523
3487.396	4432
3489.106	4405
3490.817	4509
3492.526	4451
3494.236	4429
3495.944	4424
3497.652	4424
3499.359	4462
3501.066	4407
3502.775	4343
3504.481	4405
3506.187	4422
3507.893	4359
3509.598	4308
3511.304	4439
3513.009	4364
3514.713	4405
3516.417	4369
3518.12	4383
3519.821	4438
3521.525	4355
3523.228	4442
3524.929	4291
3526.631	4328
3528.33	4268
3530.032	4221
3531.733	4380
3533.433	4348
3535.131	4256
3536.83	4393
3538.529	4313
3540.227	4313
3541.925	4313
3543.623	4337
3545.319	4373
3547.016	4293
3548.712	4340
3550.408	4345
3552.103	4245
3553.798	4328
3555.491	4206
3557.188	4217
3558.88	4253
3560.574	4231
3562.266	4219
3563.959	4308
3565.651	4163
3567.343	4215
3569.035	4186
3570.725	4261
3572.415	4158
3574.106	4280
3575.797	4275
3577.485	4180
3579.174	4193
3580.863	4213
3582.551	4235
3584.238	4188
3585.926	4195
3587.613	4181
3589.3	4159
3590.986	4160
3592.671	4100
3594.357	4155
3596.042	4147
3597.726	4069
3599.41	4139
3601.094	4095
3602.778	4162
3604.461	4032
3606.143	4163
3607.825	4138
3609.507	4119
3611.188	3993
3612.87	4118
3614.551	4019
3616.229	4172
3617.909	4031
3619.589	4039
3621.269	4054
3622.948	4003
3624.625	4045
3626.302	4035
3627.98	3975
3629.657	4056
3631.334	4072
3633.01	3934
3634.686	4042
3636.361	4026
3638.036	3940
3639.712	3991
3641.385	3955
3643.06	3961
3644.732	4041
3646.405	3952
3648.08	3975
3649.751	3930
3651.424	3949
3653.094	3947
3654.766	3944
3656.436	3896
3658.106	3979
3659.777	3986
3661.446	3892
3663.115	3891
3664.783	3831
3666.452	3955
3668.121	3856
3669.788	3995
3671.454	3933
3673.121	3802
3674.789	3957
3676.455	3869
3678.12	3857
3679.784	3922
3681.45	3841
3683.114	3934
3684.779	3937
3686.442	3873
3688.105	3826
3689.768	3880
3691.43	3852
3693.093	3824
3694.754	3833
3696.415	3842
3698.076	3949
3699.736	3864
3701.396	3810
3703.057	3849
3704.716	3846
3706.375	3906
3708.034	3774
3709.692	3782
3711.351	3787
3713.008	3888
3714.665	3898
3716.321	3894
3717.977	3792
3719.634	3707
3721.29	3758
3722.945	3778
3724.598	3858
3726.253	3774
3727.907	3794
3729.561	3794
3731.214	3834
3732.867	3762
3734.518	3804
3736.171	3777
3737.824	3790
3739.474	3823
3741.125	3693
3742.775	3766
3744.425	3685
3746.074	3740
3747.725	3736
3749.373	3661
3751.022	3654
3752.669	3714
3754.318	3751
3755.966	3787
3757.612	3673
3759.259	3677
3760.905	3753
3762.55	3691
3764.197	3741
3765.842	3735
3767.486	3714
3769.131	3669
3770.774	3709
3772.417	3694
3774.061	3692
3775.705	3687
3777.347	3668
3778.988	3622
3780.629	3716
3782.271	3614
3783.912	3676
3785.552	3636
3787.192	3671
3788.831	3646
3790.472	3710
3792.112	3641
3793.75	3709
3795.388	3638
3797.024	3594
3798.661	3628
3800.3	3650
3801.936	3582
3803.572	3542
3805.208	3625
3806.844	3610
3808.48	3595
3810.115	3660
3811.748	3664
3813.382	3578
3815.016	3646
3816.649	3601
3818.283	3633
3819.914	3602
3821.547	3511
3823.178	3550
3824.809	3538
3826.441	3571
3828.072	3590
3829.701	3601
3831.331	3554
3832.96	3542
3834.591	3581
3836.219	3525
3837.847	3598
3839.475	3470
3841.102	3570
3842.729	3553
3844.357	3569
3845.984	3527
3847.609	3529
3849.234	3516
3850.86	3509
3852.485	3548
3854.11	3536
3855.734	3521
3857.357	3587
3858.981	3449
3860.603	3554
3862.227	3439
3863.848	3485
3865.471	3519
3867.092	3503
3868.713	3434
3870.334	3480
3871.954	3422
3873.575	3463
3875.194	3516
3876.813	3435
3878.433	3513
3880.051	3416
3881.669	3490
3883.286	3454
3884.904	3451
3886.52	3433
3888.138	3468
3889.754	3438
3891.37	3427
3892.985	3375
3894.6	3475
3896.216	3403
3897.831	3464
3899.444	3459
3901.058	3494
3902.67	3463
3904.283	3515
3905.897	3326
3907.509	3389
3909.121	3377
3910.731	3451
3912.342	3425
3913.954	3458
3915.563	3500
3917.174	3339
3918.783	3390
3920.391	3431
3922.002	3412
3923.611	3457
3925.218	3355
3926.826	3463
3928.432	3386
3930.039	3387
3931.647	3364
3933.253	3398
3934.859	3421
3936.464	3381
3938.068	3356
3939.675	3457
3941.278	3363
3942.883	3382
3944.486	3395
3946.089	3384
3947.692	3266
3949.295	3361
3950.898	3330
3952.499	3278
3954.1	3361
3955.7	3329
3957.303	3356
3958.903	3270
3960.502	3289
3962.101	3328
3963.7	3301
3965.301	3367
3966.899	3340
3968.497	3368
3970.094	3266
3971.691	3270
3973.288	3310
3974.885	3287
3976.481	3303
3978.077	3279
3979.672	3203
3981.267	3241
3982.863	3221
3984.457	3328
3986.051	3280
3987.645	3348
3989.238	3179
3990.831	3302
3992.425	3302
3994.017	3196
3995.607	3195
3997.199	3216
3998.79	3205
4000.382	3188
4001.973	3200
4003.561	3202
4005.151	3230
4006.741	3233
4008.331	3215
4009.918	3215
4011.507	3130
4013.095	3183
4014.681	3104
4016.269	3115
4017.856	3201
4019.443	3155
4021.028	3123
4022.614	3155
4024.199	3199
4025.785	3153
4027.37	3122
4028.953	3109
4030.536	3121
4032.12	3140
4033.704	3133
4035.287	3110
4036.869	3149
4038.45	3070
4040.032	3113
4041.613	3132
4043.195	3066
4044.776	3094
4046.356	2985
4047.935	3090
4049.515	3074
4051.095	3153
4052.674	3073
4054.251	3120
4055.829	3151
4057.406	3102
4058.985	3041
4060.562	3039
4062.139	3074
4063.715	3029
4065.29	3021
4066.865	3022
4068.442	3089
4070.016	3132
4071.59	3077
4073.164	3046
4074.738	3074
4076.312	3075
4077.885	3001
4079.458	3047
4081.03	3024
4082.602	3042
4084.173	3022
4085.745	3067
4087.315	3033
4088.886	3025
4090.456	3110
4092.026	2991
4093.596	3046
4095.165	2975
4096.734	3024
4098.301	3102
4099.869	3008
4101.437	3049
4103.006	3080
4104.572	2968
4106.139	2954
4107.704	2971
4109.27	2938
4110.837	3000
4112.401	3120
4113.966	3009
4115.53	2949
4117.094	2939
4118.659	2958
4120.223	2969
4121.785	2936
4123.347	2946
4124.909	2943
4126.471	2961
4128.034	2933
4129.595	2895
4131.155	2908
4132.716	2903
4134.275	2971
4135.836	2940
4137.395	2885
4138.955	2981
4140.513	2990
4142.071	2835
4143.628	2890
4145.188	2921
4146.745	2896
4148.302	2946
4149.858	2897
4151.414	2864
4152.971	2978
4154.526	2904
4156.081	2851
4157.635	2821
4159.189	2898
4160.745	2872
4162.298	2862
4163.852	2925
4165.405	2834
4166.957	2849
4168.51	2855
4170.063	2826
4171.614	2879
4173.166	2858
4174.717	2914
4176.267	2880
4177.817	2798
4179.368	2788
4180.917	2839
4182.466	2858
4184.016	2821
4185.564	2825
4187.112	2786
4188.66	2850
4190.207	2773
4191.754	2897
4193.301	2810
4194.848	2780
4196.394	2740
4197.94	2841
4199.484	2804
4201.03	2729
4202.575	2759
4204.12	2749
4205.663	2792
4207.207	2735
4208.75	2806
4210.292	2841
4211.836	2732
4213.378	2794
4214.92	2741
4216.46	2782
4218.002	2769
4219.544	2719
4221.083	2771
4222.625	2816
4224.164	2768
4225.703	2733
4227.244	2731
4228.782	2769
4230.32	2750
4231.857	2699
4233.395	2693
4234.933	2809
4236.471	2711
4238.007	2733
4239.542	2731
4241.078	2659
4242.614	2741
4244.15	2704
4245.685	2698
4247.219	2714
4248.753	2676
4250.287	2688
4251.82	2733
4253.354	2688
4254.887	2770
4256.419	2643
4257.951	2641
4259.483	2692
4261.016	2753
4262.547	2679
4264.078	2656
4265.608	2704
4267.137	2664
4268.668	2652
4270.197	2606
4271.727	2581
4273.254	2648
4274.783	2662
4276.311	2670
4277.84	2722
4279.366	2637
4280.894	2691
4282.42	2711
4283.946	2685
4285.473	2722
4286.998	2645
4288.523	2593
4290.047	2621
4291.572	2594
4293.096	2659
4294.622	2647
4296.144	2596
4297.668	2654
4299.19	2653
4300.713	2634
4302.236	2621
4303.758	2651
4305.279	2680
4306.799	2680
4308.321	2569
4309.842	2544
4311.361	2585
4312.882	2657
4314.401	2597
