400.0961	7381
402.6185	7387
405.1424	7372
407.6635	7482
410.1838	7457
412.7035	7408
415.2225	7539
417.7388	7450
420.2585	7526
422.7754	7634
425.2917	7546
427.8072	7758
430.3221	7654
432.8363	7658
435.3498	7694
437.8626	7780
440.3727	7660
442.8841	7845
445.3969	7908
447.907	7916
450.4142	7969
452.9229	7761
455.4289	7879
457.9362	7944
460.4449	7937
462.9488	7967
465.454	7931
467.9566	8021
470.4604	7961
472.9637	8007
475.4662	8055
477.966	8098
480.4671	8117
482.9656	8126
485.4633	7987
487.9645	8254
490.4608	8035
492.9566	8255
495.4536	8294
497.948	8120
500.4437	8277
502.9387	8212
505.431	8271
507.9226	8290
510.4136	8392
512.9079	8350
515.3975	8350
517.8864	8129
520.3746	8227
522.8622	8382
525.3491	8398
527.8394	8403
530.3249	8375
532.8098	8281
535.2939	8287
537.7774	8399
540.2623	8311
542.7444	8499
545.2259	8447
547.7067	8408
550.1868	8295
552.6683	8488
555.147	8410
557.6231	8338
560.1005	8575
562.5773	8563
565.0534	8420
567.5308	8509
570.0056	8566
572.4776	8525
574.951	8483
577.4237	8736
579.8978	8571
582.3671	8653
584.8378	8665
587.3079	8617
589.7773	8693
592.244	8709
594.714	8616
597.1793	8619
599.6461	8547
602.1121	8726
604.5754	8769
607.0421	8662
609.5042	8639
611.9675	8627
614.4282	8648
616.8902	8763
619.3515	8528
621.8122	8682
624.2702	8733
626.7296	8638
629.1863	8592
631.6423	8596
634.1017	8654
636.5563	8817
639.0104	8757
641.4658	8745
643.9185	8614
646.3725	8921
648.8239	8717
651.2766	8761
653.7266	8964
656.176	8842
658.6247	8796
661.0748	8785
663.5242	8895
665.9709	8800
668.417	8952
670.8624	8972
673.3092	8825
675.7533	8969
678.1968	9062
680.6395	8970
683.0817	9085
685.5251	9021
687.9659	8942
690.4061	9105
692.8456	8848
695.2844	9150
697.7226	8933
700.1621	9089
702.599	8988
705.0332	9186
707.4688	9226
709.9036	9263
712.3399	9088
714.7735	9210
717.2044	9228
719.6367	9232
722.0683	9212
724.4993	9210
726.9296	9372
729.3593	9307
731.7883	9298
734.2147	9414
736.6423	9339
739.0714	9256
741.4958	9404
743.9216	9423
746.3447	9580
748.7691	9429
751.1929	9413
753.616	9593
756.0366	9598
758.4584	9528
760.8776	9565
763.2982	9566
765.718	9553
768.1373	9662
770.5539	9833
772.9698	9611
775.3871	9689
777.8038	9803
780.2178	9732
782.6332	9723
785.0459	9539
787.458	9703
789.8714	9730
792.2842	9726
794.6943	9703
797.1038	9815
799.5127	9739
801.9209	9647
804.3324	9930
806.7393	9823
809.1456	9771
811.5513	9780
813.9562	9681
816.3625	9738
818.7663	9734
821.1693	9884
823.5718	9914
825.9735	9868
828.3746	9767
830.7771	9763
833.177	9846
835.5762	9800
837.9747	9818
840.3727	9740
842.772	10013
845.1666	10101
847.5626	10077
849.958	10040
852.3527	10033
854.7488	10013
857.1403	9903
859.5331	10073
861.9253	10032
864.3168	10036
866.7057	9791
869.098	9955
871.4876	9901
873.8746	9984
876.263	9976
878.6487	10017
881.0378	9906
883.4243	10018
885.8081	9874
888.1933	9718
890.5759	9838
892.9598	10008
895.343	9843
897.7256	10041
900.1057	9971
902.4871	9923
904.8659	9946
907.246	10073
909.6254	10115
912.0023	10074
914.3786	10209
916.7562	10147
919.1331	10276
921.5074	10445
923.8831	10478
926.2562	10353
928.6287	10504
931.0005	10371
933.3757	10412
935.7462	10336
938.1162	10401
940.4855	10332
942.8542	10388
945.2242	10446
947.5916	10492
949.9584	10473
952.3266	10553
954.6921	10564
957.0571	10654
959.4233	10827
961.787	10855
964.15	10703
966.5125	10629
968.8742	10549
971.2354	10443
973.5959	10369
975.9559	10359
978.3151	10272
980.6738	10320
983.0338	10251
985.3912	10372
987.7461	10232
990.1022	10204
992.4578	10210
994.8127	10257
997.1689	10286
999.5207	10220
1001.874	10309
1004.226	10340
1006.576	10401
1008.929	10362
1011.28	10188
1013.628	10221
1015.977	10163
1018.324	10354
1020.674	10305
1023.019	10340
1025.366	10457
1027.713	10409
1030.056	10397
1032.399	10490
1034.746	10488
1037.087	10344
1039.431	10414
1041.771	10500
1044.113	10421
1046.454	10582
1048.793	10439
1051.133	10330
1053.471	10437
1055.807	10469
1058.146	10427
1060.483	10498
1062.818	10388
1065.153	10354
1067.489	10482
1069.822	10444
1072.156	10501
1074.488	10447
1076.82	10463
1079.15	10521
1081.48	10603
1083.814	10598
1086.143	10559
1088.471	10528
1090.799	10434
1093.126	10596
1095.452	10401
1097.78	10616
1100.105	10573
1102.43	10605
1104.754	10494
1107.077	10625
1109.4	10563
1111.722	10741
1114.044	10540
1116.365	10625
1118.685	10557
1121.005	10817
1123.324	10704
1125.643	10616
1127.961	10759
1130.278	10631
1132.595	10672
1134.911	10797
1137.226	10657
1139.541	10619
1141.854	10792
1144.167	10669
1146.482	10828
1148.793	10723
1151.105	10707
1153.414	10699
1155.725	10657
1158.033	10713
1160.344	10699
1162.651	10820
1164.959	10592
1167.265	10665
1169.572	10731
1171.878	10665
1174.184	10675
1176.488	10716
1178.79	10785
1181.094	10809
1183.396	10726
1185.699	10739
1188.001	10694
1190.301	10577
1192.6	10777
1194.9	10750
1197.2	10716
1199.497	10840
1201.794	10614
1204.09	10770
1206.387	10696
1208.684	10624
1210.978	10626
1213.272	10637
1215.565	10868
1217.858	10854
1220.15	10928
1222.443	10871
1224.734	10704
1227.024	10860
1229.313	10799
1231.602	10946
1233.892	10797
1236.18	10947
1238.467	10900
1240.754	11060
1243.04	10904
1245.325	10928
1247.612	11056
1249.896	11072
1252.178	11046
1254.461	11117
1256.743	11195
1259.027	10999
1261.308	10915
1263.587	11028
1265.867	11032
1268.146	11057
1270.425	11001
1272.703	11100
1274.981	11015
1277.256	11070
1279.532	11024
1281.808	10961
1284.083	10880
1286.358	10954
1288.63	10901
1290.904	10860
1293.175	10828
1295.449	11023
1297.719	11034
1299.99	11056
1302.259	11002
1304.529	10951
1306.798	10928
1309.065	10960
1311.333	10916
1313.599	10951
1315.866	10844
1318.131	11044
1320.396	10896
1322.66	10797
1324.925	11026
1327.187	10980
1329.448	11024
1331.711	11016
1333.974	10835
1336.234	10900
1338.493	10942
1340.752	10970
1343.01	10997
1345.269	11029
1347.526	11019
1349.784	10817
1352.04	11046
1354.295	10992
1356.552	11003
1358.806	10786
1361.059	10968
1363.312	10899
1365.564	11035
1367.818	11086
1370.069	11093
1372.318	11025
1374.568	10887
1376.817	11068
1379.066	10971
1381.316	11145
1383.564	10858
1385.809	11226
1388.056	11122
1390.301	11090
1392.549	11288
1394.793	11296
1397.036	11309
1399.279	11336
1401.522	11218
1403.763	11364
1406.007	11290
1408.248	11314
1410.487	11264
1412.727	11429
1414.965	11255
1417.205	11234
1419.442	11201
1421.68	11252
1423.915	11173
1426.152	11173
1428.388	11304
1430.623	11254
1432.857	11278
1435.091	11206
1437.323	11536
1439.556	11378
1441.789	11471
1444.019	11438
1446.25	11395
1448.48	11390
1450.708	11488
1452.938	11530
1455.167	11518
1457.394	11444
1459.62	11396
1461.846	11532
1464.073	11453
1466.299	11338
1468.523	11382
1470.746	11316
1472.969	11384
1475.191	11238
1477.415	11228
1479.636	11157
1481.858	11170
1484.078	11255
1486.298	11060
1488.518	11001
1490.736	11211
1492.954	10999
1495.169	11105
1497.386	10891
1499.602	11014
1501.819	11064
1504.034	11115
1506.248	10945
1508.462	10942
1510.675	10884
1512.888	10967
1515.1	10903
1517.311	10964
1519.522	10950
1521.732	10946
1523.942	10978
1526.151	11068
1528.36	10942
1530.566	11065
1532.773	10929
1534.98	11016
1537.187	11056
1539.392	11012
1541.596	10879
1543.801	11153
1546.005	10974
1548.208	11083
1550.411	11023
1552.612	11076
1554.814	11089
1557.013	11232
1559.212	11204
1561.414	11249
1563.612	11199
1565.811	11113
1568.007	11203
1570.203	11353
1572.403	11177
1574.598	11277
1576.792	11274
1578.988	11224
1581.181	11288
1583.376	11510
1585.568	11408
1587.761	11507
1589.952	11323
1592.143	11344
1594.333	11259
1596.524	11287
1598.715	11282
1600.903	11396
1603.091	11364
1605.278	11353
1607.466	11468
1609.652	11368
1611.838	11538
1614.023	11244
1616.207	11430
1618.391	11381
1620.576	11285
1622.759	11388
1624.941	11483
1627.123	11273
1629.304	11438
1631.484	11444
1633.664	11473
1635.844	11447
1638.022	11657
1640.201	11225
1642.38	11240
1644.556	11394
1646.732	11497
1648.908	11387
1651.084	11403
1653.257	11427
1655.433	11319
1657.607	11394
1659.779	11293
1661.951	11330
1664.122	11528
1666.295	11530
1668.467	11524
1670.635	11456
1672.805	11512
1674.973	11373
1677.142	11467
1679.31	11422
1681.478	11399
1683.644	11488
1685.81	11292
1687.975	11285
1690.142	11365
1692.305	11457
1694.468	11351
1696.632	11352
1698.794	11384
1700.957	11448
1703.119	11474
1705.279	11263
1707.439	11448
1709.598	11611
1711.758	11402
1713.917	11196
1716.075	11454
1718.231	11268
1720.388	11494
1722.543	11330
1724.702	11366
1726.856	11307
1729.01	11191
1731.164	11246
1733.317	11403
1735.471	11195
1737.623	11280
1739.774	11422
1741.925	11462
1744.075	11192
1746.225	11447
1748.376	11245
1750.524	11457
1752.672	11200
1754.82	11390
1756.965	11402
1759.113	11343
1761.259	11466
1763.405	11243
1765.549	11383
1767.694	11376
1769.836	11394
1771.981	11338
1774.123	11342
1776.264	11412
1778.405	11290
1780.546	11386
1782.687	11324
1784.827	11517
1786.966	11407
1789.103	11457
1791.242	11265
1793.381	11411
1795.517	11365
1797.653	11530
1799.788	11350
1801.923	11380
1804.057	11389
1806.193	11391
1808.326	11392
1810.457	11369
1812.59	11495
1814.721	11382
1816.855	11357
1818.984	11498
1821.113	11354
1823.244	11379
1825.372	11464
1827.499	11343
1829.63	11472
1831.756	11342
1833.882	11429
1836.007	11350
1838.132	11322
1840.26	11414
1842.384	11284
1844.507	11272
1846.63	11398
1848.752	11332
1850.875	11305
1852.996	11242
1855.118	11285
1857.238	11189
1859.358	11176
1861.477	11101
1863.597	11185
1865.715	11275
1867.832	11288
1869.948	11295
1872.064	11201
1874.181	11282
1876.297	11116
1878.411	11258
1880.526	11207
1882.639	11173
1884.752	11139
1886.865	11369
1888.977	11347
1891.089	11410
1893.2	11315
1895.308	11180
1897.42	11385
1899.53	11199
1901.639	11321
1903.745	11436
1905.853	11420
1907.962	11444
1910.067	11320
1912.174	11308
1914.278	11375
1916.383	11336
1918.486	11325
1920.592	11381
1922.694	11220
1924.797	11286
1926.898	11380
1929	11364
1931.102	11330
1933.203	11475
1935.301	11466
1937.401	11561
1939.499	11432
1941.598	11448
1943.697	11414
1945.793	11487
1947.888	11661
1949.985	11426
1952.08	11408
1954.176	11416
1956.269	11281
1958.364	11342
1960.457	11298
1962.549	11292
1964.642	11479
1966.733	11452
1968.823	11324
1970.913	11289
1973.005	11441
1975.093	11544
1977.184	11417
1979.271	11283
1981.359	11310
1983.446	11300
1985.532	11139
1987.619	11281
1989.705	11438
1991.789	11246
1993.874	11179
1995.956	11122
1998.041	11294
2000.123	11193
2002.206	11346
2004.287	11167
2006.368	11119
2008.449	11177
2010.529	11156
2012.609	11181
2014.688	11294
2016.766	11224
2018.843	11273
2020.922	11399
2022.999	11310
2025.074	11203
2027.15	11358
2029.225	11200
2031.299	11148
2033.375	11216
2035.447	11269
2037.52	11155
2039.592	11362
2041.664	11242
2043.736	11123
2045.807	11220
2047.876	11205
2049.947	11269
2052.015	11388
2054.086	11247
2056.153	11236
2058.221	11271
2060.288	11289
2062.353	11351
2064.42	11233
2066.486	11253
2068.55	11102
2070.614	11169
2072.678	11296
2074.741	11172
2076.805	11179
2078.866	11325
2080.929	11171
2082.99	11263
2085.049	11235
2087.109	11399
2089.17	11253
2091.228	11277
2093.286	11039
2095.344	11208
2097.4	11122
2099.46	11193
2101.516	11055
2103.572	11324
2105.626	11266
2107.679	11220
2109.735	11192
2111.788	11213
2113.841	11049
2115.894	11215
2117.945	11277
2119.997	11106
2122.049	11133
2124.1	11227
2126.148	11202
2128.197	11205
2130.246	11161
2132.296	11176
2134.342	11287
2136.39	11163
2138.437	11217
2140.483	11045
2142.527	11073
2144.574	11161
2146.619	11184
2148.661	11035
2150.705	11080
2152.747	11076
2154.792	11086
2156.832	11282
2158.874	11051
2160.915	11056
2162.954	11132
2164.995	11048
2167.034	10897
2169.072	11107
2171.111	11046
2173.148	11085
2175.186	10977
2177.223	11005
2179.258	11121
2181.294	11047
2183.328	10977
2185.362	10963
2187.398	10872
2189.431	10952
2191.463	10790
2193.495	10916
2195.528	10894
2197.56	10864
2199.59	10826
2201.62	10986
2203.649	10727
2205.678	10885
2207.708	10746
2209.737	10773
2211.764	10845
2213.791	10707
2215.817	10763
2217.843	10739
2219.87	11030
2221.895	10935
2223.919	10870
2225.942	10814
2227.966	10937
2229.988	10872
2232.012	10815
2234.032	10910
2236.054	10654
2238.074	10805
2240.095	10851
2242.116	10793
2244.135	10940
2246.153	10708
2248.171	10713
2250.188	10713
2252.208	10690
2254.223	10878
2256.239	11071
2258.255	10783
2260.269	10899
2262.283	10747
2264.3	10891
2266.312	10718
2268.325	10731
2270.336	10827
2272.349	10960
2274.362	10868
2276.372	10751
2278.383	10812
2280.392	10801
2282.402	10771
2284.409	10849
2286.418	10844
2288.427	10624
2290.433	10839
2292.441	10733
2294.446	10828
2296.453	10607
2298.459	10793
2300.463	10655
2302.466	10594
2304.471	10724
2306.475	10729
2308.477	10631
2310.478	10510
2312.481	10659
2314.481	10681
2316.481	10760
2318.482	10641
2320.482	10738
2322.48	10660
2324.48	10572
2326.478	10634
2328.476	10521
2330.473	10662
2332.469	10381
2334.465	10609
2336.46	10542
2338.454	10689
2340.45	10584
2342.444	10658
2344.437	10636
2346.43	10542
2348.421	10454
2350.414	10482
2352.405	10486
2354.396	10533
2356.386	10427
2358.376	10455
2360.366	10458
2362.355	10473
2364.343	10485
2366.331	10383
2368.317	10355
2370.304	10493
2372.292	10506
2374.278	10455
2376.262	10458
2378.247	10494
2380.23	10451
2382.216	10404
2384.199	10412
2386.181	10392
2388.163	10301
2390.144	10314
2392.127	10359
2394.107	10459
2396.087	10307
2398.066	10258
2400.046	10378
2402.023	10224
2404.004	10218
2405.981	10331
2407.957	10369
2409.934	10283
2411.91	10253
2413.886	10347
2415.862	10344
2417.836	10315
2419.809	10256
2421.784	10216
2423.756	10467
2425.73	10248
2427.701	10308
2429.672	10378
2431.644	10243
2433.615	10206
2435.586	10252
2437.555	10386
2439.523	10184
2441.491	10198
2443.459	10306
2445.428	10344
2447.395	10231
2449.361	10287
2451.327	10280
2453.292	10318
2455.257	10151
2457.223	10303
2459.187	10207
2461.15	10187
2463.113	10082
2465.076	10136
2467.039	10138
2468.999	10381
2470.96	10124
2472.921	10100
2474.881	10208
2476.841	9978
2478.8	10110
2480.759	10202
2482.717	10197
2484.675	10139
2486.63	10201
2488.589	10080
2490.545	10163
2492.5	10008
2494.455	10009
2496.408	9953
2498.364	10071
2500.318	9975
2502.27	10203
2504.223	10056
2506.174	10099
2508.126	10035
2510.078	10000
2512.03	10074
2513.979	10021
2515.927	10024
2517.877	10122
2519.826	10076
2521.775	9999
2523.722	9999
2525.668	9992
2527.616	10010
2529.561	9957
2531.508	9958
2533.452	9898
2535.398	9948
2537.342	9978
2539.284	9988
2541.229	9970
2543.173	9781
2545.114	9901
2547.055	9927
2548.996	9900
2550.938	9954
2552.878	10026
2554.817	9968
2556.756	10008
2558.695	9782
2560.633	9973
2562.572	9982
2564.509	10070
2566.445	9853
2568.382	9935
2570.317	9982
2572.254	9936
2574.189	9896
2576.123	9857
2578.057	9965
2579.99	9948
2581.923	9960
2583.855	9953
2585.788	10004
2587.719	9926
2589.65	9954
2591.579	9894
2593.511	9923
2595.44	9826
2597.37	9923
2599.297	9896
2601.225	9997
2603.153	9828
2605.08	9971
2607.007	9885
2608.932	9964
2610.858	9864
2612.782	9834
2614.709	9937
2616.632	9954
2618.556	9972
2620.478	9986
2622.401	9933
2624.324	9930
2626.247	9796
2628.167	9839
2630.088	9895
2632.008	9822
2633.928	9999
2635.848	9870
2637.766	9826
2639.684	10021
2641.603	9815
2643.519	9767
2645.437	10048
2647.353	10004
2649.27	9993
2651.184	9940
2653.099	9855
2655.014	9868
2656.928	9879
2658.842	9970
2660.755	9751
2662.667	9902
2664.579	9842
2666.491	9967
2668.402	9763
2670.312	9806
2672.222	9798
2674.132	9829
2676.042	9788
2677.951	9805
2679.859	9761
2681.766	9673
2683.674	9752
2685.582	9853
2687.488	9808
2689.392	9843
2691.298	9631
2693.202	9774
2695.107	9650
2697.012	9711
2698.914	9754
2700.817	9621
2702.72	9734
2704.622	9883
2706.524	9640
2708.425	9662
2710.326	9644
2712.225	9678
2714.125	9665
2716.024	9575
2717.923	9519
2719.822	9563
2721.719	9725
2723.616	9640
2725.512	9679
2727.41	9580
2729.305	9714
2731.201	9535
2733.095	9593
2734.99	9558
2736.884	9635
2738.778	9595
2740.67	9561
2742.562	9655
2744.455	9546
2746.346	9600
2748.238	9490
2750.129	9553
2752.018	9736
2753.907	9451
2755.797	9574
2757.687	9591
2759.575	9638
2761.462	9581
2763.349	9612
2765.237	9509
2767.124	9594
2769.009	9432
2770.894	9426
2772.779	9583
2774.663	9432
2776.547	9359
2778.431	9426
2780.314	9558
2782.197	9547
2784.078	9470
2785.96	9353
2787.842	9553
2789.723	9427
2791.603	9536
2793.483	9489
2795.362	9505
2797.241	9455
2799.121	9310
2800.997	9385
2802.874	9391
2804.751	9274
2806.628	9356
2808.506	9528
2810.38	9354
2812.255	9414
2814.13	9376
2816.003	9530
2817.878	9316
2819.752	9437
2821.623	9537
2823.496	9316
2825.368	9439
2827.238	9257
2829.111	9502
2830.98	9354
2832.851	9441
2834.719	9478
2836.589	9286
2838.458	9541
2840.327	9404
2842.193	9315
2844.061	9394
2845.927	9373
2847.794	9380
2849.66	9520
2851.525	9373
2853.39	9443
2855.254	9371
2857.117	9342
2858.983	9503
2860.845	9553
2862.707	9535
2864.569	9606
2866.431	9409
2868.293	9585
2870.154	9594
2872.013	9633
2873.873	9405
2875.733	9623
2877.592	9729
2879.451	9610
2881.309	9807
2883.166	9551
2885.022	9822
2886.879	9851
2888.736	9758
2890.591	9707
2892.446	9828
2894.301	9821
2896.155	9823
2898.009	9846
2899.863	9888
2901.716	9900
2903.568	9862
2905.419	9678
2907.27	9685
2909.123	9783
2910.973	9700
2912.824	9922
2914.673	9873
2916.521	9880
2918.372	9965
2920.22	9960
2922.067	10013
2923.914	9954
2925.761	9975
2927.607	9878
2929.455	9993
2931.301	10023
2933.144	10055
2934.99	10152
2936.833	10206
2938.678	10258
2940.522	10116
2942.364	10477
2944.207	10400
2946.048	10444
2947.891	10557
2949.731	10427
2951.571	10495
2953.412	10517
2955.25	10368
2957.09	10334
2958.93	10365
2960.767	10521
2962.606	10354
2964.443	10246
2966.279	10258
2968.116	10089
2969.953	10012
2971.788	9904
2973.623	9707
2975.457	9676
2977.292	9853
2979.127	9631
2980.959	9752
2982.792	9518
2984.624	9338
2986.455	9410
2988.288	9377
2990.119	9446
2991.949	9469
2993.779	9363
2995.608	9329
2997.439	9404
2999.268	9224
3001.096	9241
3002.923	9078
3004.751	9174
3006.578	9321
3008.406	9021
3010.232	8944
3012.057	9043
3013.883	8796
3015.706	9062
3017.532	8928
3019.356	8878
3021.179	8848
3023.002	8816
3024.823	8810
3026.646	8742
3028.469	8860
3030.289	8802
3032.11	8706
3033.93	8809
3035.749	8873
3037.57	8728
3039.39	8485
3041.207	8728
3043.026	8756
3044.842	8745
3046.661	8773
3048.477	8594
3050.294	8683
3052.109	8588
3053.925	8782
3055.739	8560
3057.555	8657
3059.368	8516
3061.181	8608
3062.995	8572
3064.807	8687
3066.62	8468
3068.433	8652
3070.243	8544
3072.054	8512
3073.865	8522
3075.675	8507
3077.485	8521
3079.293	8525
3081.102	8571
3082.911	8460
3084.719	8380
3086.527	8470
3088.333	8397
3090.139	8441
3091.945	8448
3093.75	8502
3095.557	8311
3097.361	8425
3099.165	8396
3100.969	8289
3102.772	8242
3104.575	8385
3106.379	8300
3108.181	8386
3109.982	8265
3111.783	8278
3113.584	8171
3115.386	8336
3117.186	8343
3118.985	8373
3120.783	8295
3122.582	8188
3124.381	8235
3126.179	8173
3127.975	8288
3129.772	8258
3131.569	8389
3133.365	8122
3135.161	8110
3136.956	8109
3138.751	8121
3140.544	8145
3142.338	8124
3144.132	8112
3145.925	8113
3147.717	8197
3149.509	8125
3151.301	8198
3153.091	8109
3154.884	8045
3156.673	8140
3158.462	7977
3160.252	8003
3162.041	8142
3163.831	8073
3165.618	8050
3167.405	8118
3169.193	8119
3170.979	8248
3172.767	7932
3174.553	8056
3176.338	8028
3178.123	7938
3179.907	7953
3181.692	7937
3183.477	8184
3185.259	8029
3187.042	8070
3188.824	7859
3190.607	8078
3192.389	7995
3194.17	7905
3195.951	8065
3197.73	7877
3199.51	7955
3201.289	7895
3203.07	7994
3204.848	7776
3206.626	7839
3208.403	7921
3210.18	7855
3211.959	7925
3213.735	7755
3215.511	7831
3217.285	7953
3219.06	7941
3220.836	7835
3222.611	7960
3224.384	7709
3226.158	7833
3227.929	7794
3229.702	7816
3231.476	7815
3233.248	7720
3235.018	7727
3236.789	7857
3238.56	7718
3240.33	7891
3242.1	7825
3243.869	7966
3245.637	7869
3247.405	7731
3249.172	7812
3250.941	7810
3252.707	7851
3254.474	7669
3256.24	7746
3258.006	7640
3259.772	7793
3261.537	7665
3263.301	7650
3265.065	7753
3266.828	7790
3268.592	7778
3270.355	7651
3272.117	7669
3273.878	7782
3275.64	7649
3277.401	7710
3279.162	7781
3280.922	7727
3282.682	7724
3284.441	7747
3286.199	7698
3287.959	7697
3289.716	7666
3291.475	7683
3293.232	7641
3294.988	7777
3296.744	7690
3298.501	7698
3300.256	7639
3302.011	7694
3303.766	7596
3305.52	7715
3307.275	7725
3309.028	7668
3310.781	7669
3312.533	7638
3314.285	7701
3316.038	7594
3317.789	7597
3319.54	7685
3321.289	7586
3323.039	7626
3324.789	7757
3326.539	7569
3328.288	7521
3330.035	7723
3331.783	7580
3333.531	7559
3335.28	7617
3337.025	7515
3338.771	7687
3340.518	7608
3342.262	7510
3344.009	7506
3345.753	7459
3347.497	7549
3349.24	7421
3350.983	7571
3352.726	7455
3354.469	7533
3356.212	7560
3357.952	7634
3359.694	7413
3361.434	7442
3363.176	7463
3364.916	7405
3366.654	7391
3368.394	7402
3370.132	7429
3371.871	7365
3373.61	7564
3375.346	7466
3377.083	7458
3378.82	7353
3380.556	7384
3382.292	7403
3384.027	7372
3385.763	7250
3387.497	7320
3389.231	7519
3390.965	7363
3392.698	7336
3394.431	7366
3396.164	7304
3397.896	7352
3399.627	7303
3401.36	7342
3403.09	7306
3404.82	7245
3406.55	7175
3408.279	7256
3410.01	7265
3411.738	7314
3413.467	7304
3415.194	7310
3416.92	7260
3418.647	7216
3420.375	7309
3422.102	7127
3423.827	7179
3425.553	7222
3427.277	7221
3429.003	7023
3430.727	7200
3432.451	7084
3434.173	7099
3435.896	7181
3437.62	7252
3439.343	7331
3441.063	7247
3442.785	7033
3444.505	7009
3446.226	7120
3447.948	7228
3449.666	7060
3451.386	7111
3453.104	7072
3454.823	7119
3456.541	7033
3458.259	6967
3459.976	6881
3461.693	6972
3463.408	6966
3465.125	6952
3466.841	6992
3468.556	6909
3470.271	6936
3471.985	7018
3473.698	6952
3475.414	6949
3477.126	6881
3478.838	6952
3480.55	6808
3482.263	6855
3483.975	6978
3485.686	6991
3487.396	6836
3489.106	6897
3490.817	6751
3492.526	6808
3494.236	6771
3495.944	6754
3497.652	6781
3499.359	6825
3501.066	6887
3502.775	6719
3504.481	6785
3506.187	6686
3507.893	6747
3509.598	6676
3511.304	6771
3513.009	6610
3514.713	6685
3516.417	6599
3518.12	6719
3519.821	6677
3521.525	6736
3523.228	6692
3524.929	6734
3526.631	6629
3528.33	6737
3530.032	6684
3531.733	6589
3533.433	6707
3535.131	6610
3536.83	6590
3538.529	6782
3540.227	6666
3541.925	6634
3543.623	6628
3545.319	6630
3547.016	6639
3548.712	6668
3550.408	6437
3552.103	6499
3553.798	6596
3555.491	6619
3557.188	6622
3558.88	6581
3560.574	6526
3562.266	6558
3563.959	6510
3565.651	6474
3567.343	6449
3569.035	6515
3570.725	6432
3572.415	6566
3574.106	6511
3575.797	6635
3577.485	6477
3579.174	6383
3580.863	6411
3582.551	6488
3584.238	6279
3585.926	6435
3587.613	6412
3589.3	6395
3590.986	6419
3592.671	6460
3594.357	6389
3596.042	6438
3597.726	6308
3599.41	6507
3601.094	6311
3602.778	6369
3604.461	6215
3606.143	6361
3607.825	6403
3609.507	6222
3611.188	6280
3612.87	6231
3614.551	6256
3616.229	6276
3617.909	6208
3619.589	6279
3621.269	6268
3622.948	6223
3624.625	6273
3626.302	6335
3627.98	6229
3629.657	6258
3631.334	6090
3633.01	6228
3634.686	6196
3636.361	6192
3638.036	6231
3639.712	6160
3641.385	6128
3643.06	6212
3644.732	6124
3646.405	6184
3648.08	6132
3649.751	6099
3651.424	6114
3653.094	6058
3654.766	6120
3656.436	5981
3658.106	6036
3659.777	6075
3661.446	6012
3663.115	6090
3664.783	6093
3666.452	6087
3668.121	6090
3669.788	6084
3671.454	5994
3673.121	6037
3674.789	5961
3676.455	6009
3678.12	6053
3679.784	5977
3681.45	6021
3683.114	5910
3684.779	6027
3686.442	6048
3688.105	6030
3689.768	5955
3691.43	6015
3693.093	6078
3694.754	6013
3696.415	5934
3698.076	6024
3699.736	5991
3701.396	5908
3703.057	6014
3704.716	5899
3706.375	5936
3708.034	5918
3709.692	5939
3711.351	5845
3713.008	6012
3714.665	5946
3716.321	5819
3717.977	5911
3719.634	5930
3721.29	5877
3722.945	5840
3724.598	5870
3726.253	5920
3727.907	5895
3729.561	5893
3731.214	5785
3732.867	5863
3734.518	5857
3736.171	5811
3737.824	5832
3739.474	5935
3741.125	5733
3742.775	5787
3744.425	5835
3746.074	5893
3747.725	5718
3749.373	5815
3751.022	5885
3752.669	5844
3754.318	5764
3755.966	5822
3757.612	5770
3759.259	5798
3760.905	5751
3762.55	5688
3764.197	5805
3765.842	5724
3767.486	5652
3769.131	5768
3770.774	5746
3772.417	5768
3774.061	5698
3775.705	5679
3777.347	5741
3778.988	5764
3780.629	5709
3782.271	5646
3783.912	5730
3785.552	5661
3787.192	5743
3788.831	5571
3790.472	5641
3792.112	5711
3793.75	5531
3795.388	5552
3797.024	5605
3798.661	5541
3800.3	5623
3801.936	5611
3803.572	5495
3805.208	5580
3806.844	5494
3808.48	5582
3810.115	5429
3811.748	5499
3813.382	5541
3815.016	5532
3816.649	5522
3818.283	5468
3819.914	5542
3821.547	5534
3823.178	5532
3824.809	5464
3826.441	5543
3828.072	5450
3829.701	5458
3831.331	5497
3832.96	5423
3834.591	5464
3836.219	5404
3837.847	5411
3839.475	5380
3841.102	5435
3842.729	5417
3844.357	5493
3845.984	5309
3847.609	5369
3849.234	5375
3850.86	5370
3852.485	5423
3854.11	5445
3855.734	5338
3857.357	5359
3858.981	5384
3860.603	5425
3862.227	5410
3863.848	5373
3865.471	5424
3867.092	5311
3868.713	5304
3870.334	5363
3871.954	5339
3873.575	5368
3875.194	5222
3876.813	5272
3878.433	5402
3880.051	5361
3881.669	5168
3883.286	5210
3884.904	5264
3886.52	5263
3888.138	5200
3889.754	5305
3891.37	5362
3892.985	5246
3894.6	5318
3896.216	5242
3897.831	5220
3899.444	5245
3901.058	5374
3902.67	5298
3904.283	5248
3905.897	5147
3907.509	5242
3909.121	5261
3910.731	5232
3912.342	5264
3913.954	5343
3915.563	5287
3917.174	5150
3918.783	5250
3920.391	5228
3922.002	5239
3923.611	5196
3925.218	5183
3926.826	5229
3928.432	5142
3930.039	5122
3931.647	5188
3933.253	5069
3934.859	5150
3936.464	5224
3938.068	5114
3939.675	5148
3941.278	5056
3942.883	5077
3944.486	5087
3946.089	5116
3947.692	5083
3949.295	5214
3950.898	5125
3952.499	4986
3954.1	5091
3955.7	5091
3957.303	4934
3958.903	5071
3960.502	5110
3962.101	5100
3963.7	5021
3965.301	5102
3966.899	5154
3968.497	4992
3970.094	5047
3971.691	5057
3973.288	5088
3974.885	5067
3976.481	4926
3978.077	4933
3979.672	4945
3981.267	4990
3982.863	4962
3984.457	5010
3986.051	4924
3987.645	5030
3989.238	4916
3990.831	5002
3992.425	4892
3994.017	4905
3995.607	4962
3997.199	4924
3998.79	4886
4000.382	4943
4001.973	4919
4003.561	4834
4005.151	4856
4006.741	4883
4008.331	4860
4009.918	4762
4011.507	4881
4013.095	4824
4014.681	4756
4016.269	4854
4017.856	4787
4019.443	4751
4021.028	4753
4022.614	4824
4024.199	4802
4025.785	4838
4027.37	4781
4028.953	4705
4030.536	4726
4032.12	4703
4033.704	4843
4035.287	4800
4036.869	4768
4038.45	4810
4040.032	4788
4041.613	4681
4043.195	4733
4044.776	4669
4046.356	4683
4047.935	4645
4049.515	4665
4051.095	4709
4052.674	4666
4054.251	4647
4055.829	4615
4057.406	4645
4058.985	4565
4060.562	4618
4062.139	4623
4063.715	4592
4065.29	4660
4066.865	4627
4068.442	4550
4070.016	4595
4071.59	4565
4073.164	4649
4074.738	4576
4076.312	4620
4077.885	4627
4079.458	4595
4081.03	4604
4082.602	4732
4084.173	4570
4085.745	4500
4087.315	4610
4088.886	4630
4090.456	4604
4092.026	4512
4093.596	4573
4095.165	4625
4096.734	4514
4098.301	4453
4099.869	4606
4101.437	4485
4103.006	4559
4104.572	4540
4106.139	4514
4107.704	4486
4109.27	4509
4110.837	4451
4112.401	4463
4113.966	4474
4115.53	4535
4117.094	4404
4118.659	4420
4120.223	4530
4121.785	4431
4123.347	4432
4124.909	4441
4126.471	4433
4128.034	4404
4129.595	4382
4131.155	4399
4132.716	4442
4134.275	4389
4135.836	4510
4137.395	4437
4138.955	4360
4140.513	4326
4142.071	4437
4143.628	4368
4145.188	4377
4146.745	4268
4148.302	4322
4149.858	4366
4151.414	4396
4152.971	4269
4154.526	4422
4156.081	4295
4157.635	4305
4159.189	4329
4160.745	4347
4162.298	4282
4163.852	4234
4165.405	4283
4166.957	4314
4168.51	4241
4170.063	4308
4171.614	4294
4173.166	4254
4174.717	4292
4176.267	4230
4177.817	4232
4179.368	4269
4180.917	4282
4182.466	4276
4184.016	4185
4185.564	4233
4187.112	4201
4188.66	4278
4190.207	4190
4191.754	4086
4193.301	4179
4194.848	4169
4196.394	4185
4197.94	4178
4199.484	4125
4201.03	4208
4202.575	4193
4204.12	4177
4205.663	4220
4207.207	4075
4208.75	4148
4210.292	4051
4211.836	4078
4213.378	4110
4214.92	4042
4216.46	4136
4218.002	4072
4219.544	4119
4221.083	4119
4222.625	4151
4224.164	4113
4225.703	4013
4227.244	4102
4228.782	4039
4230.32	4148
4231.857	4079
4233.395	4150
4234.933	4083
4236.471	4096
4238.007	4010
4239.542	4026
4241.078	4034
4242.614	4093
4244.15	4132
4245.685	4046
4247.219	4042
4248.753	4068
4250.287	4031
4251.82	4077
4253.354	4044
4254.887	4001
4256.419	3942
4257.951	4058
4259.483	4031
4261.016	3968
4262.547	3984
4264.078	4045
4265.608	3969
4267.137	4019
4268.668	3960
4270.197	3946
4271.727	4010
4273.254	3990
4274.783	3935
4276.311	3951
4277.84	3923
4279.366	3971
4280.894	3946
4282.42	3983
4283.946	3921
4285.473	3912
4286.998	3886
4288.523	3956
4290.047	3967
4291.572	3951
4293.096	3981
4294.622	3907
4296.144	3880
4297.668	3864
4299.19	3908
4300.713	3892
4302.236	3845
4303.758	3863
4305.279	3969
4306.799	3904
4308.321	3838
4309.842	3848
4311.361	3872
4312.882	3838
4314.401	3905
