400.0961	4346
402.6185	4267
405.1424	4363
407.6635	4317
410.1838	4357
412.7035	4204
415.2225	4386
417.7388	4350
420.2585	4537
422.7754	4555
425.2917	4489
427.8072	4617
430.3221	4581
432.8363	4572
435.3498	4626
437.8626	4543
440.3727	4660
442.8841	4514
445.3969	4624
447.907	4473
450.4142	4579
452.9229	4521
455.4289	4573
457.9362	4552
460.4449	4549
462.9488	4535
465.454	4598
467.9566	4518
470.4604	4590
472.9637	4511
475.4662	4549
477.966	4527
480.4671	4539
482.9656	4547
485.4633	4602
487.9645	4608
490.4608	4559
492.9566	4604
495.4536	4616
497.948	4547
500.4437	4621
502.9387	4581
505.431	4716
507.9226	4632
510.4136	4570
512.9079	4678
515.3975	4683
517.8864	4701
520.3746	4755
522.8622	4720
525.3491	4725
527.8394	4694
530.3249	4622
532.8098	4753
535.2939	4745
537.7774	4734
540.2623	4752
542.7444	4690
545.2259	4743
547.7067	4629
550.1868	4780
552.6683	4725
555.147	4713
557.6231	4839
560.1005	4689
562.5773	4773
565.0534	4755
567.5308	4784
570.0056	4828
572.4776	4848
574.951	4892
577.4237	4918
579.8978	4874
582.3671	4934
584.8378	4914
587.3079	5032
589.7773	4990
592.244	4917
594.714	4940
597.1793	4831
599.6461	4943
602.1121	4867
604.5754	4916
607.0421	4922
609.5042	4855
611.9675	4979
614.4282	4886
616.8902	4891
619.3515	4920
621.8122	4896
624.2702	4896
626.7296	4930
629.1863	4902
631.6423	4890
634.1017	4799
636.5563	4820
639.0104	4865
641.4658	4817
643.9185	4812
646.3725	4895
648.8239	4946
651.2766	4821
653.7266	4854
656.176	4898
658.6247	4941
661.0748	4999
663.5242	4913
665.9709	4973
668.417	4888
670.8624	4916
673.3092	4978
675.7533	4955
678.1968	5082
680.6395	5054
683.0817	5039
685.5251	5101
687.9659	5035
690.4061	5017
692.8456	5077
695.2844	5138
697.7226	5064
700.1621	5131
702.599	5052
705.0332	5169
707.4688	5157
709.9036	5060
712.3399	5264
714.7735	5228
717.2044	5229
719.6367	5224
722.0683	5176
724.4993	5171
726.9296	5167
729.3593	5189
731.7883	5203
734.2147	5334
736.6423	5226
739.0714	5185
741.4958	5349
743.9216	5287
746.3447	5252
748.7691	5441
751.1929	5407
753.616	5314
756.0366	5303
758.4584	5396
760.8776	5435
763.2982	5380
765.718	5409
768.1373	5430
770.5539	5414
772.9698	5475
775.3871	5358
777.8038	5440
780.2178	5397
782.6332	5470
785.0459	5321
787.458	5415
789.8714	5427
792.2842	5471
794.6943	5454
797.1038	5427
799.5127	5329
801.9209	5414
804.3324	5473
806.7393	5509
809.1456	5533
811.5513	5557
813.9562	5456
816.3625	5442
818.7663	5535
821.1693	5502
823.5718	5583
825.9735	5559
828.3746	5600
830.7771	5438
833.177	5528
835.5762	5571
837.9747	5529
840.3727	5648
842.772	5491
845.1666	5594
847.5626	5683
849.958	5726
852.3527	5704
854.7488	5699
857.1403	5695
859.5331	5771
861.9253	5650
864.3168	5699
866.7057	5715
869.098	5679
871.4876	5709
873.8746	5512
876.263	5706
878.6487	5556
881.0378	5600
883.4243	5571
885.8081	5696
888.1933	5671
890.5759	5701
892.9598	5529
895.343	5555
897.7256	5652
900.1057	5658
902.4871	5618
904.8659	5699
907.246	5761
909.6254	5674
912.0023	5757
914.3786	5917
916.7562	6035
919.1331	5988
921.5074	6152
923.8831	6050
926.2562	6062
928.6287	5977
931.0005	6160
933.3757	6003
935.7462	6002
938.1162	6031
940.4855	6063
942.8542	6149
945.2242	6335
947.5916	6303
949.9584	6497
952.3266	6614
954.6921	6930
957.0571	7115
959.4233	7188
961.787	7409
964.15	7372
966.5125	7204
968.8742	6896
971.2354	6694
973.5959	6397
975.9559	6420
978.3151	6144
980.6738	6052
983.0338	6021
985.3912	5912
987.7461	5900
990.1022	6080
992.4578	5907
994.8127	5889
997.1689	5782
999.5207	6004
1001.874	6088
1004.226	5828
1006.576	5766
1008.929	6012
1011.28	5876
1013.628	5977
1015.977	5855
1018.324	5875
1020.674	5951
1023.019	5898
1025.366	5811
1027.713	5904
1030.056	5954
1032.399	5995
1034.746	6061
1037.087	5968
1039.431	5969
1041.771	5835
1044.113	5922
1046.454	5968
1048.793	5979
1051.133	5937
1053.471	5907
1055.807	5975
1058.146	5959
1060.483	6107
1062.818	5957
1065.153	6017
1067.489	5983
1069.822	6067
1072.156	6178
1074.488	6145
1076.82	6189
1079.15	6101
1081.48	6063
1083.814	6063
1086.143	6025
1088.471	6089
1090.799	5930
1093.126	6034
1095.452	6030
1097.78	5975
1100.105	6017
1102.43	5968
1104.754	6040
1107.077	6111
1109.4	5929
1111.722	5990
1114.044	5966
1116.365	5976
1118.685	5979
1121.005	6062
1123.324	5999
1125.643	5996
1127.961	6091
1130.278	6018
1132.595	5934
1134.911	6106
1137.226	5964
1139.541	5901
1141.854	5972
1144.167	5978
1146.482	6014
1148.793	5952
1151.105	5969
1153.414	5978
1155.725	6062
1158.033	5979
1160.344	6090
1162.651	6151
1164.959	6027
1167.265	5969
1169.572	6046
1171.878	6148
1174.184	5996
1176.488	6068
1178.79	6006
1181.094	6086
1183.396	6068
1185.699	6082
1188.001	6041
1190.301	6075
1192.6	6035
1194.9	5974
1197.2	6023
1199.497	5973
1201.794	6011
1204.09	6015
1206.387	6143
1208.684	6042
1210.978	5969
1213.272	6073
1215.565	6013
1217.858	6101
1220.15	5983
1222.443	6088
1224.734	6076
1227.024	6233
1229.313	6141
1231.602	6198
1233.892	6261
1236.18	6233
1238.467	6311
1240.754	6323
1243.04	6395
1245.325	6202
1247.612	6299
1249.896	6366
1252.178	6313
1254.461	6291
1256.743	6293
1259.027	6365
1261.308	6233
1263.587	6355
1265.867	6356
1268.146	6286
1270.425	6443
1272.703	6364
1274.981	6354
1277.256	6324
1279.532	6372
1281.808	6301
1284.083	6311
1286.358	6255
1288.63	6315
1290.904	6181
1293.175	6256
1295.449	6176
1297.719	6216
1299.99	6192
1302.259	6206
1304.529	6215
1306.798	6350
1309.065	6269
1311.333	6228
1313.599	6267
1315.866	6160
1318.131	6268
1320.396	6264
1322.66	6246
1324.925	6370
1327.187	6151
1329.448	6356
1331.711	6222
1333.974	6303
1336.234	6312
1338.493	6195
1340.752	6198
1343.01	6120
1345.269	6192
1347.526	6098
1349.784	6087
1352.04	6217
1354.295	6112
1356.552	6282
1358.806	6198
1361.059	6230
1363.312	6181
1365.564	6184
1367.818	6231
1370.069	6246
1372.318	6331
1374.568	6249
1376.817	6246
1379.066	6275
1381.316	6374
1383.564	6311
1385.809	6224
1388.056	6318
1390.301	6389
1392.549	6469
1394.793	6419
1397.036	6588
1399.279	6646
1401.522	6545
1403.763	6605
1406.007	6550
1408.248	6517
1410.487	6620
1412.727	6603
1414.965	6564
1417.205	6541
1419.442	6523
1421.68	6601
1423.915	6435
1426.152	6474
1428.388	6451
1430.623	6515
1432.857	6373
1435.091	6412
1437.323	6564
1439.556	6659
1441.789	6539
1444.019	6690
1446.25	6631
1448.48	6580
1450.708	6714
1452.938	6649
1455.167	6697
1457.394	6783
1459.62	6685
1461.846	6601
1464.073	6665
1466.299	6529
1468.523	6476
1470.746	6428
1472.969	6532
1475.191	6392
1477.415	6391
1479.636	6414
1481.858	6350
1484.078	6364
1486.298	6315
1488.518	6234
1490.736	6240
1492.954	6226
1495.169	6292
1497.386	6191
1499.602	6323
1501.819	6205
1504.034	6212
1506.248	6194
1508.462	6218
1510.675	6237
1512.888	6194
1515.1	6221
1517.311	6110
1519.522	6162
1521.732	6094
1523.942	6230
1526.151	6149
1528.36	6217
1530.566	6199
1532.773	6136
1534.98	6096
1537.187	6215
1539.392	6170
1541.596	6206
1543.801	6135
1546.005	6224
1548.208	6150
1550.411	6342
1552.612	6321
1554.814	6343
1557.013	6409
1559.212	6256
1561.414	6319
1563.612	6291
1565.811	6423
1568.007	6349
1570.203	6398
1572.403	6374
1574.598	6441
1576.792	6412
1578.988	6401
1581.181	6422
1583.376	6353
1585.568	6407
1587.761	6446
1589.952	6525
1592.143	6343
1594.333	6413
1596.524	6416
1598.715	6402
1600.903	6448
1603.091	6466
1605.278	6496
1607.466	6467
1609.652	6386
1611.838	6530
1614.023	6469
1616.207	6388
1618.391	6461
1620.576	6387
1622.759	6370
1624.941	6424
1627.123	6512
1629.304	6482
1631.484	6543
1633.664	6450
1635.844	6527
1638.022	6524
1640.201	6517
1642.38	6527
1644.556	6523
1646.732	6473
1648.908	6655
1651.084	6578
1653.257	6511
1655.433	6622
1657.607	6508
1659.779	6726
1661.951	6559
1664.122	6652
1666.295	6504
1668.467	6682
1670.635	6612
1672.805	6627
1674.973	6601
1677.142	6656
1679.31	6753
1681.478	6585
1683.644	6549
1685.81	6610
1687.975	6545
1690.142	6590
1692.305	6549
1694.468	6601
1696.632	6480
1698.794	6565
1700.957	6561
1703.119	6438
1705.279	6400
1707.439	6496
1709.598	6413
1711.758	6423
1713.917	6356
1716.075	6480
1718.231	6319
1720.388	6406
1722.543	6385
1724.702	6373
1726.856	6293
1729.01	6387
1731.164	6425
1733.317	6274
1735.471	6487
1737.623	6319
1739.774	6473
1741.925	6341
1744.075	6409
1746.225	6300
1748.376	6394
1750.524	6439
1752.672	6353
1754.82	6386
1756.965	6387
1759.113	6353
1761.259	6429
1763.405	6439
1765.549	6404
1767.694	6386
1769.836	6438
1771.981	6412
1774.123	6498
1776.264	6427
1778.405	6512
1780.546	6456
1782.687	6436
1784.827	6471
1786.966	6464
1789.103	6441
1791.242	6393
1793.381	6327
1795.517	6566
1797.653	6385
1799.788	6431
1801.923	6400
1804.057	6396
1806.193	6461
1808.326	6392
1810.457	6503
1812.59	6493
1814.721	6517
1816.855	6338
1818.984	6544
1821.113	6417
1823.244	6414
1825.372	6351
1827.499	6514
1829.63	6478
1831.756	6506
1833.882	6396
1836.007	6416
1838.132	6456
1840.26	6407
1842.384	6535
1844.507	6323
1846.63	6374
1848.752	6397
1850.875	6412
1852.996	6306
1855.118	6280
1857.238	6494
1859.358	6378
1861.477	6373
1863.597	6450
1865.715	6451
1867.832	6373
1869.948	6516
1872.064	6297
1874.181	6310
1876.297	6361
1878.411	6365
1880.526	6404
1882.639	6412
1884.752	6456
1886.865	6387
1888.977	6370
1891.089	6362
1893.2	6420
1895.308	6415
1897.42	6506
1899.53	6498
1901.639	6558
1903.745	6383
1905.853	6440
1907.962	6519
1910.067	6528
1912.174	6440
1914.278	6401
1916.383	6410
1918.486	6605
1920.592	6508
1922.694	6392
1924.797	6546
1926.898	6537
1929	6458
1931.102	6526
1933.203	6486
1935.301	6471
1937.401	6498
1939.499	6408
1941.598	6374
1943.697	6562
1945.793	6471
1947.888	6472
1949.985	6430
1952.08	6584
1954.176	6433
1956.269	6514
1958.364	6480
1960.457	6461
1962.549	6427
1964.642	6582
1966.733	6481
1968.823	6439
1970.913	6501
1973.005	6521
1975.093	6394
1977.184	6465
1979.271	6426
1981.359	6420
1983.446	6386
1985.532	6444
1987.619	6462
1989.705	6408
1991.789	6374
1993.874	6490
1995.956	6523
1998.041	6478
2000.123	6393
2002.206	6433
2004.287	6556
2006.368	6493
2008.449	6402
2010.529	6345
2012.609	6464
2014.688	6391
2016.766	6447
2018.843	6309
2020.922	6424
2022.999	6430
2025.074	6299
2027.15	6387
2029.225	6331
2031.299	6374
2033.375	6369
2035.447	6438
2037.52	6362
2039.592	6359
2041.664	6406
2043.736	6422
2045.807	6498
2047.876	6440
2049.947	6428
2052.015	6433
2054.086	6462
2056.153	6351
2058.221	6372
2060.288	6385
2062.353	6451
2064.42	6403
2066.486	6329
2068.55	6534
2070.614	6452
2072.678	6529
2074.741	6389
2076.805	6403
2078.866	6364
2080.929	6498
2082.99	6394
2085.049	6455
2087.109	6402
2089.17	6331
2091.228	6456
2093.286	6396
2095.344	6377
2097.4	6369
2099.46	6502
2101.516	6380
2103.572	6344
2105.626	6486
2107.679	6380
2109.735	6395
2111.788	6349
2113.841	6407
2115.894	6420
2117.945	6437
2119.997	6338
2122.049	6357
2124.1	6375
2126.148	6371
2128.197	6413
2130.246	6423
2132.296	6378
2134.342	6459
2136.39	6338
2138.437	6555
2140.483	6473
2142.527	6332
2144.574	6379
2146.619	6325
2148.661	6311
2150.705	6429
2152.747	6325
2154.792	6482
2156.832	6295
2158.874	6370
2160.915	6277
2162.954	6286
2164.995	6432
2167.034	6389
2169.072	6390
2171.111	6360
2173.148	6294
2175.186	6321
2177.223	6271
2179.258	6408
2181.294	6366
2183.328	6354
2185.362	6375
2187.398	6219
2189.431	6371
2191.463	6263
2193.495	6235
2195.528	6274
2197.56	6263
2199.59	6302
2201.62	6228
2203.649	6275
2205.678	6239
2207.708	6297
2209.737	6253
2211.764	6217
2213.791	6221
2215.817	6223
2217.843	6305
2219.87	6152
2221.895	6301
2223.919	6098
2225.942	6193
2227.966	6362
2229.988	6277
2232.012	6336
2234.032	6249
2236.054	6282
2238.074	6146
2240.095	6235
2242.116	6264
2244.135	6162
2246.153	6175
2248.171	6147
2250.188	6183
2252.208	6160
2254.223	6221
2256.239	6208
2258.255	6216
2260.269	6159
2262.283	6205
2264.3	6170
2266.312	6209
2268.325	6160
2270.336	6223
2272.349	6314
2274.362	6163
2276.372	6196
2278.383	6182
2280.392	6234
2282.402	6199
2284.409	6311
2286.418	6267
2288.427	6165
2290.433	6209
2292.441	6193
2294.446	6111
2296.453	6219
2298.459	6310
2300.463	6254
2302.466	6243
2304.471	6191
2306.475	6121
2308.477	6253
2310.478	6181
2312.481	6167
2314.481	6271
2316.481	6099
2318.482	6092
2320.482	6274
2322.48	6173
2324.48	6224
2326.478	6100
2328.476	6074
2330.473	6029
2332.469	6075
2334.465	6167
2336.46	6072
2338.454	6084
2340.45	6162
2342.444	6115
2344.437	6254
2346.43	6049
2348.421	6052
2350.414	6144
2352.405	6081
2354.396	6106
2356.386	6150
2358.376	6046
2360.366	5992
2362.355	6082
2364.343	6072
2366.331	6119
2368.317	6073
2370.304	6069
2372.292	6090
2374.278	5963
2376.262	6146
2378.247	6018
2380.23	6087
2382.216	6081
2384.199	6068
2386.181	5948
2388.163	5860
2390.144	6056
2392.127	5963
2394.107	5962
2396.087	6041
2398.066	5964
2400.046	6016
2402.023	5976
2404.004	5996
2405.981	6047
2407.957	5997
2409.934	6009
2411.91	5959
2413.886	6070
2415.862	6044
2417.836	5978
2419.809	5980
2421.784	6002
2423.756	5929
2425.73	6054
2427.701	5941
2429.672	5996
2431.644	6062
2433.615	5943
2435.586	6032
2437.555	5964
2439.523	6020
2441.491	5921
2443.459	5969
2445.428	6082
2447.395	5936
2449.361	6035
2451.327	5886
2453.292	5883
2455.257	5995
2457.223	5983
2459.187	5847
2461.15	5870
2463.113	5905
2465.076	6008
2467.039	5982
2468.999	5984
2470.96	5939
2472.921	5950
2474.881	5997
2476.841	5942
2478.8	5865
2480.759	5917
2482.717	5876
2484.675	5858
2486.63	5792
2488.589	5988
2490.545	5956
2492.5	5821
2494.455	5904
2496.408	5769
2498.364	5824
2500.318	5887
2502.27	5868
2504.223	5949
2506.174	5933
2508.126	5886
2510.078	5903
2512.03	5882
2513.979	5847
2515.927	5841
2517.877	5892
2519.826	5940
2521.775	5845
2523.722	5840
2525.668	5953
2527.616	5871
2529.561	5809
2531.508	5824
2533.452	5855
2535.398	5812
2537.342	5810
2539.284	5844
2541.229	5928
2543.173	5763
2545.114	5960
2547.055	5787
2548.996	5860
2550.938	5844
2552.878	5829
2554.817	5792
2556.756	5833
2558.695	5762
2560.633	5765
2562.572	5809
2564.509	5724
2566.445	5896
2568.382	5783
2570.317	5793
2572.254	5815
2574.189	5977
2576.123	5900
2578.057	5788
2579.99	5785
2581.923	5843
2583.855	5796
2585.788	5800
2587.719	5803
2589.65	5851
2591.579	5734
2593.511	5876
2595.44	5899
2597.37	5847
2599.297	5770
2601.225	5863
2603.153	5756
2605.08	5757
2607.007	5941
2608.932	5840
2610.858	5804
2612.782	5849
2614.709	5947
2616.632	5829
2618.556	5922
2620.478	5850
2622.401	5809
2624.324	5851
2626.247	5801
2628.167	5874
2630.088	5793
2632.008	5711
2633.928	5839
2635.848	5898
2637.766	5918
2639.684	5801
2641.603	5862
2643.519	5825
2645.437	5883
2647.353	5826
2649.27	5743
2651.184	5949
2653.099	5849
2655.014	5837
2656.928	5745
2658.842	5923
2660.755	5795
2662.667	5892
2664.579	5795
2666.491	5810
2668.402	5714
2670.312	5813
2672.222	5695
2674.132	5749
2676.042	5819
2677.951	5837
2679.859	5686
2681.766	5795
2683.674	5792
2685.582	5692
2687.488	5749
2689.392	5706
2691.298	5626
2693.202	5729
2695.107	5882
2697.012	5765
2698.914	5708
2700.817	5784
2702.72	5737
2704.622	5730
2706.524	5740
2708.425	5695
2710.326	5705
2712.225	5732
2714.125	5711
2716.024	5725
2717.923	5685
2719.822	5700
2721.719	5654
2723.616	5727
2725.512	5763
2727.41	5613
2729.305	5742
2731.201	5825
2733.095	5830
2734.99	5659
2736.884	5644
2738.778	5692
2740.67	5709
2742.562	5739
2744.455	5669
2746.346	5644
2748.238	5566
2750.129	5718
2752.018	5740
2753.907	5679
2755.797	5732
2757.687	5806
2759.575	5600
2761.462	5653
2763.349	5627
2765.237	5650
2767.124	5603
2769.009	5676
2770.894	5686
2772.779	5686
2774.663	5652
2776.547	5765
2778.431	5685
2780.314	5641
2782.197	5638
2784.078	5643
2785.96	5601
2787.842	5702
2789.723	5734
2791.603	5677
2793.483	5652
2795.362	5567
2797.241	5512
2799.121	5619
2800.997	5728
2802.874	5663
2804.751	5541
2806.628	5624
2808.506	5639
2810.38	5614
2812.255	5582
2814.13	5701
2816.003	5626
2817.878	5646
2819.752	5604
2821.623	5617
2823.496	5578
2825.368	5636
2827.238	5584
2829.111	5634
2830.98	5659
2832.851	5648
2834.719	5669
2836.589	5677
2838.458	5741
2840.327	5756
2842.193	5628
2844.061	5722
2845.927	5718
2847.794	5705
2849.66	5710
2851.525	5791
2853.39	5672
2855.254	5784
2857.117	5829
2858.983	5799
2860.845	5848
2862.707	5924
2864.569	5855
2866.431	5750
2868.293	5948
2870.154	5967
2872.013	5948
2873.873	6067
2875.733	6208
2877.592	6175
2879.451	6216
2881.309	6166
2883.166	6251
2885.022	6392
2886.879	6334
2888.736	6450
2890.591	6419
2892.446	6487
2894.301	6414
2896.155	6517
2898.009	6419
2899.863	6496
2901.716	6264
2903.568	6444
2905.419	6400
2907.27	6461
2909.123	6316
2910.973	6498
2912.824	6446
2914.673	6557
2916.521	6543
2918.372	6718
2920.22	6654
2922.067	6760
2923.914	6881
2925.761	6874
2927.607	6973
2929.455	6864
2931.301	7011
2933.144	7004
2934.99	7131
2936.833	7144
2938.678	7184
2940.522	7252
2942.364	7419
2944.207	7388
2946.048	7563
2947.891	7617
2949.731	7549
2951.571	7596
2953.412	7593
2955.25	7477
2957.09	7427
2958.93	7349
2960.767	7256
2962.606	7129
2964.443	7127
2966.279	7036
2968.116	6879
2969.953	6868
2971.788	6832
2973.623	6713
2975.457	6548
2977.292	6591
2979.127	6435
2980.959	6592
2982.792	6382
2984.624	6400
2986.455	6409
2988.288	6340
2990.119	6213
2991.949	6253
2993.779	6237
2995.608	6191
2997.439	6094
2999.268	6087
3001.096	6031
3002.923	6028
3004.751	5860
3006.578	5749
3008.406	5846
3010.232	5740
3012.057	5709
3013.883	5641
3015.706	5656
3017.532	5682
3019.356	5599
3021.179	5629
3023.002	5618
3024.823	5480
3026.646	5466
3028.469	5371
3030.289	5468
3032.11	5449
3033.93	5525
3035.749	5486
3037.57	5384
3039.39	5482
3041.207	5407
3043.026	5382
3044.842	5452
3046.661	5415
3048.477	5381
3050.294	5412
3052.109	5458
3053.925	5440
3055.739	5388
3057.555	5494
3059.368	5408
3061.181	5329
3062.995	5378
3064.807	5341
3066.62	5433
3068.433	5385
3070.243	5395
3072.054	5306
3073.865	5308
3075.675	5263
3077.485	5197
3079.293	5325
3081.102	5397
3082.911	5273
3084.719	5173
3086.527	5232
3088.333	5210
3090.139	5273
3091.945	5229
3093.75	5313
3095.557	5164
3097.361	5283
3099.165	5181
3100.969	5212
3102.772	5178
3104.575	5164
3106.379	5180
3108.181	5158
3109.982	5202
3111.783	5146
3113.584	5225
3115.386	5091
3117.186	5161
3118.985	5046
3120.783	5044
3122.582	5116
3124.381	5010
3126.179	5070
3127.975	5093
3129.772	5040
3131.569	5036
3133.365	5091
3135.161	5044
3136.956	5094
3138.751	5186
3140.544	5076
3142.338	5038
3144.132	5095
3145.925	5040
3147.717	5097
3149.509	5019
3151.301	5040
3153.091	5018
3154.884	4979
3156.673	5104
3158.462	5097
3160.252	5100
3162.041	5025
3163.831	4941
3165.618	5089
3167.405	5021
3169.193	5012
3170.979	5039
3172.767	5062
3174.553	4987
3176.338	5025
3178.123	5014
3179.907	5018
3181.692	4973
3183.477	4999
3185.259	5048
3187.042	4999
3188.824	5035
3190.607	5000
3192.389	4975
3194.17	4974
3195.951	4991
3197.73	4972
3199.51	5100
3201.289	5066
3203.07	5092
3204.848	5033
3206.626	4897
3208.403	5027
3210.18	5042
3211.959	5033
3213.735	5011
3215.511	4989
3217.285	4988
3219.06	4961
3220.836	4928
3222.611	5002
3224.384	5043
3226.158	4900
3227.929	4948
3229.702	5124
3231.476	4940
3233.248	4918
3235.018	4861
3236.789	4992
3238.56	5013
3240.33	4900
3242.1	5065
3243.869	5009
3245.637	4945
3247.405	5013
3249.172	4957
3250.941	4995
3252.707	5029
3254.474	4922
3256.24	4971
3258.006	4954
3259.772	4898
3261.537	4958
3263.301	4987
3265.065	4925
3266.828	4979
3268.592	4996
3270.355	4894
3272.117	4959
3273.878	4960
3275.64	4982
3277.401	4877
3279.162	4945
3280.922	5025
3282.682	4915
3284.441	4938
3286.199	4929
3287.959	4926
3289.716	4950
3291.475	5048
3293.232	4974
3294.988	4986
3296.744	4917
3298.501	5038
3300.256	4965
3302.011	4992
3303.766	4850
3305.52	4989
3307.275	4894
3309.028	4891
3310.781	5041
3312.533	4959
3314.285	4921
3316.038	4932
3317.789	4983
3319.54	4806
3321.289	4924
3323.039	4842
3324.789	4950
3326.539	5013
3328.288	4893
3330.035	4924
3331.783	4838
3333.531	4992
3335.28	4906
3337.025	5028
3338.771	4949
3340.518	4915
3342.262	4895
3344.009	4890
3345.753	4951
3347.497	4818
3349.24	4917
3350.983	4799
3352.726	4953
3354.469	4865
3356.212	4871
3357.952	4807
3359.694	4851
3361.434	4862
3363.176	4758
3364.916	4783
3366.654	4941
3368.394	4918
3370.132	4816
3371.871	4804
3373.61	4786
3375.346	4813
3377.083	4733
3378.82	4782
3380.556	4761
3382.292	4753
3384.027	4825
3385.763	4774
3387.497	4760
3389.231	4789
3390.965	4685
3392.698	4705
3394.431	4650
3396.164	4789
3397.896	4827
3399.627	4780
3401.36	4691
3403.09	4806
3404.82	4780
3406.55	4694
3408.279	4710
3410.01	4762
3411.738	4754
3413.467	4643
3415.194	4706
3416.92	4617
3418.647	4745
3420.375	4674
3422.102	4636
3423.827	4609
3425.553	4783
3427.277	4648
3429.003	4639
3430.727	4563
3432.451	4678
3434.173	4734
3435.896	4615
3437.62	4677
3439.343	4645
3441.063	4657
3442.785	4641
3444.505	4584
3446.226	4527
3447.948	4616
3449.666	4528
3451.386	4568
3453.104	4547
3454.823	4550
3456.541	4613
3458.259	4536
3459.976	4469
3461.693	4595
3463.408	4601
3465.125	4461
3466.841	4568
3468.556	4456
3470.271	4403
3471.985	4500
3473.698	4488
3475.414	4557
3477.126	4426
3478.838	4466
3480.55	4535
3482.263	4444
3483.975	4423
3485.686	4396
3487.396	4383
3489.106	4506
3490.817	4400
3492.526	4430
3494.236	4461
3495.944	4392
3497.652	4381
3499.359	4438
3501.066	4409
3502.775	4403
3504.481	4440
3506.187	4345
3507.893	4391
3509.598	4283
3511.304	4365
3513.009	4272
3514.713	4381
3516.417	4336
3518.12	4369
3519.821	4317
3521.525	4305
3523.228	4244
3524.929	4339
3526.631	4241
3528.33	4292
3530.032	4253
3531.733	4203
3533.433	4286
3535.131	4306
3536.83	4155
3538.529	4231
3540.227	4198
3541.925	4308
3543.623	4157
3545.319	4232
3547.016	4237
3548.712	4152
3550.408	4188
3552.103	4234
3553.798	4243
3555.491	4238
3557.188	4185
3558.88	4129
3560.574	4188
3562.266	4197
3563.959	4158
3565.651	4136
3567.343	4197
3569.035	4215
3570.725	4266
3572.415	4108
3574.106	4069
3575.797	4170
3577.485	4144
3579.174	4138
3580.863	4158
3582.551	4134
3584.238	4147
3585.926	4066
3587.613	4067
3589.3	4152
3590.986	4146
3592.671	4026
3594.357	4015
3596.042	3998
3597.726	4092
3599.41	4033
3601.094	4013
3602.778	4074
3604.461	4060
3606.143	3953
3607.825	4089
3609.507	3976
3611.188	3984
3612.87	3985
3614.551	3960
3616.229	3994
3617.909	3993
3619.589	3931
3621.269	4023
3622.948	3884
3624.625	3907
3626.302	3906
3627.98	3815
3629.657	3914
3631.334	3962
3633.01	3808
3634.686	3868
3636.361	3868
3638.036	3930
3639.712	3978
3641.385	3864
3643.06	3840
3644.732	3809
3646.405	3882
3648.08	3817
3649.751	3835
3651.424	3767
3653.094	3912
3654.766	3788
3656.436	3769
3658.106	3797
3659.777	3779
3661.446	3859
3663.115	3796
3664.783	3816
3666.452	3773
3668.121	3746
3669.788	3793
3671.454	3816
3673.121	3725
3674.789	3751
3676.455	3849
3678.12	3823
3679.784	3742
3681.45	3798
3683.114	3720
3684.779	3716
3686.442	3804
3688.105	3765
3689.768	3781
3691.43	3701
3693.093	3729
3694.754	3808
3696.415	3696
3698.076	3714
3699.736	3612
3701.396	3670
3703.057	3769
3704.716	3692
3706.375	3636
3708.034	3743
3709.692	3639
3711.351	3650
3713.008	3738
3714.665	3718
3716.321	3715
3717.977	3681
3719.634	3696
3721.29	3687
3722.945	3647
3724.598	3686
3726.253	3718
3727.907	3778
3729.561	3663
3731.214	3636
3732.867	3658
3734.518	3672
3736.171	3662
3737.824	3673
3739.474	3627
3741.125	3604
3742.775	3651
3744.425	3635
3746.074	3645
3747.725	3532
3749.373	3622
3751.022	3600
3752.669	3587
3754.318	3688
3755.966	3646
3757.612	3607
3759.259	3637
3760.905	3580
3762.55	3585
3764.197	3601
3765.842	3589
3767.486	3658
3769.131	3682
3770.774	3628
3772.417	3631
3774.061	3585
3775.705	3587
3777.347	3558
3778.988	3559
3780.629	3637
3782.271	3568
3783.912	3488
3785.552	3514
3787.192	3582
3788.831	3551
3790.472	3569
3792.112	3481
3793.75	3499
3795.388	3570
3797.024	3536
3798.661	3535
3800.3	3505
3801.936	3587
3803.572	3542
3805.208	3549
3806.844	3501
3808.48	3509
3810.115	3488
3811.748	3440
3813.382	3460
3815.016	3451
3816.649	3542
3818.283	3434
3819.914	3510
3821.547	3477
3823.178	3485
3824.809	3388
3826.441	3449
3828.072	3497
3829.701	3493
3831.331	3351
3832.96	3510
3834.591	3418
3836.219	3454
3837.847	3503
3839.475	3416
3841.102	3380
3842.729	3399
3844.357	3398
3845.984	3413
3847.609	3397
3849.234	3424
3850.86	3397
3852.485	3429
3854.11	3378
3855.734	3382
3857.357	3358
3858.981	3446
3860.603	3448
3862.227	3408
3863.848	3360
3865.471	3443
3867.092	3354
3868.713	3391
3870.334	3424
3871.954	3317
3873.575	3346
3875.194	3414
3876.813	3364
3878.433	3359
3880.051	3385
3881.669	3340
3883.286	3361
3884.904	3323
3886.52	3308
3888.138	3328
3889.754	3317
3891.37	3344
3892.985	3352
3894.6	3332
3896.216	3207
3897.831	3267
3899.444	3323
3901.058	3286
3902.67	3350
3904.283	3342
3905.897	3315
3907.509	3305
3909.121	3332
3910.731	3294
3912.342	3252
3913.954	3335
3915.563	3298
3917.174	3288
3918.783	3318
3920.391	3319
3922.002	3312
3923.611	3296
3925.218	3278
3926.826	3282
3928.432	3329
3930.039	3268
3931.647	3248
3933.253	3321
3934.859	3308
3936.464	3342
3938.068	3289
3939.675	3276
3941.278	3226
3942.883	3339
3944.486	3275
3946.089	3288
3947.692	3260
3949.295	3223
3950.898	3263
3952.499	3241
3954.1	3241
3955.7	3239
3957.303	3217
3958.903	3232
3960.502	3224
3962.101	3235
3963.7	3134
3965.301	3253
3966.899	3185
3968.497	3225
3970.094	3198
3971.691	3176
3973.288	3198
3974.885	3219
3976.481	3150
3978.077	3209
3979.672	3193
3981.267	3143
3982.863	3173
3984.457	3099
3986.051	3166
3987.645	3149
3989.238	3200
3990.831	3136
3992.425	3090
3994.017	3096
3995.607	3175
3997.199	3062
3998.79	3108
4000.382	3098
4001.973	3138
4003.561	3128
4005.151	3069
4006.741	3060
4008.331	3046
4009.918	3108
4011.507	3013
4013.095	3064
4014.681	3101
4016.269	3096
4017.856	3010
4019.443	3138
4021.028	3061
4022.614	3087
4024.199	3042
4025.785	3050
4027.37	3059
4028.953	3056
4030.536	3087
4032.12	3074
4033.704	3067
4035.287	3042
4036.869	3147
4038.45	3039
4040.032	3077
4041.613	2978
4043.195	3031
4044.776	3022
4046.356	3053
4047.935	3025
4049.515	3050
4051.095	3005
4052.674	2920
4054.251	3011
4055.829	3002
4057.406	2976
4058.985	3014
4060.562	3015
4062.139	2953
4063.715	3005
4065.29	2929
4066.865	2958
4068.442	2929
4070.016	2909
4071.59	3045
4073.164	2986
4074.738	2943
4076.312	3014
4077.885	2996
4079.458	2949
4081.03	2912
4082.602	2989
4084.173	2929
4085.745	2932
4087.315	2945
4088.886	2959
4090.456	2921
4092.026	2928
4093.596	2947
4095.165	2877
4096.734	2934
4098.301	2960
4099.869	2934
4101.437	2962
4103.006	2933
4104.572	2893
4106.139	2930
4107.704	2889
4109.27	2898
4110.837	2926
4112.401	2875
4113.966	2912
4115.53	2886
4117.094	2891
4118.659	2823
4120.223	2870
4121.785	2861
4123.347	2858
4124.909	2803
4126.471	2866
4128.034	2847
4129.595	2877
4131.155	2857
4132.716	2810
4134.275	2874
4135.836	2833
4137.395	2808
4138.955	2778
4140.513	2872
4142.071	2810
4143.628	2805
4145.188	2815
4146.745	2779
4148.302	2848
4149.858	2783
4151.414	2805
4152.971	2822
4154.526	2856
4156.081	2754
4157.635	2877
4159.189	2813
4160.745	2801
4162.298	2857
4163.852	2827
4165.405	2804
4166.957	2733
4168.51	2801
4170.063	2758
4171.614	2783
4173.166	2725
4174.717	2704
4176.267	2768
4177.817	2739
4179.368	2729
4180.917	2710
4182.466	2717
4184.016	2705
4185.564	2752
4187.112	2763
4188.66	2700
4190.207	2725
4191.754	2753
4193.301	2694
4194.848	2688
4196.394	2672
4197.94	2763
4199.484	2669
4201.03	2676
4202.575	2706
4204.12	2705
4205.663	2720
4207.207	2663
4208.75	2667
4210.292	2749
4211.836	2672
4213.378	2667
4214.92	2653
4216.46	2631
4218.002	2628
4219.544	2661
4221.083	2668
4222.625	2676
4224.164	2708
4225.703	2637
4227.244	2639
4228.782	2628
4230.32	2684
4231.857	2621
4233.395	2692
4234.933	2697
4236.471	2671
4238.007	2703
4239.542	2667
4241.078	2710
4242.614	2589
4244.15	2666
4245.685	2634
4247.219	2699
4248.753	2672
4250.287	2633
4251.82	2692
4253.354	2687
4254.887	2648
4256.419	2585
4257.951	2650
4259.483	2592
4261.016	2611
4262.547	2611
4264.078	2620
4265.608	2626
4267.137	2579
4268.668	2674
4270.197	2571
4271.727	2592
4273.254	2611
4274.783	2698
4276.311	2563
4277.84	2589
4279.366	2573
4280.894	2575
4282.42	2607
4283.946	2502
4285.473	2570
4286.998	2550
4288.523	2577
4290.047	2672
4291.572	2531
4293.096	2545
4294.622	2594
4296.144	2533
4297.668	2575
4299.19	2548
4300.713	2557
4302.236	2543
4303.758	2552
4305.279	2559
4306.799	2574
4308.321	2521
4309.842	2533
4311.361	2509
4312.882	2531
4314.401	2497
