400.0961	4080
402.6185	4136
405.1424	4087
407.6635	4124
410.1838	4055
412.7035	4082
415.2225	4197
417.7388	4158
420.2585	4147
422.7754	4276
425.2917	4284
427.8072	4340
430.3221	4325
432.8363	4408
435.3498	4439
437.8626	4389
440.3727	4376
442.8841	4283
445.3969	4380
447.907	4378
450.4142	4393
452.9229	4301
455.4289	4295
457.9362	4348
460.4449	4357
462.9488	4331
465.454	4276
467.9566	4294
470.4604	4330
472.9637	4332
475.4662	4374
477.966	4324
480.4671	4247
482.9656	4362
485.4633	4388
487.9645	4435
490.4608	4479
492.9566	4374
495.4536	4484
497.948	4384
500.4437	4431
502.9387	4434
505.431	4463
507.9226	4454
510.4136	4443
512.9079	4366
515.3975	4480
517.8864	4565
520.3746	4418
522.8622	4542
525.3491	4438
527.8394	4558
530.3249	4552
532.8098	4569
535.2939	4541
537.7774	4502
540.2623	4550
542.7444	4559
545.2259	4562
547.7067	4720
550.1868	4621
552.6683	4534
555.147	4472
557.6231	4512
560.1005	4543
562.5773	4612
565.0534	4599
567.5308	4634
570.0056	4601
572.4776	4565
574.951	4586
577.4237	4747
579.8978	4685
582.3671	4728
584.8378	4744
587.3079	4716
589.7773	4640
592.244	4723
594.714	4816
597.1793	4700
599.6461	4750
602.1121	4672
604.5754	4731
607.0421	4627
609.5042	4732
611.9675	4649
614.4282	4764
616.8902	4648
619.3515	4671
621.8122	4741
624.2702	4668
626.7296	4755
629.1863	4598
631.6423	4696
634.1017	4621
636.5563	4682
639.0104	4678
641.4658	4701
643.9185	4607
646.3725	4704
648.8239	4662
651.2766	4679
653.7266	4617
656.176	4815
658.6247	4705
661.0748	4680
663.5242	4715
665.9709	4778
668.417	4749
670.8624	4772
673.3092	4854
675.7533	4777
678.1968	4814
680.6395	4767
683.0817	4843
685.5251	4715
687.9659	4771
690.4061	4837
692.8456	4913
695.2844	4800
697.7226	4822
700.1621	4898
702.599	4854
705.0332	4907
707.4688	4871
709.9036	4872
712.3399	4915
714.7735	4961
717.2044	4961
719.6367	5042
722.0683	4940
724.4993	4926
726.9296	4995
729.3593	4961
731.7883	4944
734.2147	4986
736.6423	4986
739.0714	4982
741.4958	5124
743.9216	5033
746.3447	5007
748.7691	5011
751.1929	5125
753.616	5133
756.0366	5047
758.4584	5141
760.8776	5175
763.2982	5086
765.718	5111
768.1373	5099
770.5539	5171
772.9698	5183
775.3871	5138
777.8038	5236
780.2178	5175
782.6332	5196
785.0459	5153
787.458	5118
789.8714	5109
792.2842	5211
794.6943	5150
797.1038	5191
799.5127	5149
801.9209	5212
804.3324	5195
806.7393	5160
809.1456	5110
811.5513	5389
813.9562	5348
816.3625	5299
818.7663	5404
821.1693	5415
823.5718	5277
825.9735	5325
828.3746	5299
830.7771	5189
833.177	5215
835.5762	5304
837.9747	5258
840.3727	5322
842.772	5288
845.1666	5376
847.5626	5349
849.958	5400
852.3527	5493
854.7488	5521
857.1403	5482
859.5331	5432
861.9253	5416
864.3168	5539
866.7057	5406
869.098	5495
871.4876	5337
873.8746	5378
876.263	5447
878.6487	5534
881.0378	5363
883.4243	5297
885.8081	5484
888.1933	5409
890.5759	5392
892.9598	5359
895.343	5317
897.7256	5329
900.1057	5317
902.4871	5428
904.8659	5424
907.246	5443
909.6254	5555
912.0023	5556
914.3786	5566
916.7562	5669
919.1331	5733
921.5074	5874
923.8831	5842
926.2562	5908
928.6287	5853
931.0005	5836
933.3757	5758
935.7462	5704
938.1162	5826
940.4855	5868
942.8542	5919
945.2242	5863
947.5916	5994
949.9584	6135
952.3266	6166
954.6921	6460
957.0571	6707
959.4233	6851
961.787	6785
964.15	6799
966.5125	6717
968.8742	6551
971.2354	6294
973.5959	6054
975.9559	5916
978.3151	5838
980.6738	5781
983.0338	5731
985.3912	5730
987.7461	5662
990.1022	5618
992.4578	5593
994.8127	5623
997.1689	5635
999.5207	5675
1001.874	5688
1004.226	5671
1006.576	5657
1008.929	5731
1011.28	5578
1013.628	5610
1015.977	5565
1018.324	5502
1020.674	5602
1023.019	5595
1025.366	5572
1027.713	5743
1030.056	5658
1032.399	5665
1034.746	5691
1037.087	5640
1039.431	5673
1041.771	5788
1044.113	5798
1046.454	5749
1048.793	5729
1051.133	5754
1053.471	5706
1055.807	5535
1058.146	5763
1060.483	5747
1062.818	5802
1065.153	5692
1067.489	5810
1069.822	5779
1072.156	5702
1074.488	5861
1076.82	5770
1079.15	5878
1081.48	5873
1083.814	5799
1086.143	5740
1088.471	5756
1090.799	5697
1093.126	5666
1095.452	5640
1097.78	5725
1100.105	5712
1102.43	5706
1104.754	5681
1107.077	5698
1109.4	5671
1111.722	5810
1114.044	5704
1116.365	5780
1118.685	5654
1121.005	5732
1123.324	5846
1125.643	5820
1127.961	5812
1130.278	5812
1132.595	5723
1134.911	5724
1137.226	5754
1139.541	5780
1141.854	5810
1144.167	5771
1146.482	5654
1148.793	5740
1151.105	5794
1153.414	5779
1155.725	5758
1158.033	5735
1160.344	5741
1162.651	5733
1164.959	5772
1167.265	5749
1169.572	5807
1171.878	5839
1174.184	5794
1176.488	5943
1178.79	5853
1181.094	5930
1183.396	5769
1185.699	5853
1188.001	5876
1190.301	5791
1192.6	5696
1194.9	5816
1197.2	5861
1199.497	5717
1201.794	5787
1204.09	5788
1206.387	5842
1208.684	5858
1210.978	5740
1213.272	5777
1215.565	5700
1217.858	5734
1220.15	5822
1222.443	5783
1224.734	5805
1227.024	6007
1229.313	5813
1231.602	5907
1233.892	5948
1236.18	5942
1238.467	5887
1240.754	6074
1243.04	6104
1245.325	5937
1247.612	6035
1249.896	6004
1252.178	6028
1254.461	6104
1256.743	5969
1259.027	6144
1261.308	6063
1263.587	6162
1265.867	6011
1268.146	6116
1270.425	6116
1272.703	6174
1274.981	6129
1277.256	6080
1279.532	6108
1281.808	6018
1284.083	5951
1286.358	6021
1288.63	5990
1290.904	6066
1293.175	5951
1295.449	6002
1297.719	5892
1299.99	5898
1302.259	5810
1304.529	5947
1306.798	5892
1309.065	5879
1311.333	5938
1313.599	5943
1315.866	5875
1318.131	5960
1320.396	5884
1322.66	5962
1324.925	6151
1327.187	6006
1329.448	5907
1331.711	6063
1333.974	6093
1336.234	6040
1338.493	5973
1340.752	6036
1343.01	5972
1345.269	6029
1347.526	5929
1349.784	6065
1352.04	5845
1354.295	5932
1356.552	5958
1358.806	5939
1361.059	6033
1363.312	6047
1365.564	5977
1367.818	5901
1370.069	6085
1372.318	6042
1374.568	5876
1376.817	6050
1379.066	6050
1381.316	6132
1383.564	6029
1385.809	5938
1388.056	6089
1390.301	6194
1392.549	6206
1394.793	6299
1397.036	6175
1399.279	6160
1401.522	6397
1403.763	6310
1406.007	6328
1408.248	6322
1410.487	6235
1412.727	6247
1414.965	6383
1417.205	6340
1419.442	6319
1421.68	6289
1423.915	6312
1426.152	6196
1428.388	6237
1430.623	6167
1432.857	6314
1435.091	6141
1437.323	6243
1439.556	6310
1441.789	6391
1444.019	6306
1446.25	6381
1448.48	6299
1450.708	6329
1452.938	6366
1455.167	6322
1457.394	6363
1459.62	6424
1461.846	6433
1464.073	6285
1466.299	6332
1468.523	6235
1470.746	6213
1472.969	6196
1475.191	6172
1477.415	6133
1479.636	6138
1481.858	6173
1484.078	5975
1486.298	6127
1488.518	6022
1490.736	5989
1492.954	5946
1495.169	5933
1497.386	6000
1499.602	6001
1501.819	5953
1504.034	5968
1506.248	5960
1508.462	6055
1510.675	6011
1512.888	5913
1515.1	5975
1517.311	5905
1519.522	5889
1521.732	5859
1523.942	5970
1526.151	5947
1528.36	5885
1530.566	5989
1532.773	5895
1534.98	5956
1537.187	5945
1539.392	5928
1541.596	6073
1543.801	6000
1546.005	5921
1548.208	6053
1550.411	6114
1552.612	5982
1554.814	6049
1557.013	6013
1559.212	6045
1561.414	6107
1563.612	6071
1565.811	6085
1568.007	6069
1570.203	6100
1572.403	6193
1574.598	6155
1576.792	6100
1578.988	6170
1581.181	6117
1583.376	6188
1585.568	6201
1587.761	6126
1589.952	6276
1592.143	6027
1594.333	6102
1596.524	6143
1598.715	6255
1600.903	6086
1603.091	6307
1605.278	6292
1607.466	6199
1609.652	6120
1611.838	6151
1614.023	6169
1616.207	6219
1618.391	6170
1620.576	6204
1622.759	6275
1624.941	6312
1627.123	6235
1629.304	6143
1631.484	6364
1633.664	6257
1635.844	6246
1638.022	6305
1640.201	6265
1642.38	6276
1644.556	6311
1646.732	6252
1648.908	6279
1651.084	6294
1653.257	6302
1655.433	6319
1657.607	6288
1659.779	6318
1661.951	6278
1664.122	6405
1666.295	6322
1668.467	6358
1670.635	6425
1672.805	6452
1674.973	6411
1677.142	6384
1679.31	6446
1681.478	6321
1683.644	6290
1685.81	6236
1687.975	6241
1690.142	6402
1692.305	6212
1694.468	6304
1696.632	6273
1698.794	6205
1700.957	6257
1703.119	6280
1705.279	6285
1707.439	6147
1709.598	6179
1711.758	6129
1713.917	6102
1716.075	6118
1718.231	6275
1720.388	6203
1722.543	6161
1724.702	6311
1726.856	6151
1729.01	6071
1731.164	6119
1733.317	6140
1735.471	6092
1737.623	6182
1739.774	6259
1741.925	6234
1744.075	6202
1746.225	6160
1748.376	6182
1750.524	6251
1752.672	6160
1754.82	6141
1756.965	6247
1759.113	6189
1761.259	6241
1763.405	6112
1765.549	6211
1767.694	6126
1769.836	6211
1771.981	6248
1774.123	6165
1776.264	6185
1778.405	6191
1780.546	6270
1782.687	6212
1784.827	6233
1786.966	6253
1789.103	6201
1791.242	6220
1793.381	6230
1795.517	6339
1797.653	6263
1799.788	6189
1801.923	6324
1804.057	6209
1806.193	6173
1808.326	6202
1810.457	6271
1812.59	6274
1814.721	6243
1816.855	6192
1818.984	6183
1821.113	6204
1823.244	6298
1825.372	6224
1827.499	6263
1829.63	6252
1831.756	6177
1833.882	6286
1836.007	6151
1838.132	6169
1840.26	6251
1842.384	6187
1844.507	6209
1846.63	6115
1848.752	6214
1850.875	6126
1852.996	6178
1855.118	6089
1857.238	6138
1859.358	6229
1861.477	6139
1863.597	6068
1865.715	6121
1867.832	6226
1869.948	6103
1872.064	6109
1874.181	6172
1876.297	6156
1878.411	6285
1880.526	6081
1882.639	6152
1884.752	6219
1886.865	6243
1888.977	6144
1891.089	6251
1893.2	6143
1895.308	6172
1897.42	6247
1899.53	6189
1901.639	6225
1903.745	6160
1905.853	6155
1907.962	6201
1910.067	6192
1912.174	6106
1914.278	6257
1916.383	6314
1918.486	6270
1920.592	6309
1922.694	6191
1924.797	6231
1926.898	6259
1929	6303
1931.102	6353
1933.203	6241
1935.301	6311
1937.401	6197
1939.499	6219
1941.598	6254
1943.697	6301
1945.793	6368
1947.888	6327
1949.985	6273
1952.08	6226
1954.176	6238
1956.269	6112
1958.364	6248
1960.457	6227
1962.549	6432
1964.642	6213
1966.733	6285
1968.823	6259
1970.913	6281
1973.005	6271
1975.093	6286
1977.184	6263
1979.271	6204
1981.359	6194
1983.446	6087
1985.532	6298
1987.619	6347
1989.705	6193
1991.789	6216
1993.874	6246
1995.956	6146
1998.041	6239
2000.123	6145
2002.206	6266
2004.287	6239
2006.368	6119
2008.449	6185
2010.529	6226
2012.609	6263
2014.688	6195
2016.766	6201
2018.843	6349
2020.922	6265
2022.999	6204
2025.074	6303
2027.15	6208
2029.225	6218
2031.299	6174
2033.375	6308
2035.447	6076
2037.52	6142
2039.592	6177
2041.664	6107
2043.736	6212
2045.807	6301
2047.876	6259
2049.947	6196
2052.015	6331
2054.086	6252
2056.153	6322
2058.221	6176
2060.288	6094
2062.353	6156
2064.42	6189
2066.486	6129
2068.55	6317
2070.614	6239
2072.678	6243
2074.741	6183
2076.805	6188
2078.866	6184
2080.929	6225
2082.99	6272
2085.049	6216
2087.109	6174
2089.17	6159
2091.228	6183
2093.286	6179
2095.344	6184
2097.4	6213
2099.46	6233
2101.516	6108
2103.572	6206
2105.626	6229
2107.679	6203
2109.735	6170
2111.788	6153
2113.841	6184
2115.894	6240
2117.945	6157
2119.997	6164
2122.049	6192
2124.1	6252
2126.148	6201
2128.197	6190
2130.246	6219
2132.296	6192
2134.342	6186
2136.39	6247
2138.437	6167
2140.483	6130
2142.527	6229
2144.574	6279
2146.619	6107
2148.661	6132
2150.705	6147
2152.747	6155
2154.792	6187
2156.832	6146
2158.874	6093
2160.915	6165
2162.954	6202
2164.995	6180
2167.034	6062
2169.072	6143
2171.111	6104
2173.148	6098
2175.186	6190
2177.223	6112
2179.258	6078
2181.294	6085
2183.328	5996
2185.362	6114
2187.398	6086
2189.431	6102
2191.463	6121
2193.495	5970
2195.528	6083
2197.56	6139
2199.59	6084
2201.62	6067
2203.649	6148
2205.678	6095
2207.708	6074
2209.737	5926
2211.764	5979
2213.791	6127
2215.817	6061
2217.843	6068
2219.87	6116
2221.895	6167
2223.919	6074
2225.942	6181
2227.966	6149
2229.988	5978
2232.012	6088
2234.032	6066
2236.054	6055
2238.074	5969
2240.095	5927
2242.116	5969
2244.135	6062
2246.153	6088
2248.171	5954
2250.188	6069
2252.208	5970
2254.223	6046
2256.239	6132
2258.255	6028
2260.269	5915
2262.283	6058
2264.3	5951
2266.312	6068
2268.325	6036
2270.336	6063
2272.349	6013
2274.362	5966
2276.372	6133
2278.383	6037
2280.392	6043
2282.402	5928
2284.409	5967
2286.418	6071
2288.427	6003
2290.433	5819
2292.441	6015
2294.446	5916
2296.453	5931
2298.459	5933
2300.463	5940
2302.466	5946
2304.471	5958
2306.475	6013
2308.477	6023
2310.478	5964
2312.481	6051
2314.481	6013
2316.481	5975
2318.482	5832
2320.482	5977
2322.48	5934
2324.48	5965
2326.478	6034
2328.476	6018
2330.473	5905
2332.469	5887
2334.465	5988
2336.46	5823
2338.454	5943
2340.45	5871
2342.444	5895
2344.437	5905
2346.43	6026
2348.421	5945
2350.414	5971
2352.405	5959
2354.396	5857
2356.386	5861
2358.376	5739
2360.366	5890
2362.355	5787
2364.343	5963
2366.331	5901
2368.317	5919
2370.304	5833
2372.292	5797
2374.278	5853
2376.262	5889
2378.247	5797
2380.23	5830
2382.216	5884
2384.199	5747
2386.181	5737
2388.163	5837
2390.144	5802
2392.127	5899
2394.107	5668
2396.087	5864
2398.066	5795
2400.046	5836
2402.023	5806
2404.004	5713
2405.981	5753
2407.957	5877
2409.934	5838
2411.91	5807
2413.886	5809
2415.862	5790
2417.836	5899
2419.809	5831
2421.784	5700
2423.756	5791
2425.73	5865
2427.701	5748
2429.672	5833
2431.644	5825
2433.615	5833
2435.586	5777
2437.555	5788
2439.523	5758
2441.491	5842
2443.459	5768
2445.428	5699
2447.395	5689
2449.361	5764
2451.327	5869
2453.292	5723
2455.257	5687
2457.223	5822
2459.187	5756
2461.15	5696
2463.113	5672
2465.076	5764
2467.039	5736
2468.999	5822
2470.96	5683
2472.921	5779
2474.881	5779
2476.841	5748
2478.8	5789
2480.759	5770
2482.717	5750
2484.675	5694
2486.63	5656
2488.589	5642
2490.545	5697
2492.5	5679
2494.455	5671
2496.408	5768
2498.364	5601
2500.318	5737
2502.27	5681
2504.223	5632
2506.174	5627
2508.126	5758
2510.078	5632
2512.03	5740
2513.979	5630
2515.927	5603
2517.877	5750
2519.826	5674
2521.775	5682
2523.722	5749
2525.668	5734
2527.616	5635
2529.561	5646
2531.508	5645
2533.452	5679
2535.398	5669
2537.342	5590
2539.284	5626
2541.229	5717
2543.173	5663
2545.114	5622
2547.055	5635
2548.996	5638
2550.938	5603
2552.878	5587
2554.817	5646
2556.756	5616
2558.695	5720
2560.633	5691
2562.572	5600
2564.509	5689
2566.445	5637
2568.382	5627
2570.317	5569
2572.254	5709
2574.189	5640
2576.123	5588
2578.057	5631
2579.99	5635
2581.923	5767
2583.855	5751
2585.788	5700
2587.719	5635
2589.65	5709
2591.579	5593
2593.511	5746
2595.44	5622
2597.37	5688
2599.297	5638
2601.225	5661
2603.153	5631
2605.08	5641
2607.007	5743
2608.932	5705
2610.858	5685
2612.782	5613
2614.709	5702
2616.632	5587
2618.556	5635
2620.478	5651
2622.401	5644
2624.324	5624
2626.247	5546
2628.167	5765
2630.088	5672
2632.008	5686
2633.928	5625
2635.848	5613
2637.766	5634
2639.684	5709
2641.603	5690
2643.519	5637
2645.437	5681
2647.353	5616
2649.27	5511
2651.184	5643
2653.099	5694
2655.014	5614
2656.928	5682
2658.842	5649
2660.755	5624
2662.667	5717
2664.579	5635
2666.491	5594
2668.402	5535
2670.312	5597
2672.222	5611
2674.132	5637
2676.042	5582
2677.951	5579
2679.859	5659
2681.766	5547
2683.674	5638
2685.582	5550
2687.488	5556
2689.392	5547
2691.298	5673
2693.202	5628
2695.107	5542
2697.012	5578
2698.914	5627
2700.817	5508
2702.72	5634
2704.622	5534
2706.524	5560
2708.425	5575
2710.326	5435
2712.225	5490
2714.125	5480
2716.024	5570
2717.923	5552
2719.822	5577
2721.719	5484
2723.616	5650
2725.512	5521
2727.41	5540
2729.305	5542
2731.201	5462
2733.095	5544
2734.99	5507
2736.884	5504
2738.778	5493
2740.67	5529
2742.562	5540
2744.455	5516
2746.346	5553
2748.238	5492
2750.129	5585
2752.018	5470
2753.907	5449
2755.797	5518
2757.687	5570
2759.575	5515
2761.462	5383
2763.349	5506
2765.237	5486
2767.124	5436
2769.009	5409
2770.894	5508
2772.779	5477
2774.663	5433
2776.547	5487
2778.431	5468
2780.314	5506
2782.197	5439
2784.078	5502
2785.96	5455
2787.842	5489
2789.723	5486
2791.603	5487
2793.483	5456
2795.362	5495
2797.241	5512
2799.121	5487
2800.997	5355
2802.874	5478
2804.751	5413
2806.628	5430
2808.506	5496
2810.38	5360
2812.255	5541
2814.13	5472
2816.003	5482
2817.878	5561
2819.752	5493
2821.623	5441
2823.496	5371
2825.368	5446
2827.238	5387
2829.111	5459
2830.98	5450
2832.851	5408
2834.719	5506
2836.589	5533
2838.458	5496
2840.327	5454
2842.193	5418
2844.061	5364
2845.927	5402
2847.794	5527
2849.66	5510
2851.525	5561
2853.39	5486
2855.254	5557
2857.117	5461
2858.983	5606
2860.845	5658
2862.707	5623
2864.569	5616
2866.431	5704
2868.293	5820
2870.154	5732
2872.013	5825
2873.873	5841
2875.733	5877
2877.592	6000
2879.451	6023
2881.309	6153
2883.166	6020
2885.022	6208
2886.879	6079
2888.736	6193
2890.591	6249
2892.446	6211
2894.301	6195
2896.155	6275
2898.009	6111
2899.863	6173
2901.716	6254
2903.568	6154
2905.419	6190
2907.27	6150
2909.123	6249
2910.973	6223
2912.824	6250
2914.673	6255
2916.521	6269
2918.372	6518
2920.22	6313
2922.067	6341
2923.914	6481
2925.761	6649
2927.607	6608
2929.455	6548
2931.301	6658
2933.144	6676
2934.99	6724
2936.833	6711
2938.678	6863
2940.522	6997
2942.364	6988
2944.207	7072
2946.048	7123
2947.891	7250
2949.731	7248
2951.571	7191
2953.412	7136
2955.25	7147
2957.09	6962
2958.93	7004
2960.767	7072
2962.606	6894
2964.443	6672
2966.279	6825
2968.116	6737
2969.953	6570
2971.788	6563
2973.623	6508
2975.457	6386
2977.292	6314
2979.127	6359
2980.959	6173
2982.792	6150
2984.624	6114
2986.455	6130
2988.288	6068
2990.119	5995
2991.949	5984
2993.779	5974
2995.608	5818
2997.439	5833
2999.268	5905
3001.096	5733
3002.923	5778
3004.751	5678
3006.578	5642
3008.406	5563
3010.232	5573
3012.057	5510
3013.883	5350
3015.706	5459
3017.532	5477
3019.356	5477
3021.179	5373
3023.002	5320
3024.823	5314
3026.646	5342
3028.469	5268
3030.289	5253
3032.11	5234
3033.93	5338
3035.749	5134
3037.57	5128
3039.39	5274
3041.207	5248
3043.026	5204
3044.842	5225
3046.661	5218
3048.477	5242
3050.294	5216
3052.109	5236
3053.925	5164
3055.739	5107
3057.555	5255
3059.368	5300
3061.181	5202
3062.995	5180
3064.807	5247
3066.62	5162
3068.433	5192
3070.243	5168
3072.054	5193
3073.865	5100
3075.675	5184
3077.485	5171
3079.293	5217
3081.102	5089
3082.911	5080
3084.719	5143
3086.527	4995
3088.333	5174
3090.139	5071
3091.945	5109
3093.75	5099
3095.557	5027
3097.361	4996
3099.165	5064
3100.969	5000
3102.772	5011
3104.575	5045
3106.379	5092
3108.181	5000
3109.982	4985
3111.783	4925
3113.584	4982
3115.386	4889
3117.186	4859
3118.985	4947
3120.783	4910
3122.582	4911
3124.381	4987
3126.179	4935
3127.975	4918
3129.772	4967
3131.569	4893
3133.365	4877
3135.161	4980
3136.956	4876
3138.751	4947
3140.544	4771
3142.338	4897
3144.132	4922
3145.925	4850
3147.717	4883
3149.509	4787
3151.301	4888
3153.091	4896
3154.884	4825
3156.673	4777
3158.462	4930
3160.252	4852
3162.041	4865
3163.831	4864
3165.618	4770
3167.405	4771
3169.193	4801
3170.979	4819
3172.767	4740
3174.553	4844
3176.338	4839
3178.123	4801
3179.907	4719
3181.692	4872
3183.477	4828
3185.259	4798
3187.042	4822
3188.824	4910
3190.607	4865
3192.389	4827
3194.17	4878
3195.951	4783
3197.73	4794
3199.51	4799
3201.289	4750
3203.07	4764
3204.848	4790
3206.626	4853
3208.403	4841
3210.18	4869
3211.959	4833
3213.735	4907
3215.511	4847
3217.285	4776
3219.06	4821
3220.836	4813
3222.611	4799
3224.384	4828
3226.158	4770
3227.929	4789
3229.702	4858
3231.476	4732
3233.248	4862
3235.018	4784
3236.789	4836
3238.56	4806
3240.33	4750
3242.1	4781
3243.869	4950
3245.637	4823
3247.405	4805
3249.172	4828
3250.941	4861
3252.707	4655
3254.474	4840
3256.24	4727
3258.006	4746
3259.772	4792
3261.537	4725
3263.301	4841
3265.065	4857
3266.828	4717
3268.592	4833
3270.355	4761
3272.117	4829
3273.878	4795
3275.64	4802
3277.401	4857
3279.162	4811
3280.922	4793
3282.682	4845
3284.441	4930
3286.199	4843
3287.959	4712
3289.716	4709
3291.475	4732
3293.232	4831
3294.988	4806
3296.744	4777
3298.501	4851
3300.256	4725
3302.011	4845
3303.766	4787
3305.52	4874
3307.275	4780
3309.028	4862
3310.781	4798
3312.533	4864
3314.285	4789
3316.038	4713
3317.789	4885
3319.54	4813
3321.289	4792
3323.039	4682
3324.789	4771
3326.539	4753
3328.288	4704
3330.035	4774
3331.783	4767
3333.531	4710
3335.28	4887
3337.025	4744
3338.771	4803
3340.518	4694
3342.262	4641
3344.009	4722
3345.753	4803
3347.497	4665
3349.24	4755
3350.983	4631
3352.726	4645
3354.469	4693
3356.212	4684
3357.952	4629
3359.694	4644
3361.434	4747
3363.176	4673
3364.916	4643
3366.654	4671
3368.394	4613
3370.132	4675
3371.871	4603
3373.61	4651
3375.346	4561
3377.083	4538
3378.82	4642
3380.556	4627
3382.292	4647
3384.027	4718
3385.763	4582
3387.497	4511
3389.231	4556
3390.965	4591
3392.698	4684
3394.431	4656
3396.164	4525
3397.896	4576
3399.627	4563
3401.36	4597
3403.09	4476
3404.82	4564
3406.55	4538
3408.279	4524
3410.01	4582
3411.738	4611
3413.467	4533
3415.194	4599
3416.92	4618
3418.647	4506
3420.375	4455
3422.102	4518
3423.827	4510
3425.553	4550
3427.277	4581
3429.003	4491
3430.727	4463
3432.451	4492
3434.173	4445
3435.896	4449
3437.62	4393
3439.343	4445
3441.063	4398
3442.785	4368
3444.505	4517
3446.226	4431
3447.948	4461
3449.666	4448
3451.386	4429
3453.104	4417
3454.823	4431
3456.541	4301
3458.259	4402
3459.976	4418
3461.693	4413
3463.408	4442
3465.125	4396
3466.841	4315
3468.556	4381
3470.271	4286
3471.985	4325
3473.698	4373
3475.414	4329
3477.126	4396
3478.838	4332
3480.55	4300
3482.263	4305
3483.975	4313
3485.686	4300
3487.396	4154
3489.106	4291
3490.817	4253
3492.526	4246
3494.236	4190
3495.944	4204
3497.652	4321
3499.359	4193
3501.066	4243
3502.775	4222
3504.481	4186
3506.187	4191
3507.893	4235
3509.598	4188
3511.304	4232
3513.009	4128
3514.713	4125
3516.417	4160
3518.12	4262
3519.821	4104
3521.525	4114
3523.228	4209
3524.929	4193
3526.631	4095
3528.33	4135
3530.032	4184
3531.733	4116
3533.433	4123
3535.131	4045
3536.83	4133
3538.529	4182
3540.227	4074
3541.925	4107
3543.623	4088
3545.319	4073
3547.016	4117
3548.712	4104
3550.408	4033
3552.103	4115
3553.798	4065
3555.491	4066
3557.188	3979
3558.88	4194
3560.574	4051
3562.266	4091
3563.959	3945
3565.651	4023
3567.343	3994
3569.035	3956
3570.725	3959
3572.415	4025
3574.106	3979
3575.797	3975
3577.485	3928
3579.174	4047
3580.863	4091
3582.551	3900
3584.238	3875
3585.926	3928
3587.613	4037
3589.3	4002
3590.986	3923
3592.671	3918
3594.357	3973
3596.042	3892
3597.726	3881
3599.41	3935
3601.094	3934
3602.778	3838
3604.461	3951
3606.143	3921
3607.825	4029
3609.507	3932
3611.188	3828
3612.87	3825
3614.551	3860
3616.229	3862
3617.909	3879
3619.589	3857
3621.269	3785
3622.948	3739
3624.625	3851
3626.302	3877
3627.98	3870
3629.657	3832
3631.334	3801
3633.01	3796
3634.686	3743
3636.361	3680
3638.036	3867
3639.712	3761
3641.385	3834
3643.06	3734
3644.732	3644
3646.405	3804
3648.08	3719
3649.751	3767
3651.424	3816
3653.094	3857
3654.766	3677
3656.436	3731
3658.106	3745
3659.777	3688
3661.446	3660
3663.115	3800
3664.783	3684
3666.452	3690
3668.121	3658
3669.788	3698
3671.454	3731
3673.121	3689
3674.789	3610
3676.455	3667
3678.12	3639
3679.784	3714
3681.45	3744
3683.114	3563
3684.779	3670
3686.442	3708
3688.105	3636
3689.768	3713
3691.43	3625
3693.093	3580
3694.754	3626
3696.415	3658
3698.076	3614
3699.736	3576
3701.396	3681
3703.057	3524
3704.716	3681
3706.375	3540
3708.034	3589
3709.692	3623
3711.351	3569
3713.008	3570
3714.665	3597
3716.321	3582
3717.977	3633
3719.634	3582
3721.29	3638
3722.945	3559
3724.598	3584
3726.253	3580
3727.907	3615
3729.561	3635
3731.214	3547
3732.867	3569
3734.518	3446
3736.171	3581
3737.824	3623
3739.474	3582
3741.125	3476
3742.775	3516
3744.425	3587
3746.074	3482
3747.725	3507
3749.373	3575
3751.022	3546
3752.669	3472
3754.318	3485
3755.966	3584
3757.612	3501
3759.259	3426
3760.905	3479
3762.55	3551
3764.197	3526
3765.842	3444
3767.486	3500
3769.131	3470
3770.774	3493
3772.417	3489
3774.061	3417
3775.705	3508
3777.347	3467
3778.988	3540
3780.629	3456
3782.271	3437
3783.912	3533
3785.552	3470
3787.192	3499
3788.831	3468
3790.472	3510
3792.112	3422
3793.75	3454
3795.388	3498
3797.024	3369
3798.661	3416
3800.3	3434
3801.936	3417
3803.572	3403
3805.208	3409
3806.844	3387
3808.48	3402
3810.115	3395
3811.748	3360
3813.382	3416
3815.016	3399
3816.649	3436
3818.283	3373
3819.914	3403
3821.547	3388
3823.178	3349
3824.809	3356
3826.441	3380
3828.072	3369
3829.701	3357
3831.331	3380
3832.96	3342
3834.591	3366
3836.219	3298
3837.847	3425
3839.475	3255
3841.102	3306
3842.729	3365
3844.357	3411
3845.984	3350
3847.609	3314
3849.234	3282
3850.86	3305
3852.485	3191
3854.11	3295
3855.734	3245
3857.357	3258
3858.981	3326
3860.603	3356
3862.227	3295
3863.848	3334
3865.471	3283
3867.092	3237
3868.713	3358
3870.334	3268
3871.954	3213
3873.575	3370
3875.194	3332
3876.813	3331
3878.433	3209
3880.051	3213
3881.669	3271
3883.286	3359
3884.904	3282
3886.52	3234
3888.138	3288
3889.754	3259
3891.37	3291
3892.985	3214
3894.6	3187
3896.216	3194
3897.831	3223
3899.444	3187
3901.058	3239
3902.67	3068
3904.283	3193
3905.897	3182
3907.509	3170
3909.121	3165
3910.731	3274
3912.342	3207
3913.954	3263
3915.563	3238
3917.174	3222
3918.783	3170
3920.391	3252
3922.002	3156
3923.611	3348
3925.218	3166
3926.826	3200
3928.432	3144
3930.039	3306
3931.647	3161
3933.253	3171
3934.859	3166
3936.464	3162
3938.068	3133
3939.675	3216
3941.278	3199
3942.883	3244
3944.486	3070
3946.089	3105
3947.692	3121
3949.295	3164
3950.898	3113
3952.499	3090
3954.1	3128
3955.7	3156
3957.303	3177
3958.903	3073
3960.502	3145
3962.101	3136
3963.7	3131
3965.301	3131
3966.899	3063
3968.497	3062
3970.094	3091
3971.691	3072
3973.288	3080
3974.885	3073
3976.481	3111
3978.077	3146
3979.672	3137
3981.267	3105
3982.863	3028
3984.457	3057
3986.051	3087
3987.645	3061
3989.238	3058
3990.831	3098
3992.425	3064
3994.017	3043
3995.607	3066
3997.199	3043
3998.79	3024
4000.382	2992
4001.973	2971
4003.561	3104
4005.151	2993
4006.741	2987
4008.331	3083
4009.918	3025
4011.507	2973
4013.095	3031
4014.681	3025
4016.269	2942
4017.856	3006
4019.443	2983
4021.028	2993
4022.614	2946
4024.199	3032
4025.785	2964
4027.37	2951
4028.953	2994
4030.536	3013
4032.12	2934
4033.704	2983
4035.287	2898
4036.869	2972
4038.45	2975
4040.032	2931
4041.613	3029
4043.195	2945
4044.776	2876
4046.356	2958
4047.935	2910
4049.515	2897
4051.095	2959
4052.674	2932
4054.251	2917
4055.829	2948
4057.406	2906
4058.985	2902
4060.562	2990
4062.139	2892
4063.715	2898
4065.29	2963
4066.865	2919
4068.442	2876
4070.016	2912
4071.59	2897
4073.164	2893
4074.738	2840
4076.312	2881
4077.885	2907
4079.458	2877
4081.03	2865
4082.602	2808
4084.173	2825
4085.745	2852
4087.315	2861
4088.886	2826
4090.456	2890
4092.026	2796
4093.596	2876
4095.165	2854
4096.734	2829
4098.301	2819
4099.869	2796
4101.437	2802
4103.006	2874
4104.572	2812
4106.139	2880
4107.704	2806
4109.27	2850
4110.837	2777
4112.401	2863
4113.966	2873
4115.53	2834
4117.094	2793
4118.659	2879
4120.223	2753
4121.785	2844
4123.347	2793
4124.909	2771
4126.471	2798
4128.034	2777
4129.595	2786
4131.155	2811
4132.716	2738
4134.275	2780
4135.836	2697
4137.395	2706
4138.955	2782
4140.513	2830
4142.071	2761
4143.628	2743
4145.188	2704
4146.745	2757
4148.302	2744
4149.858	2673
4151.414	2745
4152.971	2716
4154.526	2676
4156.081	2669
4157.635	2758
4159.189	2717
4160.745	2686
4162.298	2740
4163.852	2723
4165.405	2748
4166.957	2699
4168.51	2672
4170.063	2666
4171.614	2708
4173.166	2792
4174.717	2708
4176.267	2657
4177.817	2714
4179.368	2681
4180.917	2743
4182.466	2717
4184.016	2672
4185.564	2658
4187.112	2639
4188.66	2659
4190.207	2717
4191.754	2606
4193.301	2673
4194.848	2663
4196.394	2696
4197.94	2620
4199.484	2676
4201.03	2647
4202.575	2582
4204.12	2576
4205.663	2637
4207.207	2632
4208.75	2605
4210.292	2686
4211.836	2592
4213.378	2595
4214.92	2617
4216.46	2602
4218.002	2589
4219.544	2563
4221.083	2580
4222.625	2592
4224.164	2552
4225.703	2686
4227.244	2590
4228.782	2575
4230.32	2615
4231.857	2642
4233.395	2591
4234.933	2575
4236.471	2592
4238.007	2596
4239.542	2602
4241.078	2546
4242.614	2547
4244.15	2619
4245.685	2515
4247.219	2551
4248.753	2490
4250.287	2550
4251.82	2598
4253.354	2531
4254.887	2579
4256.419	2569
4257.951	2533
4259.483	2580
4261.016	2569
4262.547	2539
4264.078	2477
4265.608	2521
4267.137	2568
4268.668	2541
4270.197	2531
4271.727	2504
4273.254	2533
4274.783	2523
4276.311	2543
4277.84	2515
4279.366	2441
4280.894	2477
4282.42	2544
4283.946	2511
4285.473	2510
4286.998	2505
4288.523	2535
4290.047	2522
4291.572	2431
4293.096	2507
4294.622	2509
4296.144	2511
4297.668	2451
4299.19	2460
4300.713	2486
4302.236	2478
4303.758	2472
4305.279	2486
4306.799	2478
4308.321	2487
4309.842	2463
4311.361	2452
4312.882	2461
4314.401	2442
