400.0961	4423
402.6185	4425
405.1424	4329
407.6635	4445
410.1838	4340
412.7035	4454
415.2225	4453
417.7388	4466
420.2585	4510
422.7754	4551
425.2917	4553
427.8072	4642
430.3221	4711
432.8363	4710
435.3498	4597
437.8626	4657
440.3727	4714
442.8841	4684
445.3969	4606
447.907	4743
450.4142	4538
452.9229	4620
455.4289	4675
457.9362	4702
460.4449	4614
462.9488	4580
465.454	4547
467.9566	4564
470.4604	4612
472.9637	4536
475.4662	4616
477.966	4595
480.4671	4536
482.9656	4625
485.4633	4727
487.9645	4698
490.4608	4655
492.9566	4724
495.4536	4697
497.948	4723
500.4437	4689
502.9387	4633
505.431	4704
507.9226	4708
510.4136	4709
512.9079	4772
515.3975	4689
517.8864	4696
520.3746	4706
522.8622	4744
525.3491	4669
527.8394	4757
530.3249	4841
532.8098	4691
535.2939	4780
537.7774	4884
540.2623	4762
542.7444	4850
545.2259	4839
547.7067	4873
550.1868	4863
552.6683	4869
555.147	4783
557.6231	4780
560.1005	4903
562.5773	4784
565.0534	4828
567.5308	4843
570.0056	4954
572.4776	4873
574.951	4942
577.4237	5044
579.8978	4918
582.3671	4968
584.8378	4944
587.3079	4930
589.7773	4961
592.244	5029
594.714	5038
597.1793	5031
599.6461	5014
602.1121	4877
604.5754	4928
607.0421	5009
609.5042	5094
611.9675	4914
614.4282	4981
616.8902	4932
619.3515	4919
621.8122	4910
624.2702	4862
626.7296	4953
629.1863	4826
631.6423	4929
634.1017	4939
636.5563	4902
639.0104	4901
641.4658	4945
643.9185	4917
646.3725	5016
648.8239	4998
651.2766	5000
653.7266	5008
656.176	4955
658.6247	4950
661.0748	5035
663.5242	5086
665.9709	5026
668.417	4962
670.8624	4969
673.3092	4999
675.7533	5022
678.1968	4993
680.6395	5097
683.0817	5208
685.5251	5052
687.9659	5179
690.4061	5153
692.8456	5070
695.2844	5027
697.7226	5109
700.1621	5184
702.599	5097
705.0332	5143
707.4688	5184
709.9036	5264
712.3399	5140
714.7735	5100
717.2044	5228
719.6367	5243
722.0683	5234
724.4993	5309
726.9296	5213
729.3593	5362
731.7883	5235
734.2147	5271
736.6423	5319
739.0714	5235
741.4958	5357
743.9216	5257
746.3447	5318
748.7691	5297
751.1929	5328
753.616	5369
756.0366	5507
758.4584	5489
760.8776	5471
763.2982	5439
765.718	5457
768.1373	5423
770.5539	5390
772.9698	5344
775.3871	5472
777.8038	5440
780.2178	5418
782.6332	5438
785.0459	5374
787.458	5486
789.8714	5449
792.2842	5447
794.6943	5449
797.1038	5398
799.5127	5477
801.9209	5396
804.3324	5432
806.7393	5525
809.1456	5461
811.5513	5541
813.9562	5566
816.3625	5511
818.7663	5585
821.1693	5543
823.5718	5604
825.9735	5584
828.3746	5558
830.7771	5598
833.177	5568
835.5762	5592
837.9747	5560
840.3727	5627
842.772	5584
845.1666	5667
847.5626	5578
849.958	5712
852.3527	5698
854.7488	5799
857.1403	5636
859.5331	5730
861.9253	5799
864.3168	5710
866.7057	5789
869.098	5715
871.4876	5641
873.8746	5726
876.263	5728
878.6487	5692
881.0378	5741
883.4243	5661
885.8081	5656
888.1933	5697
890.5759	5736
892.9598	5683
895.343	5734
897.7256	5733
900.1057	5680
902.4871	5751
904.8659	5748
907.246	5748
909.6254	5765
912.0023	5876
914.3786	6016
916.7562	5959
919.1331	6159
921.5074	6195
923.8831	6338
926.2562	6177
928.6287	6243
931.0005	6183
933.3757	6152
935.7462	6138
938.1162	6227
940.4855	6185
942.8542	6169
945.2242	6241
947.5916	6277
949.9584	6546
952.3266	6804
954.6921	6900
957.0571	7174
959.4233	7489
961.787	7572
964.15	7351
966.5125	7219
968.8742	6874
971.2354	6689
973.5959	6513
975.9559	6357
978.3151	6219
980.6738	6115
983.0338	6103
985.3912	6073
987.7461	5936
990.1022	5894
992.4578	6077
994.8127	5972
997.1689	5963
999.5207	5886
1001.874	6013
1004.226	6015
1006.576	6059
1008.929	6051
1011.28	5908
1013.628	5873
1015.977	5888
1018.324	6048
1020.674	5967
1023.019	5876
1025.366	6038
1027.713	5950
1030.056	6022
1032.399	5977
1034.746	5955
1037.087	5962
1039.431	6047
1041.771	5981
1044.113	6080
1046.454	6173
1048.793	6036
1051.133	5999
1053.471	6032
1055.807	6042
1058.146	6075
1060.483	6183
1062.818	6091
1065.153	6133
1067.489	6067
1069.822	6172
1072.156	6069
1074.488	6174
1076.82	6214
1079.15	6167
1081.48	6098
1083.814	6035
1086.143	6033
1088.471	6069
1090.799	6071
1093.126	6137
1095.452	5967
1097.78	6075
1100.105	6041
1102.43	6059
1104.754	6062
1107.077	6031
1109.4	6112
1111.722	6149
1114.044	6032
1116.365	5888
1118.685	6045
1121.005	6066
1123.324	6140
1125.643	6042
1127.961	6122
1130.278	6105
1132.595	6079
1134.911	5998
1137.226	6117
1139.541	5971
1141.854	6140
1144.167	5937
1146.482	5967
1148.793	6081
1151.105	5980
1153.414	5985
1155.725	6077
1158.033	6079
1160.344	6016
1162.651	6069
1164.959	6029
1167.265	6123
1169.572	6079
1171.878	6063
1174.184	6080
1176.488	6121
1178.79	6141
1181.094	6178
1183.396	6058
1185.699	6117
1188.001	6078
1190.301	6041
1192.6	6035
1194.9	6056
1197.2	5966
1199.497	6090
1201.794	6042
1204.09	6075
1206.387	6093
1208.684	6019
1210.978	6152
1213.272	6107
1215.565	6056
1217.858	6105
1220.15	6099
1222.443	6139
1224.734	6103
1227.024	6126
1229.313	6284
1231.602	6212
1233.892	6302
1236.18	6372
1238.467	6292
1240.754	6307
1243.04	6401
1245.325	6436
1247.612	6373
1249.896	6508
1252.178	6392
1254.461	6445
1256.743	6410
1259.027	6469
1261.308	6495
1263.587	6368
1265.867	6445
1268.146	6535
1270.425	6514
1272.703	6490
1274.981	6499
1277.256	6497
1279.532	6470
1281.808	6374
1284.083	6269
1286.358	6308
1288.63	6386
1290.904	6264
1293.175	6206
1295.449	6169
1297.719	6342
1299.99	6314
1302.259	6221
1304.529	6186
1306.798	6387
1309.065	6275
1311.333	6346
1313.599	6285
1315.866	6296
1318.131	6371
1320.396	6374
1322.66	6339
1324.925	6385
1327.187	6380
1329.448	6434
1331.711	6488
1333.974	6421
1336.234	6434
1338.493	6308
1340.752	6296
1343.01	6271
1345.269	6241
1347.526	6364
1349.784	6276
1352.04	6289
1354.295	6153
1356.552	6269
1358.806	6211
1361.059	6290
1363.312	6211
1365.564	6192
1367.818	6350
1370.069	6269
1372.318	6351
1374.568	6307
1376.817	6311
1379.066	6376
1381.316	6370
1383.564	6431
1385.809	6428
1388.056	6433
1390.301	6471
1392.549	6516
1394.793	6586
1397.036	6681
1399.279	6665
1401.522	6794
1403.763	6843
1406.007	6785
1408.248	6713
1410.487	6674
1412.727	6783
1414.965	6669
1417.205	6694
1419.442	6672
1421.68	6698
1423.915	6549
1426.152	6694
1428.388	6581
1430.623	6627
1432.857	6578
1435.091	6559
1437.323	6692
1439.556	6748
1441.789	6585
1444.019	6663
1446.25	6681
1448.48	6689
1450.708	6744
1452.938	6744
1455.167	6857
1457.394	6830
1459.62	6823
1461.846	6814
1464.073	6717
1466.299	6697
1468.523	6609
1470.746	6629
1472.969	6609
1475.191	6504
1477.415	6472
1479.636	6362
1481.858	6328
1484.078	6467
1486.298	6325
1488.518	6386
1490.736	6218
1492.954	6369
1495.169	6355
1497.386	6262
1499.602	6333
1501.819	6270
1504.034	6109
1506.248	6394
1508.462	6188
1510.675	6139
1512.888	6188
1515.1	6206
1517.311	6156
1519.522	6265
1521.732	6190
1523.942	6320
1526.151	6189
1528.36	6269
1530.566	6166
1532.773	6257
1534.98	6363
1537.187	6288
1539.392	6229
1541.596	6221
1543.801	6272
1546.005	6286
1548.208	6284
1550.411	6292
1552.612	6313
1554.814	6292
1557.013	6347
1559.212	6412
1561.414	6482
1563.612	6386
1565.811	6348
1568.007	6474
1570.203	6531
1572.403	6342
1574.598	6404
1576.792	6364
1578.988	6487
1581.181	6442
1583.376	6361
1585.568	6410
1587.761	6437
1589.952	6473
1592.143	6457
1594.333	6575
1596.524	6468
1598.715	6384
1600.903	6494
1603.091	6524
1605.278	6554
1607.466	6528
1609.652	6552
1611.838	6492
1614.023	6565
1616.207	6432
1618.391	6562
1620.576	6539
1622.759	6551
1624.941	6498
1627.123	6495
1629.304	6570
1631.484	6570
1633.664	6636
1635.844	6542
1638.022	6606
1640.201	6542
1642.38	6551
1644.556	6782
1646.732	6560
1648.908	6619
1651.084	6641
1653.257	6619
1655.433	6770
1657.607	6635
1659.779	6712
1661.951	6661
1664.122	6691
1666.295	6761
1668.467	6807
1670.635	6749
1672.805	6723
1674.973	6745
1677.142	6656
1679.31	6799
1681.478	6737
1683.644	6653
1685.81	6640
1687.975	6698
1690.142	6612
1692.305	6523
1694.468	6653
1696.632	6577
1698.794	6632
1700.957	6666
1703.119	6462
1705.279	6423
1707.439	6420
1709.598	6539
1711.758	6356
1713.917	6490
1716.075	6540
1718.231	6450
1720.388	6442
1722.543	6406
1724.702	6427
1726.856	6492
1729.01	6435
1731.164	6490
1733.317	6433
1735.471	6472
1737.623	6427
1739.774	6375
1741.925	6366
1744.075	6452
1746.225	6359
1748.376	6416
1750.524	6394
1752.672	6448
1754.82	6539
1756.965	6429
1759.113	6425
1761.259	6491
1763.405	6456
1765.549	6555
1767.694	6494
1769.836	6584
1771.981	6426
1774.123	6402
1776.264	6435
1778.405	6482
1780.546	6456
1782.687	6610
1784.827	6450
1786.966	6521
1789.103	6457
1791.242	6573
1793.381	6512
1795.517	6466
1797.653	6520
1799.788	6475
1801.923	6510
1804.057	6518
1806.193	6440
1808.326	6518
1810.457	6464
1812.59	6461
1814.721	6474
1816.855	6407
1818.984	6447
1821.113	6393
1823.244	6472
1825.372	6492
1827.499	6417
1829.63	6566
1831.756	6514
1833.882	6441
1836.007	6484
1838.132	6546
1840.26	6471
1842.384	6360
1844.507	6449
1846.63	6355
1848.752	6413
1850.875	6500
1852.996	6535
1855.118	6398
1857.238	6323
1859.358	6470
1861.477	6412
1863.597	6452
1865.715	6402
1867.832	6409
1869.948	6427
1872.064	6509
1874.181	6323
1876.297	6426
1878.411	6301
1880.526	6340
1882.639	6394
1884.752	6538
1886.865	6373
1888.977	6482
1891.089	6284
1893.2	6410
1895.308	6496
1897.42	6514
1899.53	6494
1901.639	6461
1903.745	6260
1905.853	6538
1907.962	6422
1910.067	6525
1912.174	6539
1914.278	6508
1916.383	6483
1918.486	6645
1920.592	6458
1922.694	6649
1924.797	6575
1926.898	6656
1929	6573
1931.102	6590
1933.203	6373
1935.301	6589
1937.401	6481
1939.499	6583
1941.598	6492
1943.697	6559
1945.793	6472
1947.888	6565
1949.985	6570
1952.08	6497
1954.176	6477
1956.269	6474
1958.364	6521
1960.457	6529
1962.549	6519
1964.642	6566
1966.733	6581
1968.823	6568
1970.913	6435
1973.005	6443
1975.093	6540
1977.184	6491
1979.271	6401
1981.359	6530
1983.446	6535
1985.532	6382
1987.619	6523
1989.705	6488
1991.789	6472
1993.874	6486
1995.956	6468
1998.041	6431
2000.123	6320
2002.206	6448
2004.287	6450
2006.368	6424
2008.449	6469
2010.529	6423
2012.609	6603
2014.688	6503
2016.766	6454
2018.843	6384
2020.922	6460
2022.999	6392
2025.074	6493
2027.15	6499
2029.225	6427
2031.299	6472
2033.375	6545
2035.447	6554
2037.52	6425
2039.592	6441
2041.664	6483
2043.736	6474
2045.807	6425
2047.876	6461
2049.947	6428
2052.015	6418
2054.086	6504
2056.153	6311
2058.221	6421
2060.288	6433
2062.353	6412
2064.42	6371
2066.486	6601
2068.55	6379
2070.614	6396
2072.678	6506
2074.741	6558
2076.805	6470
2078.866	6416
2080.929	6497
2082.99	6453
2085.049	6390
2087.109	6468
2089.17	6530
2091.228	6421
2093.286	6482
2095.344	6502
2097.4	6651
2099.46	6526
2101.516	6327
2103.572	6414
2105.626	6440
2107.679	6419
2109.735	6499
2111.788	6432
2113.841	6407
2115.894	6458
2117.945	6512
2119.997	6384
2122.049	6432
2124.1	6470
2126.148	6443
2128.197	6523
2130.246	6500
2132.296	6378
2134.342	6495
2136.39	6445
2138.437	6439
2140.483	6405
2142.527	6390
2144.574	6497
2146.619	6424
2148.661	6470
2150.705	6351
2152.747	6471
2154.792	6357
2156.832	6295
2158.874	6379
2160.915	6436
2162.954	6322
2164.995	6416
2167.034	6475
2169.072	6396
2171.111	6390
2173.148	6305
2175.186	6457
2177.223	6458
2179.258	6298
2181.294	6431
2183.328	6323
2185.362	6391
2187.398	6359
2189.431	6399
2191.463	6335
2193.495	6322
2195.528	6335
2197.56	6393
2199.59	6300
2201.62	6291
2203.649	6222
2205.678	6343
2207.708	6284
2209.737	6300
2211.764	6263
2213.791	6177
2215.817	6182
2217.843	6238
2219.87	6356
2221.895	6365
2223.919	6277
2225.942	6129
2227.966	6225
2229.988	6297
2232.012	6304
2234.032	6359
2236.054	6188
2238.074	6215
2240.095	6331
2242.116	6265
2244.135	6223
2246.153	6324
2248.171	6339
2250.188	6219
2252.208	6309
2254.223	6298
2256.239	6237
2258.255	6253
2260.269	6265
2262.283	6236
2264.3	6224
2266.312	6202
2268.325	6262
2270.336	6253
2272.349	6306
2274.362	6310
2276.372	6246
2278.383	6308
2280.392	6267
2282.402	6260
2284.409	6261
2286.418	6270
2288.427	6274
2290.433	6216
2292.441	6195
2294.446	6294
2296.453	6113
2298.459	6100
2300.463	6316
2302.466	6209
2304.471	6162
2306.475	6246
2308.477	6171
2310.478	6246
2312.481	6311
2314.481	6201
2316.481	6266
2318.482	6049
2320.482	6220
2322.48	6160
2324.48	6247
2326.478	6224
2328.476	6206
2330.473	6193
2332.469	6112
2334.465	6225
2336.46	6115
2338.454	6149
2340.45	6282
2342.444	6156
2344.437	6097
2346.43	6172
2348.421	6157
2350.414	6334
2352.405	6084
2354.396	6115
2356.386	6072
2358.376	6173
2360.366	6124
2362.355	6135
2364.343	6109
2366.331	6096
2368.317	6026
2370.304	6082
2372.292	6166
2374.278	6242
2376.262	6166
2378.247	6078
2380.23	5995
2382.216	6096
2384.199	6059
2386.181	6009
2388.163	5984
2390.144	5912
2392.127	6022
2394.107	6050
2396.087	6133
2398.066	5977
2400.046	6194
2402.023	6038
2404.004	6019
2405.981	6119
2407.957	5932
2409.934	6019
2411.91	5969
2413.886	6061
2415.862	6036
2417.836	5987
2419.809	6062
2421.784	6132
2423.756	6023
2425.73	6023
2427.701	6003
2429.672	6131
2431.644	6049
2433.615	6113
2435.586	5999
2437.555	6076
2439.523	6012
2441.491	6065
2443.459	5997
2445.428	5987
2447.395	6041
2449.361	6000
2451.327	6081
2453.292	6037
2455.257	5947
2457.223	6098
2459.187	5813
2461.15	5984
2463.113	5865
2465.076	5889
2467.039	6029
2468.999	6034
2470.96	5917
2472.921	5902
2474.881	6095
2476.841	5912
2478.8	5972
2480.759	6041
2482.717	5860
2484.675	5984
2486.63	5882
2488.589	5907
2490.545	5912
2492.5	5928
2494.455	5891
2496.408	5923
2498.364	5959
2500.318	5952
2502.27	5945
2504.223	5884
2506.174	5898
2508.126	5946
2510.078	5912
2512.03	5866
2513.979	5904
2515.927	5971
2517.877	5926
2519.826	5912
2521.775	5939
2523.722	5932
2525.668	5863
2527.616	5879
2529.561	5914
2531.508	5854
2533.452	5901
2535.398	5890
2537.342	5942
2539.284	5849
2541.229	5871
2543.173	5911
2545.114	5902
2547.055	5873
2548.996	5894
2550.938	5925
2552.878	5859
2554.817	5773
2556.756	5902
2558.695	5816
2560.633	5834
2562.572	5799
2564.509	5989
2566.445	5844
2568.382	5852
2570.317	5846
2572.254	5855
2574.189	5866
2576.123	5829
2578.057	5922
2579.99	5857
2581.923	5794
2583.855	5823
2585.788	5753
2587.719	5857
2589.65	5866
2591.579	5966
2593.511	5903
2595.44	5758
2597.37	5816
2599.297	5875
2601.225	5933
2603.153	5915
2605.08	5893
2607.007	5839
2608.932	5894
2610.858	5911
2612.782	5913
2614.709	5919
2616.632	5864
2618.556	5901
2620.478	5911
2622.401	5929
2624.324	5913
2626.247	5761
2628.167	5875
2630.088	5877
2632.008	5952
2633.928	5953
2635.848	5940
2637.766	5789
2639.684	5858
2641.603	5984
2643.519	5853
2645.437	5965
2647.353	5954
2649.27	5915
2651.184	5942
2653.099	5851
2655.014	5812
2656.928	5832
2658.842	5820
2660.755	5865
2662.667	5856
2664.579	5883
2666.491	5900
2668.402	5901
2670.312	5813
2672.222	5816
2674.132	5943
2676.042	5881
2677.951	5826
2679.859	5932
2681.766	5768
2683.674	5998
2685.582	5766
2687.488	5817
2689.392	5903
2691.298	5800
2693.202	5781
2695.107	5717
2697.012	5804
2698.914	5856
2700.817	5719
2702.72	5785
2704.622	5849
2706.524	5812
2708.425	5715
2710.326	5798
2712.225	5768
2714.125	5805
2716.024	5684
2717.923	5747
2719.822	5709
2721.719	5774
2723.616	5680
2725.512	5760
2727.41	5844
2729.305	5647
2731.201	5802
2733.095	5759
2734.99	5817
2736.884	5752
2738.778	5695
2740.67	5836
2742.562	5817
2744.455	5795
2746.346	5727
2748.238	5765
2750.129	5741
2752.018	5762
2753.907	5717
2755.797	5777
2757.687	5721
2759.575	5761
2761.462	5772
2763.349	5772
2765.237	5732
2767.124	5736
2769.009	5812
2770.894	5758
2772.779	5717
2774.663	5696
2776.547	5655
2778.431	5684
2780.314	5700
2782.197	5670
2784.078	5699
2785.96	5692
2787.842	5791
2789.723	5657
2791.603	5648
2793.483	5691
2795.362	5745
2797.241	5787
2799.121	5749
2800.997	5729
2802.874	5646
2804.751	5738
2806.628	5733
2808.506	5660
2810.38	5724
2812.255	5713
2814.13	5750
2816.003	5721
2817.878	5580
2819.752	5681
2821.623	5845
2823.496	5725
2825.368	5710
2827.238	5822
2829.111	5656
2830.98	5677
2832.851	5700
2834.719	5720
2836.589	5739
2838.458	5728
2840.327	5777
2842.193	5787
2844.061	5781
2845.927	5748
2847.794	5749
2849.66	5797
2851.525	5875
2853.39	5791
2855.254	5865
2857.117	5863
2858.983	5810
2860.845	6041
2862.707	5985
2864.569	6064
2866.431	6011
2868.293	6004
2870.154	6061
2872.013	6254
2873.873	6168
2875.733	6328
2877.592	6378
2879.451	6401
2881.309	6542
2883.166	6593
2885.022	6502
2886.879	6596
2888.736	6495
2890.591	6805
2892.446	6661
2894.301	6767
2896.155	6638
2898.009	6685
2899.863	6660
2901.716	6747
2903.568	6658
2905.419	6496
2907.27	6747
2909.123	6730
2910.973	6743
2912.824	6738
2914.673	6836
2916.521	6857
2918.372	7004
2920.22	7057
2922.067	6998
2923.914	7177
2925.761	7213
2927.607	7138
2929.455	7260
2931.301	7313
2933.144	7266
2934.99	7502
2936.833	7470
2938.678	7549
2940.522	7606
2942.364	7710
2944.207	7832
2946.048	7911
2947.891	8100
2949.731	8025
2951.571	8096
2953.412	8106
2955.25	7995
2957.09	7854
2958.93	7872
2960.767	7719
2962.606	7636
2964.443	7609
2966.279	7345
2968.116	7228
2969.953	7250
2971.788	7076
2973.623	7020
2975.457	6888
2977.292	6820
2979.127	6858
2980.959	6837
2982.792	6627
2984.624	6602
2986.455	6703
2988.288	6499
2990.119	6491
2991.949	6432
2993.779	6298
2995.608	6349
2997.439	6316
2999.268	6276
3001.096	6166
3002.923	6232
3004.751	6159
3006.578	6136
3008.406	5896
3010.232	5918
3012.057	5893
3013.883	5818
3015.706	5695
3017.532	5844
3019.356	5730
3021.179	5594
3023.002	5704
3024.823	5692
3026.646	5515
3028.469	5583
3030.289	5729
3032.11	5538
3033.93	5581
3035.749	5614
3037.57	5418
3039.39	5475
3041.207	5496
3043.026	5517
3044.842	5534
3046.661	5444
3048.477	5577
3050.294	5603
3052.109	5462
3053.925	5467
3055.739	5532
3057.555	5513
3059.368	5466
3061.181	5426
3062.995	5492
3064.807	5456
3066.62	5433
3068.433	5459
3070.243	5393
3072.054	5475
3073.865	5448
3075.675	5394
3077.485	5428
3079.293	5447
3081.102	5382
3082.911	5374
3084.719	5251
3086.527	5297
3088.333	5390
3090.139	5391
3091.945	5293
3093.75	5366
3095.557	5268
3097.361	5342
3099.165	5246
3100.969	5294
3102.772	5197
3104.575	5367
3106.379	5283
3108.181	5234
3109.982	5205
3111.783	5211
3113.584	5298
3115.386	5170
3117.186	5297
3118.985	5326
3120.783	5253
3122.582	5244
3124.381	5188
3126.179	5181
3127.975	5272
3129.772	5219
3131.569	5213
3133.365	5180
3135.161	5194
3136.956	5228
3138.751	5163
3140.544	5193
3142.338	5156
3144.132	5203
3145.925	5140
3147.717	5159
3149.509	5107
3151.301	5160
3153.091	5148
3154.884	5147
3156.673	5039
3158.462	5035
3160.252	5112
3162.041	5089
3163.831	5204
3165.618	5137
3167.405	5165
3169.193	5065
3170.979	5026
3172.767	5119
3174.553	4990
3176.338	5083
3178.123	5096
3179.907	5100
3181.692	5015
3183.477	5037
3185.259	5100
3187.042	5028
3188.824	5104
3190.607	5036
3192.389	5040
3194.17	5096
3195.951	5062
3197.73	4954
3199.51	5154
3201.289	5086
3203.07	5019
3204.848	5071
3206.626	5069
3208.403	5052
3210.18	5107
3211.959	5047
3213.735	5174
3215.511	5038
3217.285	5083
3219.06	5198
3220.836	5010
3222.611	5064
3224.384	5010
3226.158	5144
3227.929	5048
3229.702	5105
3231.476	5111
3233.248	5092
3235.018	5161
3236.789	5096
3238.56	5075
3240.33	5022
3242.1	5105
3243.869	5160
3245.637	5122
3247.405	4994
3249.172	5118
3250.941	5028
3252.707	5010
3254.474	5120
3256.24	5120
3258.006	5104
3259.772	5212
3261.537	5011
3263.301	5057
3265.065	5091
3266.828	5159
3268.592	5112
3270.355	5039
3272.117	5092
3273.878	5086
3275.64	5188
3277.401	5175
3279.162	5049
3280.922	5026
3282.682	4994
3284.441	5150
3286.199	5111
3287.959	5019
3289.716	5069
3291.475	5036
3293.232	5082
3294.988	5042
3296.744	5107
3298.501	4988
3300.256	5075
3302.011	5054
3303.766	5027
3305.52	5079
3307.275	5053
3309.028	5056
3310.781	5147
3312.533	5077
3314.285	5059
3316.038	5027
3317.789	5078
3319.54	5020
3321.289	5038
3323.039	4971
3324.789	4955
3326.539	4935
3328.288	5041
3330.035	5120
3331.783	4955
3333.531	5037
3335.28	4972
3337.025	5053
3338.771	4979
3340.518	5043
3342.262	4942
3344.009	4964
3345.753	4950
3347.497	5026
3349.24	4972
3350.983	4988
3352.726	4879
3354.469	5006
3356.212	4994
3357.952	4902
3359.694	4926
3361.434	4922
3363.176	4964
3364.916	4956
3366.654	4877
3368.394	4899
3370.132	4968
3371.871	4923
3373.61	4864
3375.346	4904
3377.083	4849
3378.82	4946
3380.556	4910
3382.292	4866
3384.027	4784
3385.763	4869
3387.497	4889
3389.231	4851
3390.965	4962
3392.698	4827
3394.431	4802
3396.164	4933
3397.896	4798
3399.627	4797
3401.36	4764
3403.09	4854
3404.82	4786
3406.55	4832
3408.279	4846
3410.01	4893
3411.738	4798
3413.467	4800
3415.194	4733
3416.92	4830
3418.647	4805
3420.375	4801
3422.102	4771
3423.827	4765
3425.553	4751
3427.277	4827
3429.003	4678
3430.727	4762
3432.451	4730
3434.173	4655
3435.896	4781
3437.62	4714
3439.343	4734
3441.063	4660
3442.785	4698
3444.505	4708
3446.226	4701
3447.948	4680
3449.666	4691
3451.386	4687
3453.104	4669
3454.823	4597
3456.541	4616
3458.259	4616
3459.976	4608
3461.693	4616
3463.408	4553
3465.125	4593
3466.841	4550
3468.556	4600
3470.271	4571
3471.985	4487
3473.698	4501
3475.414	4505
3477.126	4543
3478.838	4649
3480.55	4519
3482.263	4475
3483.975	4476
3485.686	4521
3487.396	4479
3489.106	4422
3490.817	4527
3492.526	4435
3494.236	4483
3495.944	4529
3497.652	4403
3499.359	4387
3501.066	4412
3502.775	4503
3504.481	4449
3506.187	4493
3507.893	4395
3509.598	4472
3511.304	4451
3513.009	4453
3514.713	4428
3516.417	4395
3518.12	4317
3519.821	4354
3521.525	4320
3523.228	4387
3524.929	4400
3526.631	4350
3528.33	4292
3530.032	4391
3531.733	4399
3533.433	4285
3535.131	4338
3536.83	4287
3538.529	4250
3540.227	4213
3541.925	4295
3543.623	4289
3545.319	4257
3547.016	4297
3548.712	4344
3550.408	4331
3552.103	4263
3553.798	4312
3555.491	4320
3557.188	4212
3558.88	4298
3560.574	4180
3562.266	4186
3563.959	4268
3565.651	4212
3567.343	4260
3569.035	4363
3570.725	4274
3572.415	4186
3574.106	4225
3575.797	4195
3577.485	4213
3579.174	4122
3580.863	4272
3582.551	4190
3584.238	4186
3585.926	4163
3587.613	4155
3589.3	4113
3590.986	4167
3592.671	4133
3594.357	4064
3596.042	4077
3597.726	4061
3599.41	4110
3601.094	4077
3602.778	4111
3604.461	4132
3606.143	4102
3607.825	4062
3609.507	3939
3611.188	3998
3612.87	3968
3614.551	3969
3616.229	4050
3617.909	4040
3619.589	3971
3621.269	4067
3622.948	3954
3624.625	4034
3626.302	3904
3627.98	4009
3629.657	3919
3631.334	3918
3633.01	3992
3634.686	3905
3636.361	3969
3638.036	3924
3639.712	3955
3641.385	3884
3643.06	3941
3644.732	3863
3646.405	3967
3648.08	3816
3649.751	3918
3651.424	3966
3653.094	3824
3654.766	3981
3656.436	3896
3658.106	3942
3659.777	3795
3661.446	3888
3663.115	3913
3664.783	3801
3666.452	3907
3668.121	3901
3669.788	3821
3671.454	3879
3673.121	3787
3674.789	3837
3676.455	3761
3678.12	3799
3679.784	3827
3681.45	3815
3683.114	3789
3684.779	3826
3686.442	3787
3688.105	3727
3689.768	3798
3691.43	3814
3693.093	3823
3694.754	3758
3696.415	3767
3698.076	3908
3699.736	3733
3701.396	3760
3703.057	3791
3704.716	3717
3706.375	3719
3708.034	3760
3709.692	3737
3711.351	3796
3713.008	3783
3714.665	3713
3716.321	3705
3717.977	3695
3719.634	3724
3721.29	3727
3722.945	3804
3724.598	3757
3726.253	3683
3727.907	3682
3729.561	3746
3731.214	3690
3732.867	3752
3734.518	3743
3736.171	3676
3737.824	3759
3739.474	3634
3741.125	3644
3742.775	3791
3744.425	3654
3746.074	3692
3747.725	3620
3749.373	3716
3751.022	3623
3752.669	3569
3754.318	3646
3755.966	3701
3757.612	3607
3759.259	3761
3760.905	3691
3762.55	3691
3764.197	3651
3765.842	3640
3767.486	3620
3769.131	3654
3770.774	3624
3772.417	3620
3774.061	3688
3775.705	3604
3777.347	3545
3778.988	3602
3780.629	3692
3782.271	3604
3783.912	3631
3785.552	3591
3787.192	3574
3788.831	3603
3790.472	3603
3792.112	3605
3793.75	3535
3795.388	3546
3797.024	3552
3798.661	3497
3800.3	3571
3801.936	3603
3803.572	3463
3805.208	3540
3806.844	3492
3808.48	3544
3810.115	3592
3811.748	3539
3813.382	3537
3815.016	3580
3816.649	3536
3818.283	3457
3819.914	3461
3821.547	3472
3823.178	3488
3824.809	3583
3826.441	3585
3828.072	3513
3829.701	3497
3831.331	3521
3832.96	3466
3834.591	3474
3836.219	3450
3837.847	3439
3839.475	3496
3841.102	3430
3842.729	3473
3844.357	3489
3845.984	3497
3847.609	3501
3849.234	3521
3850.86	3482
3852.485	3304
3854.11	3535
3855.734	3464
3857.357	3400
3858.981	3442
3860.603	3482
3862.227	3387
3863.848	3439
3865.471	3443
3867.092	3522
3868.713	3375
3870.334	3407
3871.954	3386
3873.575	3285
3875.194	3386
3876.813	3404
3878.433	3445
3880.051	3411
3881.669	3361
3883.286	3449
3884.904	3421
3886.52	3376
3888.138	3387
3889.754	3349
3891.37	3407
3892.985	3360
3894.6	3440
3896.216	3392
3897.831	3354
3899.444	3337
3901.058	3334
3902.67	3347
3904.283	3321
3905.897	3308
3907.509	3308
3909.121	3329
3910.731	3375
3912.342	3262
3913.954	3409
3915.563	3337
3917.174	3309
3918.783	3243
3920.391	3259
3922.002	3360
3923.611	3411
3925.218	3318
3926.826	3375
3928.432	3376
3930.039	3311
3931.647	3385
3933.253	3332
3934.859	3280
3936.464	3302
3938.068	3358
3939.675	3362
3941.278	3327
3942.883	3340
3944.486	3310
3946.089	3279
3947.692	3248
3949.295	3338
3950.898	3256
3952.499	3247
3954.1	3298
3955.7	3241
3957.303	3245
3958.903	3257
3960.502	3215
3962.101	3249
3963.7	3361
3965.301	3239
3966.899	3278
3968.497	3286
3970.094	3285
3971.691	3250
3973.288	3207
3974.885	3227
3976.481	3230
3978.077	3210
3979.672	3216
3981.267	3165
3982.863	3261
3984.457	3239
3986.051	3245
3987.645	3270
3989.238	3164
3990.831	3238
3992.425	3139
3994.017	3159
3995.607	3185
3997.199	3270
3998.79	3156
4000.382	3184
4001.973	3172
4003.561	3184
4005.151	3109
4006.741	3175
4008.331	3145
4009.918	3140
4011.507	3198
4013.095	3113
4014.681	3164
4016.269	3162
4017.856	3108
4019.443	3097
4021.028	3163
4022.614	3049
4024.199	3082
4025.785	3073
4027.37	3056
4028.953	3117
4030.536	3112
4032.12	3062
4033.704	3073
4035.287	3099
4036.869	3039
4038.45	2985
4040.032	3009
4041.613	3128
4043.195	2987
4044.776	3128
4046.356	3078
4047.935	3026
4049.515	3025
4051.095	3068
4052.674	3031
4054.251	3030
4055.829	3028
4057.406	3040
4058.985	3034
4060.562	2985
4062.139	3009
4063.715	3028
4065.29	2998
4066.865	3036
4068.442	3071
4070.016	2992
4071.59	3004
4073.164	2958
4074.738	2935
4076.312	2931
4077.885	3062
4079.458	3034
4081.03	3011
4082.602	2980
4084.173	3075
4085.745	2961
4087.315	2888
4088.886	3039
4090.456	2922
4092.026	2962
4093.596	2996
4095.165	2954
4096.734	2902
4098.301	2999
4099.869	3040
4101.437	2948
4103.006	2966
4104.572	3013
4106.139	2917
4107.704	2994
4109.27	2885
4110.837	2954
4112.401	3003
4113.966	2916
4115.53	2959
4117.094	2924
4118.659	2914
4120.223	2929
4121.785	2964
4123.347	2908
4124.909	2852
4126.471	2878
4128.034	2881
4129.595	2915
4131.155	2823
4132.716	2906
4134.275	2965
4135.836	2942
4137.395	2852
4138.955	2848
4140.513	2845
4142.071	2889
4143.628	2905
4145.188	2837
4146.745	2808
4148.302	2875
4149.858	2829
4151.414	2849
4152.971	2851
4154.526	2886
4156.081	2800
4157.635	2907
4159.189	2868
4160.745	2790
4162.298	2827
4163.852	2781
4165.405	2805
4166.957	2773
4168.51	2776
4170.063	2776
4171.614	2795
4173.166	2812
4174.717	2862
4176.267	2806
4177.817	2817
4179.368	2796
4180.917	2770
4182.466	2765
4184.016	2798
4185.564	2792
4187.112	2761
4188.66	2768
4190.207	2797
4191.754	2744
4193.301	2714
4194.848	2767
4196.394	2797
4197.94	2762
4199.484	2717
4201.03	2794
4202.575	2743
4204.12	2733
4205.663	2739
4207.207	2660
4208.75	2761
4210.292	2683
4211.836	2741
4213.378	2723
4214.92	2729
4216.46	2767
4218.002	2703
4219.544	2726
4221.083	2755
4222.625	2746
4224.164	2761
4225.703	2726
4227.244	2729
4228.782	2708
4230.32	2719
4231.857	2669
4233.395	2740
4234.933	2691
4236.471	2657
4238.007	2649
4239.542	2652
4241.078	2656
4242.614	2728
4244.15	2716
4245.685	2651
4247.219	2653
4248.753	2663
4250.287	2693
4251.82	2672
4253.354	2596
4254.887	2707
4256.419	2674
4257.951	2644
4259.483	2675
4261.016	2636
4262.547	2628
4264.078	2584
4265.608	2679
4267.137	2680
4268.668	2646
4270.197	2620
4271.727	2566
4273.254	2594
4274.783	2696
4276.311	2632
4277.84	2574
4279.366	2617
4280.894	2664
4282.42	2617
4283.946	2611
4285.473	2588
4286.998	2600
4288.523	2571
4290.047	2627
4291.572	2591
4293.096	2619
4294.622	2597
4296.144	2574
4297.668	2572
4299.19	2577
4300.713	2597
4302.236	2564
4303.758	2565
4305.279	2517
4306.799	2578
4308.321	2577
4309.842	2517
4311.361	2636
4312.882	2509
4314.401	2540
