400.0961	6704
402.6185	6646
405.1424	6812
407.6635	6864
410.1838	6861
412.7035	6829
415.2225	6875
417.7388	6872
420.2585	6971
422.7754	7035
425.2917	7179
427.8072	7245
430.3221	7074
432.8363	7291
435.3498	7178
437.8626	7308
440.3727	7237
442.8841	7125
445.3969	7276
447.907	7263
450.4142	7231
452.9229	7315
455.4289	7349
457.9362	7226
460.4449	7138
462.9488	7222
465.454	7101
467.9566	7140
470.4604	7308
472.9637	7282
475.4662	7319
477.966	7426
480.4671	7359
482.9656	7441
485.4633	7382
487.9645	7471
490.4608	7444
492.9566	7379
495.4536	7440
497.948	7513
500.4437	7576
502.9387	7467
505.431	7573
507.9226	7581
510.4136	7458
512.9079	7552
515.3975	7523
517.8864	7672
520.3746	7494
522.8622	7535
525.3491	7667
527.8394	7741
530.3249	7592
532.8098	7678
535.2939	7647
537.7774	7609
540.2623	7605
542.7444	7676
545.2259	7688
547.7067	7586
550.1868	7712
552.6683	7666
555.147	7583
557.6231	7623
560.1005	7719
562.5773	7741
565.0534	7730
567.5308	7889
570.0056	7752
572.4776	7925
574.951	7760
577.4237	7912
579.8978	8031
582.3671	7972
584.8378	7960
587.3079	7931
589.7773	8023
592.244	7977
594.714	8017
597.1793	7949
599.6461	7950
602.1121	7924
604.5754	7955
607.0421	7818
609.5042	7972
611.9675	8009
614.4282	8048
616.8902	7885
619.3515	7929
621.8122	7890
624.2702	7887
626.7296	7854
629.1863	7842
631.6423	7960
634.1017	7852
636.5563	7921
639.0104	7942
641.4658	8037
643.9185	7870
646.3725	7987
648.8239	7948
651.2766	8065
653.7266	8019
656.176	8072
658.6247	8055
661.0748	8107
663.5242	8190
665.9709	7978
668.417	8191
670.8624	8170
673.3092	8193
675.7533	8160
678.1968	8313
680.6395	8201
683.0817	8260
685.5251	8194
687.9659	8241
690.4061	8346
692.8456	8260
695.2844	8253
697.7226	8369
700.1621	8147
702.599	8286
705.0332	8429
707.4688	8286
709.9036	8308
712.3399	8429
714.7735	8371
717.2044	8378
719.6367	8474
722.0683	8395
724.4993	8400
726.9296	8535
729.3593	8409
731.7883	8445
734.2147	8587
736.6423	8585
739.0714	8540
741.4958	8597
743.9216	8650
746.3447	8626
748.7691	8626
751.1929	8728
753.616	8640
756.0366	8716
758.4584	8728
760.8776	8818
763.2982	8879
765.718	8751
768.1373	8789
770.5539	8820
772.9698	8722
775.3871	8926
777.8038	8994
780.2178	8899
782.6332	8860
785.0459	8733
787.458	9046
789.8714	8826
792.2842	8813
794.6943	8783
797.1038	8919
799.5127	8847
801.9209	8795
804.3324	8851
806.7393	8843
809.1456	9017
811.5513	8828
813.9562	8918
816.3625	8942
818.7663	8996
821.1693	9086
823.5718	9062
825.9735	9007
828.3746	9071
830.7771	8944
833.177	9027
835.5762	8998
837.9747	9135
840.3727	9015
842.772	9035
845.1666	9044
847.5626	9265
849.958	9191
852.3527	9313
854.7488	9219
857.1403	9207
859.5331	9220
861.9253	9124
864.3168	9165
866.7057	9064
869.098	9016
871.4876	9156
873.8746	9117
876.263	9155
878.6487	9050
881.0378	8981
883.4243	9199
885.8081	9013
888.1933	9170
890.5759	9145
892.9598	9061
895.343	9314
897.7256	9168
900.1057	9212
902.4871	9259
904.8659	9192
907.246	9117
909.6254	9244
912.0023	9127
914.3786	9200
916.7562	9518
919.1331	9381
921.5074	9573
923.8831	9654
926.2562	9580
928.6287	9548
931.0005	9647
933.3757	9526
935.7462	9499
938.1162	9631
940.4855	9628
942.8542	9669
945.2242	9849
947.5916	9904
949.9584	10109
952.3266	10214
954.6921	10469
957.0571	10602
959.4233	11112
961.787	11134
964.15	11168
966.5125	11015
968.8742	10713
971.2354	10332
973.5959	10033
975.9559	9812
978.3151	9699
980.6738	9661
983.0338	9602
985.3912	9649
987.7461	9469
990.1022	9476
992.4578	9550
994.8127	9371
997.1689	9424
999.5207	9398
1001.874	9543
1004.226	9534
1006.576	9385
1008.929	9586
1011.28	9506
1013.628	9582
1015.977	9532
1018.324	9444
1020.674	9591
1023.019	9678
1025.366	9647
1027.713	9558
1030.056	9520
1032.399	9711
1034.746	9631
1037.087	9526
1039.431	9743
1041.771	9522
1044.113	9591
1046.454	9641
1048.793	9711
1051.133	9734
1053.471	9587
1055.807	9755
1058.146	9773
1060.483	9615
1062.818	9721
1065.153	9791
1067.489	9696
1069.822	9862
1072.156	9788
1074.488	9883
1076.82	9838
1079.15	9613
1081.48	9748
1083.814	9728
1086.143	9806
1088.471	9677
1090.799	9692
1093.126	9645
1095.452	9696
1097.78	9894
1100.105	9825
1102.43	9720
1104.754	9704
1107.077	9657
1109.4	9797
1111.722	9717
1114.044	10029
1116.365	9690
1118.685	9627
1121.005	9806
1123.324	9841
1125.643	9734
1127.961	9837
1130.278	9829
1132.595	9784
1134.911	9762
1137.226	9864
1139.541	9719
1141.854	9923
1144.167	9627
1146.482	9824
1148.793	9706
1151.105	9823
1153.414	9923
1155.725	9767
1158.033	9901
1160.344	9723
1162.651	9820
1164.959	9722
1167.265	9817
1169.572	9877
1171.878	9934
1174.184	9884
1176.488	9815
1178.79	9725
1181.094	10049
1183.396	9744
1185.699	9828
1188.001	9821
1190.301	9794
1192.6	9884
1194.9	9824
1197.2	9897
1199.497	9783
1201.794	9778
1204.09	9793
1206.387	9861
1208.684	9773
1210.978	9852
1213.272	9741
1215.565	9781
1217.858	9888
1220.15	9823
1222.443	9826
1224.734	9816
1227.024	10077
1229.313	9898
1231.602	10046
1233.892	10094
1236.18	10097
1238.467	10097
1240.754	10139
1243.04	10250
1245.325	10168
1247.612	10137
1249.896	10182
1252.178	10097
1254.461	10086
1256.743	10170
1259.027	10174
1261.308	10135
1263.587	10121
1265.867	10108
1268.146	10267
1270.425	10237
1272.703	10167
1274.981	10130
1277.256	10189
1279.532	10173
1281.808	10013
1284.083	10023
1286.358	10048
1288.63	10044
1290.904	10008
1293.175	10019
1295.449	9998
1297.719	9972
1299.99	10066
1302.259	9937
1304.529	9959
1306.798	10007
1309.065	10111
1311.333	10056
1313.599	10004
1315.866	10011
1318.131	10123
1320.396	10138
1322.66	9938
1324.925	10111
1327.187	9935
1329.448	10104
1331.711	10319
1333.974	10013
1336.234	10110
1338.493	10087
1340.752	10057
1343.01	9916
1345.269	10181
1347.526	9970
1349.784	10086
1352.04	9940
1354.295	10059
1356.552	9904
1358.806	9998
1361.059	10015
1363.312	9995
1365.564	10036
1367.818	10207
1370.069	10049
1372.318	10017
1374.568	10138
1376.817	10253
1379.066	10212
1381.316	10129
1383.564	10133
1385.809	10095
1388.056	10270
1390.301	10187
1392.549	10179
1394.793	10289
1397.036	10199
1399.279	10266
1401.522	10296
1403.763	10417
1406.007	10208
1408.248	10329
1410.487	10290
1412.727	10176
1414.965	10309
1417.205	10337
1419.442	10291
1421.68	10208
1423.915	10383
1426.152	10529
1428.388	10483
1430.623	10188
1432.857	10292
1435.091	10452
1437.323	10493
1439.556	10398
1441.789	10523
1444.019	10583
1446.25	10394
1448.48	10548
1450.708	10603
1452.938	10698
1455.167	10532
1457.394	10576
1459.62	10449
1461.846	10548
1464.073	10489
1466.299	10344
1468.523	10486
1470.746	10391
1472.969	10297
1475.191	10303
1477.415	10259
1479.636	10303
1481.858	10138
1484.078	10258
1486.298	10155
1488.518	10037
1490.736	10238
1492.954	10085
1495.169	10128
1497.386	10148
1499.602	10037
1501.819	10123
1504.034	10201
1506.248	10147
1508.462	10150
1510.675	10093
1512.888	10031
1515.1	10191
1517.311	10068
1519.522	9944
1521.732	10019
1523.942	10146
1526.151	10121
1528.36	10133
1530.566	10111
1532.773	10140
1534.98	9982
1537.187	10044
1539.392	10256
1541.596	9914
1543.801	10127
1546.005	10280
1548.208	10202
1550.411	10214
1552.612	10210
1554.814	10166
1557.013	10234
1559.212	10374
1561.414	10268
1563.612	10301
1565.811	10345
1568.007	10149
1570.203	10300
1572.403	10237
1574.598	10394
1576.792	10313
1578.988	10345
1581.181	10213
1583.376	10369
1585.568	10398
1587.761	10386
1589.952	10368
1592.143	10362
1594.333	10293
1596.524	10433
1598.715	10430
1600.903	10254
1603.091	10478
1605.278	10378
1607.466	10349
1609.652	10468
1611.838	10420
1614.023	10577
1616.207	10485
1618.391	10545
1620.576	10439
1622.759	10454
1624.941	10502
1627.123	10503
1629.304	10463
1631.484	10620
1633.664	10536
1635.844	10547
1638.022	10532
1640.201	10579
1642.38	10418
1644.556	10578
1646.732	10476
1648.908	10577
1651.084	10548
1653.257	10569
1655.433	10425
1657.607	10560
1659.779	10635
1661.951	10484
1664.122	10695
1666.295	10585
1668.467	10535
1670.635	10691
1672.805	10491
1674.973	10682
1677.142	10778
1679.31	10610
1681.478	10626
1683.644	10512
1685.81	10545
1687.975	10542
1690.142	10543
1692.305	10528
1694.468	10660
1696.632	10547
1698.794	10527
1700.957	10429
1703.119	10457
1705.279	10470
1707.439	10382
1709.598	10368
1711.758	10381
1713.917	10414
1716.075	10481
1718.231	10495
1720.388	10435
1722.543	10383
1724.702	10463
1726.856	10295
1729.01	10467
1731.164	10329
1733.317	10328
1735.471	10371
1737.623	10355
1739.774	10221
1741.925	10466
1744.075	10318
1746.225	10406
1748.376	10449
1750.524	10367
1752.672	10462
1754.82	10469
1756.965	10532
1759.113	10337
1761.259	10483
1763.405	10526
1765.549	10408
1767.694	10401
1769.836	10413
1771.981	10610
1774.123	10407
1776.264	10498
1778.405	10472
1780.546	10381
1782.687	10425
1784.827	10520
1786.966	10625
1789.103	10372
1791.242	10441
1793.381	10451
1795.517	10495
1797.653	10557
1799.788	10529
1801.923	10512
1804.057	10476
1806.193	10570
1808.326	10638
1810.457	10339
1812.59	10418
1814.721	10560
1816.855	10445
1818.984	10526
1821.113	10484
1823.244	10417
1825.372	10367
1827.499	10566
1829.63	10414
1831.756	10376
1833.882	10495
1836.007	10440
1838.132	10272
1840.26	10451
1842.384	10443
1844.507	10390
1846.63	10463
1848.752	10338
1850.875	10422
1852.996	10415
1855.118	10225
1857.238	10429
1859.358	10431
1861.477	10371
1863.597	10433
1865.715	10362
1867.832	10366
1869.948	10250
1872.064	10531
1874.181	10248
1876.297	10501
1878.411	10340
1880.526	10348
1882.639	10408
1884.752	10436
1886.865	10517
1888.977	10383
1891.089	10394
1893.2	10602
1895.308	10444
1897.42	10441
1899.53	10323
1901.639	10461
1903.745	10422
1905.853	10546
1907.962	10468
1910.067	10460
1912.174	10479
1914.278	10476
1916.383	10348
1918.486	10591
1920.592	10591
1922.694	10457
1924.797	10411
1926.898	10720
1929	10467
1931.102	10530
1933.203	10696
1935.301	10473
1937.401	10508
1939.499	10521
1941.598	10567
1943.697	10451
1945.793	10505
1947.888	10532
1949.985	10557
1952.08	10567
1954.176	10470
1956.269	10616
1958.364	10594
1960.457	10666
1962.549	10740
1964.642	10417
1966.733	10488
1968.823	10559
1970.913	10407
1973.005	10471
1975.093	10544
1977.184	10420
1979.271	10415
1981.359	10530
1983.446	10307
1985.532	10440
1987.619	10507
1989.705	10468
1991.789	10415
1993.874	10494
1995.956	10486
1998.041	10248
2000.123	10367
2002.206	10419
2004.287	10547
2006.368	10453
2008.449	10460
2010.529	10408
2012.609	10486
2014.688	10325
2016.766	10428
2018.843	10358
2020.922	10369
2022.999	10626
2025.074	10364
2027.15	10397
2029.225	10316
2031.299	10350
2033.375	10464
2035.447	10411
2037.52	10273
2039.592	10380
2041.664	10348
2043.736	10356
2045.807	10474
2047.876	10441
2049.947	10432
2052.015	10390
2054.086	10464
2056.153	10329
2058.221	10427
2060.288	10338
2062.353	10420
2064.42	10389
2066.486	10416
2068.55	10376
2070.614	10585
2072.678	10523
2074.741	10409
2076.805	10396
2078.866	10400
2080.929	10346
2082.99	10405
2085.049	10394
2087.109	10448
2089.17	10384
2091.228	10355
2093.286	10512
2095.344	10515
2097.4	10381
2099.46	10458
2101.516	10358
2103.572	10375
2105.626	10466
2107.679	10427
2109.735	10260
2111.788	10406
2113.841	10281
2115.894	10462
2117.945	10425
2119.997	10429
2122.049	10332
2124.1	10432
2126.148	10370
2128.197	10422
2130.246	10435
2132.296	10432
2134.342	10438
2136.39	10241
2138.437	10401
2140.483	10350
2142.527	10409
2144.574	10145
2146.619	10325
2148.661	10537
2150.705	10428
2152.747	10212
2154.792	10281
2156.832	10306
2158.874	10287
2160.915	10319
2162.954	10231
2164.995	10305
2167.034	10246
2169.072	10299
2171.111	10251
2173.148	10204
2175.186	10291
2177.223	10173
2179.258	10163
2181.294	10384
2183.328	10077
2185.362	10342
2187.398	10180
2189.431	10096
2191.463	10082
2193.495	10250
2195.528	10134
2197.56	10139
2199.59	10115
2201.62	10058
2203.649	10104
2205.678	10089
2207.708	10119
2209.737	10032
2211.764	10014
2213.791	10135
2215.817	10030
2217.843	10051
2219.87	10101
2221.895	10103
2223.919	9967
2225.942	10130
2227.966	10065
2229.988	10179
2232.012	9960
2234.032	10051
2236.054	10017
2238.074	10121
2240.095	10186
2242.116	10057
2244.135	9956
2246.153	9988
2248.171	9977
2250.188	10182
2252.208	10019
2254.223	10066
2256.239	10125
2258.255	9990
2260.269	10038
2262.283	10018
2264.3	9993
2266.312	10012
2268.325	10088
2270.336	9976
2272.349	9947
2274.362	10043
2276.372	10157
2278.383	9924
2280.392	10089
2282.402	9998
2284.409	10117
2286.418	10018
2288.427	9994
2290.433	10094
2292.441	9954
2294.446	10123
2296.453	9934
2298.459	10055
2300.463	9984
2302.466	10035
2304.471	10032
2306.475	10044
2308.477	10004
2310.478	10003
2312.481	9928
2314.481	10044
2316.481	10041
2318.482	9981
2320.482	9878
2322.48	9952
2324.48	9905
2326.478	10061
2328.476	10048
2330.473	9918
2332.469	9890
2334.465	9918
2336.46	9963
2338.454	9908
2340.45	9807
2342.444	9971
2344.437	9870
2346.43	9872
2348.421	9974
2350.414	9860
2352.405	9701
2354.396	10013
2356.386	9794
2358.376	9873
2360.366	9736
2362.355	9824
2364.343	9809
2366.331	9613
2368.317	9743
2370.304	9681
2372.292	9673
2374.278	9720
2376.262	9807
2378.247	9722
2380.23	9671
2382.216	9740
2384.199	9760
2386.181	9707
2388.163	9699
2390.144	9737
2392.127	9724
2394.107	9676
2396.087	9701
2398.066	9542
2400.046	9808
2402.023	9583
2404.004	9660
2405.981	9701
2407.957	9672
2409.934	9641
2411.91	9652
2413.886	9603
2415.862	9683
2417.836	9519
2419.809	9689
2421.784	9702
2423.756	9606
2425.73	9558
2427.701	9712
2429.672	9708
2431.644	9560
2433.615	9630
2435.586	9781
2437.555	9615
2439.523	9725
2441.491	9510
2443.459	9736
2445.428	9628
2447.395	9479
2449.361	9614
2451.327	9375
2453.292	9631
2455.257	9652
2457.223	9608
2459.187	9471
2461.15	9599
2463.113	9610
2465.076	9682
2467.039	9519
2468.999	9698
2470.96	9516
2472.921	9506
2474.881	9608
2476.841	9568
2478.8	9508
2480.759	9451
2482.717	9504
2484.675	9640
2486.63	9474
2488.589	9509
2490.545	9534
2492.5	9417
2494.455	9513
2496.408	9508
2498.364	9420
2500.318	9403
2502.27	9544
2504.223	9354
2506.174	9514
2508.126	9482
2510.078	9350
2512.03	9375
2513.979	9413
2515.927	9458
2517.877	9557
2519.826	9517
2521.775	9512
2523.722	9395
2525.668	9481
2527.616	9486
2529.561	9608
2531.508	9489
2533.452	9396
2535.398	9428
2537.342	9264
2539.284	9377
2541.229	9605
2543.173	9414
2545.114	9310
2547.055	9525
2548.996	9358
2550.938	9432
2552.878	9541
2554.817	9459
2556.756	9468
2558.695	9458
2560.633	9447
2562.572	9470
2564.509	9421
2566.445	9470
2568.382	9319
2570.317	9396
2572.254	9236
2574.189	9448
2576.123	9137
2578.057	9416
2579.99	9455
2581.923	9351
2583.855	9361
2585.788	9495
2587.719	9320
2589.65	9417
2591.579	9271
2593.511	9359
2595.44	9269
2597.37	9353
2599.297	9526
2601.225	9438
2603.153	9433
2605.08	9398
2607.007	9350
2608.932	9333
2610.858	9405
2612.782	9328
2614.709	9301
2616.632	9456
2618.556	9285
2620.478	9388
2622.401	9392
2624.324	9347
2626.247	9415
2628.167	9349
2630.088	9440
2632.008	9460
2633.928	9425
2635.848	9299
2637.766	9240
2639.684	9442
2641.603	9395
2643.519	9408
2645.437	9501
2647.353	9432
2649.27	9453
2651.184	9451
2653.099	9524
2655.014	9297
2656.928	9310
2658.842	9353
2660.755	9338
2662.667	9443
2664.579	9366
2666.491	9367
2668.402	9353
2670.312	9362
2672.222	9399
2674.132	9331
2676.042	9230
2677.951	9329
2679.859	9295
2681.766	9236
2683.674	9249
2685.582	9392
2687.488	9190
2689.392	9369
2691.298	9422
2693.202	9398
2695.107	9195
2697.012	9179
2698.914	9305
2700.817	9286
2702.72	9300
2704.622	9348
2706.524	9261
2708.425	9115
2710.326	9289
2712.225	9278
2714.125	9121
2716.024	9351
2717.923	9156
2719.822	9253
2721.719	9188
2723.616	9125
2725.512	9329
2727.41	9132
2729.305	9104
2731.201	9131
2733.095	9315
2734.99	9183
2736.884	9054
2738.778	9160
2740.67	9143
2742.562	9087
2744.455	9104
2746.346	9045
2748.238	9225
2750.129	9297
2752.018	9117
2753.907	9174
2755.797	9284
2757.687	8992
2759.575	9102
2761.462	9153
2763.349	9213
2765.237	9170
2767.124	9212
2769.009	9137
2770.894	9105
2772.779	9135
2774.663	9147
2776.547	9253
2778.431	9108
2780.314	8950
2782.197	9145
2784.078	9166
2785.96	9085
2787.842	9077
2789.723	9076
2791.603	9089
2793.483	8926
2795.362	9080
2797.241	9180
2799.121	9073
2800.997	9015
2802.874	9013
2804.751	8996
2806.628	8894
2808.506	8995
2810.38	9062
2812.255	8991
2814.13	9135
2816.003	9073
2817.878	9118
2819.752	9006
2821.623	9070
2823.496	9072
2825.368	8916
2827.238	9069
2829.111	8995
2830.98	9068
2832.851	9037
2834.719	9002
2836.589	8978
2838.458	9206
2840.327	9056
2842.193	9041
2844.061	9183
2845.927	9097
2847.794	9052
2849.66	9094
2851.525	9130
2853.39	9069
2855.254	9159
2857.117	9139
2858.983	9137
2860.845	9055
2862.707	9112
2864.569	9022
2866.431	9143
2868.293	9282
2870.154	9167
2872.013	9310
2873.873	9336
2875.733	9302
2877.592	9549
2879.451	9506
2881.309	9488
2883.166	9650
2885.022	9577
2886.879	9651
2888.736	9656
2890.591	9734
2892.446	9717
2894.301	9593
2896.155	9613
2898.009	9606
2899.863	9663
2901.716	9686
2903.568	9555
2905.419	9521
2907.27	9477
2909.123	9630
2910.973	9447
2912.824	9710
2914.673	9705
2916.521	9630
2918.372	9920
2920.22	9860
2922.067	9847
2923.914	9908
2925.761	9892
2927.607	10052
2929.455	10083
2931.301	10118
2933.144	10180
2934.99	10055
2936.833	10169
2938.678	10203
2940.522	10344
2942.364	10366
2944.207	10446
2946.048	10515
2947.891	10583
2949.731	10443
2951.571	10638
2953.412	10546
2955.25	10435
2957.09	10341
2958.93	10152
2960.767	10167
2962.606	10110
2964.443	10054
2966.279	10116
2968.116	9899
2969.953	9936
2971.788	9799
2973.623	9810
2975.457	9799
2977.292	9569
2979.127	9678
2980.959	9528
2982.792	9645
2984.624	9503
2986.455	9543
2988.288	9545
2990.119	9505
2991.949	9440
2993.779	9371
2995.608	9283
2997.439	9284
2999.268	9376
3001.096	9157
3002.923	9144
3004.751	9198
3006.578	9188
3008.406	9059
3010.232	9081
3012.057	9076
3013.883	8868
3015.706	8920
3017.532	8798
3019.356	8809
3021.179	8832
3023.002	8806
3024.823	8845
3026.646	8859
3028.469	8703
3030.289	8748
3032.11	8576
3033.93	8599
3035.749	8779
3037.57	8833
3039.39	8591
3041.207	8635
3043.026	8607
3044.842	8626
3046.661	8488
3048.477	8699
3050.294	8550
3052.109	8427
3053.925	8573
3055.739	8581
3057.555	8644
3059.368	8572
3061.181	8621
3062.995	8511
3064.807	8465
3066.62	8510
3068.433	8614
3070.243	8639
3072.054	8722
3073.865	8472
3075.675	8581
3077.485	8579
3079.293	8382
3081.102	8497
3082.911	8393
3084.719	8491
3086.527	8377
3088.333	8520
3090.139	8414
3091.945	8386
3093.75	8557
3095.557	8390
3097.361	8502
3099.165	8421
3100.969	8328
3102.772	8269
3104.575	8310
3106.379	8358
3108.181	8425
3109.982	8415
3111.783	8314
3113.584	8280
3115.386	8236
3117.186	8333
3118.985	8408
3120.783	8332
3122.582	8237
3124.381	8252
3126.179	8238
3127.975	8313
3129.772	8265
3131.569	8258
3133.365	8136
3135.161	8196
3136.956	8420
3138.751	8152
3140.544	8114
3142.338	8209
3144.132	8182
3145.925	8274
3147.717	8178
3149.509	8275
3151.301	8266
3153.091	8154
3154.884	8170
3156.673	8195
3158.462	8315
3160.252	8178
3162.041	8058
3163.831	8185
3165.618	8038
3167.405	8178
3169.193	8154
3170.979	8082
3172.767	8187
3174.553	8166
3176.338	8216
3178.123	8075
3179.907	8136
3181.692	8150
3183.477	8113
3185.259	8074
3187.042	8057
3188.824	8124
3190.607	8031
3192.389	8080
3194.17	8109
3195.951	8186
3197.73	8132
3199.51	8076
3201.289	8098
3203.07	8047
3204.848	7954
3206.626	8090
3208.403	8052
3210.18	8047
3211.959	8004
3213.735	8111
3215.511	7988
3217.285	8054
3219.06	8100
3220.836	8063
3222.611	7989
3224.384	7988
3226.158	7948
3227.929	8038
3229.702	7981
3231.476	8018
3233.248	8026
3235.018	8075
3236.789	8048
3238.56	8010
3240.33	8098
3242.1	8012
3243.869	8000
3245.637	8102
3247.405	7988
3249.172	8143
3250.941	8093
3252.707	7987
3254.474	8109
3256.24	8091
3258.006	8031
3259.772	7866
3261.537	7980
3263.301	8078
3265.065	8146
3266.828	8009
3268.592	8020
3270.355	8107
3272.117	8058
3273.878	8058
3275.64	8046
3277.401	8007
3279.162	7948
3280.922	8071
3282.682	7994
3284.441	8044
3286.199	7958
3287.959	8145
3289.716	8149
3291.475	7929
3293.232	8027
3294.988	8079
3296.744	8127
3298.501	8141
3300.256	8027
3302.011	8106
3303.766	8145
3305.52	8097
3307.275	8006
3309.028	8179
3310.781	8099
3312.533	8104
3314.285	8001
3316.038	8108
3317.789	8035
3319.54	8152
3321.289	7945
3323.039	7925
3324.789	8059
3326.539	8060
3328.288	7976
3330.035	8058
3331.783	7958
3333.531	8110
3335.28	8168
3337.025	8083
3338.771	8032
3340.518	8044
3342.262	8086
3344.009	8045
3345.753	8000
3347.497	7981
3349.24	7968
3350.983	8101
3352.726	8001
3354.469	7990
3356.212	7968
3357.952	7928
3359.694	7869
3361.434	7960
3363.176	7958
3364.916	7967
3366.654	7807
3368.394	7902
3370.132	7997
3371.871	8015
3373.61	7971
3375.346	7702
3377.083	7847
3378.82	7944
3380.556	7817
3382.292	7871
3384.027	7868
3385.763	7841
3387.497	7918
3389.231	7924
3390.965	7817
3392.698	7848
3394.431	7857
3396.164	7831
3397.896	7872
3399.627	7890
3401.36	7885
3403.09	7854
3404.82	7729
3406.55	7839
3408.279	7753
3410.01	7789
3411.738	7938
3413.467	7764
3415.194	7840
3416.92	7785
3418.647	7915
3420.375	7808
3422.102	7801
3423.827	7874
3425.553	7849
3427.277	7739
3429.003	7755
3430.727	7806
3432.451	7780
3434.173	7847
3435.896	7682
3437.62	7873
3439.343	7853
3441.063	7675
3442.785	7661
3444.505	7630
3446.226	7727
3447.948	7784
3449.666	7686
3451.386	7753
3453.104	7607
3454.823	7651
3456.541	7634
3458.259	7640
3459.976	7642
3461.693	7625
3463.408	7633
3465.125	7612
3466.841	7669
3468.556	7553
3470.271	7555
3471.985	7628
3473.698	7552
3475.414	7582
3477.126	7458
3478.838	7488
3480.55	7529
3482.263	7378
3483.975	7543
3485.686	7697
3487.396	7492
3489.106	7588
3490.817	7533
3492.526	7516
3494.236	7514
3495.944	7393
3497.652	7631
3499.359	7387
3501.066	7443
3502.775	7441
3504.481	7408
3506.187	7526
3507.893	7473
3509.598	7354
3511.304	7477
3513.009	7383
3514.713	7464
3516.417	7414
3518.12	7320
3519.821	7456
3521.525	7455
3523.228	7405
3524.929	7475
3526.631	7397
3528.33	7277
3530.032	7365
3531.733	7435
3533.433	7467
3535.131	7400
3536.83	7324
3538.529	7364
3540.227	7289
3541.925	7373
3543.623	7396
3545.319	7258
3547.016	7376
3548.712	7372
3550.408	7305
3552.103	7343
3553.798	7454
3555.491	7353
3557.188	7275
3558.88	7417
3560.574	7331
3562.266	7305
3563.959	7421
3565.651	7295
3567.343	7354
3569.035	7318
3570.725	7266
3572.415	7429
3574.106	7313
3575.797	7354
3577.485	7379
3579.174	7254
3580.863	7217
3582.551	7279
3584.238	7273
3585.926	7183
3587.613	7304
3589.3	7228
3590.986	7290
3592.671	7255
3594.357	7269
3596.042	7213
3597.726	7155
3599.41	7219
3601.094	7201
3602.778	7166
3604.461	7257
3606.143	7202
3607.825	7106
3609.507	7135
3611.188	7126
3612.87	7153
3614.551	7095
3616.229	7116
3617.909	7118
3619.589	6999
3621.269	7109
3622.948	7138
3624.625	7029
3626.302	7065
3627.98	6957
3629.657	7022
3631.334	7100
3633.01	7052
3634.686	7062
3636.361	6970
3638.036	6985
3639.712	7134
3641.385	7011
3643.06	6974
3644.732	6938
3646.405	7063
3648.08	6921
3649.751	7063
3651.424	6975
3653.094	6935
3654.766	7008
3656.436	7046
3658.106	6929
3659.777	7090
3661.446	7033
3663.115	7046
3664.783	7053
3666.452	6943
3668.121	6766
3669.788	7029
3671.454	6961
3673.121	6999
3674.789	6946
3676.455	6918
3678.12	6996
3679.784	7079
3681.45	6958
3683.114	7078
3684.779	7097
3686.442	6892
3688.105	6936
3689.768	6974
3691.43	6968
3693.093	6871
3694.754	7015
3696.415	6922
3698.076	7021
3699.736	6990
3701.396	7004
3703.057	6793
3704.716	6819
3706.375	7008
3708.034	6920
3709.692	6910
3711.351	6984
3713.008	6911
3714.665	6877
3716.321	6863
3717.977	6961
3719.634	6958
3721.29	6834
3722.945	6906
3724.598	6967
3726.253	7052
3727.907	6902
3729.561	7063
3731.214	6940
3732.867	6882
3734.518	6770
3736.171	6938
3737.824	7010
3739.474	6859
3741.125	6963
3742.775	6900
3744.425	6874
3746.074	7012
3747.725	6951
3749.373	6888
3751.022	6989
3752.669	6931
3754.318	6871
3755.966	6870
3757.612	6886
3759.259	6787
3760.905	6940
3762.55	6885
3764.197	6912
3765.842	6828
3767.486	6758
3769.131	6922
3770.774	6888
3772.417	6806
3774.061	6832
3775.705	6894
3777.347	6842
3778.988	6823
3780.629	6898
3782.271	6823
3783.912	6851
3785.552	6748
3787.192	6874
3788.831	6822
3790.472	6822
3792.112	6804
3793.75	6734
3795.388	6770
3797.024	6821
3798.661	6817
3800.3	6670
3801.936	6840
3803.572	6861
3805.208	6793
3806.844	6737
3808.48	6808
3810.115	6781
3811.748	6770
3813.382	6873
3815.016	6886
3816.649	6732
3818.283	6746
3819.914	6685
3821.547	6748
3823.178	6769
3824.809	6699
3826.441	6738
3828.072	6833
3829.701	6786
3831.331	6729
3832.96	6786
3834.591	6749
3836.219	6752
3837.847	6724
3839.475	6715
3841.102	6753
3842.729	6762
3844.357	6771
3845.984	6775
3847.609	6800
3849.234	6699
3850.86	6802
3852.485	6770
3854.11	6776
3855.734	6672
3857.357	6743
3858.981	6703
3860.603	6731
3862.227	6722
3863.848	6622
3865.471	6721
3867.092	6656
3868.713	6822
3870.334	6782
3871.954	6792
3873.575	6617
3875.194	6723
3876.813	6679
3878.433	6593
3880.051	6732
3881.669	6795
3883.286	6802
3884.904	6624
3886.52	6829
3888.138	6627
3889.754	6674
3891.37	6783
3892.985	6656
3894.6	6741
3896.216	6677
3897.831	6657
3899.444	6686
3901.058	6717
3902.67	6673
3904.283	6647
3905.897	6662
3907.509	6746
3909.121	6690
3910.731	6716
3912.342	6597
3913.954	6657
3915.563	6757
3917.174	6616
3918.783	6710
3920.391	6663
3922.002	6707
3923.611	6545
3925.218	6725
3926.826	6693
3928.432	6735
3930.039	6612
3931.647	6651
3933.253	6585
3934.859	6719
3936.464	6605
3938.068	6630
3939.675	6642
3941.278	6602
3942.883	6872
3944.486	6594
3946.089	6689
3947.692	6590
3949.295	6711
3950.898	6614
3952.499	6814
3954.1	6696
3955.7	6613
3957.303	6645
3958.903	6644
3960.502	6715
3962.101	6610
3963.7	6731
3965.301	6645
3966.899	6656
3968.497	6707
3970.094	6685
3971.691	6753
3973.288	6602
3974.885	6607
3976.481	6553
3978.077	6699
3979.672	6705
3981.267	6664
3982.863	6648
3984.457	6586
3986.051	6593
3987.645	6648
3989.238	6625
3990.831	6614
3992.425	6596
3994.017	6667
3995.607	6682
3997.199	6587
3998.79	6542
4000.382	6463
4001.973	6576
4003.561	6623
4005.151	6541
4006.741	6582
4008.331	6550
4009.918	6587
4011.507	6506
4013.095	6584
4014.681	6495
4016.269	6470
4017.856	6496
4019.443	6515
4021.028	6481
4022.614	6470
4024.199	6505
4025.785	6580
4027.37	6576
4028.953	6451
4030.536	6455
4032.12	6437
4033.704	6489
4035.287	6571
4036.869	6578
4038.45	6507
4040.032	6493
4041.613	6557
4043.195	6381
4044.776	6488
4046.356	6457
4047.935	6432
4049.515	6511
4051.095	6424
4052.674	6499
4054.251	6567
4055.829	6480
4057.406	6530
4058.985	6395
4060.562	6477
4062.139	6415
4063.715	6405
4065.29	6478
4066.865	6454
4068.442	6459
4070.016	6478
4071.59	6428
4073.164	6483
4074.738	6465
4076.312	6500
4077.885	6363
4079.458	6418
4081.03	6502
4082.602	6569
4084.173	6478
4085.745	6478
4087.315	6532
4088.886	6444
4090.456	6368
4092.026	6517
4093.596	6491
4095.165	6358
4096.734	6383
4098.301	6440
4099.869	6414
4101.437	6485
4103.006	6423
4104.572	6422
4106.139	6413
4107.704	6494
4109.27	6468
4110.837	6361
4112.401	6446
4113.966	6375
4115.53	6369
4117.094	6371
4118.659	6483
4120.223	6427
4121.785	6365
4123.347	6543
4124.909	6505
4126.471	6414
4128.034	6343
4129.595	6347
4131.155	6374
4132.716	6435
4134.275	6319
4135.836	6416
4137.395	6418
4138.955	6258
4140.513	6302
4142.071	6294
4143.628	6363
4145.188	6276
4146.745	6352
4148.302	6419
4149.858	6403
4151.414	6395
4152.971	6334
4154.526	6295
4156.081	6304
4157.635	6251
4159.189	6403
4160.745	6223
4162.298	6375
4163.852	6279
4165.405	6279
4166.957	6410
4168.51	6288
4170.063	6215
4171.614	6241
4173.166	6294
4174.717	6262
4176.267	6266
4177.817	6249
4179.368	6410
4180.917	6207
4182.466	6353
4184.016	6314
4185.564	6261
4187.112	6223
4188.66	6292
4190.207	6326
4191.754	6363
4193.301	6242
4194.848	6341
4196.394	6304
4197.94	6266
4199.484	6251
4201.03	6272
4202.575	6267
4204.12	6237
4205.663	6328
4207.207	6244
4208.75	6359
4210.292	6213
4211.836	6247
4213.378	6141
4214.92	6282
4216.46	6311
4218.002	6226
4219.544	6170
4221.083	6264
4222.625	6205
4224.164	6250
4225.703	6192
4227.244	6283
4228.782	6405
4230.32	6229
4231.857	6262
4233.395	6274
4234.933	6289
4236.471	6120
4238.007	6192
4239.542	6258
4241.078	6252
4242.614	6250
4244.15	6368
4245.685	6179
4247.219	6372
4248.753	6234
4250.287	6213
4251.82	6285
4253.354	6350
4254.887	6287
4256.419	6198
4257.951	6317
4259.483	6288
4261.016	6268
4262.547	6187
4264.078	6311
4265.608	6234
4267.137	6271
4268.668	6289
4270.197	6307
4271.727	6307
4273.254	6169
4274.783	6233
4276.311	6251
4277.84	6193
4279.366	6251
4280.894	6239
4282.42	6165
4283.946	6208
4285.473	6381
4286.998	6301
4288.523	6216
4290.047	6275
4291.572	6228
4293.096	6230
4294.622	6226
4296.144	6191
4297.668	6242
4299.19	6219
4300.713	6187
4302.236	6214
4303.758	6239
4305.279	6249
4306.799	6226
4308.321	6258
4309.842	6315
4311.361	6393
4312.882	6236
4314.401	6183
