400.0961	4561
402.6185	4484
405.1424	4535
407.6635	4588
410.1838	4554
412.7035	4595
415.2225	4533
417.7388	4670
420.2585	4728
422.7754	4856
425.2917	4858
427.8072	4851
430.3221	4874
432.8363	4934
435.3498	4864
437.8626	4826
440.3727	4908
442.8841	4819
445.3969	4933
447.907	4873
450.4142	4880
452.9229	4811
455.4289	4848
457.9362	4876
460.4449	4866
462.9488	4843
465.454	4721
467.9566	4846
470.4604	4783
472.9637	4735
475.4662	4887
477.966	4798
480.4671	4823
482.9656	4761
485.4633	4839
487.9645	4840
490.4608	4825
492.9566	4920
495.4536	4893
497.948	4859
500.4437	4856
502.9387	4894
505.431	4991
507.9226	4847
510.4136	4938
512.9079	4943
515.3975	4934
517.8864	5000
520.3746	4951
522.8622	5020
525.3491	5001
527.8394	5045
530.3249	5007
532.8098	4974
535.2939	4975
537.7774	5076
540.2623	5043
542.7444	5034
545.2259	4932
547.7067	5015
550.1868	5007
552.6683	5079
555.147	4994
557.6231	4933
560.1005	5010
562.5773	5117
565.0534	5062
567.5308	5129
570.0056	5142
572.4776	5269
574.951	5218
577.4237	5226
579.8978	5268
582.3671	5294
584.8378	5304
587.3079	5336
589.7773	5246
592.244	5364
594.714	5317
597.1793	5450
599.6461	5210
602.1121	5274
604.5754	5259
607.0421	5243
609.5042	5174
611.9675	5152
614.4282	5198
616.8902	5197
619.3515	5169
621.8122	5089
624.2702	5115
626.7296	5123
629.1863	5077
631.6423	5125
634.1017	5132
636.5563	5138
639.0104	5122
641.4658	5101
643.9185	5288
646.3725	5194
648.8239	5152
651.2766	5177
653.7266	5149
656.176	5233
658.6247	5337
661.0748	5189
663.5242	5271
665.9709	5257
668.417	5208
670.8624	5275
673.3092	5169
675.7533	5353
678.1968	5302
680.6395	5448
683.0817	5220
685.5251	5305
687.9659	5246
690.4061	5337
692.8456	5305
695.2844	5464
697.7226	5335
700.1621	5292
702.599	5375
705.0332	5412
707.4688	5327
709.9036	5420
712.3399	5464
714.7735	5446
717.2044	5371
719.6367	5504
722.0683	5448
724.4993	5476
726.9296	5486
729.3593	5416
731.7883	5538
734.2147	5544
736.6423	5510
739.0714	5647
741.4958	5640
743.9216	5522
746.3447	5596
748.7691	5710
751.1929	5749
753.616	5722
756.0366	5746
758.4584	5711
760.8776	5666
763.2982	5724
765.718	5693
768.1373	5701
770.5539	5730
772.9698	5722
775.3871	5787
777.8038	5744
780.2178	5666
782.6332	5742
785.0459	5659
787.458	5666
789.8714	5803
792.2842	5734
794.6943	5781
797.1038	5815
799.5127	5726
801.9209	5737
804.3324	5780
806.7393	5661
809.1456	5739
811.5513	5775
813.9562	5848
816.3625	5837
818.7663	5863
821.1693	5785
823.5718	5900
825.9735	5843
828.3746	5856
830.7771	5855
833.177	5854
835.5762	5980
837.9747	5923
840.3727	5888
842.772	5896
845.1666	5986
847.5626	5866
849.958	5996
852.3527	6103
854.7488	6031
857.1403	6100
859.5331	6059
861.9253	5969
864.3168	6080
866.7057	5995
869.098	5982
871.4876	5975
873.8746	6068
876.263	6126
878.6487	5972
881.0378	6112
883.4243	5841
885.8081	6039
888.1933	6079
890.5759	5980
892.9598	5821
895.343	5938
897.7256	5959
900.1057	5974
902.4871	5961
904.8659	6053
907.246	5912
909.6254	6047
912.0023	6135
914.3786	6189
916.7562	6145
919.1331	6216
921.5074	6329
923.8831	6280
926.2562	6327
928.6287	6423
931.0005	6448
933.3757	6331
935.7462	6480
938.1162	6457
940.4855	6551
942.8542	6708
945.2242	6758
947.5916	6813
949.9584	7194
952.3266	7437
954.6921	7836
957.0571	8165
959.4233	8622
961.787	8852
964.15	8780
966.5125	8410
968.8742	7867
971.2354	7519
973.5959	7046
975.9559	6638
978.3151	6612
980.6738	6462
983.0338	6316
985.3912	6235
987.7461	6205
990.1022	6258
992.4578	6217
994.8127	6225
997.1689	6316
999.5207	6234
1001.874	6416
1004.226	6402
1006.576	6288
1008.929	6363
1011.28	6256
1013.628	6355
1015.977	6298
1018.324	6273
1020.674	6284
1023.019	6350
1025.366	6409
1027.713	6288
1030.056	6348
1032.399	6426
1034.746	6394
1037.087	6434
1039.431	6426
1041.771	6397
1044.113	6421
1046.454	6475
1048.793	6493
1051.133	6335
1053.471	6381
1055.807	6388
1058.146	6420
1060.483	6456
1062.818	6519
1065.153	6473
1067.489	6583
1069.822	6653
1072.156	6698
1074.488	6684
1076.82	6595
1079.15	6557
1081.48	6571
1083.814	6506
1086.143	6541
1088.471	6415
1090.799	6379
1093.126	6440
1095.452	6396
1097.78	6528
1100.105	6356
1102.43	6450
1104.754	6305
1107.077	6288
1109.4	6552
1111.722	6269
1114.044	6349
1116.365	6361
1118.685	6375
1121.005	6413
1123.324	6391
1125.643	6332
1127.961	6392
1130.278	6322
1132.595	6281
1134.911	6348
1137.226	6340
1139.541	6304
1141.854	6400
1144.167	6357
1146.482	6372
1148.793	6415
1151.105	6290
1153.414	6310
1155.725	6326
1158.033	6381
1160.344	6426
1162.651	6472
1164.959	6280
1167.265	6393
1169.572	6451
1171.878	6360
1174.184	6435
1176.488	6413
1178.79	6512
1181.094	6516
1183.396	6473
1185.699	6367
1188.001	6475
1190.301	6268
1192.6	6348
1194.9	6384
1197.2	6426
1199.497	6461
1201.794	6333
1204.09	6407
1206.387	6452
1208.684	6387
1210.978	6456
1213.272	6336
1215.565	6477
1217.858	6329
1220.15	6514
1222.443	6465
1224.734	6419
1227.024	6485
1229.313	6443
1231.602	6608
1233.892	6620
1236.18	6713
1238.467	6758
1240.754	6649
1243.04	6606
1245.325	6713
1247.612	6723
1249.896	6742
1252.178	6727
1254.461	6652
1256.743	6670
1259.027	6699
1261.308	6673
1263.587	6670
1265.867	6627
1268.146	6806
1270.425	6625
1272.703	6748
1274.981	6532
1277.256	6731
1279.532	6757
1281.808	6660
1284.083	6599
1286.358	6687
1288.63	6580
1290.904	6666
1293.175	6667
1295.449	6605
1297.719	6531
1299.99	6599
1302.259	6502
1304.529	6499
1306.798	6641
1309.065	6414
1311.333	6505
1313.599	6595
1315.866	6678
1318.131	6586
1320.396	6586
1322.66	6607
1324.925	6528
1327.187	6592
1329.448	6575
1331.711	6647
1333.974	6647
1336.234	6699
1338.493	6631
1340.752	6577
1343.01	6533
1345.269	6459
1347.526	6626
1349.784	6574
1352.04	6565
1354.295	6578
1356.552	6512
1358.806	6538
1361.059	6487
1363.312	6600
1365.564	6475
1367.818	6670
1370.069	6504
1372.318	6538
1374.568	6546
1376.817	6716
1379.066	6628
1381.316	6705
1383.564	6571
1385.809	6687
1388.056	6685
1390.301	6613
1392.549	6714
1394.793	6822
1397.036	6733
1399.279	6830
1401.522	6813
1403.763	6865
1406.007	6739
1408.248	6711
1410.487	6736
1412.727	6779
1414.965	6732
1417.205	6786
1419.442	6797
1421.68	6845
1423.915	6772
1426.152	6891
1428.388	6672
1430.623	6820
1432.857	6829
1435.091	6809
1437.323	6852
1439.556	6893
1441.789	7026
1444.019	6983
1446.25	6965
1448.48	6893
1450.708	7020
1452.938	7104
1455.167	7107
1457.394	7000
1459.62	7092
1461.846	7040
1464.073	7019
1466.299	6905
1468.523	6910
1470.746	6911
1472.969	6747
1475.191	6733
1477.415	6863
1479.636	6867
1481.858	6712
1484.078	6679
1486.298	6601
1488.518	6569
1490.736	6650
1492.954	6667
1495.169	6575
1497.386	6661
1499.602	6475
1501.819	6549
1504.034	6509
1506.248	6605
1508.462	6569
1510.675	6512
1512.888	6511
1515.1	6511
1517.311	6591
1519.522	6435
1521.732	6625
1523.942	6565
1526.151	6614
1528.36	6567
1530.566	6571
1532.773	6595
1534.98	6661
1537.187	6722
1539.392	6500
1541.596	6625
1543.801	6594
1546.005	6618
1548.208	6577
1550.411	6639
1552.612	6600
1554.814	6578
1557.013	6646
1559.212	6681
1561.414	6758
1563.612	6755
1565.811	6790
1568.007	6683
1570.203	6740
1572.403	6700
1574.598	6712
1576.792	6645
1578.988	6666
1581.181	6704
1583.376	6787
1585.568	6773
1587.761	6869
1589.952	6731
1592.143	6755
1594.333	6836
1596.524	6759
1598.715	6697
1600.903	6817
1603.091	6813
1605.278	6910
1607.466	6755
1609.652	6789
1611.838	6798
1614.023	6820
1616.207	6811
1618.391	6880
1620.576	6869
1622.759	6768
1624.941	6942
1627.123	6788
1629.304	6869
1631.484	6822
1633.664	6914
1635.844	6947
1638.022	6898
1640.201	7002
1642.38	6859
1644.556	6920
1646.732	6997
1648.908	6933
1651.084	6980
1653.257	6939
1655.433	6987
1657.607	6972
1659.779	7046
1661.951	7034
1664.122	7063
1666.295	7047
1668.467	7097
1670.635	7147
1672.805	7080
1674.973	7051
1677.142	7065
1679.31	7032
1681.478	7011
1683.644	7060
1685.81	6946
1687.975	7008
1690.142	6963
1692.305	6934
1694.468	6984
1696.632	6995
1698.794	6843
1700.957	6867
1703.119	6880
1705.279	6904
1707.439	6794
1709.598	6805
1711.758	6695
1713.917	6630
1716.075	6794
1718.231	6759
1720.388	6885
1722.543	6781
1724.702	6768
1726.856	6784
1729.01	6733
1731.164	6872
1733.317	6700
1735.471	6913
1737.623	6715
1739.774	6754
1741.925	6766
1744.075	6717
1746.225	6743
1748.376	6875
1750.524	6733
1752.672	6923
1754.82	6861
1756.965	6871
1759.113	6791
1761.259	6875
1763.405	6768
1765.549	6789
1767.694	6833
1769.836	6794
1771.981	6843
1774.123	6959
1776.264	6848
1778.405	6901
1780.546	6838
1782.687	6912
1784.827	6766
1786.966	6853
1789.103	6909
1791.242	6914
1793.381	6781
1795.517	6764
1797.653	6820
1799.788	6905
1801.923	6708
1804.057	6835
1806.193	6801
1808.326	6831
1810.457	6911
1812.59	6808
1814.721	6845
1816.855	6846
1818.984	6770
1821.113	6786
1823.244	6854
1825.372	6836
1827.499	6913
1829.63	6824
1831.756	6960
1833.882	6874
1836.007	6832
1838.132	6835
1840.26	6871
1842.384	6765
1844.507	6773
1846.63	6805
1848.752	6701
1850.875	6698
1852.996	6885
1855.118	6772
1857.238	6810
1859.358	6946
1861.477	6787
1863.597	6697
1865.715	6714
1867.832	6741
1869.948	6812
1872.064	6691
1874.181	6852
1876.297	6734
1878.411	6703
1880.526	6794
1882.639	6733
1884.752	6675
1886.865	6725
1888.977	6805
1891.089	6841
1893.2	6890
1895.308	6703
1897.42	6804
1899.53	6925
1901.639	6941
1903.745	6798
1905.853	6861
1907.962	6763
1910.067	6943
1912.174	6856
1914.278	6833
1916.383	6928
1918.486	6823
1920.592	6881
1922.694	6882
1924.797	6837
1926.898	6884
1929	6981
1931.102	6915
1933.203	6900
1935.301	6865
1937.401	6898
1939.499	7024
1941.598	6896
1943.697	6923
1945.793	6922
1947.888	6846
1949.985	6837
1952.08	6872
1954.176	6854
1956.269	6799
1958.364	6838
1960.457	6897
1962.549	7004
1964.642	6937
1966.733	6864
1968.823	6864
1970.913	6935
1973.005	6834
1975.093	6894
1977.184	6868
1979.271	6980
1981.359	6913
1983.446	6672
1985.532	6815
1987.619	6790
1989.705	6796
1991.789	6786
1993.874	6880
1995.956	6679
1998.041	6796
2000.123	6830
2002.206	6858
2004.287	6820
2006.368	6763
2008.449	6812
2010.529	6779
2012.609	6795
2014.688	6702
2016.766	6818
2018.843	6791
2020.922	6733
2022.999	6721
2025.074	6799
2027.15	6828
2029.225	6810
2031.299	6802
2033.375	6691
2035.447	6764
2037.52	6655
2039.592	6856
2041.664	6756
2043.736	6775
2045.807	6806
2047.876	6722
2049.947	6873
2052.015	6738
2054.086	6899
2056.153	6793
2058.221	6833
2060.288	6831
2062.353	6845
2064.42	6733
2066.486	6737
2068.55	6719
2070.614	6985
2072.678	6835
2074.741	6922
2076.805	6837
2078.866	6805
2080.929	6795
2082.99	6866
2085.049	6748
2087.109	6763
2089.17	6911
2091.228	6785
2093.286	6799
2095.344	6921
2097.4	6919
2099.46	6953
2101.516	6841
2103.572	6874
2105.626	6763
2107.679	6710
2109.735	6756
2111.788	6758
2113.841	6941
2115.894	6817
2117.945	6703
2119.997	6822
2122.049	6778
2124.1	6845
2126.148	6709
2128.197	6725
2130.246	6799
2132.296	6688
2134.342	6794
2136.39	6759
2138.437	6804
2140.483	6805
2142.527	6825
2144.574	6707
2146.619	6718
2148.661	6690
2150.705	6817
2152.747	6798
2154.792	6653
2156.832	6751
2158.874	6627
2160.915	6747
2162.954	6783
2164.995	6825
2167.034	6685
2169.072	6891
2171.111	6738
2173.148	6584
2175.186	6762
2177.223	6724
2179.258	6683
2181.294	6694
2183.328	6661
2185.362	6666
2187.398	6675
2189.431	6629
2191.463	6625
2193.495	6773
2195.528	6679
2197.56	6642
2199.59	6649
2201.62	6600
2203.649	6691
2205.678	6635
2207.708	6755
2209.737	6609
2211.764	6545
2213.791	6648
2215.817	6595
2217.843	6623
2219.87	6652
2221.895	6621
2223.919	6539
2225.942	6518
2227.966	6682
2229.988	6571
2232.012	6612
2234.032	6662
2236.054	6517
2238.074	6500
2240.095	6625
2242.116	6575
2244.135	6576
2246.153	6703
2248.171	6572
2250.188	6551
2252.208	6532
2254.223	6676
2256.239	6684
2258.255	6566
2260.269	6570
2262.283	6594
2264.3	6544
2266.312	6591
2268.325	6502
2270.336	6729
2272.349	6717
2274.362	6634
2276.372	6585
2278.383	6634
2280.392	6549
2282.402	6557
2284.409	6634
2286.418	6607
2288.427	6563
2290.433	6567
2292.441	6604
2294.446	6478
2296.453	6601
2298.459	6583
2300.463	6542
2302.466	6601
2304.471	6469
2306.475	6641
2308.477	6703
2310.478	6504
2312.481	6570
2314.481	6589
2316.481	6582
2318.482	6561
2320.482	6533
2322.48	6479
2324.48	6651
2326.478	6519
2328.476	6543
2330.473	6580
2332.469	6531
2334.465	6566
2336.46	6399
2338.454	6558
2340.45	6396
2342.444	6501
2344.437	6318
2346.43	6521
2348.421	6582
2350.414	6589
2352.405	6581
2354.396	6504
2356.386	6393
2358.376	6413
2360.366	6439
2362.355	6532
2364.343	6425
2366.331	6419
2368.317	6405
2370.304	6480
2372.292	6503
2374.278	6467
2376.262	6545
2378.247	6380
2380.23	6323
2382.216	6412
2384.199	6366
2386.181	6510
2388.163	6411
2390.144	6387
2392.127	6350
2394.107	6314
2396.087	6330
2398.066	6478
2400.046	6369
2402.023	6387
2404.004	6348
2405.981	6278
2407.957	6341
2409.934	6327
2411.91	6314
2413.886	6369
2415.862	6338
2417.836	6252
2419.809	6363
2421.784	6275
2423.756	6353
2425.73	6469
2427.701	6471
2429.672	6466
2431.644	6296
2433.615	6407
2435.586	6305
2437.555	6352
2439.523	6350
2441.491	6305
2443.459	6360
2445.428	6235
2447.395	6308
2449.361	6400
2451.327	6321
2453.292	6391
2455.257	6293
2457.223	6317
2459.187	6307
2461.15	6241
2463.113	6340
2465.076	6262
2467.039	6248
2468.999	6333
2470.96	6261
2472.921	6297
2474.881	6274
2476.841	6354
2478.8	6345
2480.759	6230
2482.717	6277
2484.675	6317
2486.63	6323
2488.589	6322
2490.545	6207
2492.5	6189
2494.455	6305
2496.408	6279
2498.364	6263
2500.318	6299
2502.27	6171
2504.223	6172
2506.174	6119
2508.126	6197
2510.078	6097
2512.03	6285
2513.979	6150
2515.927	6211
2517.877	6261
2519.826	6249
2521.775	6277
2523.722	6136
2525.668	6178
2527.616	6176
2529.561	6172
2531.508	6186
2533.452	6091
2535.398	6189
2537.342	6170
2539.284	6175
2541.229	6266
2543.173	6180
2545.114	6246
2547.055	6223
2548.996	6158
2550.938	6102
2552.878	6197
2554.817	6232
2556.756	6132
2558.695	6290
2560.633	6108
2562.572	6107
2564.509	6260
2566.445	6125
2568.382	6116
2570.317	6263
2572.254	6053
2574.189	6209
2576.123	6255
2578.057	6187
2579.99	6220
2581.923	6198
2583.855	6264
2585.788	6059
2587.719	6200
2589.65	6183
2591.579	6183
2593.511	6170
2595.44	6134
2597.37	6218
2599.297	6213
2601.225	6111
2603.153	6080
2605.08	6166
2607.007	6124
2608.932	6191
2610.858	6216
2612.782	6072
2614.709	6147
2616.632	6175
2618.556	6221
2620.478	6277
2622.401	6188
2624.324	6119
2626.247	6028
2628.167	6121
2630.088	6289
2632.008	6128
2633.928	6086
2635.848	6138
2637.766	6144
2639.684	6250
2641.603	6254
2643.519	6139
2645.437	6256
2647.353	6121
2649.27	6226
2651.184	6263
2653.099	6204
2655.014	6188
2656.928	6225
2658.842	6147
2660.755	6180
2662.667	6129
2664.579	6259
2666.491	6143
2668.402	6198
2670.312	6107
2672.222	6149
2674.132	6091
2676.042	6116
2677.951	6075
2679.859	6112
2681.766	6056
2683.674	6095
2685.582	6101
2687.488	6079
2689.392	6076
2691.298	6125
2693.202	6151
2695.107	6181
2697.012	6098
2698.914	6149
2700.817	6085
2702.72	6078
2704.622	6131
2706.524	6160
2708.425	6130
2710.326	6093
2712.225	6090
2714.125	6103
2716.024	6038
2717.923	6036
2719.822	6036
2721.719	6145
2723.616	6030
2725.512	6107
2727.41	6146
2729.305	6004
2731.201	5965
2733.095	6054
2734.99	5994
2736.884	6007
2738.778	6016
2740.67	6021
2742.562	6089
2744.455	6037
2746.346	6010
2748.238	6084
2750.129	6048
2752.018	5969
2753.907	5923
2755.797	5990
2757.687	6052
2759.575	6063
2761.462	6023
2763.349	6155
2765.237	5964
2767.124	6007
2769.009	5926
2770.894	6080
2772.779	5904
2774.663	6023
2776.547	6033
2778.431	5920
2780.314	5987
2782.197	5956
2784.078	5947
2785.96	5899
2787.842	5944
2789.723	5934
2791.603	5901
2793.483	5847
2795.362	5993
2797.241	5947
2799.121	6078
2800.997	5814
2802.874	6009
2804.751	5840
2806.628	5995
2808.506	5961
2810.38	5877
2812.255	6019
2814.13	5871
2816.003	5897
2817.878	6001
2819.752	5959
2821.623	5859
2823.496	5897
2825.368	5896
2827.238	5860
2829.111	5949
2830.98	5887
2832.851	6000
2834.719	5950
2836.589	5912
2838.458	5925
2840.327	5920
2842.193	6040
2844.061	5917
2845.927	5915
2847.794	6082
2849.66	6023
2851.525	6009
2853.39	5973
2855.254	5899
2857.117	6023
2858.983	5932
2860.845	6087
2862.707	6067
2864.569	6120
2866.431	6277
2868.293	6111
2870.154	6313
2872.013	6188
2873.873	6359
2875.733	6444
2877.592	6508
2879.451	6484
2881.309	6597
2883.166	6573
2885.022	6667
2886.879	6644
2888.736	6605
2890.591	6602
2892.446	6670
2894.301	6704
2896.155	6561
2898.009	6639
2899.863	6591
2901.716	6587
2903.568	6552
2905.419	6576
2907.27	6588
2909.123	6722
2910.973	6723
2912.824	6667
2914.673	6687
2916.521	6694
2918.372	6912
2920.22	6936
2922.067	6995
2923.914	7069
2925.761	7169
2927.607	7178
2929.455	7172
2931.301	7357
2933.144	7387
2934.99	7356
2936.833	7535
2938.678	7550
2940.522	7625
2942.364	7874
2944.207	7828
2946.048	7858
2947.891	7736
2949.731	7729
2951.571	7554
2953.412	7650
2955.25	7455
2957.09	7514
2958.93	7359
2960.767	7244
2962.606	7183
2964.443	7162
2966.279	7281
2968.116	7029
2969.953	6992
2971.788	6935
2973.623	6862
2975.457	6834
2977.292	6898
2979.127	6838
2980.959	6766
2982.792	6771
2984.624	6801
2986.455	6801
2988.288	6727
2990.119	6618
2991.949	6629
2993.779	6599
2995.608	6597
2997.439	6424
2999.268	6397
3001.096	6391
3002.923	6250
3004.751	6345
3006.578	6309
3008.406	6071
3010.232	6133
3012.057	6096
3013.883	6079
3015.706	6009
3017.532	5903
3019.356	5954
3021.179	5832
3023.002	5949
3024.823	5708
3026.646	5789
3028.469	5760
3030.289	5836
3032.11	5662
3033.93	5807
3035.749	5744
3037.57	5669
3039.39	5687
3041.207	5612
3043.026	5727
3044.842	5799
3046.661	5605
3048.477	5644
3050.294	5606
3052.109	5602
3053.925	5651
3055.739	5528
3057.555	5653
3059.368	5561
3061.181	5539
3062.995	5729
3064.807	5624
3066.62	5629
3068.433	5776
3070.243	5545
3072.054	5669
3073.865	5636
3075.675	5629
3077.485	5660
3079.293	5634
3081.102	5532
3082.911	5629
3084.719	5495
3086.527	5580
3088.333	5578
3090.139	5534
3091.945	5478
3093.75	5516
3095.557	5476
3097.361	5435
3099.165	5425
3100.969	5369
3102.772	5411
3104.575	5471
3106.379	5497
3108.181	5386
3109.982	5366
3111.783	5527
3113.584	5449
3115.386	5461
3117.186	5401
3118.985	5404
3120.783	5419
3122.582	5380
3124.381	5299
3126.179	5432
3127.975	5413
3129.772	5325
3131.569	5398
3133.365	5346
3135.161	5265
3136.956	5366
3138.751	5311
3140.544	5407
3142.338	5407
3144.132	5342
3145.925	5363
3147.717	5338
3149.509	5289
3151.301	5353
3153.091	5350
3154.884	5349
3156.673	5212
3158.462	5352
3160.252	5317
3162.041	5319
3163.831	5335
3165.618	5349
3167.405	5266
3169.193	5353
3170.979	5315
3172.767	5274
3174.553	5261
3176.338	5281
3178.123	5300
3179.907	5286
3181.692	5316
3183.477	5312
3185.259	5387
3187.042	5240
3188.824	5323
3190.607	5271
3192.389	5303
3194.17	5256
3195.951	5220
3197.73	5168
3199.51	5251
3201.289	5290
3203.07	5246
3204.848	5309
3206.626	5314
3208.403	5244
3210.18	5315
3211.959	5292
3213.735	5310
3215.511	5156
3217.285	5277
3219.06	5274
3220.836	5311
3222.611	5228
3224.384	5224
3226.158	5307
3227.929	5269
3229.702	5238
3231.476	5269
3233.248	5200
3235.018	5237
3236.789	5306
3238.56	5145
3240.33	5241
3242.1	5295
3243.869	5329
3245.637	5269
3247.405	5286
3249.172	5262
3250.941	5182
3252.707	5227
3254.474	5231
3256.24	5284
3258.006	5307
3259.772	5313
3261.537	5267
3263.301	5262
3265.065	5339
3266.828	5229
3268.592	5091
3270.355	5391
3272.117	5229
3273.878	5202
3275.64	5274
3277.401	5328
3279.162	5259
3280.922	5304
3282.682	5259
3284.441	5205
3286.199	5270
3287.959	5198
3289.716	5254
3291.475	5294
3293.232	5287
3294.988	5247
3296.744	5296
3298.501	5371
3300.256	5362
3302.011	5309
3303.766	5165
3305.52	5307
3307.275	5316
3309.028	5272
3310.781	5321
3312.533	5230
3314.285	5271
3316.038	5187
3317.789	5217
3319.54	5315
3321.289	5300
3323.039	5265
3324.789	5261
3326.539	5262
3328.288	5217
3330.035	5268
3331.783	5208
3333.531	5153
3335.28	5235
3337.025	5222
3338.771	5221
3340.518	5213
3342.262	5218
3344.009	5231
3345.753	5185
3347.497	5288
3349.24	5186
3350.983	5235
3352.726	5206
3354.469	5268
3356.212	5137
3357.952	5065
3359.694	5150
3361.434	5176
3363.176	5191
3364.916	5152
3366.654	5025
3368.394	5040
3370.132	5135
3371.871	5092
3373.61	5165
3375.346	5085
3377.083	5086
3378.82	5112
3380.556	5196
3382.292	5072
3384.027	5064
3385.763	5059
3387.497	4956
3389.231	5103
3390.965	5061
3392.698	5029
3394.431	5028
3396.164	5084
3397.896	5048
3399.627	5006
3401.36	5010
3403.09	5073
3404.82	5029
3406.55	5030
3408.279	4984
3410.01	4963
3411.738	4988
3413.467	5031
3415.194	5081
3416.92	4941
3418.647	5113
3420.375	4954
3422.102	4976
3423.827	5031
3425.553	5050
3427.277	4969
3429.003	5087
3430.727	5087
3432.451	4940
3434.173	5066
3435.896	4979
3437.62	4913
3439.343	5025
3441.063	4985
3442.785	4941
3444.505	4954
3446.226	4955
3447.948	4925
3449.666	4872
3451.386	4971
3453.104	4920
3454.823	4788
3456.541	4816
3458.259	4834
3459.976	4890
3461.693	4852
3463.408	4793
3465.125	4863
3466.841	4786
3468.556	4750
3470.271	4836
3471.985	4800
3473.698	4752
3475.414	4870
3477.126	4798
3478.838	4766
3480.55	4759
3482.263	4780
3483.975	4727
3485.686	4721
3487.396	4570
3489.106	4786
3490.817	4663
3492.526	4712
3494.236	4618
3495.944	4680
3497.652	4591
3499.359	4664
3501.066	4704
3502.775	4615
3504.481	4678
3506.187	4706
3507.893	4634
3509.598	4608
3511.304	4627
3513.009	4569
3514.713	4519
3516.417	4557
3518.12	4684
3519.821	4651
3521.525	4513
3523.228	4607
3524.929	4537
3526.631	4581
3528.33	4532
3530.032	4568
3531.733	4495
3533.433	4583
3535.131	4579
3536.83	4573
3538.529	4477
3540.227	4517
3541.925	4467
3543.623	4438
3545.319	4539
3547.016	4469
3548.712	4511
3550.408	4466
3552.103	4445
3553.798	4413
3555.491	4411
3557.188	4447
3558.88	4417
3560.574	4405
3562.266	4545
3563.959	4408
3565.651	4418
3567.343	4413
3569.035	4501
3570.725	4393
3572.415	4473
3574.106	4490
3575.797	4375
3577.485	4388
3579.174	4408
3580.863	4401
3582.551	4479
3584.238	4376
3585.926	4344
3587.613	4360
3589.3	4329
3590.986	4278
3592.671	4382
3594.357	4355
3596.042	4324
3597.726	4270
3599.41	4276
3601.094	4345
3602.778	4268
3604.461	4219
3606.143	4162
3607.825	4329
3609.507	4184
3611.188	4212
3612.87	4174
3614.551	4248
3616.229	4260
3617.909	4161
3619.589	4166
3621.269	4180
3622.948	4194
3624.625	4121
3626.302	4302
3627.98	4175
3629.657	4181
3631.334	4125
3633.01	4065
3634.686	4133
3636.361	4015
3638.036	4064
3639.712	4108
3641.385	4233
3643.06	4170
3644.732	4140
3646.405	4055
3648.08	4158
3649.751	4085
3651.424	4021
3653.094	4115
3654.766	4043
3656.436	4090
3658.106	4029
3659.777	3960
3661.446	4017
3663.115	4090
3664.783	4054
3666.452	4032
3668.121	3990
3669.788	3957
3671.454	3996
3673.121	4008
3674.789	3948
3676.455	4007
3678.12	4076
3679.784	3982
3681.45	3959
3683.114	4000
3684.779	3976
3686.442	3942
3688.105	4009
3689.768	4020
3691.43	3971
3693.093	3957
3694.754	3958
3696.415	3953
3698.076	3899
3699.736	3971
3701.396	3896
3703.057	3954
3704.716	3858
3706.375	3865
3708.034	3970
3709.692	3971
3711.351	3962
3713.008	3905
3714.665	3938
3716.321	3884
3717.977	3869
3719.634	3876
3721.29	3882
3722.945	3902
3724.598	3899
3726.253	3987
3727.907	3813
3729.561	3881
3731.214	3886
3732.867	3787
3734.518	3915
3736.171	3892
3737.824	3918
3739.474	3898
3741.125	3862
3742.775	3861
3744.425	3938
3746.074	3823
3747.725	3958
3749.373	3901
3751.022	3801
3752.669	3846
3754.318	3840
3755.966	3801
3757.612	3883
3759.259	3864
3760.905	3824
3762.55	3747
3764.197	3810
3765.842	3816
3767.486	3831
3769.131	3748
3770.774	3791
3772.417	3667
3774.061	3805
3775.705	3770
3777.347	3778
3778.988	3653
3780.629	3858
3782.271	3824
3783.912	3752
3785.552	3798
3787.192	3723
3788.831	3727
3790.472	3699
3792.112	3769
3793.75	3673
3795.388	3725
3797.024	3771
3798.661	3712
3800.3	3770
3801.936	3661
3803.572	3716
3805.208	3728
3806.844	3791
3808.48	3712
3810.115	3731
3811.748	3672
3813.382	3719
3815.016	3625
3816.649	3776
3818.283	3742
3819.914	3716
3821.547	3603
3823.178	3657
3824.809	3610
3826.441	3718
3828.072	3644
3829.701	3658
3831.331	3601
3832.96	3579
3834.591	3591
3836.219	3705
3837.847	3575
3839.475	3630
3841.102	3617
3842.729	3661
3844.357	3678
3845.984	3562
3847.609	3586
3849.234	3582
3850.86	3601
3852.485	3548
3854.11	3507
3855.734	3611
3857.357	3615
3858.981	3607
3860.603	3536
3862.227	3566
3863.848	3618
3865.471	3604
3867.092	3536
3868.713	3579
3870.334	3588
3871.954	3570
3873.575	3518
3875.194	3573
3876.813	3454
3878.433	3524
3880.051	3565
3881.669	3594
3883.286	3607
3884.904	3523
3886.52	3557
3888.138	3590
3889.754	3416
3891.37	3494
3892.985	3524
3894.6	3505
3896.216	3524
3897.831	3565
3899.444	3519
3901.058	3506
3902.67	3531
3904.283	3482
3905.897	3526
3907.509	3458
3909.121	3497
3910.731	3561
3912.342	3553
3913.954	3569
3915.563	3548
3917.174	3465
3918.783	3557
3920.391	3484
3922.002	3523
3923.611	3506
3925.218	3457
3926.826	3466
3928.432	3528
3930.039	3464
3931.647	3493
3933.253	3402
3934.859	3473
3936.464	3473
3938.068	3387
3939.675	3482
3941.278	3405
3942.883	3397
3944.486	3461
3946.089	3451
3947.692	3513
3949.295	3350
3950.898	3418
3952.499	3441
3954.1	3374
3955.7	3376
3957.303	3367
3958.903	3331
3960.502	3453
3962.101	3410
3963.7	3444
3965.301	3419
3966.899	3383
3968.497	3480
3970.094	3405
3971.691	3313
3973.288	3278
3974.885	3406
3976.481	3330
3978.077	3384
3979.672	3401
3981.267	3337
3982.863	3415
3984.457	3328
3986.051	3329
3987.645	3300
3989.238	3303
3990.831	3389
3992.425	3271
3994.017	3337
3995.607	3275
3997.199	3224
3998.79	3257
4000.382	3314
4001.973	3291
4003.561	3289
4005.151	3288
4006.741	3240
4008.331	3329
4009.918	3307
4011.507	3251
4013.095	3294
4014.681	3217
4016.269	3161
4017.856	3311
4019.443	3279
4021.028	3222
4022.614	3277
4024.199	3269
4025.785	3353
4027.37	3201
4028.953	3217
4030.536	3241
4032.12	3153
4033.704	3209
4035.287	3210
4036.869	3171
4038.45	3226
4040.032	3247
4041.613	3282
4043.195	3202
4044.776	3234
4046.356	3147
4047.935	3135
4049.515	3213
4051.095	3198
4052.674	3175
4054.251	3100
4055.829	3084
4057.406	3137
4058.985	3166
4060.562	3163
4062.139	3150
4063.715	3125
4065.29	3115
4066.865	3163
4068.442	3144
4070.016	3072
4071.59	3072
4073.164	3121
4074.738	3078
4076.312	3173
4077.885	3063
4079.458	3107
4081.03	3137
4082.602	3095
4084.173	3064
4085.745	3042
4087.315	3034
4088.886	3159
4090.456	3108
4092.026	3076
4093.596	3135
4095.165	3123
4096.734	3049
4098.301	3114
4099.869	3099
4101.437	3051
4103.006	3053
4104.572	3073
4106.139	3077
4107.704	3107
4109.27	3028
4110.837	3098
4112.401	3070
4113.966	3053
4115.53	2954
4117.094	3123
4118.659	2986
4120.223	3119
4121.785	3062
4123.347	2996
4124.909	2940
4126.471	3110
4128.034	3014
4129.595	3076
4131.155	3024
4132.716	2948
4134.275	2960
4135.836	2972
4137.395	3014
4138.955	3009
4140.513	3028
4142.071	3022
4143.628	2961
4145.188	2902
4146.745	2985
4148.302	3015
4149.858	2943
4151.414	3013
4152.971	3023
4154.526	2920
4156.081	2889
4157.635	2978
4159.189	2933
4160.745	2963
4162.298	2911
4163.852	2960
4165.405	2893
4166.957	2925
4168.51	2925
4170.063	2855
4171.614	2861
4173.166	2957
4174.717	2943
4176.267	2887
4177.817	2927
4179.368	2945
4180.917	2827
4182.466	2946
4184.016	2873
4185.564	2922
4187.112	2935
4188.66	2808
4190.207	2843
4191.754	2771
4193.301	2883
4194.848	2828
4196.394	2855
4197.94	2856
4199.484	2842
4201.03	2898
4202.575	2862
4204.12	2830
4205.663	2820
4207.207	2818
4208.75	2832
4210.292	2871
4211.836	2813
4213.378	2890
4214.92	2863
4216.46	2742
4218.002	2856
4219.544	2802
4221.083	2908
4222.625	2886
4224.164	2869
4225.703	2751
4227.244	2869
4228.782	2772
4230.32	2869
4231.857	2753
4233.395	2856
4234.933	2782
4236.471	2748
4238.007	2887
4239.542	2805
4241.078	2812
4242.614	2815
4244.15	2748
4245.685	2840
4247.219	2795
4248.753	2734
4250.287	2733
4251.82	2757
4253.354	2746
4254.887	2810
4256.419	2796
4257.951	2729
4259.483	2755
4261.016	2774
4262.547	2749
4264.078	2753
4265.608	2774
4267.137	2752
4268.668	2747
4270.197	2725
4271.727	2782
4273.254	2736
4274.783	2711
4276.311	2806
4277.84	2746
4279.366	2742
4280.894	2699
4282.42	2656
4283.946	2729
4285.473	2766
4286.998	2771
4288.523	2684
4290.047	2678
4291.572	2707
4293.096	2703
4294.622	2717
4296.144	2635
4297.668	2712
4299.19	2712
4300.713	2615
4302.236	2638
4303.758	2688
4305.279	2669
4306.799	2581
4308.321	2731
4309.842	2667
4311.361	2646
4312.882	2629
4314.401	2632
