400.0961	5550
402.6185	5718
405.1424	5605
407.6635	5626
410.1838	5563
412.7035	5619
415.2225	5622
417.7388	5751
420.2585	5868
422.7754	5790
425.2917	5766
427.8072	5744
430.3221	5866
432.8363	5923
435.3498	6029
437.8626	5778
440.3727	5948
442.8841	6011
445.3969	5976
447.907	5928
450.4142	5988
452.9229	5910
455.4289	6015
457.9362	5999
460.4449	6018
462.9488	6016
465.454	6051
467.9566	5922
470.4604	5946
472.9637	6012
475.4662	6109
477.966	6055
480.4671	6060
482.9656	6083
485.4633	6119
487.9645	6184
490.4608	6174
492.9566	6194
495.4536	6238
497.948	6152
500.4437	6106
502.9387	6177
505.431	6202
507.9226	6161
510.4136	6233
512.9079	6120
515.3975	6304
517.8864	6285
520.3746	6240
522.8622	6324
525.3491	6307
527.8394	6334
530.3249	6355
532.8098	6224
535.2939	6355
537.7774	6299
540.2623	6343
542.7444	6305
545.2259	6282
547.7067	6318
550.1868	6362
552.6683	6276
555.147	6349
557.6231	6369
560.1005	6348
562.5773	6442
565.0534	6348
567.5308	6366
570.0056	6444
572.4776	6405
574.951	6508
577.4237	6563
579.8978	6477
582.3671	6603
584.8378	6598
587.3079	6513
589.7773	6670
592.244	6441
594.714	6496
597.1793	6531
599.6461	6531
602.1121	6557
604.5754	6586
607.0421	6405
609.5042	6534
611.9675	6574
614.4282	6557
616.8902	6647
619.3515	6480
621.8122	6471
624.2702	6534
626.7296	6437
629.1863	6560
631.6423	6529
634.1017	6536
636.5563	6602
639.0104	6509
641.4658	6531
643.9185	6638
646.3725	6544
648.8239	6634
651.2766	6688
653.7266	6637
656.176	6677
658.6247	6744
661.0748	6636
663.5242	6844
665.9709	6577
668.417	6766
670.8624	6721
673.3092	6684
675.7533	6773
678.1968	6647
680.6395	6668
683.0817	6645
685.5251	6828
687.9659	6607
690.4061	6856
692.8456	6835
695.2844	6767
697.7226	6764
700.1621	6810
702.599	6810
705.0332	6851
707.4688	6966
709.9036	6952
712.3399	6846
714.7735	6913
717.2044	6850
719.6367	6993
722.0683	6950
724.4993	6933
726.9296	7056
729.3593	6969
731.7883	7143
734.2147	7134
736.6423	6999
739.0714	7169
741.4958	7145
743.9216	7101
746.3447	7103
748.7691	7387
751.1929	7206
753.616	7207
756.0366	7229
758.4584	7253
760.8776	7222
763.2982	7219
765.718	7238
768.1373	7271
770.5539	7197
772.9698	7260
775.3871	7233
777.8038	7225
780.2178	7224
782.6332	7298
785.0459	7335
787.458	7345
789.8714	7413
792.2842	7367
794.6943	7310
797.1038	7367
799.5127	7230
801.9209	7335
804.3324	7316
806.7393	7424
809.1456	7364
811.5513	7393
813.9562	7373
816.3625	7534
818.7663	7366
821.1693	7515
823.5718	7405
825.9735	7494
828.3746	7373
830.7771	7321
833.177	7417
835.5762	7412
837.9747	7472
840.3727	7571
842.772	7609
845.1666	7493
847.5626	7501
849.958	7460
852.3527	7559
854.7488	7510
857.1403	7668
859.5331	7514
861.9253	7505
864.3168	7467
866.7057	7380
869.098	7520
871.4876	7573
873.8746	7464
876.263	7493
878.6487	7470
881.0378	7539
883.4243	7515
885.8081	7426
888.1933	7430
890.5759	7511
892.9598	7648
895.343	7482
897.7256	7564
900.1057	7533
902.4871	7508
904.8659	7600
907.246	7486
909.6254	7644
912.0023	7536
914.3786	7689
916.7562	7819
919.1331	7831
921.5074	7737
923.8831	8045
926.2562	8048
928.6287	7915
931.0005	7797
933.3757	7768
935.7462	7886
938.1162	7904
940.4855	7971
942.8542	7932
945.2242	7881
947.5916	8068
949.9584	8079
952.3266	8249
954.6921	8436
957.0571	8674
959.4233	8836
961.787	8906
964.15	8880
966.5125	8895
968.8742	8640
971.2354	8477
973.5959	8307
975.9559	8139
978.3151	7902
980.6738	7903
983.0338	7852
985.3912	7767
987.7461	7870
990.1022	7780
992.4578	7684
994.8127	7802
997.1689	7852
999.5207	7773
1001.874	7788
1004.226	7758
1006.576	7832
1008.929	7684
1011.28	8010
1013.628	7840
1015.977	7903
1018.324	7892
1020.674	7856
1023.019	7942
1025.366	7902
1027.713	8031
1030.056	7813
1032.399	7974
1034.746	7977
1037.087	7946
1039.431	7799
1041.771	8020
1044.113	7832
1046.454	7876
1048.793	7940
1051.133	7950
1053.471	7855
1055.807	7894
1058.146	8047
1060.483	8025
1062.818	7909
1065.153	8168
1067.489	8133
1069.822	8172
1072.156	8142
1074.488	8150
1076.82	8129
1079.15	7953
1081.48	8060
1083.814	8068
1086.143	8027
1088.471	7965
1090.799	7895
1093.126	7943
1095.452	8043
1097.78	7951
1100.105	7921
1102.43	8039
1104.754	8069
1107.077	7973
1109.4	8143
1111.722	8049
1114.044	8005
1116.365	8084
1118.685	8042
1121.005	8045
1123.324	8071
1125.643	8120
1127.961	7961
1130.278	8059
1132.595	8119
1134.911	8124
1137.226	8090
1139.541	8103
1141.854	8060
1144.167	8112
1146.482	7953
1148.793	7955
1151.105	8011
1153.414	8076
1155.725	8160
1158.033	8118
1160.344	8114
1162.651	8226
1164.959	8017
1167.265	8224
1169.572	8256
1171.878	8149
1174.184	8081
1176.488	8096
1178.79	8171
1181.094	8060
1183.396	8153
1185.699	8142
1188.001	8133
1190.301	8114
1192.6	8055
1194.9	8072
1197.2	8100
1199.497	8011
1201.794	8148
1204.09	8059
1206.387	8101
1208.684	8124
1210.978	8052
1213.272	8116
1215.565	8146
1217.858	8124
1220.15	8130
1222.443	8100
1224.734	8210
1227.024	8257
1229.313	8075
1231.602	8177
1233.892	8238
1236.18	8304
1238.467	8365
1240.754	8430
1243.04	8379
1245.325	8354
1247.612	8340
1249.896	8373
1252.178	8418
1254.461	8503
1256.743	8337
1259.027	8341
1261.308	8261
1263.587	8358
1265.867	8394
1268.146	8485
1270.425	8266
1272.703	8407
1274.981	8525
1277.256	8346
1279.532	8355
1281.808	8317
1284.083	8346
1286.358	8284
1288.63	8372
1290.904	8358
1293.175	8329
1295.449	8188
1297.719	8188
1299.99	8234
1302.259	8273
1304.529	8254
1306.798	8336
1309.065	8332
1311.333	8283
1313.599	8181
1315.866	8378
1318.131	8331
1320.396	8270
1322.66	8344
1324.925	8420
1327.187	8366
1329.448	8264
1331.711	8355
1333.974	8360
1336.234	8272
1338.493	8333
1340.752	8349
1343.01	8407
1345.269	8269
1347.526	8373
1349.784	8260
1352.04	8240
1354.295	8389
1356.552	8347
1358.806	8329
1361.059	8343
1363.312	8390
1365.564	8261
1367.818	8338
1370.069	8231
1372.318	8378
1374.568	8323
1376.817	8352
1379.066	8287
1381.316	8512
1383.564	8420
1385.809	8426
1388.056	8505
1390.301	8498
1392.549	8486
1394.793	8469
1397.036	8527
1399.279	8500
1401.522	8610
1403.763	8678
1406.007	8528
1408.248	8598
1410.487	8692
1412.727	8588
1414.965	8528
1417.205	8582
1419.442	8616
1421.68	8612
1423.915	8450
1426.152	8608
1428.388	8590
1430.623	8544
1432.857	8520
1435.091	8539
1437.323	8636
1439.556	8693
1441.789	8641
1444.019	8599
1446.25	8565
1448.48	8747
1450.708	8666
1452.938	8745
1455.167	8847
1457.394	8751
1459.62	8773
1461.846	8690
1464.073	8730
1466.299	8696
1468.523	8716
1470.746	8546
1472.969	8651
1475.191	8498
1477.415	8633
1479.636	8401
1481.858	8328
1484.078	8434
1486.298	8541
1488.518	8317
1490.736	8380
1492.954	8340
1495.169	8514
1497.386	8422
1499.602	8396
1501.819	8357
1504.034	8374
1506.248	8382
1508.462	8279
1510.675	8254
1512.888	8344
1515.1	8321
1517.311	8213
1519.522	8438
1521.732	8318
1523.942	8433
1526.151	8209
1528.36	8340
1530.566	8290
1532.773	8298
1534.98	8186
1537.187	8473
1539.392	8344
1541.596	8387
1543.801	8467
1546.005	8476
1548.208	8415
1550.411	8472
1552.612	8407
1554.814	8460
1557.013	8435
1559.212	8511
1561.414	8420
1563.612	8515
1565.811	8496
1568.007	8560
1570.203	8521
1572.403	8506
1574.598	8483
1576.792	8481
1578.988	8495
1581.181	8615
1583.376	8414
1585.568	8460
1587.761	8602
1589.952	8594
1592.143	8571
1594.333	8553
1596.524	8713
1598.715	8670
1600.903	8788
1603.091	8527
1605.278	8620
1607.466	8686
1609.652	8690
1611.838	8506
1614.023	8553
1616.207	8557
1618.391	8695
1620.576	8595
1622.759	8725
1624.941	8678
1627.123	8651
1629.304	8672
1631.484	8569
1633.664	8700
1635.844	8842
1638.022	8729
1640.201	8695
1642.38	8748
1644.556	8688
1646.732	8761
1648.908	8737
1651.084	8725
1653.257	8755
1655.433	8672
1657.607	8687
1659.779	8754
1661.951	8685
1664.122	8827
1666.295	8731
1668.467	8974
1670.635	8695
1672.805	8618
1674.973	8733
1677.142	8902
1679.31	8778
1681.478	8790
1683.644	8647
1685.81	8651
1687.975	8713
1690.142	8702
1692.305	8693
1694.468	8798
1696.632	8608
1698.794	8505
1700.957	8570
1703.119	8597
1705.279	8611
1707.439	8549
1709.598	8572
1711.758	8615
1713.917	8624
1716.075	8605
1718.231	8483
1720.388	8700
1722.543	8610
1724.702	8547
1726.856	8666
1729.01	8628
1731.164	8478
1733.317	8464
1735.471	8631
1737.623	8516
1739.774	8591
1741.925	8650
1744.075	8562
1746.225	8651
1748.376	8675
1750.524	8689
1752.672	8667
1754.82	8576
1756.965	8683
1759.113	8512
1761.259	8688
1763.405	8711
1765.549	8676
1767.694	8613
1769.836	8649
1771.981	8715
1774.123	8573
1776.264	8695
1778.405	8669
1780.546	8574
1782.687	8681
1784.827	8810
1786.966	8638
1789.103	8691
1791.242	8762
1793.381	8676
1795.517	8659
1797.653	8651
1799.788	8549
1801.923	8606
1804.057	8709
1806.193	8682
1808.326	8596
1810.457	8787
1812.59	8628
1814.721	8663
1816.855	8750
1818.984	8757
1821.113	8629
1823.244	8690
1825.372	8571
1827.499	8791
1829.63	8635
1831.756	8619
1833.882	8763
1836.007	8634
1838.132	8626
1840.26	8745
1842.384	8605
1844.507	8699
1846.63	8585
1848.752	8512
1850.875	8491
1852.996	8625
1855.118	8562
1857.238	8576
1859.358	8657
1861.477	8423
1863.597	8678
1865.715	8557
1867.832	8504
1869.948	8573
1872.064	8521
1874.181	8589
1876.297	8649
1878.411	8656
1880.526	8400
1882.639	8674
1884.752	8650
1886.865	8629
1888.977	8567
1891.089	8548
1893.2	8714
1895.308	8547
1897.42	8723
1899.53	8640
1901.639	8716
1903.745	8594
1905.853	8751
1907.962	8515
1910.067	8627
1912.174	8632
1914.278	8649
1916.383	8789
1918.486	8699
1920.592	8626
1922.694	8626
1924.797	8780
1926.898	8719
1929	8837
1931.102	8611
1933.203	8705
1935.301	8783
1937.401	8580
1939.499	8769
1941.598	8779
1943.697	8668
1945.793	8613
1947.888	8896
1949.985	8812
1952.08	8652
1954.176	8620
1956.269	8690
1958.364	8686
1960.457	8614
1962.549	8832
1964.642	8725
1966.733	8765
1968.823	8696
1970.913	8815
1973.005	8700
1975.093	8616
1977.184	8680
1979.271	8816
1981.359	8613
1983.446	8635
1985.532	8785
1987.619	8791
1989.705	8671
1991.789	8640
1993.874	8675
1995.956	8634
1998.041	8589
2000.123	8613
2002.206	8686
2004.287	8661
2006.368	8559
2008.449	8603
2010.529	8567
2012.609	8658
2014.688	8540
2016.766	8507
2018.843	8711
2020.922	8509
2022.999	8583
2025.074	8496
2027.15	8658
2029.225	8577
2031.299	8588
2033.375	8683
2035.447	8514
2037.52	8404
2039.592	8647
2041.664	8645
2043.736	8493
2045.807	8491
2047.876	8448
2049.947	8613
2052.015	8649
2054.086	8690
2056.153	8733
2058.221	8546
2060.288	8555
2062.353	8619
2064.42	8679
2066.486	8614
2068.55	8714
2070.614	8586
2072.678	8604
2074.741	8481
2076.805	8524
2078.866	8578
2080.929	8521
2082.99	8646
2085.049	8594
2087.109	8580
2089.17	8677
2091.228	8623
2093.286	8444
2095.344	8637
2097.4	8612
2099.46	8556
2101.516	8533
2103.572	8570
2105.626	8632
2107.679	8640
2109.735	8539
2111.788	8532
2113.841	8592
2115.894	8571
2117.945	8572
2119.997	8574
2122.049	8587
2124.1	8631
2126.148	8606
2128.197	8718
2130.246	8561
2132.296	8646
2134.342	8421
2136.39	8528
2138.437	8694
2140.483	8461
2142.527	8603
2144.574	8452
2146.619	8447
2148.661	8587
2150.705	8399
2152.747	8492
2154.792	8559
2156.832	8663
2158.874	8517
2160.915	8401
2162.954	8593
2164.995	8444
2167.034	8524
2169.072	8373
2171.111	8441
2173.148	8364
2175.186	8561
2177.223	8333
2179.258	8577
2181.294	8525
2183.328	8373
2185.362	8389
2187.398	8335
2189.431	8381
2191.463	8287
2193.495	8278
2195.528	8452
2197.56	8327
2199.59	8413
2201.62	8226
2203.649	8252
2205.678	8472
2207.708	8338
2209.737	8428
2211.764	8294
2213.791	8355
2215.817	8332
2217.843	8349
2219.87	8215
2221.895	8345
2223.919	8174
2225.942	8317
2227.966	8278
2229.988	8342
2232.012	8384
2234.032	8283
2236.054	8318
2238.074	8257
2240.095	8386
2242.116	8335
2244.135	8301
2246.153	8185
2248.171	8295
2250.188	8201
2252.208	8309
2254.223	8309
2256.239	8234
2258.255	8350
2260.269	8210
2262.283	8347
2264.3	8313
2266.312	8295
2268.325	8309
2270.336	8346
2272.349	8261
2274.362	8225
2276.372	8238
2278.383	8126
2280.392	8279
2282.402	8234
2284.409	8345
2286.418	8182
2288.427	8286
2290.433	8385
2292.441	8291
2294.446	8276
2296.453	8191
2298.459	8389
2300.463	8158
2302.466	8236
2304.471	8196
2306.475	8304
2308.477	8194
2310.478	8277
2312.481	8239
2314.481	8148
2316.481	8185
2318.482	8222
2320.482	8125
2322.48	8154
2324.48	8238
2326.478	8210
2328.476	8123
2330.473	8249
2332.469	8202
2334.465	8149
2336.46	8107
2338.454	8073
2340.45	8198
2342.444	8063
2344.437	8009
2346.43	8076
2348.421	7937
2350.414	8001
2352.405	8120
2354.396	8101
2356.386	8075
2358.376	8062
2360.366	8099
2362.355	8066
2364.343	7965
2366.331	8095
2368.317	8082
2370.304	8084
2372.292	8133
2374.278	8113
2376.262	7906
2378.247	8043
2380.23	7928
2382.216	8097
2384.199	8059
2386.181	7988
2388.163	8031
2390.144	7949
2392.127	7965
2394.107	7939
2396.087	8018
2398.066	7984
2400.046	7994
2402.023	7949
2404.004	7977
2405.981	7875
2407.957	7944
2409.934	7925
2411.91	7902
2413.886	8015
2415.862	7913
2417.836	7964
2419.809	8005
2421.784	7867
2423.756	7986
2425.73	7991
2427.701	7884
2429.672	7977
2431.644	7929
2433.615	7857
2435.586	7781
2437.555	8033
2439.523	8021
2441.491	7909
2443.459	7845
2445.428	8069
2447.395	8013
2449.361	7895
2451.327	7862
2453.292	7962
2455.257	7895
2457.223	7916
2459.187	7925
2461.15	7815
2463.113	7968
2465.076	7907
2467.039	7850
2468.999	7844
2470.96	7721
2472.921	7865
2474.881	7973
2476.841	7807
2478.8	7729
2480.759	7836
2482.717	7726
2484.675	7904
2486.63	7747
2488.589	7813
2490.545	7790
2492.5	7886
2494.455	7791
2496.408	7683
2498.364	7934
2500.318	7727
2502.27	7814
2504.223	7771
2506.174	7936
2508.126	7822
2510.078	7760
2512.03	7739
2513.979	7759
2515.927	7677
2517.877	7801
2519.826	7825
2521.775	7755
2523.722	7600
2525.668	7799
2527.616	7675
2529.561	7705
2531.508	7721
2533.452	7777
2535.398	7591
2537.342	7622
2539.284	7722
2541.229	7713
2543.173	7701
2545.114	7796
2547.055	7679
2548.996	7682
2550.938	7662
2552.878	7753
2554.817	7803
2556.756	7943
2558.695	7827
2560.633	7678
2562.572	7720
2564.509	7696
2566.445	7615
2568.382	7650
2570.317	7620
2572.254	7732
2574.189	7679
2576.123	7611
2578.057	7772
2579.99	7814
2581.923	7646
2583.855	7747
2585.788	7746
2587.719	7667
2589.65	7746
2591.579	7608
2593.511	7695
2595.44	7699
2597.37	7619
2599.297	7780
2601.225	7666
2603.153	7730
2605.08	7590
2607.007	7679
2608.932	7821
2610.858	7683
2612.782	7668
2614.709	7638
2616.632	7563
2618.556	7536
2620.478	7750
2622.401	7756
2624.324	7645
2626.247	7642
2628.167	7658
2630.088	7679
2632.008	7784
2633.928	7743
2635.848	7706
2637.766	7750
2639.684	7643
2641.603	7755
2643.519	7654
2645.437	7653
2647.353	7708
2649.27	7652
2651.184	7682
2653.099	7684
2655.014	7669
2656.928	7644
2658.842	7652
2660.755	7582
2662.667	7635
2664.579	7626
2666.491	7641
2668.402	7727
2670.312	7635
2672.222	7597
2674.132	7617
2676.042	7578
2677.951	7637
2679.859	7671
2681.766	7549
2683.674	7563
2685.582	7585
2687.488	7698
2689.392	7525
2691.298	7566
2693.202	7621
2695.107	7520
2697.012	7597
2698.914	7668
2700.817	7494
2702.72	7590
2704.622	7444
2706.524	7506
2708.425	7362
2710.326	7681
2712.225	7676
2714.125	7611
2716.024	7512
2717.923	7488
2719.822	7488
2721.719	7440
2723.616	7531
2725.512	7463
2727.41	7404
2729.305	7484
2731.201	7427
2733.095	7480
2734.99	7463
2736.884	7441
2738.778	7440
2740.67	7496
2742.562	7454
2744.455	7559
2746.346	7383
2748.238	7442
2750.129	7481
2752.018	7402
2753.907	7414
2755.797	7407
2757.687	7477
2759.575	7457
2761.462	7406
2763.349	7403
2765.237	7425
2767.124	7554
2769.009	7471
2770.894	7387
2772.779	7414
2774.663	7510
2776.547	7248
2778.431	7380
2780.314	7420
2782.197	7445
2784.078	7326
2785.96	7328
2787.842	7455
2789.723	7474
2791.603	7416
2793.483	7339
2795.362	7385
2797.241	7321
2799.121	7269
2800.997	7436
2802.874	7386
2804.751	7230
2806.628	7243
2808.506	7285
2810.38	7355
2812.255	7381
2814.13	7275
2816.003	7338
2817.878	7390
2819.752	7312
2821.623	7440
2823.496	7257
2825.368	7398
2827.238	7237
2829.111	7344
2830.98	7374
2832.851	7284
2834.719	7304
2836.589	7282
2838.458	7344
2840.327	7370
2842.193	7333
2844.061	7318
2845.927	7448
2847.794	7319
2849.66	7345
2851.525	7374
2853.39	7415
2855.254	7325
2857.117	7440
2858.983	7344
2860.845	7310
2862.707	7496
2864.569	7501
2866.431	7445
2868.293	7434
2870.154	7595
2872.013	7598
2873.873	7443
2875.733	7670
2877.592	7565
2879.451	7750
2881.309	7755
2883.166	7613
2885.022	7767
2886.879	7851
2888.736	7786
2890.591	7790
2892.446	7917
2894.301	7848
2896.155	7932
2898.009	7800
2899.863	7758
2901.716	7777
2903.568	7919
2905.419	7802
2907.27	7706
2909.123	7857
2910.973	7805
2912.824	7931
2914.673	7812
2916.521	7846
2918.372	7957
2920.22	7884
2922.067	7941
2923.914	8056
2925.761	8027
2927.607	8074
2929.455	8156
2931.301	8172
2933.144	8155
2934.99	8228
2936.833	8276
2938.678	8350
2940.522	8286
2942.364	8385
2944.207	8424
2946.048	8554
2947.891	8574
2949.731	8563
2951.571	8599
2953.412	8487
2955.25	8463
2957.09	8348
2958.93	8360
2960.767	8427
2962.606	8300
2964.443	8303
2966.279	8249
2968.116	8157
2969.953	7984
2971.788	7963
2973.623	7937
2975.457	7774
2977.292	7885
2979.127	7675
2980.959	7837
2982.792	7726
2984.624	7709
2986.455	7683
2988.288	7714
2990.119	7686
2991.949	7523
2993.779	7443
2995.608	7566
2997.439	7449
2999.268	7324
3001.096	7501
3002.923	7252
3004.751	7292
3006.578	7241
3008.406	7205
3010.232	7200
3012.057	7142
3013.883	7033
3015.706	7143
3017.532	7019
3019.356	7033
3021.179	7139
3023.002	7005
3024.823	6941
3026.646	7073
3028.469	6890
3030.289	7039
3032.11	6760
3033.93	6933
3035.749	6847
3037.57	6803
3039.39	6942
3041.207	6861
3043.026	6881
3044.842	6965
3046.661	6800
3048.477	6802
3050.294	6790
3052.109	6914
3053.925	6810
3055.739	6774
3057.555	6851
3059.368	6847
3061.181	6865
3062.995	6803
3064.807	6874
3066.62	6702
3068.433	6792
3070.243	6806
3072.054	6611
3073.865	6820
3075.675	6707
3077.485	6766
3079.293	6634
3081.102	6711
3082.911	6727
3084.719	6626
3086.527	6702
3088.333	6715
3090.139	6601
3091.945	6673
3093.75	6548
3095.557	6622
3097.361	6617
3099.165	6644
3100.969	6557
3102.772	6504
3104.575	6650
3106.379	6535
3108.181	6601
3109.982	6620
3111.783	6479
3113.584	6619
3115.386	6410
3117.186	6525
3118.985	6631
3120.783	6516
3122.582	6510
3124.381	6428
3126.179	6459
3127.975	6619
3129.772	6495
3131.569	6433
3133.365	6435
3135.161	6490
3136.956	6493
3138.751	6375
3140.544	6458
3142.338	6376
3144.132	6352
3145.925	6411
3147.717	6368
3149.509	6352
3151.301	6369
3153.091	6430
3154.884	6403
3156.673	6398
3158.462	6310
3160.252	6360
3162.041	6390
3163.831	6397
3165.618	6302
3167.405	6402
3169.193	6357
3170.979	6419
3172.767	6333
3174.553	6320
3176.338	6251
3178.123	6414
3179.907	6186
3181.692	6329
3183.477	6282
3185.259	6368
3187.042	6349
3188.824	6325
3190.607	6273
3192.389	6368
3194.17	6306
3195.951	6254
3197.73	6244
3199.51	6383
3201.289	6319
3203.07	6370
3204.848	6241
3206.626	6375
3208.403	6291
3210.18	6232
3211.959	6172
3213.735	6231
3215.511	6261
3217.285	6203
3219.06	6194
3220.836	6162
3222.611	6252
3224.384	6344
3226.158	6277
3227.929	6255
3229.702	6214
3231.476	6197
3233.248	6119
3235.018	6275
3236.789	6253
3238.56	6259
3240.33	6110
3242.1	6197
3243.869	6226
3245.637	6231
3247.405	6156
3249.172	6162
3250.941	6263
3252.707	6207
3254.474	6234
3256.24	6184
3258.006	6229
3259.772	6225
3261.537	6077
3263.301	6236
3265.065	6107
3266.828	6199
3268.592	6196
3270.355	6210
3272.117	6169
3273.878	6157
3275.64	6115
3277.401	6116
3279.162	6215
3280.922	6237
3282.682	6256
3284.441	6184
3286.199	6190
3287.959	6122
3289.716	6295
3291.475	6096
3293.232	6130
3294.988	6181
3296.744	6196
3298.501	6128
3300.256	6163
3302.011	6216
3303.766	6170
3305.52	6160
3307.275	6151
3309.028	6064
3310.781	6093
3312.533	6228
3314.285	6194
3316.038	6141
3317.789	6112
3319.54	6143
3321.289	6164
3323.039	6180
3324.789	5973
3326.539	6056
3328.288	6031
3330.035	6077
3331.783	6109
3333.531	6161
3335.28	5987
3337.025	6044
3338.771	6036
3340.518	6137
3342.262	6030
3344.009	6050
3345.753	6011
3347.497	6046
3349.24	6042
3350.983	6032
3352.726	6018
3354.469	6021
3356.212	6050
3357.952	6027
3359.694	5881
3361.434	5961
3363.176	6051
3364.916	5991
3366.654	5941
3368.394	5970
3370.132	5994
3371.871	5914
3373.61	5960
3375.346	5888
3377.083	5861
3378.82	5893
3380.556	6042
3382.292	5910
3384.027	5970
3385.763	5972
3387.497	5845
3389.231	5921
3390.965	5915
3392.698	5859
3394.431	5838
3396.164	5814
3397.896	5976
3399.627	5932
3401.36	5864
3403.09	5937
3404.82	5804
3406.55	5881
3408.279	5789
3410.01	5851
3411.738	5859
3413.467	5793
3415.194	5875
3416.92	5816
3418.647	5796
3420.375	5734
3422.102	5905
3423.827	5801
3425.553	5808
3427.277	5847
3429.003	5797
3430.727	5746
3432.451	5775
3434.173	5740
3435.896	5678
3437.62	5834
3439.343	5678
3441.063	5732
3442.785	5751
3444.505	5660
3446.226	5658
3447.948	5689
3449.666	5595
3451.386	5641
3453.104	5694
3454.823	5595
3456.541	5667
3458.259	5632
3459.976	5524
3461.693	5576
3463.408	5677
3465.125	5572
3466.841	5677
3468.556	5647
3470.271	5584
3471.985	5628
3473.698	5566
3475.414	5664
3477.126	5603
3478.838	5577
3480.55	5591
3482.263	5533
3483.975	5521
3485.686	5566
3487.396	5568
3489.106	5513
3490.817	5524
3492.526	5473
3494.236	5404
3495.944	5556
3497.652	5468
3499.359	5525
3501.066	5472
3502.775	5507
3504.481	5366
3506.187	5431
3507.893	5515
3509.598	5355
3511.304	5380
3513.009	5416
3514.713	5496
3516.417	5348
3518.12	5334
3519.821	5366
3521.525	5475
3523.228	5421
3524.929	5372
3526.631	5362
3528.33	5364
3530.032	5316
3531.733	5330
3533.433	5341
3535.131	5266
3536.83	5286
3538.529	5428
3540.227	5325
3541.925	5295
3543.623	5259
3545.319	5229
3547.016	5295
3548.712	5353
3550.408	5278
3552.103	5354
3553.798	5262
3555.491	5257
3557.188	5309
3558.88	5225
3560.574	5178
3562.266	5243
3563.959	5209
3565.651	5333
3567.343	5203
3569.035	5189
3570.725	5107
3572.415	5237
3574.106	5199
3575.797	5205
3577.485	5158
3579.174	5086
3580.863	5226
3582.551	5190
3584.238	5107
3585.926	5215
3587.613	5148
3589.3	5102
3590.986	5169
3592.671	5049
3594.357	5022
3596.042	5156
3597.726	5079
3599.41	5071
3601.094	5044
3602.778	4999
3604.461	5015
3606.143	5163
3607.825	5034
3609.507	5047
3611.188	5004
3612.87	4904
3614.551	5062
3616.229	4923
3617.909	4952
3619.589	4959
3621.269	5040
3622.948	5009
3624.625	5052
3626.302	4916
3627.98	4938
3629.657	4883
3631.334	4910
3633.01	4919
3634.686	4956
3636.361	4887
3638.036	4903
3639.712	4864
3641.385	4859
3643.06	4885
3644.732	4860
3646.405	4988
3648.08	4949
3649.751	4795
3651.424	4806
3653.094	4918
3654.766	4926
3656.436	4878
3658.106	4814
3659.777	4845
3661.446	4799
3663.115	4890
3664.783	4800
3666.452	4838
3668.121	4756
3669.788	4840
3671.454	4909
3673.121	4765
3674.789	4858
3676.455	4768
3678.12	4844
3679.784	4770
3681.45	4771
3683.114	4756
3684.779	4734
3686.442	4706
3688.105	4765
3689.768	4766
3691.43	4845
3693.093	4807
3694.754	4763
3696.415	4865
3698.076	4810
3699.736	4694
3701.396	4752
3703.057	4740
3704.716	4697
3706.375	4785
3708.034	4764
3709.692	4623
3711.351	4701
3713.008	4618
3714.665	4755
3716.321	4651
3717.977	4733
3719.634	4716
3721.29	4650
3722.945	4729
3724.598	4715
3726.253	4671
3727.907	4752
3729.561	4610
3731.214	4593
3732.867	4651
3734.518	4673
3736.171	4609
3737.824	4752
3739.474	4628
3741.125	4595
3742.775	4652
3744.425	4672
3746.074	4680
3747.725	4593
3749.373	4665
3751.022	4573
3752.669	4515
3754.318	4631
3755.966	4567
3757.612	4575
3759.259	4508
3760.905	4639
3762.55	4677
3764.197	4583
3765.842	4545
3767.486	4577
3769.131	4515
3770.774	4584
3772.417	4522
3774.061	4579
3775.705	4573
3777.347	4541
3778.988	4470
3780.629	4582
3782.271	4468
3783.912	4523
3785.552	4484
3787.192	4450
3788.831	4514
3790.472	4463
3792.112	4515
3793.75	4426
3795.388	4502
3797.024	4485
3798.661	4491
3800.3	4421
3801.936	4360
3803.572	4400
3805.208	4376
3806.844	4402
3808.48	4414
3810.115	4394
3811.748	4530
3813.382	4368
3815.016	4425
3816.649	4373
3818.283	4318
3819.914	4415
3821.547	4339
3823.178	4352
3824.809	4410
3826.441	4407
3828.072	4461
3829.701	4407
3831.331	4411
3832.96	4451
3834.591	4365
3836.219	4335
3837.847	4345
3839.475	4342
3841.102	4392
3842.729	4298
3844.357	4276
3845.984	4338
3847.609	4281
3849.234	4264
3850.86	4268
3852.485	4254
3854.11	4322
3855.734	4353
3857.357	4242
3858.981	4220
3860.603	4270
3862.227	4322
3863.848	4236
3865.471	4291
3867.092	4206
3868.713	4297
3870.334	4294
3871.954	4219
3873.575	4246
3875.194	4233
3876.813	4249
3878.433	4207
3880.051	4187
3881.669	4332
3883.286	4292
3884.904	4203
3886.52	4254
3888.138	4161
3889.754	4147
3891.37	4184
3892.985	4214
3894.6	4124
3896.216	4103
3897.831	4239
3899.444	4187
3901.058	4181
3902.67	4224
3904.283	4228
3905.897	4193
3907.509	4244
3909.121	4203
3910.731	4215
3912.342	4255
3913.954	4208
3915.563	4251
3917.174	4137
3918.783	4216
3920.391	4205
3922.002	4169
3923.611	4134
3925.218	4145
3926.826	4109
3928.432	4157
3930.039	4109
3931.647	4189
3933.253	4084
3934.859	4018
3936.464	4152
3938.068	4080
3939.675	4181
3941.278	4138
3942.883	4166
3944.486	4111
3946.089	4157
3947.692	4066
3949.295	4095
3950.898	4081
3952.499	4163
3954.1	4161
3955.7	4051
3957.303	4002
3958.903	4079
3960.502	4111
3962.101	4026
3963.7	4012
3965.301	4005
3966.899	3997
3968.497	4037
3970.094	3998
3971.691	3998
3973.288	3987
3974.885	4010
3976.481	4111
3978.077	4034
3979.672	3902
3981.267	4074
3982.863	3987
3984.457	4028
3986.051	3865
3987.645	3977
3989.238	3961
3990.831	3902
3992.425	3976
3994.017	3974
3995.607	3994
3997.199	3975
3998.79	4008
4000.382	3929
4001.973	3832
4003.561	3876
4005.151	3920
4006.741	4004
4008.331	3802
4009.918	3932
4011.507	3923
4013.095	3845
4014.681	3930
4016.269	3849
4017.856	3839
4019.443	3868
4021.028	3823
4022.614	3865
4024.199	3866
4025.785	3891
4027.37	3811
4028.953	3848
4030.536	3772
4032.12	3780
4033.704	3797
4035.287	3815
4036.869	3766
4038.45	3815
4040.032	3766
4041.613	3808
4043.195	3760
4044.776	3870
4046.356	3795
4047.935	3711
4049.515	3705
4051.095	3785
4052.674	3813
4054.251	3757
4055.829	3742
4057.406	3712
4058.985	3691
4060.562	3765
4062.139	3781
4063.715	3749
4065.29	3748
4066.865	3742
4068.442	3744
4070.016	3779
4071.59	3674
4073.164	3676
4074.738	3712
4076.312	3707
4077.885	3731
4079.458	3667
4081.03	3686
4082.602	3703
4084.173	3716
4085.745	3699
4087.315	3686
4088.886	3744
4090.456	3703
4092.026	3668
4093.596	3664
4095.165	3660
4096.734	3637
4098.301	3658
4099.869	3595
4101.437	3698
4103.006	3708
4104.572	3710
4106.139	3664
4107.704	3686
4109.27	3541
4110.837	3656
4112.401	3740
4113.966	3640
4115.53	3582
4117.094	3594
4118.659	3632
4120.223	3557
4121.785	3559
4123.347	3553
4124.909	3601
4126.471	3554
4128.034	3592
4129.595	3561
4131.155	3541
4132.716	3559
4134.275	3503
4135.836	3662
4137.395	3496
4138.955	3547
4140.513	3577
4142.071	3522
4143.628	3521
4145.188	3572
4146.745	3587
4148.302	3495
4149.858	3524
4151.414	3445
4152.971	3500
4154.526	3518
4156.081	3398
4157.635	3533
4159.189	3461
4160.745	3399
4162.298	3436
4163.852	3466
4165.405	3471
4166.957	3427
4168.51	3539
4170.063	3389
4171.614	3446
4173.166	3402
4174.717	3481
4176.267	3448
4177.817	3416
4179.368	3388
4180.917	3405
4182.466	3409
4184.016	3372
4185.564	3351
4187.112	3347
4188.66	3453
4190.207	3418
4191.754	3440
4193.301	3436
4194.848	3420
4196.394	3319
4197.94	3353
4199.484	3342
4201.03	3340
4202.575	3405
4204.12	3352
4205.663	3328
4207.207	3404
4208.75	3298
4210.292	3391
4211.836	3407
4213.378	3309
4214.92	3264
4216.46	3341
4218.002	3293
4219.544	3271
4221.083	3370
4222.625	3396
4224.164	3359
4225.703	3255
4227.244	3308
4228.782	3345
4230.32	3351
4231.857	3275
4233.395	3258
4234.933	3349
4236.471	3305
4238.007	3253
4239.542	3297
4241.078	3332
4242.614	3255
4244.15	3290
4245.685	3256
4247.219	3297
4248.753	3221
4250.287	3217
4251.82	3233
4253.354	3271
4254.887	3245
4256.419	3241
4257.951	3241
4259.483	3258
4261.016	3314
4262.547	3175
4264.078	3212
4265.608	3230
4267.137	3225
4268.668	3312
4270.197	3239
4271.727	3223
4273.254	3283
4274.783	3251
4276.311	3234
4277.84	3190
4279.366	3152
4280.894	3176
4282.42	3178
4283.946	3170
4285.473	3204
4286.998	3186
4288.523	3139
4290.047	3113
4291.572	3227
4293.096	3204
4294.622	3146
4296.144	3146
4297.668	3163
4299.19	3143
4300.713	3179
4302.236	3195
4303.758	3145
4305.279	3154
4306.799	3186
4308.321	3141
4309.842	3168
4311.361	3150
4312.882	3098
4314.401	3124
