400.0961	3850
402.6185	3943
405.1424	3918
407.6635	3879
410.1838	3909
412.7035	3972
415.2225	3984
417.7388	3912
420.2585	4018
422.7754	3989
425.2917	4030
427.8072	4116
430.3221	4115
432.8363	4155
435.3498	4178
437.8626	4195
440.3727	4178
442.8841	4073
445.3969	4122
447.907	4193
450.4142	4239
452.9229	4257
455.4289	4118
457.9362	4111
460.4449	4142
462.9488	4160
465.454	4132
467.9566	4086
470.4604	4201
472.9637	4098
475.4662	4246
477.966	4132
480.4671	4193
482.9656	4168
485.4633	4152
487.9645	4173
490.4608	4116
492.9566	4207
495.4536	4243
497.948	4260
500.4437	4200
502.9387	4245
505.431	4308
507.9226	4191
510.4136	4364
512.9079	4220
515.3975	4279
517.8864	4281
520.3746	4228
522.8622	4340
525.3491	4288
527.8394	4192
530.3249	4244
532.8098	4198
535.2939	4343
537.7774	4314
540.2623	4250
542.7444	4268
545.2259	4253
547.7067	4295
550.1868	4322
552.6683	4328
555.147	4383
557.6231	4314
560.1005	4290
562.5773	4229
565.0534	4324
567.5308	4338
570.0056	4398
572.4776	4329
574.951	4418
577.4237	4508
579.8978	4483
582.3671	4478
584.8378	4481
587.3079	4516
589.7773	4451
592.244	4508
594.714	4564
597.1793	4488
599.6461	4554
602.1121	4454
604.5754	4492
607.0421	4553
609.5042	4442
611.9675	4438
614.4282	4483
616.8902	4430
619.3515	4491
621.8122	4320
624.2702	4380
626.7296	4446
629.1863	4429
631.6423	4470
634.1017	4467
636.5563	4408
639.0104	4458
641.4658	4539
643.9185	4418
646.3725	4451
648.8239	4454
651.2766	4541
653.7266	4424
656.176	4465
658.6247	4615
661.0748	4543
663.5242	4559
665.9709	4473
668.417	4605
670.8624	4589
673.3092	4611
675.7533	4593
678.1968	4475
680.6395	4569
683.0817	4611
685.5251	4615
687.9659	4583
690.4061	4658
692.8456	4594
695.2844	4660
697.7226	4717
700.1621	4589
702.599	4546
705.0332	4673
707.4688	4720
709.9036	4692
712.3399	4650
714.7735	4652
717.2044	4724
719.6367	4668
722.0683	4770
724.4993	4790
726.9296	4769
729.3593	4751
731.7883	4766
734.2147	4809
736.6423	4788
739.0714	4740
741.4958	4823
743.9216	4715
746.3447	4839
748.7691	4826
751.1929	4940
753.616	4850
756.0366	4960
758.4584	4996
760.8776	4929
763.2982	4900
765.718	4939
768.1373	4826
770.5539	4982
772.9698	5045
775.3871	4963
777.8038	4886
780.2178	4976
782.6332	4921
785.0459	4953
787.458	5027
789.8714	4917
792.2842	4948
794.6943	4967
797.1038	4962
799.5127	4873
801.9209	4974
804.3324	4985
806.7393	4934
809.1456	4982
811.5513	5082
813.9562	4988
816.3625	5062
818.7663	4981
821.1693	5016
823.5718	5021
825.9735	4900
828.3746	5091
830.7771	4996
833.177	5041
835.5762	5055
837.9747	5058
840.3727	5080
842.772	5078
845.1666	5075
847.5626	5029
849.958	5109
852.3527	5133
854.7488	5126
857.1403	5148
859.5331	5178
861.9253	5179
864.3168	5181
866.7057	5171
869.098	5038
871.4876	5079
873.8746	5134
876.263	5173
878.6487	5085
881.0378	5063
883.4243	5169
885.8081	5128
888.1933	5139
890.5759	5035
892.9598	5089
895.343	5129
897.7256	5040
900.1057	5143
902.4871	5093
904.8659	5204
907.246	5188
909.6254	5188
912.0023	5198
914.3786	5343
916.7562	5335
919.1331	5336
921.5074	5418
923.8831	5410
926.2562	5507
928.6287	5542
931.0005	5463
933.3757	5439
935.7462	5410
938.1162	5400
940.4855	5449
942.8542	5581
945.2242	5538
947.5916	5671
949.9584	5723
952.3266	5915
954.6921	6049
957.0571	6202
959.4233	6368
961.787	6429
964.15	6529
966.5125	6458
968.8742	6180
971.2354	5980
973.5959	5813
975.9559	5574
978.3151	5548
980.6738	5493
983.0338	5343
985.3912	5378
987.7461	5302
990.1022	5309
992.4578	5291
994.8127	5380
997.1689	5385
999.5207	5349
1001.874	5350
1004.226	5350
1006.576	5310
1008.929	5383
1011.28	5273
1013.628	5382
1015.977	5397
1018.324	5221
1020.674	5383
1023.019	5369
1025.366	5405
1027.713	5419
1030.056	5456
1032.399	5410
1034.746	5465
1037.087	5489
1039.431	5433
1041.771	5514
1044.113	5550
1046.454	5472
1048.793	5441
1051.133	5474
1053.471	5323
1055.807	5346
1058.146	5480
1060.483	5484
1062.818	5570
1065.153	5467
1067.489	5548
1069.822	5593
1072.156	5521
1074.488	5600
1076.82	5632
1079.15	5598
1081.48	5507
1083.814	5441
1086.143	5525
1088.471	5441
1090.799	5432
1093.126	5440
1095.452	5501
1097.78	5442
1100.105	5475
1102.43	5547
1104.754	5496
1107.077	5463
1109.4	5412
1111.722	5437
1114.044	5495
1116.365	5482
1118.685	5449
1121.005	5654
1123.324	5505
1125.643	5568
1127.961	5621
1130.278	5487
1132.595	5586
1134.911	5578
1137.226	5384
1139.541	5474
1141.854	5520
1144.167	5591
1146.482	5519
1148.793	5511
1151.105	5539
1153.414	5524
1155.725	5396
1158.033	5341
1160.344	5532
1162.651	5495
1164.959	5520
1167.265	5456
1169.572	5550
1171.878	5488
1174.184	5475
1176.488	5474
1178.79	5401
1181.094	5476
1183.396	5477
1185.699	5585
1188.001	5476
1190.301	5497
1192.6	5483
1194.9	5458
1197.2	5517
1199.497	5500
1201.794	5517
1204.09	5534
1206.387	5526
1208.684	5451
1210.978	5589
1213.272	5487
1215.565	5604
1217.858	5575
1220.15	5554
1222.443	5540
1224.734	5547
1227.024	5580
1229.313	5587
1231.602	5650
1233.892	5716
1236.18	5563
1238.467	5693
1240.754	5754
1243.04	5806
1245.325	5679
1247.612	5620
1249.896	5720
1252.178	5701
1254.461	5638
1256.743	5683
1259.027	5770
1261.308	5739
1263.587	5766
1265.867	5711
1268.146	5873
1270.425	5789
1272.703	5755
1274.981	5724
1277.256	5614
1279.532	5804
1281.808	5678
1284.083	5719
1286.358	5738
1288.63	5835
1290.904	5683
1293.175	5633
1295.449	5657
1297.719	5768
1299.99	5688
1302.259	5585
1304.529	5638
1306.798	5726
1309.065	5698
1311.333	5599
1313.599	5658
1315.866	5614
1318.131	5714
1320.396	5733
1322.66	5696
1324.925	5699
1327.187	5693
1329.448	5738
1331.711	5739
1333.974	5765
1336.234	5692
1338.493	5663
1340.752	5744
1343.01	5749
1345.269	5681
1347.526	5649
1349.784	5679
1352.04	5698
1354.295	5695
1356.552	5687
1358.806	5697
1361.059	5729
1363.312	5724
1365.564	5555
1367.818	5748
1370.069	5726
1372.318	5622
1374.568	5561
1376.817	5758
1379.066	5695
1381.316	5639
1383.564	5711
1385.809	5696
1388.056	5792
1390.301	5785
1392.549	5759
1394.793	5900
1397.036	5787
1399.279	5882
1401.522	5825
1403.763	5953
1406.007	5863
1408.248	5902
1410.487	5774
1412.727	5769
1414.965	6022
1417.205	5844
1419.442	5913
1421.68	5904
1423.915	5841
1426.152	5957
1428.388	5824
1430.623	5840
1432.857	5939
1435.091	5901
1437.323	5897
1439.556	5909
1441.789	6016
1444.019	5911
1446.25	5992
1448.48	5876
1450.708	5945
1452.938	6029
1455.167	6023
1457.394	6084
1459.62	6018
1461.846	6042
1464.073	6013
1466.299	6055
1468.523	5880
1470.746	5842
1472.969	5965
1475.191	5837
1477.415	5825
1479.636	5856
1481.858	5774
1484.078	5763
1486.298	5713
1488.518	5779
1490.736	5774
1492.954	5783
1495.169	5780
1497.386	5622
1499.602	5771
1501.819	5627
1504.034	5692
1506.248	5701
1508.462	5687
1510.675	5725
1512.888	5798
1515.1	5709
1517.311	5722
1519.522	5671
1521.732	5739
1523.942	5667
1526.151	5598
1528.36	5650
1530.566	5635
1532.773	5699
1534.98	5668
1537.187	5664
1539.392	5796
1541.596	5758
1543.801	5662
1546.005	5765
1548.208	5655
1550.411	5837
1552.612	5756
1554.814	5763
1557.013	5759
1559.212	5873
1561.414	5655
1563.612	5760
1565.811	5784
1568.007	5830
1570.203	5904
1572.403	5886
1574.598	5802
1576.792	5875
1578.988	5843
1581.181	5836
1583.376	5894
1585.568	5975
1587.761	5913
1589.952	5875
1592.143	5923
1594.333	5972
1596.524	5871
1598.715	5805
1600.903	5881
1603.091	5911
1605.278	5954
1607.466	5845
1609.652	5907
1611.838	5935
1614.023	5893
1616.207	5939
1618.391	5902
1620.576	5969
1622.759	5814
1624.941	5875
1627.123	6021
1629.304	5926
1631.484	5969
1633.664	5942
1635.844	5966
1638.022	6001
1640.201	5979
1642.38	6007
1644.556	5894
1646.732	6006
1648.908	5973
1651.084	5974
1653.257	5972
1655.433	6018
1657.607	5916
1659.779	6023
1661.951	5895
1664.122	6031
1666.295	6008
1668.467	5951
1670.635	6057
1672.805	6039
1674.973	5865
1677.142	5883
1679.31	5949
1681.478	5899
1683.644	5985
1685.81	5988
1687.975	5985
1690.142	5959
1692.305	5844
1694.468	5948
1696.632	6049
1698.794	5897
1700.957	5927
1703.119	5916
1705.279	5886
1707.439	5983
1709.598	5921
1711.758	5829
1713.917	5922
1716.075	5877
1718.231	5809
1720.388	5890
1722.543	5850
1724.702	5847
1726.856	5806
1729.01	5879
1731.164	5899
1733.317	5900
1735.471	5892
1737.623	5855
1739.774	5835
1741.925	5863
1744.075	5909
1746.225	5964
1748.376	5821
1750.524	5974
1752.672	5915
1754.82	5957
1756.965	5897
1759.113	5986
1761.259	5877
1763.405	6036
1765.549	5941
1767.694	5828
1769.836	5944
1771.981	5878
1774.123	5844
1776.264	5876
1778.405	5891
1780.546	5843
1782.687	5934
1784.827	5887
1786.966	5934
1789.103	5890
1791.242	5903
1793.381	5892
1795.517	5994
1797.653	5885
1799.788	5993
1801.923	5984
1804.057	5884
1806.193	5989
1808.326	5986
1810.457	5954
1812.59	5949
1814.721	6014
1816.855	5988
1818.984	5876
1821.113	5908
1823.244	5917
1825.372	5958
1827.499	5915
1829.63	5933
1831.756	5795
1833.882	5972
1836.007	5940
1838.132	5870
1840.26	5972
1842.384	5837
1844.507	5934
1846.63	5832
1848.752	5875
1850.875	5862
1852.996	5925
1855.118	5835
1857.238	5891
1859.358	5943
1861.477	5789
1863.597	5948
1865.715	5825
1867.832	5783
1869.948	5956
1872.064	5869
1874.181	5937
1876.297	5899
1878.411	6010
1880.526	5909
1882.639	5835
1884.752	5889
1886.865	5966
1888.977	5868
1891.089	5877
1893.2	5870
1895.308	5836
1897.42	6062
1899.53	5916
1901.639	5965
1903.745	5815
1905.853	5987
1907.962	6017
1910.067	6033
1912.174	5971
1914.278	5919
1916.383	5998
1918.486	5908
1920.592	6039
1922.694	5989
1924.797	5970
1926.898	6024
1929	5968
1931.102	5841
1933.203	5992
1935.301	6000
1937.401	5950
1939.499	5978
1941.598	6085
1943.697	5966
1945.793	5906
1947.888	6105
1949.985	6058
1952.08	5972
1954.176	5987
1956.269	5927
1958.364	5902
1960.457	5966
1962.549	5873
1964.642	5991
1966.733	5982
1968.823	5912
1970.913	5971
1973.005	6012
1975.093	5966
1977.184	5839
1979.271	5985
1981.359	5956
1983.446	5943
1985.532	5919
1987.619	5976
1989.705	5890
1991.789	5961
1993.874	5842
1995.956	5918
1998.041	6041
2000.123	5785
2002.206	5983
2004.287	5882
2006.368	5869
2008.449	5894
2010.529	5920
2012.609	5887
2014.688	5967
2016.766	5970
2018.843	5869
2020.922	5856
2022.999	5944
2025.074	5902
2027.15	5871
2029.225	5909
2031.299	5933
2033.375	5902
2035.447	5991
2037.52	5929
2039.592	5912
2041.664	5922
2043.736	5926
2045.807	5881
2047.876	5877
2049.947	5954
2052.015	5851
2054.086	5837
2056.153	5944
2058.221	5931
2060.288	5910
2062.353	5913
2064.42	5889
2066.486	5898
2068.55	5870
2070.614	6031
2072.678	5899
2074.741	5909
2076.805	5888
2078.866	5977
2080.929	5950
2082.99	5935
2085.049	5811
2087.109	5938
2089.17	5968
2091.228	6005
2093.286	5907
2095.344	5900
2097.4	5870
2099.46	5889
2101.516	5865
2103.572	5920
2105.626	5884
2107.679	5876
2109.735	5924
2111.788	5858
2113.841	5939
2115.894	5931
2117.945	5991
2119.997	5909
2122.049	5918
2124.1	5880
2126.148	5911
2128.197	5844
2130.246	5939
2132.296	5821
2134.342	5839
2136.39	5836
2138.437	5990
2140.483	5878
2142.527	5805
2144.574	5867
2146.619	5887
2148.661	5810
2150.705	5984
2152.747	5858
2154.792	5920
2156.832	5958
2158.874	5858
2160.915	5905
2162.954	5905
2164.995	5851
2167.034	5918
2169.072	5875
2171.111	5810
2173.148	5888
2175.186	5817
2177.223	5804
2179.258	5899
2181.294	5840
2183.328	5735
2185.362	5858
2187.398	5722
2189.431	5732
2191.463	5781
2193.495	5753
2195.528	5744
2197.56	5678
2199.59	5778
2201.62	5689
2203.649	5780
2205.678	5708
2207.708	5744
2209.737	5781
2211.764	5767
2213.791	5691
2215.817	5806
2217.843	5651
2219.87	5714
2221.895	5755
2223.919	5740
2225.942	5724
2227.966	5750
2229.988	5767
2232.012	5634
2234.032	5728
2236.054	5772
2238.074	5574
2240.095	5784
2242.116	5702
2244.135	5769
2246.153	5704
2248.171	5704
2250.188	5681
2252.208	5553
2254.223	5761
2256.239	5699
2258.255	5787
2260.269	5725
2262.283	5846
2264.3	5805
2266.312	5652
2268.325	5631
2270.336	5755
2272.349	5775
2274.362	5708
2276.372	5811
2278.383	5698
2280.392	5677
2282.402	5761
2284.409	5683
2286.418	5686
2288.427	5742
2290.433	5673
2292.441	5703
2294.446	5713
2296.453	5597
2298.459	5730
2300.463	5625
2302.466	5694
2304.471	5599
2306.475	5734
2308.477	5759
2310.478	5692
2312.481	5729
2314.481	5767
2316.481	5664
2318.482	5670
2320.482	5581
2322.48	5630
2324.48	5708
2326.478	5682
2328.476	5645
2330.473	5640
2332.469	5592
2334.465	5602
2336.46	5766
2338.454	5608
2340.45	5633
2342.444	5576
2344.437	5628
2346.43	5636
2348.421	5546
2350.414	5569
2352.405	5596
2354.396	5677
2356.386	5661
2358.376	5481
2360.366	5623
2362.355	5519
2364.343	5627
2366.331	5548
2368.317	5624
2370.304	5532
2372.292	5675
2374.278	5506
2376.262	5622
2378.247	5628
2380.23	5492
2382.216	5647
2384.199	5531
2386.181	5568
2388.163	5531
2390.144	5430
2392.127	5464
2394.107	5451
2396.087	5500
2398.066	5545
2400.046	5475
2402.023	5454
2404.004	5565
2405.981	5543
2407.957	5530
2409.934	5489
2411.91	5490
2413.886	5497
2415.862	5464
2417.836	5528
2419.809	5513
2421.784	5484
2423.756	5578
2425.73	5548
2427.701	5468
2429.672	5586
2431.644	5402
2433.615	5491
2435.586	5483
2437.555	5494
2439.523	5594
2441.491	5362
2443.459	5505
2445.428	5577
2447.395	5481
2449.361	5552
2451.327	5477
2453.292	5526
2455.257	5450
2457.223	5505
2459.187	5551
2461.15	5443
2463.113	5388
2465.076	5400
2467.039	5341
2468.999	5458
2470.96	5386
2472.921	5512
2474.881	5358
2476.841	5390
2478.8	5476
2480.759	5415
2482.717	5437
2484.675	5361
2486.63	5332
2488.589	5412
2490.545	5472
2492.5	5395
2494.455	5389
2496.408	5342
2498.364	5429
2500.318	5351
2502.27	5394
2504.223	5321
2506.174	5315
2508.126	5391
2510.078	5351
2512.03	5345
2513.979	5395
2515.927	5450
2517.877	5509
2519.826	5275
2521.775	5467
2523.722	5278
2525.668	5335
2527.616	5335
2529.561	5312
2531.508	5478
2533.452	5424
2535.398	5405
2537.342	5368
2539.284	5410
2541.229	5338
2543.173	5313
2545.114	5354
2547.055	5410
2548.996	5329
2550.938	5227
2552.878	5295
2554.817	5278
2556.756	5446
2558.695	5382
2560.633	5292
2562.572	5340
2564.509	5337
2566.445	5288
2568.382	5353
2570.317	5245
2572.254	5414
2574.189	5361
2576.123	5233
2578.057	5246
2579.99	5362
2581.923	5313
2583.855	5399
2585.788	5358
2587.719	5366
2589.65	5206
2591.579	5321
2593.511	5329
2595.44	5421
2597.37	5357
2599.297	5308
2601.225	5313
2603.153	5248
2605.08	5373
2607.007	5418
2608.932	5322
2610.858	5210
2612.782	5311
2614.709	5280
2616.632	5416
2618.556	5312
2620.478	5387
2622.401	5364
2624.324	5354
2626.247	5387
2628.167	5305
2630.088	5376
2632.008	5341
2633.928	5297
2635.848	5322
2637.766	5369
2639.684	5367
2641.603	5277
2643.519	5356
2645.437	5388
2647.353	5445
2649.27	5321
2651.184	5403
2653.099	5397
2655.014	5438
2656.928	5437
2658.842	5352
2660.755	5357
2662.667	5295
2664.579	5377
2666.491	5326
2668.402	5264
2670.312	5316
2672.222	5366
2674.132	5228
2676.042	5300
2677.951	5315
2679.859	5339
2681.766	5221
2683.674	5343
2685.582	5244
2687.488	5320
2689.392	5382
2691.298	5244
2693.202	5255
2695.107	5158
2697.012	5319
2698.914	5267
2700.817	5269
2702.72	5233
2704.622	5191
2706.524	5223
2708.425	5252
2710.326	5292
2712.225	5237
2714.125	5212
2716.024	5225
2717.923	5262
2719.822	5269
2721.719	5318
2723.616	5150
2725.512	5211
2727.41	5197
2729.305	5281
2731.201	5198
2733.095	5208
2734.99	5283
2736.884	5084
2738.778	5193
2740.67	5215
2742.562	5260
2744.455	5217
2746.346	5145
2748.238	5162
2750.129	5256
2752.018	5250
2753.907	5120
2755.797	5151
2757.687	5183
2759.575	5217
2761.462	5268
2763.349	5222
2765.237	5218
2767.124	5251
2769.009	5216
2770.894	5113
2772.779	5201
2774.663	5231
2776.547	5179
2778.431	5075
2780.314	5129
2782.197	5127
2784.078	5148
2785.96	5156
2787.842	5118
2789.723	5195
2791.603	5180
2793.483	5158
2795.362	5106
2797.241	5096
2799.121	5042
2800.997	5132
2802.874	5112
2804.751	5125
2806.628	5140
2808.506	5128
2810.38	5114
2812.255	5055
2814.13	5092
2816.003	5074
2817.878	5093
2819.752	5048
2821.623	5176
2823.496	5061
2825.368	5188
2827.238	5068
2829.111	5127
2830.98	5052
2832.851	5156
2834.719	5113
2836.589	5049
2838.458	5106
2840.327	5140
2842.193	5121
2844.061	5045
2845.927	5146
2847.794	5116
2849.66	5254
2851.525	5140
2853.39	5159
2855.254	5242
2857.117	5141
2858.983	5240
2860.845	5280
2862.707	5265
2864.569	5290
2866.431	5251
2868.293	5347
2870.154	5310
2872.013	5333
2873.873	5358
2875.733	5479
2877.592	5497
2879.451	5503
2881.309	5545
2883.166	5450
2885.022	5554
2886.879	5557
2888.736	5473
2890.591	5609
2892.446	5596
2894.301	5686
2896.155	5694
2898.009	5561
2899.863	5582
2901.716	5637
2903.568	5634
2905.419	5603
2907.27	5539
2909.123	5578
2910.973	5513
2912.824	5611
2914.673	5548
2916.521	5585
2918.372	5828
2920.22	5766
2922.067	5732
2923.914	5674
2925.761	5752
2927.607	5846
2929.455	5886
2931.301	5935
2933.144	5952
2934.99	5920
2936.833	5984
2938.678	6096
2940.522	6095
2942.364	6194
2944.207	6263
2946.048	6219
2947.891	6294
2949.731	6267
2951.571	6273
2953.412	6405
2955.25	6259
2957.09	6111
2958.93	6089
2960.767	6166
2962.606	6013
2964.443	5977
2966.279	6062
2968.116	5916
2969.953	5804
2971.788	5782
2973.623	5809
2975.457	5638
2977.292	5709
2979.127	5665
2980.959	5691
2982.792	5613
2984.624	5533
2986.455	5533
2988.288	5515
2990.119	5461
2991.949	5421
2993.779	5316
2995.608	5353
2997.439	5294
2999.268	5343
3001.096	5261
3002.923	5366
3004.751	5263
3006.578	5106
3008.406	5101
3010.232	5177
3012.057	5074
3013.883	5091
3015.706	5097
3017.532	5114
3019.356	4965
3021.179	5071
3023.002	4874
3024.823	4989
3026.646	4965
3028.469	4891
3030.289	4876
3032.11	4833
3033.93	4803
3035.749	5018
3037.57	4868
3039.39	4807
3041.207	4898
3043.026	4885
3044.842	4866
3046.661	4894
3048.477	4816
3050.294	4759
3052.109	4875
3053.925	4851
3055.739	4743
3057.555	4800
3059.368	4805
3061.181	4767
3062.995	4765
3064.807	4791
3066.62	4724
3068.433	4685
3070.243	4770
3072.054	4799
3073.865	4763
3075.675	4745
3077.485	4749
3079.293	4781
3081.102	4723
3082.911	4850
3084.719	4616
3086.527	4716
3088.333	4697
3090.139	4731
3091.945	4739
3093.75	4654
3095.557	4682
3097.361	4720
3099.165	4728
3100.969	4676
3102.772	4634
3104.575	4691
3106.379	4671
3108.181	4663
3109.982	4555
3111.783	4582
3113.584	4742
3115.386	4594
3117.186	4550
3118.985	4624
3120.783	4646
3122.582	4599
3124.381	4631
3126.179	4533
3127.975	4628
3129.772	4562
3131.569	4579
3133.365	4585
3135.161	4569
3136.956	4590
3138.751	4628
3140.544	4403
3142.338	4571
3144.132	4515
3145.925	4584
3147.717	4517
3149.509	4501
3151.301	4531
3153.091	4459
3154.884	4560
3156.673	4512
3158.462	4489
3160.252	4617
3162.041	4599
3163.831	4574
3165.618	4469
3167.405	4487
3169.193	4522
3170.979	4464
3172.767	4470
3174.553	4572
3176.338	4547
3178.123	4584
3179.907	4386
3181.692	4435
3183.477	4440
3185.259	4594
3187.042	4499
3188.824	4545
3190.607	4563
3192.389	4548
3194.17	4467
3195.951	4476
3197.73	4429
3199.51	4447
3201.289	4490
3203.07	4469
3204.848	4502
3206.626	4422
3208.403	4474
3210.18	4477
3211.959	4507
3213.735	4483
3215.511	4445
3217.285	4369
3219.06	4446
3220.836	4520
3222.611	4426
3224.384	4560
3226.158	4459
3227.929	4478
3229.702	4338
3231.476	4484
3233.248	4412
3235.018	4435
3236.789	4377
3238.56	4443
3240.33	4449
3242.1	4447
3243.869	4396
3245.637	4431
3247.405	4408
3249.172	4431
3250.941	4440
3252.707	4514
3254.474	4395
3256.24	4456
3258.006	4468
3259.772	4468
3261.537	4391
3263.301	4363
3265.065	4457
3266.828	4408
3268.592	4443
3270.355	4375
3272.117	4425
3273.878	4476
3275.64	4408
3277.401	4438
3279.162	4385
3280.922	4346
3282.682	4375
3284.441	4379
3286.199	4350
3287.959	4407
3289.716	4404
3291.475	4466
3293.232	4386
3294.988	4419
3296.744	4401
3298.501	4436
3300.256	4332
3302.011	4370
3303.766	4385
3305.52	4343
3307.275	4333
3309.028	4493
3310.781	4415
3312.533	4426
3314.285	4406
3316.038	4371
3317.789	4389
3319.54	4429
3321.289	4334
3323.039	4360
3324.789	4306
3326.539	4389
3328.288	4381
3330.035	4364
3331.783	4374
3333.531	4293
3335.28	4401
3337.025	4299
3338.771	4415
3340.518	4350
3342.262	4370
3344.009	4311
3345.753	4337
3347.497	4395
3349.24	4364
3350.983	4295
3352.726	4323
3354.469	4298
3356.212	4277
3357.952	4383
3359.694	4279
3361.434	4302
3363.176	4272
3364.916	4250
3366.654	4314
3368.394	4236
3370.132	4358
3371.871	4287
3373.61	4299
3375.346	4193
3377.083	4230
3378.82	4286
3380.556	4310
3382.292	4298
3384.027	4223
3385.763	4225
3387.497	4178
3389.231	4215
3390.965	4212
3392.698	4220
3394.431	4171
3396.164	4260
3397.896	4152
3399.627	4212
3401.36	4125
3403.09	4053
3404.82	4215
3406.55	4253
3408.279	4176
3410.01	4198
3411.738	4162
3413.467	4222
3415.194	4177
3416.92	4136
3418.647	4229
3420.375	4090
3422.102	4168
3423.827	4156
3425.553	4117
3427.277	4140
3429.003	4071
3430.727	4115
3432.451	4118
3434.173	4114
3435.896	4046
3437.62	4143
3439.343	4185
3441.063	4220
3442.785	4128
3444.505	4032
3446.226	4048
3447.948	4116
3449.666	4087
3451.386	4056
3453.104	4031
3454.823	4147
3456.541	4021
3458.259	4080
3459.976	3947
3461.693	4103
3463.408	3996
3465.125	4051
3466.841	3967
3468.556	4012
3470.271	4103
3471.985	4001
3473.698	4010
3475.414	4007
3477.126	4012
3478.838	3979
3480.55	3972
3482.263	4010
3483.975	3969
3485.686	4003
3487.396	3888
3489.106	3908
3490.817	3867
3492.526	3938
3494.236	3926
3495.944	3970
3497.652	4009
3499.359	3895
3501.066	3903
3502.775	3796
3504.481	3925
3506.187	3848
3507.893	3982
3509.598	3845
3511.304	3892
3513.009	3887
3514.713	3923
3516.417	3893
3518.12	3923
3519.821	3960
3521.525	3934
3523.228	3826
3524.929	3866
3526.631	3859
3528.33	3841
3530.032	3857
3531.733	3799
3533.433	3859
3535.131	3762
3536.83	3829
3538.529	3761
3540.227	3820
3541.925	3754
3543.623	3651
3545.319	3775
3547.016	3835
3548.712	3783
3550.408	3698
3552.103	3699
3553.798	3841
3555.491	3729
3557.188	3734
3558.88	3747
3560.574	3779
3562.266	3680
3563.959	3801
3565.651	3769
3567.343	3741
3569.035	3755
3570.725	3792
3572.415	3761
3574.106	3749
3575.797	3682
3577.485	3767
3579.174	3655
3580.863	3727
3582.551	3637
3584.238	3694
3585.926	3737
3587.613	3741
3589.3	3573
3590.986	3790
3592.671	3658
3594.357	3638
3596.042	3713
3597.726	3599
3599.41	3654
3601.094	3681
3602.778	3632
3604.461	3643
3606.143	3614
3607.825	3633
3609.507	3622
3611.188	3618
3612.87	3669
3614.551	3568
3616.229	3579
3617.909	3524
3619.589	3593
3621.269	3552
3622.948	3563
3624.625	3523
3626.302	3526
3627.98	3577
3629.657	3529
3631.334	3579
3633.01	3482
3634.686	3535
3636.361	3456
3638.036	3483
3639.712	3505
3641.385	3514
3643.06	3445
3644.732	3390
3646.405	3562
3648.08	3432
3649.751	3560
3651.424	3472
3653.094	3448
3654.766	3473
3656.436	3469
3658.106	3538
3659.777	3472
3661.446	3507
3663.115	3454
3664.783	3444
3666.452	3395
3668.121	3454
3669.788	3415
3671.454	3467
3673.121	3436
3674.789	3436
3676.455	3409
3678.12	3490
3679.784	3371
3681.45	3376
3683.114	3438
3684.779	3365
3686.442	3313
3688.105	3469
3689.768	3396
3691.43	3383
3693.093	3419
3694.754	3423
3696.415	3361
3698.076	3433
3699.736	3411
3701.396	3415
3703.057	3349
3704.716	3370
3706.375	3324
3708.034	3394
3709.692	3420
3711.351	3325
3713.008	3295
3714.665	3364
3716.321	3391
3717.977	3346
3719.634	3329
3721.29	3365
3722.945	3364
3724.598	3349
3726.253	3355
3727.907	3359
3729.561	3361
3731.214	3327
3732.867	3278
3734.518	3330
3736.171	3390
3737.824	3358
3739.474	3323
3741.125	3322
3742.775	3228
3744.425	3308
3746.074	3228
3747.725	3370
3749.373	3311
3751.022	3332
3752.669	3269
3754.318	3314
3755.966	3313
3757.612	3233
3759.259	3305
3760.905	3311
3762.55	3260
3764.197	3254
3765.842	3218
3767.486	3271
3769.131	3275
3770.774	3279
3772.417	3222
3774.061	3219
3775.705	3302
3777.347	3252
3778.988	3248
3780.629	3244
3782.271	3146
3783.912	3236
3785.552	3300
3787.192	3252
3788.831	3239
3790.472	3162
3792.112	3196
3793.75	3183
3795.388	3247
3797.024	3139
3798.661	3276
3800.3	3178
3801.936	3161
3803.572	3223
3805.208	3228
3806.844	3198
3808.48	3207
3810.115	3123
3811.748	3089
3813.382	3147
3815.016	3201
3816.649	3143
3818.283	3203
3819.914	3183
3821.547	3129
3823.178	3168
3824.809	3145
3826.441	3090
3828.072	3210
3829.701	3113
3831.331	3103
3832.96	3167
3834.591	3131
3836.219	3113
3837.847	3082
3839.475	3179
3841.102	3136
3842.729	3026
3844.357	3061
3845.984	3136
3847.609	3152
3849.234	3068
3850.86	3105
3852.485	3054
3854.11	3067
3855.734	3049
3857.357	3067
3858.981	3117
3860.603	3145
3862.227	3039
3863.848	3089
3865.471	3024
3867.092	3094
3868.713	3049
3870.334	3097
3871.954	3062
3873.575	3147
3875.194	3004
3876.813	3035
3878.433	2955
3880.051	3009
3881.669	3057
3883.286	3008
3884.904	3078
3886.52	3042
3888.138	2936
3889.754	2956
3891.37	3140
3892.985	3019
3894.6	3106
3896.216	3032
3897.831	2983
3899.444	3029
3901.058	3038
3902.67	2972
3904.283	3042
3905.897	3052
3907.509	2999
3909.121	2985
3910.731	3005
3912.342	3031
3913.954	3018
3915.563	3014
3917.174	3001
3918.783	3026
3920.391	3060
3922.002	2954
3923.611	3094
3925.218	2956
3926.826	2994
3928.432	3005
3930.039	3010
3931.647	2975
3933.253	2975
3934.859	2979
3936.464	3021
3938.068	2921
3939.675	2942
3941.278	3029
3942.883	2988
3944.486	2913
3946.089	2997
3947.692	2956
3949.295	2961
3950.898	2930
3952.499	2994
3954.1	2915
3955.7	2926
3957.303	2989
3958.903	2915
3960.502	2917
3962.101	2870
3963.7	2886
3965.301	2932
3966.899	2895
3968.497	2969
3970.094	2883
3971.691	2873
3973.288	2838
3974.885	2927
3976.481	2938
3978.077	2920
3979.672	2886
3981.267	2855
3982.863	2857
3984.457	2857
3986.051	2853
3987.645	2874
3989.238	2919
3990.831	2926
3992.425	2860
3994.017	2798
3995.607	2848
3997.199	2837
3998.79	2818
4000.382	2842
4001.973	2855
4003.561	2788
4005.151	2823
4006.741	2853
4008.331	2909
4009.918	2781
4011.507	2868
4013.095	2850
4014.681	2849
4016.269	2755
4017.856	2859
4019.443	2809
4021.028	2803
4022.614	2741
4024.199	2804
4025.785	2746
4027.37	2902
4028.953	2833
4030.536	2763
4032.12	2769
4033.704	2709
4035.287	2752
4036.869	2805
4038.45	2775
4040.032	2734
4041.613	2728
4043.195	2749
4044.776	2794
4046.356	2716
4047.935	2776
4049.515	2731
4051.095	2708
4052.674	2748
4054.251	2742
4055.829	2780
4057.406	2703
4058.985	2726
4060.562	2676
4062.139	2671
4063.715	2763
4065.29	2728
4066.865	2758
4068.442	2747
4070.016	2749
4071.59	2709
4073.164	2675
4074.738	2687
4076.312	2699
4077.885	2663
4079.458	2692
4081.03	2723
4082.602	2728
4084.173	2682
4085.745	2654
4087.315	2743
4088.886	2688
4090.456	2744
4092.026	2624
4093.596	2697
4095.165	2678
4096.734	2657
4098.301	2604
4099.869	2675
4101.437	2661
4103.006	2664
4104.572	2658
4106.139	2694
4107.704	2609
4109.27	2643
4110.837	2662
4112.401	2607
4113.966	2601
4115.53	2608
4117.094	2571
4118.659	2586
4120.223	2601
4121.785	2557
4123.347	2578
4124.909	2571
4126.471	2578
4128.034	2648
4129.595	2635
4131.155	2570
4132.716	2592
4134.275	2549
4135.836	2559
4137.395	2521
4138.955	2612
4140.513	2551
4142.071	2561
4143.628	2525
4145.188	2628
4146.745	2613
4148.302	2601
4149.858	2584
4151.414	2526
4152.971	2515
4154.526	2533
4156.081	2539
4157.635	2517
4159.189	2527
4160.745	2455
4162.298	2533
4163.852	2550
4165.405	2543
4166.957	2563
4168.51	2522
4170.063	2486
4171.614	2572
4173.166	2505
4174.717	2503
4176.267	2549
4177.817	2518
4179.368	2511
4180.917	2496
4182.466	2476
4184.016	2520
4185.564	2479
4187.112	2443
4188.66	2464
4190.207	2477
4191.754	2499
4193.301	2530
4194.848	2401
4196.394	2462
4197.94	2452
4199.484	2455
4201.03	2371
4202.575	2443
4204.12	2446
4205.663	2384
4207.207	2395
4208.75	2473
4210.292	2453
4211.836	2516
4213.378	2467
4214.92	2452
4216.46	2421
4218.002	2469
4219.544	2418
4221.083	2511
4222.625	2414
4224.164	2372
4225.703	2412
4227.244	2406
4228.782	2390
4230.32	2424
4231.857	2466
4233.395	2438
4234.933	2369
4236.471	2509
4238.007	2394
4239.542	2368
4241.078	2390
4242.614	2370
4244.15	2438
4245.685	2406
4247.219	2429
4248.753	2460
4250.287	2412
4251.82	2378
4253.354	2402
4254.887	2372
4256.419	2451
4257.951	2358
4259.483	2486
4261.016	2376
4262.547	2321
4264.078	2372
4265.608	2392
4267.137	2377
4268.668	2331
4270.197	2379
4271.727	2299
4273.254	2347
4274.783	2373
4276.311	2382
4277.84	2413
4279.366	2384
4280.894	2295
4282.42	2346
4283.946	2395
4285.473	2354
4286.998	2351
4288.523	2328
4290.047	2340
4291.572	2368
4293.096	2370
4294.622	2281
4296.144	2319
4297.668	2323
4299.19	2363
4300.713	2350
4302.236	2339
4303.758	2271
4305.279	2281
4306.799	2321
4308.321	2318
4309.842	2316
4311.361	2298
4312.882	2256
4314.401	2354
