400.0961	5476
402.6185	5366
405.1424	5426
407.6635	5459
410.1838	5541
412.7035	5545
415.2225	5552
417.7388	5618
420.2585	5560
422.7754	5736
425.2917	5748
427.8072	5748
430.3221	5828
432.8363	5934
435.3498	5858
437.8626	5900
440.3727	5853
442.8841	5788
445.3969	5911
447.907	5799
450.4142	5843
452.9229	5822
455.4289	5833
457.9362	5826
460.4449	5878
462.9488	5768
465.454	5693
467.9566	5888
470.4604	5836
472.9637	5808
475.4662	5793
477.966	5860
480.4671	5797
482.9656	5865
485.4633	5850
487.9645	5861
490.4608	5933
492.9566	6002
495.4536	5891
497.948	5969
500.4437	5768
502.9387	5982
505.431	5890
507.9226	6029
510.4136	5938
512.9079	5915
515.3975	5996
517.8864	6044
520.3746	5928
522.8622	5987
525.3491	5999
527.8394	6002
530.3249	6016
532.8098	6165
535.2939	6175
537.7774	6174
540.2623	6115
542.7444	5966
545.2259	6109
547.7067	6170
550.1868	6139
552.6683	6133
555.147	6109
557.6231	6097
560.1005	6045
562.5773	6171
565.0534	6101
567.5308	6186
570.0056	6207
572.4776	6327
574.951	6207
577.4237	6370
579.8978	6419
582.3671	6416
584.8378	6414
587.3079	6286
589.7773	6450
592.244	6483
594.714	6417
597.1793	6386
599.6461	6259
602.1121	6417
604.5754	6318
607.0421	6415
609.5042	6391
611.9675	6253
614.4282	6323
616.8902	6291
619.3515	6309
621.8122	6165
624.2702	6323
626.7296	6221
629.1863	6281
631.6423	6104
634.1017	6225
636.5563	6380
639.0104	6400
641.4658	6252
643.9185	6271
646.3725	6275
648.8239	6267
651.2766	6397
653.7266	6331
656.176	6328
658.6247	6347
661.0748	6445
663.5242	6404
665.9709	6453
668.417	6417
670.8624	6544
673.3092	6561
675.7533	6328
678.1968	6418
680.6395	6420
683.0817	6451
685.5251	6530
687.9659	6584
690.4061	6461
692.8456	6544
695.2844	6417
697.7226	6524
700.1621	6607
702.599	6486
705.0332	6601
707.4688	6561
709.9036	6570
712.3399	6668
714.7735	6605
717.2044	6650
719.6367	6703
722.0683	6581
724.4993	6696
726.9296	6645
729.3593	6775
731.7883	6666
734.2147	6579
736.6423	6662
739.0714	6727
741.4958	6728
743.9216	6793
746.3447	6876
748.7691	6867
751.1929	6925
753.616	6854
756.0366	6915
758.4584	6976
760.8776	6927
763.2982	6879
765.718	7000
768.1373	6961
770.5539	7006
772.9698	6997
775.3871	7008
777.8038	6990
780.2178	7056
782.6332	7013
785.0459	7006
787.458	7050
789.8714	6980
792.2842	6974
794.6943	6878
797.1038	6948
799.5127	7066
801.9209	6979
804.3324	7019
806.7393	7163
809.1456	7045
811.5513	7085
813.9562	7264
816.3625	7119
818.7663	7180
821.1693	7176
823.5718	7059
825.9735	7186
828.3746	7098
830.7771	7119
833.177	7216
835.5762	7152
837.9747	7102
840.3727	7151
842.772	7337
845.1666	7274
847.5626	7167
849.958	7242
852.3527	7243
854.7488	7228
857.1403	7332
859.5331	7299
861.9253	7243
864.3168	7287
866.7057	7234
869.098	7249
871.4876	7233
873.8746	7202
876.263	7299
878.6487	7196
881.0378	7292
883.4243	7252
885.8081	7245
888.1933	7175
890.5759	7192
892.9598	7228
895.343	7278
897.7256	7188
900.1057	7354
902.4871	7347
904.8659	7215
907.246	7463
909.6254	7321
912.0023	7348
914.3786	7444
916.7562	7399
919.1331	7579
921.5074	7545
923.8831	7568
926.2562	7655
928.6287	7635
931.0005	7704
933.3757	7612
935.7462	7764
938.1162	7797
940.4855	7820
942.8542	7962
945.2242	8081
947.5916	8290
949.9584	8383
952.3266	8814
954.6921	9084
957.0571	9457
959.4233	9888
961.787	10151
964.15	9995
966.5125	9717
968.8742	9123
971.2354	8686
973.5959	8384
975.9559	8125
978.3151	7967
980.6738	7788
983.0338	7670
985.3912	7704
987.7461	7508
990.1022	7621
992.4578	7486
994.8127	7584
997.1689	7676
999.5207	7594
1001.874	7611
1004.226	7627
1006.576	7558
1008.929	7631
1011.28	7520
1013.628	7527
1015.977	7644
1018.324	7507
1020.674	7668
1023.019	7788
1025.366	7750
1027.713	7726
1030.056	7657
1032.399	7684
1034.746	7766
1037.087	7769
1039.431	7810
1041.771	7845
1044.113	7742
1046.454	7826
1048.793	7793
1051.133	7752
1053.471	7677
1055.807	7864
1058.146	7791
1060.483	7718
1062.818	7785
1065.153	7973
1067.489	7869
1069.822	7958
1072.156	7895
1074.488	7962
1076.82	7958
1079.15	7946
1081.48	7923
1083.814	7964
1086.143	7865
1088.471	7799
1090.799	7709
1093.126	7823
1095.452	7781
1097.78	7629
1100.105	7817
1102.43	7641
1104.754	7753
1107.077	7792
1109.4	7738
1111.722	7649
1114.044	7710
1116.365	7714
1118.685	7799
1121.005	7675
1123.324	7774
1125.643	7672
1127.961	7741
1130.278	7657
1132.595	7753
1134.911	7839
1137.226	7690
1139.541	7751
1141.854	7728
1144.167	7676
1146.482	7750
1148.793	7814
1151.105	7781
1153.414	7672
1155.725	7814
1158.033	7615
1160.344	7870
1162.651	7748
1164.959	7757
1167.265	7896
1169.572	7720
1171.878	7799
1174.184	7768
1176.488	7714
1178.79	7768
1181.094	7861
1183.396	7823
1185.699	7725
1188.001	7714
1190.301	7722
1192.6	7759
1194.9	7783
1197.2	7747
1199.497	7755
1201.794	7691
1204.09	7806
1206.387	7809
1208.684	7812
1210.978	7753
1213.272	7791
1215.565	7809
1217.858	7756
1220.15	7872
1222.443	7810
1224.734	7663
1227.024	7932
1229.313	7919
1231.602	8031
1233.892	7927
1236.18	7980
1238.467	7955
1240.754	8030
1243.04	8118
1245.325	8001
1247.612	8045
1249.896	8142
1252.178	8180
1254.461	8071
1256.743	8086
1259.027	8107
1261.308	8230
1263.587	8113
1265.867	7982
1268.146	8238
1270.425	8101
1272.703	8161
1274.981	8079
1277.256	8058
1279.532	8076
1281.808	8049
1284.083	8046
1286.358	8015
1288.63	7951
1290.904	7990
1293.175	8036
1295.449	8085
1297.719	7953
1299.99	7939
1302.259	7850
1304.529	7898
1306.798	7987
1309.065	7860
1311.333	8032
1313.599	8021
1315.866	7907
1318.131	7934
1320.396	7918
1322.66	7999
1324.925	8057
1327.187	7934
1329.448	8063
1331.711	7964
1333.974	8016
1336.234	7935
1338.493	7983
1340.752	7968
1343.01	7904
1345.269	7986
1347.526	7988
1349.784	7763
1352.04	7974
1354.295	7922
1356.552	7974
1358.806	7953
1361.059	7925
1363.312	7932
1365.564	7960
1367.818	7956
1370.069	7963
1372.318	8009
1374.568	8002
1376.817	8163
1379.066	7896
1381.316	7989
1383.564	7984
1385.809	8069
1388.056	8072
1390.301	8022
1392.549	8011
1394.793	8212
1397.036	8115
1399.279	8200
1401.522	8078
1403.763	8286
1406.007	8156
1408.248	8140
1410.487	8271
1412.727	8208
1414.965	8223
1417.205	8161
1419.442	8242
1421.68	8177
1423.915	8299
1426.152	8347
1428.388	8156
1430.623	8177
1432.857	8371
1435.091	8316
1437.323	8229
1439.556	8361
1441.789	8242
1444.019	8275
1446.25	8505
1448.48	8497
1450.708	8430
1452.938	8332
1455.167	8360
1457.394	8442
1459.62	8316
1461.846	8322
1464.073	8290
1466.299	8396
1468.523	8164
1470.746	8135
1472.969	8197
1475.191	8110
1477.415	8117
1479.636	8171
1481.858	8117
1484.078	8088
1486.298	8074
1488.518	8034
1490.736	8231
1492.954	8113
1495.169	7982
1497.386	7966
1499.602	8051
1501.819	8037
1504.034	8032
1506.248	7856
1508.462	8024
1510.675	7928
1512.888	7946
1515.1	7985
1517.311	8051
1519.522	7765
1521.732	7904
1523.942	7956
1526.151	7983
1528.36	7994
1530.566	8081
1532.773	7908
1534.98	7938
1537.187	7970
1539.392	8014
1541.596	7990
1543.801	8095
1546.005	8091
1548.208	7973
1550.411	8212
1552.612	8124
1554.814	8178
1557.013	8016
1559.212	8102
1561.414	8182
1563.612	8128
1565.811	8059
1568.007	8235
1570.203	8218
1572.403	8196
1574.598	8061
1576.792	8275
1578.988	8328
1581.181	8238
1583.376	8208
1585.568	8158
1587.761	8324
1589.952	8261
1592.143	8288
1594.333	8255
1596.524	8252
1598.715	8255
1600.903	8141
1603.091	8228
1605.278	8327
1607.466	8176
1609.652	8109
1611.838	8172
1614.023	8320
1616.207	8253
1618.391	8292
1620.576	8284
1622.759	8274
1624.941	8224
1627.123	8237
1629.304	8411
1631.484	8338
1633.664	8336
1635.844	8384
1638.022	8515
1640.201	8273
1642.38	8317
1644.556	8390
1646.732	8399
1648.908	8294
1651.084	8390
1653.257	8387
1655.433	8355
1657.607	8297
1659.779	8533
1661.951	8306
1664.122	8438
1666.295	8450
1668.467	8508
1670.635	8580
1672.805	8454
1674.973	8482
1677.142	8413
1679.31	8462
1681.478	8401
1683.644	8423
1685.81	8361
1687.975	8391
1690.142	8545
1692.305	8521
1694.468	8319
1696.632	8232
1698.794	8288
1700.957	8186
1703.119	8277
1705.279	8284
1707.439	8236
1709.598	8201
1711.758	8305
1713.917	8247
1716.075	8236
1718.231	8282
1720.388	8274
1722.543	8193
1724.702	8231
1726.856	8237
1729.01	8214
1731.164	8129
1733.317	8225
1735.471	8324
1737.623	8169
1739.774	8235
1741.925	8394
1744.075	8262
1746.225	8233
1748.376	8229
1750.524	8242
1752.672	8225
1754.82	8333
1756.965	8254
1759.113	8258
1761.259	8212
1763.405	8168
1765.549	8273
1767.694	8251
1769.836	8276
1771.981	8362
1774.123	8298
1776.264	8288
1778.405	8322
1780.546	8343
1782.687	8335
1784.827	8142
1786.966	8470
1789.103	8285
1791.242	8298
1793.381	8241
1795.517	8433
1797.653	8297
1799.788	8353
1801.923	8367
1804.057	8264
1806.193	8227
1808.326	8320
1810.457	8234
1812.59	8237
1814.721	8257
1816.855	8310
1818.984	8202
1821.113	8262
1823.244	8253
1825.372	8348
1827.499	8232
1829.63	8343
1831.756	8208
1833.882	8316
1836.007	8241
1838.132	8286
1840.26	8303
1842.384	8152
1844.507	8291
1846.63	8337
1848.752	8262
1850.875	8141
1852.996	8217
1855.118	8243
1857.238	8108
1859.358	8151
1861.477	8302
1863.597	8236
1865.715	8212
1867.832	8208
1869.948	8173
1872.064	8306
1874.181	8271
1876.297	8084
1878.411	8185
1880.526	8226
1882.639	8268
1884.752	8261
1886.865	8207
1888.977	8270
1891.089	8147
1893.2	8181
1895.308	8148
1897.42	8299
1899.53	8244
1901.639	8238
1903.745	8277
1905.853	8385
1907.962	8378
1910.067	8211
1912.174	8268
1914.278	8387
1916.383	8342
1918.486	8382
1920.592	8376
1922.694	8404
1924.797	8421
1926.898	8367
1929	8222
1931.102	8411
1933.203	8216
1935.301	8293
1937.401	8390
1939.499	8347
1941.598	8463
1943.697	8439
1945.793	8333
1947.888	8297
1949.985	8331
1952.08	8448
1954.176	8392
1956.269	8278
1958.364	8324
1960.457	8330
1962.549	8412
1964.642	8281
1966.733	8137
1968.823	8335
1970.913	8261
1973.005	8272
1975.093	8408
1977.184	8399
1979.271	8264
1981.359	8424
1983.446	8294
1985.532	8247
1987.619	8453
1989.705	8243
1991.789	8438
1993.874	8262
1995.956	8210
1998.041	8266
2000.123	8280
2002.206	8273
2004.287	8125
2006.368	8288
2008.449	8186
2010.529	8364
2012.609	8326
2014.688	8203
2016.766	8260
2018.843	8171
2020.922	8255
2022.999	8321
2025.074	8215
2027.15	8278
2029.225	8329
2031.299	8290
2033.375	8243
2035.447	8269
2037.52	8167
2039.592	8244
2041.664	8245
2043.736	8154
2045.807	8157
2047.876	8130
2049.947	8087
2052.015	8357
2054.086	8218
2056.153	8360
2058.221	8261
2060.288	8283
2062.353	8268
2064.42	8323
2066.486	8344
2068.55	8226
2070.614	8212
2072.678	8209
2074.741	8299
2076.805	8367
2078.866	8182
2080.929	8182
2082.99	8166
2085.049	8252
2087.109	8081
2089.17	8385
2091.228	8168
2093.286	8276
2095.344	8213
2097.4	8304
2099.46	8278
2101.516	8290
2103.572	8231
2105.626	8196
2107.679	8269
2109.735	8199
2111.788	8298
2113.841	8297
2115.894	8234
2117.945	8287
2119.997	8132
2122.049	8060
2124.1	8270
2126.148	8134
2128.197	8321
2130.246	8259
2132.296	8234
2134.342	8241
2136.39	8283
2138.437	8214
2140.483	8223
2142.527	8117
2144.574	7996
2146.619	8261
2148.661	8215
2150.705	8282
2152.747	8111
2154.792	8199
2156.832	8249
2158.874	8081
2160.915	8122
2162.954	8174
2164.995	8057
2167.034	8105
2169.072	8029
2171.111	8198
2173.148	8098
2175.186	8149
2177.223	8044
2179.258	7992
2181.294	8144
2183.328	8047
2185.362	8151
2187.398	8065
2189.431	8065
2191.463	8069
2193.495	8164
2195.528	8144
2197.56	8186
2199.59	8077
2201.62	7907
2203.649	8004
2205.678	7886
2207.708	8037
2209.737	8027
2211.764	7913
2213.791	8023
2215.817	7956
2217.843	7906
2219.87	8073
2221.895	8079
2223.919	8018
2225.942	8001
2227.966	7894
2229.988	7960
2232.012	8080
2234.032	8028
2236.054	8057
2238.074	7925
2240.095	8020
2242.116	8022
2244.135	7986
2246.153	7966
2248.171	7971
2250.188	7907
2252.208	7838
2254.223	7969
2256.239	7958
2258.255	8006
2260.269	7844
2262.283	7989
2264.3	8034
2266.312	7857
2268.325	7973
2270.336	8007
2272.349	8002
2274.362	8004
2276.372	8037
2278.383	7822
2280.392	8011
2282.402	7947
2284.409	8005
2286.418	7868
2288.427	8047
2290.433	7809
2292.441	7977
2294.446	7862
2296.453	7974
2298.459	8024
2300.463	7851
2302.466	7989
2304.471	7937
2306.475	7873
2308.477	7899
2310.478	7885
2312.481	7876
2314.481	7845
2316.481	7778
2318.482	7942
2320.482	7889
2322.48	7923
2324.48	7989
2326.478	7923
2328.476	7823
2330.473	7833
2332.469	7842
2334.465	7809
2336.46	7826
2338.454	7831
2340.45	7747
2342.444	7814
2344.437	7943
2346.43	7699
2348.421	7855
2350.414	7776
2352.405	7801
2354.396	7726
2356.386	7821
2358.376	7850
2360.366	7707
2362.355	7735
2364.343	7765
2366.331	7767
2368.317	7803
2370.304	7678
2372.292	7838
2374.278	7607
2376.262	7696
2378.247	7757
2380.23	7736
2382.216	7721
2384.199	7631
2386.181	7683
2388.163	7730
2390.144	7712
2392.127	7679
2394.107	7691
2396.087	7479
2398.066	7627
2400.046	7694
2402.023	7748
2404.004	7621
2405.981	7736
2407.957	7521
2409.934	7656
2411.91	7691
2413.886	7731
2415.862	7781
2417.836	7628
2419.809	7604
2421.784	7597
2423.756	7596
2425.73	7581
2427.701	7688
2429.672	7570
2431.644	7638
2433.615	7725
2435.586	7671
2437.555	7625
2439.523	7592
2441.491	7633
2443.459	7606
2445.428	7601
2447.395	7570
2449.361	7746
2451.327	7594
2453.292	7477
2455.257	7595
2457.223	7734
2459.187	7600
2461.15	7502
2463.113	7617
2465.076	7558
2467.039	7525
2468.999	7739
2470.96	7554
2472.921	7541
2474.881	7532
2476.841	7518
2478.8	7500
2480.759	7703
2482.717	7553
2484.675	7473
2486.63	7597
2488.589	7488
2490.545	7639
2492.5	7603
2494.455	7504
2496.408	7552
2498.364	7583
2500.318	7454
2502.27	7481
2504.223	7433
2506.174	7593
2508.126	7557
2510.078	7509
2512.03	7403
2513.979	7620
2515.927	7392
2517.877	7470
2519.826	7489
2521.775	7513
2523.722	7420
2525.668	7517
2527.616	7515
2529.561	7548
2531.508	7366
2533.452	7457
2535.398	7394
2537.342	7263
2539.284	7364
2541.229	7521
2543.173	7392
2545.114	7406
2547.055	7464
2548.996	7514
2550.938	7304
2552.878	7390
2554.817	7520
2556.756	7454
2558.695	7445
2560.633	7462
2562.572	7376
2564.509	7495
2566.445	7416
2568.382	7428
2570.317	7356
2572.254	7405
2574.189	7446
2576.123	7322
2578.057	7435
2579.99	7419
2581.923	7324
2583.855	7420
2585.788	7351
2587.719	7360
2589.65	7410
2591.579	7308
2593.511	7595
2595.44	7585
2597.37	7498
2599.297	7521
2601.225	7314
2603.153	7406
2605.08	7470
2607.007	7417
2608.932	7354
2610.858	7363
2612.782	7356
2614.709	7491
2616.632	7489
2618.556	7430
2620.478	7466
2622.401	7301
2624.324	7486
2626.247	7366
2628.167	7438
2630.088	7471
2632.008	7501
2633.928	7359
2635.848	7476
2637.766	7421
2639.684	7497
2641.603	7394
2643.519	7386
2645.437	7483
2647.353	7505
2649.27	7408
2651.184	7440
2653.099	7373
2655.014	7379
2656.928	7402
2658.842	7508
2660.755	7407
2662.667	7401
2664.579	7418
2666.491	7410
2668.402	7313
2670.312	7377
2672.222	7304
2674.132	7394
2676.042	7449
2677.951	7358
2679.859	7289
2681.766	7343
2683.674	7299
2685.582	7309
2687.488	7337
2689.392	7386
2691.298	7208
2693.202	7216
2695.107	7266
2697.012	7331
2698.914	7372
2700.817	7362
2702.72	7303
2704.622	7309
2706.524	7400
2708.425	7327
2710.326	7266
2712.225	7269
2714.125	7285
2716.024	7189
2717.923	7322
2719.822	7243
2721.719	7033
2723.616	7116
2725.512	7235
2727.41	7176
2729.305	7300
2731.201	7286
2733.095	7091
2734.99	7255
2736.884	7165
2738.778	7224
2740.67	7112
2742.562	7210
2744.455	7310
2746.346	7173
2748.238	7168
2750.129	7209
2752.018	7283
2753.907	7226
2755.797	7146
2757.687	7288
2759.575	7147
2761.462	7085
2763.349	7078
2765.237	7083
2767.124	7196
2769.009	7172
2770.894	7181
2772.779	7269
2774.663	7269
2776.547	7275
2778.431	7232
2780.314	7076
2782.197	7177
2784.078	7139
2785.96	7188
2787.842	7134
2789.723	7200
2791.603	7146
2793.483	7094
2795.362	7117
2797.241	7121
2799.121	7097
2800.997	7174
2802.874	7072
2804.751	7128
2806.628	7120
2808.506	7203
2810.38	6956
2812.255	7102
2814.13	7048
2816.003	7192
2817.878	7122
2819.752	7167
2821.623	7114
2823.496	7061
2825.368	7119
2827.238	7110
2829.111	7090
2830.98	7031
2832.851	7092
2834.719	7049
2836.589	7175
2838.458	7121
2840.327	7107
2842.193	7130
2844.061	7193
2845.927	7107
2847.794	7124
2849.66	7147
2851.525	7153
2853.39	7005
2855.254	7087
2857.117	7081
2858.983	7195
2860.845	7194
2862.707	7176
2864.569	7252
2866.431	7187
2868.293	7252
2870.154	7334
2872.013	7427
2873.873	7428
2875.733	7431
2877.592	7549
2879.451	7581
2881.309	7730
2883.166	7585
2885.022	7626
2886.879	7668
2888.736	7638
2890.591	7613
2892.446	7623
2894.301	7713
2896.155	7759
2898.009	7804
2899.863	7620
2901.716	7560
2903.568	7673
2905.419	7570
2907.27	7581
2909.123	7665
2910.973	7623
2912.824	7732
2914.673	7737
2916.521	7746
2918.372	7885
2920.22	7931
2922.067	7915
2923.914	8020
2925.761	8135
2927.607	8089
2929.455	8242
2931.301	8298
2933.144	8311
2934.99	8432
2936.833	8549
2938.678	8489
2940.522	8699
2942.364	8736
2944.207	8634
2946.048	8731
2947.891	8740
2949.731	8666
2951.571	8668
2953.412	8686
2955.25	8567
2957.09	8450
2958.93	8293
2960.767	8258
2962.606	8267
2964.443	8098
2966.279	8103
2968.116	8082
2969.953	8019
2971.788	7931
2973.623	7839
2975.457	7852
2977.292	7912
2979.127	7836
2980.959	7815
2982.792	7830
2984.624	7708
2986.455	7649
2988.288	7683
2990.119	7546
2991.949	7633
2993.779	7544
2995.608	7530
2997.439	7596
2999.268	7378
3001.096	7330
3002.923	7352
3004.751	7370
3006.578	7250
3008.406	7200
3010.232	7125
3012.057	7119
3013.883	7080
3015.706	7026
3017.532	6991
3019.356	6934
3021.179	7038
3023.002	6956
3024.823	6755
3026.646	6783
3028.469	6810
3030.289	6818
3032.11	6798
3033.93	6782
3035.749	6740
3037.57	6677
3039.39	6753
3041.207	6710
3043.026	6674
3044.842	6634
3046.661	6702
3048.477	6764
3050.294	6697
3052.109	6803
3053.925	6677
3055.739	6636
3057.555	6657
3059.368	6614
3061.181	6733
3062.995	6527
3064.807	6737
3066.62	6738
3068.433	6747
3070.243	6587
3072.054	6618
3073.865	6625
3075.675	6487
3077.485	6561
3079.293	6689
3081.102	6610
3082.911	6544
3084.719	6604
3086.527	6435
3088.333	6514
3090.139	6620
3091.945	6503
3093.75	6472
3095.557	6495
3097.361	6515
3099.165	6428
3100.969	6448
3102.772	6464
3104.575	6333
3106.379	6440
3108.181	6476
3109.982	6390
3111.783	6345
3113.584	6454
3115.386	6282
3117.186	6407
3118.985	6367
3120.783	6422
3122.582	6376
3124.381	6270
3126.179	6270
3127.975	6341
3129.772	6401
3131.569	6353
3133.365	6236
3135.161	6492
3136.956	6312
3138.751	6290
3140.544	6295
3142.338	6202
3144.132	6212
3145.925	6363
3147.717	6254
3149.509	6275
3151.301	6334
3153.091	6311
3154.884	6213
3156.673	6315
3158.462	6171
3160.252	6319
3162.041	6262
3163.831	6257
3165.618	6228
3167.405	6168
3169.193	6262
3170.979	6218
3172.767	6215
3174.553	6276
3176.338	6233
3178.123	6336
3179.907	6277
3181.692	6252
3183.477	6199
3185.259	6141
3187.042	6207
3188.824	6229
3190.607	6147
3192.389	6182
3194.17	6140
3195.951	6207
3197.73	6268
3199.51	6226
3201.289	6245
3203.07	6301
3204.848	6244
3206.626	6139
3208.403	6175
3210.18	6135
3211.959	6259
3213.735	6110
3215.511	6086
3217.285	6160
3219.06	6166
3220.836	6182
3222.611	6088
3224.384	6194
3226.158	6243
3227.929	6042
3229.702	6087
3231.476	6146
3233.248	6143
3235.018	6154
3236.789	6199
3238.56	6018
3240.33	6146
3242.1	6209
3243.869	6099
3245.637	6106
3247.405	6104
3249.172	6217
3250.941	6245
3252.707	6136
3254.474	6068
3256.24	6246
3258.006	6120
3259.772	6163
3261.537	6159
3263.301	6193
3265.065	6173
3266.828	6098
3268.592	6163
3270.355	6160
3272.117	6123
3273.878	6083
3275.64	6194
3277.401	6220
3279.162	6119
3280.922	6165
3282.682	6119
3284.441	6131
3286.199	6059
3287.959	6208
3289.716	6144
3291.475	6250
3293.232	6160
3294.988	6259
3296.744	6120
3298.501	6079
3300.256	6144
3302.011	6130
3303.766	6120
3305.52	6176
3307.275	6071
3309.028	6113
3310.781	6024
3312.533	6182
3314.285	6134
3316.038	6112
3317.789	6146
3319.54	6109
3321.289	6072
3323.039	6173
3324.789	6009
3326.539	6158
3328.288	6172
3330.035	6039
3331.783	5999
3333.531	6099
3335.28	6074
3337.025	6100
3338.771	6022
3340.518	6012
3342.262	6131
3344.009	6037
3345.753	6058
3347.497	6042
3349.24	5971
3350.983	5965
3352.726	5993
3354.469	6077
3356.212	6052
3357.952	5908
3359.694	5991
3361.434	5997
3363.176	5989
3364.916	5968
3366.654	5926
3368.394	5962
3370.132	6015
3371.871	5943
3373.61	5806
3375.346	5965
3377.083	5805
3378.82	5909
3380.556	5921
3382.292	5843
3384.027	5882
3385.763	5957
3387.497	5890
3389.231	5973
3390.965	5881
3392.698	5834
3394.431	5828
3396.164	5852
3397.896	5800
3399.627	5859
3401.36	5847
3403.09	5888
3404.82	5885
3406.55	5920
3408.279	5766
3410.01	5813
3411.738	5830
3413.467	5730
3415.194	5819
3416.92	5793
3418.647	5752
3420.375	5747
3422.102	5895
3423.827	5652
3425.553	5773
3427.277	5731
3429.003	5712
3430.727	5602
3432.451	5706
3434.173	5797
3435.896	5745
3437.62	5767
3439.343	5693
3441.063	5721
3442.785	5729
3444.505	5709
3446.226	5643
3447.948	5638
3449.666	5764
3451.386	5646
3453.104	5648
3454.823	5641
3456.541	5647
3458.259	5639
3459.976	5715
3461.693	5575
3463.408	5636
3465.125	5589
3466.841	5599
3468.556	5581
3470.271	5595
3471.985	5603
3473.698	5547
3475.414	5654
3477.126	5567
3478.838	5573
3480.55	5471
3482.263	5528
3483.975	5551
3485.686	5560
3487.396	5491
3489.106	5541
3490.817	5378
3492.526	5543
3494.236	5414
3495.944	5390
3497.652	5570
3499.359	5484
3501.066	5435
3502.775	5457
3504.481	5356
3506.187	5426
3507.893	5473
3509.598	5439
3511.304	5337
3513.009	5372
3514.713	5317
3516.417	5318
3518.12	5357
3519.821	5406
3521.525	5314
3523.228	5352
3524.929	5406
3526.631	5316
3528.33	5287
3530.032	5273
3531.733	5405
3533.433	5337
3535.131	5133
3536.83	5155
3538.529	5326
3540.227	5194
3541.925	5270
3543.623	5231
3545.319	5348
3547.016	5142
3548.712	5228
3550.408	5372
3552.103	5212
3553.798	5188
3555.491	5294
3557.188	5222
3558.88	5285
3560.574	5208
3562.266	5216
3563.959	5217
3565.651	5157
3567.343	5187
3569.035	5226
3570.725	5296
3572.415	5255
3574.106	5170
3575.797	5211
3577.485	5169
3579.174	5200
3580.863	5133
3582.551	5050
3584.238	5097
3585.926	5104
3587.613	5239
3589.3	5109
3590.986	5128
3592.671	5028
3594.357	5089
3596.042	5146
3597.726	5109
3599.41	4984
3601.094	5030
3602.778	4970
3604.461	5083
3606.143	5027
3607.825	5018
3609.507	4925
3611.188	4986
3612.87	4972
3614.551	5021
3616.229	4917
3617.909	4979
3619.589	4970
3621.269	4928
3622.948	4832
3624.625	4929
3626.302	4916
3627.98	4862
3629.657	4866
3631.334	4952
3633.01	4819
3634.686	4863
3636.361	4677
3638.036	4848
3639.712	4817
3641.385	4786
3643.06	4729
3644.732	4859
3646.405	4789
3648.08	4825
3649.751	4790
3651.424	4817
3653.094	4748
3654.766	4751
3656.436	4776
3658.106	4701
3659.777	4732
3661.446	4696
3663.115	4698
3664.783	4704
3666.452	4803
3668.121	4756
3669.788	4732
3671.454	4657
3673.121	4849
3674.789	4678
3676.455	4626
3678.12	4756
3679.784	4675
3681.45	4664
3683.114	4707
3684.779	4714
3686.442	4666
3688.105	4654
3689.768	4714
3691.43	4700
3693.093	4619
3694.754	4599
3696.415	4641
3698.076	4616
3699.736	4688
3701.396	4651
3703.057	4556
3704.716	4694
3706.375	4643
3708.034	4571
3709.692	4626
3711.351	4649
3713.008	4647
3714.665	4570
3716.321	4582
3717.977	4615
3719.634	4536
3721.29	4641
3722.945	4686
3724.598	4652
3726.253	4548
3727.907	4584
3729.561	4570
3731.214	4583
3732.867	4534
3734.518	4560
3736.171	4544
3737.824	4518
3739.474	4571
3741.125	4521
3742.775	4538
3744.425	4453
3746.074	4510
3747.725	4553
3749.373	4446
3751.022	4448
3752.669	4611
3754.318	4461
3755.966	4596
3757.612	4541
3759.259	4426
3760.905	4430
3762.55	4416
3764.197	4524
3765.842	4552
3767.486	4491
3769.131	4469
3770.774	4433
3772.417	4405
3774.061	4405
3775.705	4398
3777.347	4467
3778.988	4381
3780.629	4519
3782.271	4376
3783.912	4471
3785.552	4478
3787.192	4468
3788.831	4433
3790.472	4489
3792.112	4385
3793.75	4427
3795.388	4443
3797.024	4353
3798.661	4332
3800.3	4299
3801.936	4446
3803.572	4403
3805.208	4342
3806.844	4362
3808.48	4293
3810.115	4344
3811.748	4420
3813.382	4337
3815.016	4271
3816.649	4309
3818.283	4291
3819.914	4344
3821.547	4264
3823.178	4307
3824.809	4381
3826.441	4268
3828.072	4375
3829.701	4334
3831.331	4191
3832.96	4367
3834.591	4297
3836.219	4206
3837.847	4301
3839.475	4278
3841.102	4279
3842.729	4220
3844.357	4245
3845.984	4195
3847.609	4272
3849.234	4273
3850.86	4200
3852.485	4215
3854.11	4179
3855.734	4144
3857.357	4232
3858.981	4306
3860.603	4220
3862.227	4275
3863.848	4284
3865.471	4171
3867.092	4194
3868.713	4160
3870.334	4150
3871.954	4117
3873.575	4110
3875.194	4124
3876.813	4138
3878.433	4154
3880.051	4221
3881.669	4183
3883.286	4184
3884.904	4189
3886.52	4164
3888.138	4117
3889.754	4111
3891.37	4126
3892.985	4098
3894.6	4173
3896.216	4135
3897.831	4112
3899.444	4099
3901.058	4183
3902.67	4078
3904.283	4242
3905.897	4085
3907.509	4083
3909.121	4154
3910.731	4122
3912.342	4033
3913.954	4089
3915.563	4047
3917.174	4046
3918.783	4187
3920.391	4129
3922.002	4099
3923.611	4085
3925.218	3991
3926.826	4109
3928.432	4033
3930.039	4076
3931.647	4051
3933.253	4025
3934.859	4068
3936.464	4030
3938.068	4002
3939.675	4084
3941.278	4009
3942.883	4013
3944.486	4024
3946.089	4013
3947.692	4002
3949.295	4122
3950.898	4041
3952.499	4030
3954.1	4034
3955.7	3959
3957.303	4033
3958.903	4015
3960.502	3982
3962.101	3999
3963.7	4024
3965.301	3961
3966.899	3898
3968.497	4018
3970.094	3965
3971.691	3948
3973.288	3936
3974.885	3901
3976.481	3945
3978.077	3915
3979.672	3890
3981.267	3901
3982.863	3924
3984.457	3891
3986.051	3924
3987.645	3971
3989.238	3910
3990.831	3949
3992.425	3832
3994.017	3888
3995.607	3816
3997.199	3842
3998.79	3808
4000.382	3870
4001.973	3922
4003.561	3867
4005.151	3799
4006.741	3816
4008.331	3834
4009.918	3830
4011.507	3796
4013.095	3780
4014.681	3792
4016.269	3890
4017.856	3892
4019.443	3700
4021.028	3814
4022.614	3745
4024.199	3760
4025.785	3782
4027.37	3779
4028.953	3763
4030.536	3821
4032.12	3728
4033.704	3814
4035.287	3775
4036.869	3850
4038.45	3800
4040.032	3737
4041.613	3782
4043.195	3703
4044.776	3689
4046.356	3751
4047.935	3739
4049.515	3712
4051.095	3679
4052.674	3724
4054.251	3682
4055.829	3704
4057.406	3637
4058.985	3731
4060.562	3674
4062.139	3654
4063.715	3681
4065.29	3726
4066.865	3649
4068.442	3658
4070.016	3596
4071.59	3687
4073.164	3654
4074.738	3607
4076.312	3644
4077.885	3698
4079.458	3607
4081.03	3537
4082.602	3611
4084.173	3669
4085.745	3604
4087.315	3685
4088.886	3588
4090.456	3609
4092.026	3697
4093.596	3644
4095.165	3558
4096.734	3640
4098.301	3628
4099.869	3546
4101.437	3598
4103.006	3535
4104.572	3667
4106.139	3607
4107.704	3663
4109.27	3572
4110.837	3581
4112.401	3580
4113.966	3642
4115.53	3528
4117.094	3566
4118.659	3525
4120.223	3559
4121.785	3555
4123.347	3518
4124.909	3484
4126.471	3585
4128.034	3493
4129.595	3620
4131.155	3511
4132.716	3529
4134.275	3517
4135.836	3515
4137.395	3542
4138.955	3469
4140.513	3473
4142.071	3460
4143.628	3535
4145.188	3425
4146.745	3488
4148.302	3484
4149.858	3407
4151.414	3441
4152.971	3453
4154.526	3420
4156.081	3459
4157.635	3447
4159.189	3388
4160.745	3378
4162.298	3331
4163.852	3402
4165.405	3381
4166.957	3375
4168.51	3503
4170.063	3443
4171.614	3328
4173.166	3451
4174.717	3347
4176.267	3493
4177.817	3411
4179.368	3458
4180.917	3419
4182.466	3315
4184.016	3307
4185.564	3328
4187.112	3346
4188.66	3266
4190.207	3315
4191.754	3293
4193.301	3305
4194.848	3409
4196.394	3307
4197.94	3312
4199.484	3342
4201.03	3327
4202.575	3366
4204.12	3317
4205.663	3331
4207.207	3199
4208.75	3308
4210.292	3305
4211.836	3362
4213.378	3319
4214.92	3272
4216.46	3267
4218.002	3255
4219.544	3278
4221.083	3260
4222.625	3291
4224.164	3299
4225.703	3319
4227.244	3329
4228.782	3290
4230.32	3283
4231.857	3237
4233.395	3247
4234.933	3275
4236.471	3205
4238.007	3185
4239.542	3267
4241.078	3304
4242.614	3231
4244.15	3277
4245.685	3178
4247.219	3262
4248.753	3142
4250.287	3187
4251.82	3238
4253.354	3311
4254.887	3233
4256.419	3249
4257.951	3174
4259.483	3225
4261.016	3212
4262.547	3213
4264.078	3250
4265.608	3215
4267.137	3257
4268.668	3140
4270.197	3134
4271.727	3261
4273.254	3098
4274.783	3143
4276.311	3179
4277.84	3111
4279.366	3210
4280.894	3220
4282.42	3153
4283.946	3171
4285.473	3187
4286.998	3179
4288.523	3155
4290.047	3150
4291.572	3162
4293.096	3134
4294.622	3161
4296.144	3131
4297.668	3100
4299.19	3160
4300.713	3064
4302.236	3118
4303.758	3123
4305.279	3084
4306.799	3115
4308.321	3154
4309.842	3143
4311.361	3116
4312.882	3049
4314.401	3147
