400.0961	4694
402.6185	4739
405.1424	4758
407.6635	4706
410.1838	4761
412.7035	4752
415.2225	4811
417.7388	4846
420.2585	4929
422.7754	4941
425.2917	4866
427.8072	5060
430.3221	5108
432.8363	5093
435.3498	5106
437.8626	5106
440.3727	4970
442.8841	5091
445.3969	5034
447.907	5087
450.4142	5123
452.9229	5126
455.4289	5142
457.9362	5118
460.4449	5094
462.9488	5143
465.454	5042
467.9566	4989
470.4604	5006
472.9637	4994
475.4662	5116
477.966	4966
480.4671	5039
482.9656	5121
485.4633	5060
487.9645	5132
490.4608	4994
492.9566	5052
495.4536	5072
497.948	5165
500.4437	5165
502.9387	5122
505.431	5229
507.9226	5177
510.4136	5123
512.9079	5219
515.3975	5153
517.8864	5209
520.3746	5217
522.8622	5155
525.3491	5254
527.8394	5299
530.3249	5161
532.8098	5241
535.2939	5269
537.7774	5274
540.2623	5354
542.7444	5175
545.2259	5425
547.7067	5165
550.1868	5248
552.6683	5275
555.147	5261
557.6231	5313
560.1005	5316
562.5773	5460
565.0534	5365
567.5308	5338
570.0056	5363
572.4776	5322
574.951	5441
577.4237	5490
579.8978	5520
582.3671	5470
584.8378	5509
587.3079	5579
589.7773	5574
592.244	5594
594.714	5504
597.1793	5606
599.6461	5358
602.1121	5582
604.5754	5438
607.0421	5523
609.5042	5361
611.9675	5407
614.4282	5494
616.8902	5367
619.3515	5428
621.8122	5497
624.2702	5486
626.7296	5428
629.1863	5385
631.6423	5464
634.1017	5446
636.5563	5457
639.0104	5474
641.4658	5367
643.9185	5428
646.3725	5402
648.8239	5518
651.2766	5438
653.7266	5476
656.176	5446
658.6247	5483
661.0748	5527
663.5242	5511
665.9709	5497
668.417	5483
670.8624	5595
673.3092	5502
675.7533	5559
678.1968	5631
680.6395	5582
683.0817	5532
685.5251	5727
687.9659	5635
690.4061	5699
692.8456	5615
695.2844	5733
697.7226	5625
700.1621	5586
702.599	5736
705.0332	5631
707.4688	5756
709.9036	5723
712.3399	5719
714.7735	5681
717.2044	5700
719.6367	5779
722.0683	5790
724.4993	5901
726.9296	5924
729.3593	5809
731.7883	5864
734.2147	5812
736.6423	5842
739.0714	5843
741.4958	5843
743.9216	5864
746.3447	5969
748.7691	5906
751.1929	5957
753.616	5934
756.0366	6136
758.4584	6019
760.8776	5899
763.2982	5964
765.718	6004
768.1373	6115
770.5539	6081
772.9698	6066
775.3871	6105
777.8038	5981
780.2178	5972
782.6332	6084
785.0459	5997
787.458	6106
789.8714	5944
792.2842	6182
794.6943	6003
797.1038	5984
799.5127	6113
801.9209	6056
804.3324	6081
806.7393	6098
809.1456	6152
811.5513	6129
813.9562	6128
816.3625	6102
818.7663	6073
821.1693	6171
823.5718	6149
825.9735	6083
828.3746	6276
830.7771	6147
833.177	6052
835.5762	6268
837.9747	6121
840.3727	6219
842.772	6185
845.1666	6239
847.5626	6184
849.958	6215
852.3527	6379
854.7488	6292
857.1403	6322
859.5331	6444
861.9253	6284
864.3168	6274
866.7057	6286
869.098	6170
871.4876	6348
873.8746	6236
876.263	6268
878.6487	6231
881.0378	6275
883.4243	6281
885.8081	6336
888.1933	6391
890.5759	6291
892.9598	6255
895.343	6285
897.7256	6241
900.1057	6276
902.4871	6309
904.8659	6265
907.246	6326
909.6254	6393
912.0023	6384
914.3786	6529
916.7562	6529
919.1331	6473
921.5074	6545
923.8831	6654
926.2562	6656
928.6287	6645
931.0005	6686
933.3757	6644
935.7462	6743
938.1162	6773
940.4855	6745
942.8542	6879
945.2242	6841
947.5916	7043
949.9584	7167
952.3266	7329
954.6921	7660
957.0571	7950
959.4233	8212
961.787	8331
964.15	8333
966.5125	8172
968.8742	7712
971.2354	7341
973.5959	7270
975.9559	6918
978.3151	6743
980.6738	6782
983.0338	6638
985.3912	6652
987.7461	6597
990.1022	6603
992.4578	6524
994.8127	6611
997.1689	6506
999.5207	6578
1001.874	6596
1004.226	6655
1006.576	6540
1008.929	6573
1011.28	6729
1013.628	6600
1015.977	6582
1018.324	6610
1020.674	6591
1023.019	6588
1025.366	6545
1027.713	6604
1030.056	6618
1032.399	6633
1034.746	6656
1037.087	6805
1039.431	6681
1041.771	6614
1044.113	6680
1046.454	6732
1048.793	6680
1051.133	6606
1053.471	6719
1055.807	6700
1058.146	6754
1060.483	6715
1062.818	6794
1065.153	6794
1067.489	6810
1069.822	6862
1072.156	6942
1074.488	6882
1076.82	6778
1079.15	6716
1081.48	6821
1083.814	6760
1086.143	6873
1088.471	6733
1090.799	6690
1093.126	6635
1095.452	6710
1097.78	6713
1100.105	6715
1102.43	6711
1104.754	6756
1107.077	6758
1109.4	6792
1111.722	6748
1114.044	6730
1116.365	6761
1118.685	6782
1121.005	6788
1123.324	6723
1125.643	6677
1127.961	6731
1130.278	6792
1132.595	6837
1134.911	6817
1137.226	6740
1139.541	6735
1141.854	6758
1144.167	6737
1146.482	6821
1148.793	6725
1151.105	6794
1153.414	6824
1155.725	6524
1158.033	6905
1160.344	6670
1162.651	6700
1164.959	6673
1167.265	6701
1169.572	6755
1171.878	6699
1174.184	6851
1176.488	6600
1178.79	6764
1181.094	6743
1183.396	6823
1185.699	6750
1188.001	6785
1190.301	6647
1192.6	6915
1194.9	6767
1197.2	6660
1199.497	6770
1201.794	6703
1204.09	6630
1206.387	6692
1208.684	6820
1210.978	6740
1213.272	6830
1215.565	6780
1217.858	6760
1220.15	6824
1222.443	6725
1224.734	6738
1227.024	6964
1229.313	6742
1231.602	6873
1233.892	6924
1236.18	6835
1238.467	6858
1240.754	7009
1243.04	7093
1245.325	6999
1247.612	7065
1249.896	6930
1252.178	7124
1254.461	7026
1256.743	7001
1259.027	6990
1261.308	7083
1263.587	7021
1265.867	7046
1268.146	7112
1270.425	7050
1272.703	7001
1274.981	7074
1277.256	7002
1279.532	7061
1281.808	7030
1284.083	7052
1286.358	6984
1288.63	6858
1290.904	6792
1293.175	6828
1295.449	6869
1297.719	6951
1299.99	6867
1302.259	6999
1304.529	6966
1306.798	7011
1309.065	7064
1311.333	6852
1313.599	6855
1315.866	6902
1318.131	6920
1320.396	7088
1322.66	6947
1324.925	6970
1327.187	6888
1329.448	7087
1331.711	7068
1333.974	6944
1336.234	6895
1338.493	7009
1340.752	7000
1343.01	7016
1345.269	6919
1347.526	6925
1349.784	6943
1352.04	6996
1354.295	6808
1356.552	6936
1358.806	6847
1361.059	6926
1363.312	6876
1365.564	6917
1367.818	7164
1370.069	7021
1372.318	6878
1374.568	6998
1376.817	7025
1379.066	7006
1381.316	6992
1383.564	7086
1385.809	7024
1388.056	7038
1390.301	7231
1392.549	7034
1394.793	7099
1397.036	7214
1399.279	7203
1401.522	7164
1403.763	7228
1406.007	7288
1408.248	7119
1410.487	7135
1412.727	7366
1414.965	7113
1417.205	7153
1419.442	7276
1421.68	7239
1423.915	7184
1426.152	7249
1428.388	7201
1430.623	7177
1432.857	7250
1435.091	7252
1437.323	7275
1439.556	7169
1441.789	7235
1444.019	7262
1446.25	7351
1448.48	7326
1450.708	7320
1452.938	7448
1455.167	7363
1457.394	7412
1459.62	7372
1461.846	7257
1464.073	7359
1466.299	7393
1468.523	7201
1470.746	7196
1472.969	7161
1475.191	7220
1477.415	7169
1479.636	7094
1481.858	7124
1484.078	6996
1486.298	6912
1488.518	6960
1490.736	7069
1492.954	7003
1495.169	7059
1497.386	7047
1499.602	7114
1501.819	7012
1504.034	6994
1506.248	6862
1508.462	6894
1510.675	6963
1512.888	7055
1515.1	6966
1517.311	6884
1519.522	6930
1521.732	6996
1523.942	6936
1526.151	6895
1528.36	6965
1530.566	6875
1532.773	6881
1534.98	6946
1537.187	6926
1539.392	7009
1541.596	6946
1543.801	7060
1546.005	6998
1548.208	6939
1550.411	7015
1552.612	7121
1554.814	7012
1557.013	7000
1559.212	6958
1561.414	7169
1563.612	7143
1565.811	7052
1568.007	7075
1570.203	7048
1572.403	7063
1574.598	7226
1576.792	7101
1578.988	7228
1581.181	7168
1583.376	7194
1585.568	7181
1587.761	7161
1589.952	7109
1592.143	7182
1594.333	7244
1596.524	7141
1598.715	7158
1600.903	7270
1603.091	7127
1605.278	7288
1607.466	7209
1609.652	7175
1611.838	7176
1614.023	7241
1616.207	7257
1618.391	7151
1620.576	7291
1622.759	7305
1624.941	7140
1627.123	7265
1629.304	7328
1631.484	7201
1633.664	7213
1635.844	7350
1638.022	7366
1640.201	7364
1642.38	7362
1644.556	7303
1646.732	7289
1648.908	7325
1651.084	7350
1653.257	7383
1655.433	7235
1657.607	7394
1659.779	7399
1661.951	7334
1664.122	7347
1666.295	7354
1668.467	7460
1670.635	7348
1672.805	7246
1674.973	7363
1677.142	7521
1679.31	7395
1681.478	7367
1683.644	7304
1685.81	7340
1687.975	7346
1690.142	7289
1692.305	7279
1694.468	7249
1696.632	7332
1698.794	7176
1700.957	7131
1703.119	7135
1705.279	7164
1707.439	7235
1709.598	7171
1711.758	7074
1713.917	7192
1716.075	7063
1718.231	7200
1720.388	7204
1722.543	7233
1724.702	7198
1726.856	7213
1729.01	7103
1731.164	7167
1733.317	7178
1735.471	7294
1737.623	7086
1739.774	7081
1741.925	7193
1744.075	7194
1746.225	7151
1748.376	7179
1750.524	7231
1752.672	7197
1754.82	7238
1756.965	7231
1759.113	7139
1761.259	7091
1763.405	7211
1765.549	7176
1767.694	7216
1769.836	7221
1771.981	7293
1774.123	7185
1776.264	7065
1778.405	7228
1780.546	7298
1782.687	7210
1784.827	7115
1786.966	7332
1789.103	7244
1791.242	7228
1793.381	7250
1795.517	7344
1797.653	7247
1799.788	7262
1801.923	7232
1804.057	7238
1806.193	7340
1808.326	7190
1810.457	7322
1812.59	7144
1814.721	7291
1816.855	7333
1818.984	7239
1821.113	7237
1823.244	7251
1825.372	7355
1827.499	7224
1829.63	7256
1831.756	7157
1833.882	7223
1836.007	7298
1838.132	7113
1840.26	7172
1842.384	6976
1844.507	7227
1846.63	7145
1848.752	7134
1850.875	7189
1852.996	7066
1855.118	7173
1857.238	7200
1859.358	7221
1861.477	7189
1863.597	7235
1865.715	7149
1867.832	7114
1869.948	7085
1872.064	7130
1874.181	7135
1876.297	7126
1878.411	7146
1880.526	7139
1882.639	7318
1884.752	7149
1886.865	7221
1888.977	7279
1891.089	7265
1893.2	7180
1895.308	7182
1897.42	7165
1899.53	7269
1901.639	7128
1903.745	7098
1905.853	7226
1907.962	7117
1910.067	7194
1912.174	7218
1914.278	7331
1916.383	7216
1918.486	7322
1920.592	7305
1922.694	7267
1924.797	7219
1926.898	7410
1929	7300
1931.102	7196
1933.203	7234
1935.301	7315
1937.401	7255
1939.499	7320
1941.598	7279
1943.697	7330
1945.793	7269
1947.888	7272
1949.985	7285
1952.08	7277
1954.176	7283
1956.269	7160
1958.364	7305
1960.457	7228
1962.549	7269
1964.642	7252
1966.733	7205
1968.823	7235
1970.913	7233
1973.005	7184
1975.093	7249
1977.184	7328
1979.271	7275
1981.359	7209
1983.446	7299
1985.532	7323
1987.619	7306
1989.705	7092
1991.789	7399
1993.874	7208
1995.956	7219
1998.041	7182
2000.123	7297
2002.206	7244
2004.287	7193
2006.368	7075
2008.449	7227
2010.529	7142
2012.609	7225
2014.688	7264
2016.766	7174
2018.843	7229
2020.922	7105
2022.999	7160
2025.074	7117
2027.15	7110
2029.225	7124
2031.299	7183
2033.375	7157
2035.447	7124
2037.52	7174
2039.592	7196
2041.664	7192
2043.736	7196
2045.807	7212
2047.876	7198
2049.947	7238
2052.015	7193
2054.086	7222
2056.153	7241
2058.221	7143
2060.288	7173
2062.353	7263
2064.42	7212
2066.486	7183
2068.55	7218
2070.614	7254
2072.678	7132
2074.741	7212
2076.805	7152
2078.866	7203
2080.929	7284
2082.99	7248
2085.049	7328
2087.109	7274
2089.17	7156
2091.228	7215
2093.286	7204
2095.344	7220
2097.4	7242
2099.46	7175
2101.516	7223
2103.572	7152
2105.626	7164
2107.679	7113
2109.735	7225
2111.788	7170
2113.841	7204
2115.894	7206
2117.945	7112
2119.997	7155
2122.049	7159
2124.1	7126
2126.148	7215
2128.197	7105
2130.246	7174
2132.296	7187
2134.342	7138
2136.39	7236
2138.437	7198
2140.483	7301
2142.527	7119
2144.574	7153
2146.619	7195
2148.661	7286
2150.705	6952
2152.747	7160
2154.792	7034
2156.832	7046
2158.874	7128
2160.915	7136
2162.954	7078
2164.995	7146
2167.034	7160
2169.072	6996
2171.111	7103
2173.148	7039
2175.186	7060
2177.223	7154
2179.258	7110
2181.294	7184
2183.328	7091
2185.362	7105
2187.398	6999
2189.431	7057
2191.463	7094
2193.495	6928
2195.528	6970
2197.56	7066
2199.59	7040
2201.62	6981
2203.649	7059
2205.678	6924
2207.708	6970
2209.737	7003
2211.764	7174
2213.791	6933
2215.817	7007
2217.843	6990
2219.87	6944
2221.895	7052
2223.919	6980
2225.942	7040
2227.966	6948
2229.988	6962
2232.012	6881
2234.032	6990
2236.054	6949
2238.074	6874
2240.095	7106
2242.116	6901
2244.135	7029
2246.153	6838
2248.171	7017
2250.188	7022
2252.208	6949
2254.223	6965
2256.239	7016
2258.255	6911
2260.269	6966
2262.283	6938
2264.3	6998
2266.312	7008
2268.325	7046
2270.336	6981
2272.349	7030
2274.362	6946
2276.372	6967
2278.383	6976
2280.392	6886
2282.402	6896
2284.409	6821
2286.418	7025
2288.427	7062
2290.433	7000
2292.441	6950
2294.446	6971
2296.453	6930
2298.459	7006
2300.463	6991
2302.466	6975
2304.471	6984
2306.475	7046
2308.477	6971
2310.478	6903
2312.481	6901
2314.481	6910
2316.481	6875
2318.482	6888
2320.482	6955
2322.48	6878
2324.48	7024
2326.478	6925
2328.476	6935
2330.473	6989
2332.469	6900
2334.465	6876
2336.46	6703
2338.454	6812
2340.45	6893
2342.444	6955
2344.437	6886
2346.43	6859
2348.421	6856
2350.414	6837
2352.405	6825
2354.396	6851
2356.386	6873
2358.376	6813
2360.366	6898
2362.355	6729
2364.343	6697
2366.331	6731
2368.317	6820
2370.304	6883
2372.292	6730
2374.278	6828
2376.262	6833
2378.247	6666
2380.23	6795
2382.216	6885
2384.199	6741
2386.181	6816
2388.163	6692
2390.144	6752
2392.127	6828
2394.107	6841
2396.087	6702
2398.066	6763
2400.046	6686
2402.023	6708
2404.004	6663
2405.981	6649
2407.957	6748
2409.934	6832
2411.91	6685
2413.886	6682
2415.862	6647
2417.836	6734
2419.809	6798
2421.784	6640
2423.756	6628
2425.73	6837
2427.701	6754
2429.672	6799
2431.644	6684
2433.615	6741
2435.586	6659
2437.555	6718
2439.523	6747
2441.491	6610
2443.459	6785
2445.428	6715
2447.395	6614
2449.361	6592
2451.327	6731
2453.292	6677
2455.257	6594
2457.223	6744
2459.187	6723
2461.15	6663
2463.113	6688
2465.076	6549
2467.039	6659
2468.999	6666
2470.96	6641
2472.921	6679
2474.881	6615
2476.841	6629
2478.8	6584
2480.759	6652
2482.717	6612
2484.675	6588
2486.63	6698
2488.589	6478
2490.545	6656
2492.5	6578
2494.455	6607
2496.408	6635
2498.364	6603
2500.318	6583
2502.27	6570
2504.223	6540
2506.174	6617
2508.126	6576
2510.078	6592
2512.03	6580
2513.979	6569
2515.927	6570
2517.877	6604
2519.826	6622
2521.775	6477
2523.722	6632
2525.668	6511
2527.616	6516
2529.561	6607
2531.508	6619
2533.452	6575
2535.398	6558
2537.342	6545
2539.284	6615
2541.229	6613
2543.173	6644
2545.114	6542
2547.055	6423
2548.996	6570
2550.938	6611
2552.878	6461
2554.817	6480
2556.756	6650
2558.695	6579
2560.633	6573
2562.572	6591
2564.509	6410
2566.445	6529
2568.382	6465
2570.317	6560
2572.254	6590
2574.189	6527
2576.123	6503
2578.057	6544
2579.99	6554
2581.923	6565
2583.855	6471
2585.788	6569
2587.719	6476
2589.65	6566
2591.579	6428
2593.511	6493
2595.44	6453
2597.37	6476
2599.297	6569
2601.225	6403
2603.153	6497
2605.08	6527
2607.007	6600
2608.932	6450
2610.858	6539
2612.782	6585
2614.709	6561
2616.632	6503
2618.556	6520
2620.478	6564
2622.401	6542
2624.324	6437
2626.247	6623
2628.167	6522
2630.088	6597
2632.008	6423
2633.928	6572
2635.848	6533
2637.766	6480
2639.684	6476
2641.603	6579
2643.519	6488
2645.437	6620
2647.353	6566
2649.27	6480
2651.184	6518
2653.099	6413
2655.014	6534
2656.928	6494
2658.842	6404
2660.755	6382
2662.667	6374
2664.579	6486
2666.491	6452
2668.402	6505
2670.312	6471
2672.222	6476
2674.132	6462
2676.042	6439
2677.951	6538
2679.859	6430
2681.766	6372
2683.674	6360
2685.582	6338
2687.488	6603
2689.392	6452
2691.298	6540
2693.202	6459
2695.107	6370
2697.012	6522
2698.914	6588
2700.817	6356
2702.72	6471
2704.622	6424
2706.524	6283
2708.425	6418
2710.326	6273
2712.225	6396
2714.125	6380
2716.024	6467
2717.923	6377
2719.822	6348
2721.719	6411
2723.616	6287
2725.512	6406
2727.41	6320
2729.305	6466
2731.201	6410
2733.095	6412
2734.99	6378
2736.884	6445
2738.778	6410
2740.67	6492
2742.562	6297
2744.455	6425
2746.346	6523
2748.238	6443
2750.129	6341
2752.018	6248
2753.907	6388
2755.797	6350
2757.687	6445
2759.575	6286
2761.462	6458
2763.349	6296
2765.237	6350
2767.124	6283
2769.009	6348
2770.894	6178
2772.779	6268
2774.663	6417
2776.547	6371
2778.431	6348
2780.314	6284
2782.197	6254
2784.078	6270
2785.96	6318
2787.842	6279
2789.723	6212
2791.603	6297
2793.483	6215
2795.362	6340
2797.241	6254
2799.121	6124
2800.997	6183
2802.874	6262
2804.751	6223
2806.628	6198
2808.506	6358
2810.38	6186
2812.255	6335
2814.13	6240
2816.003	6258
2817.878	6123
2819.752	6224
2821.623	6268
2823.496	6154
2825.368	6280
2827.238	6172
2829.111	6266
2830.98	6289
2832.851	6228
2834.719	6195
2836.589	6266
2838.458	6223
2840.327	6218
2842.193	6435
2844.061	6191
2845.927	6348
2847.794	6248
2849.66	6247
2851.525	6384
2853.39	6354
2855.254	6263
2857.117	6349
2858.983	6320
2860.845	6330
2862.707	6333
2864.569	6483
2866.431	6459
2868.293	6410
2870.154	6512
2872.013	6644
2873.873	6565
2875.733	6667
2877.592	6733
2879.451	6676
2881.309	6698
2883.166	6804
2885.022	6734
2886.879	6966
2888.736	6757
2890.591	6890
2892.446	6931
2894.301	6926
2896.155	7022
2898.009	6845
2899.863	6803
2901.716	6817
2903.568	6770
2905.419	6783
2907.27	6844
2909.123	6742
2910.973	6899
2912.824	6871
2914.673	7020
2916.521	6995
2918.372	7067
2920.22	7102
2922.067	7045
2923.914	7169
2925.761	7226
2927.607	7307
2929.455	7221
2931.301	7375
2933.144	7463
2934.99	7499
2936.833	7649
2938.678	7527
2940.522	7454
2942.364	7744
2944.207	7833
2946.048	7714
2947.891	7801
2949.731	7766
2951.571	7721
2953.412	7803
2955.25	7682
2957.09	7732
2958.93	7544
2960.767	7584
2962.606	7465
2964.443	7446
2966.279	7407
2968.116	7302
2969.953	7210
2971.788	7125
2973.623	7040
2975.457	6988
2977.292	7000
2979.127	6964
2980.959	6984
2982.792	6830
2984.624	6898
2986.455	6800
2988.288	6792
2990.119	6763
2991.949	6747
2993.779	6688
2995.608	6647
2997.439	6515
2999.268	6610
3001.096	6510
3002.923	6513
3004.751	6584
3006.578	6455
3008.406	6393
3010.232	6310
3012.057	6201
3013.883	6310
3015.706	6128
3017.532	6193
3019.356	6120
3021.179	6099
3023.002	6115
3024.823	6026
3026.646	6047
3028.469	6007
3030.289	5978
3032.11	6021
3033.93	5921
3035.749	5915
3037.57	5936
3039.39	5984
3041.207	6022
3043.026	5843
3044.842	5923
3046.661	5966
3048.477	5869
3050.294	5903
3052.109	5828
3053.925	6007
3055.739	5899
3057.555	5862
3059.368	5856
3061.181	5942
3062.995	5952
3064.807	5924
3066.62	5821
3068.433	5833
3070.243	5842
3072.054	5959
3073.865	5839
3075.675	5766
3077.485	5770
3079.293	5719
3081.102	5881
3082.911	5680
3084.719	5682
3086.527	5894
3088.333	5765
3090.139	5749
3091.945	5767
3093.75	5714
3095.557	5761
3097.361	5737
3099.165	5675
3100.969	5649
3102.772	5785
3104.575	5870
3106.379	5694
3108.181	5676
3109.982	5686
3111.783	5783
3113.584	5714
3115.386	5587
3117.186	5675
3118.985	5557
3120.783	5583
3122.582	5767
3124.381	5646
3126.179	5565
3127.975	5640
3129.772	5596
3131.569	5663
3133.365	5581
3135.161	5520
3136.956	5581
3138.751	5620
3140.544	5629
3142.338	5628
3144.132	5581
3145.925	5551
3147.717	5483
3149.509	5604
3151.301	5590
3153.091	5462
3154.884	5455
3156.673	5502
3158.462	5583
3160.252	5608
3162.041	5480
3163.831	5504
3165.618	5497
3167.405	5552
3169.193	5516
3170.979	5460
3172.767	5497
3174.553	5453
3176.338	5550
3178.123	5510
3179.907	5514
3181.692	5484
3183.477	5408
3185.259	5544
3187.042	5598
3188.824	5389
3190.607	5537
3192.389	5453
3194.17	5568
3195.951	5488
3197.73	5399
3199.51	5494
3201.289	5453
3203.07	5592
3204.848	5490
3206.626	5393
3208.403	5521
3210.18	5478
3211.959	5478
3213.735	5378
3215.511	5472
3217.285	5406
3219.06	5431
3220.836	5429
3222.611	5464
3224.384	5425
3226.158	5434
3227.929	5489
3229.702	5582
3231.476	5405
3233.248	5448
3235.018	5511
3236.789	5424
3238.56	5402
3240.33	5439
3242.1	5397
3243.869	5322
3245.637	5417
3247.405	5423
3249.172	5552
3250.941	5449
3252.707	5396
3254.474	5313
3256.24	5413
3258.006	5446
3259.772	5371
3261.537	5550
3263.301	5420
3265.065	5478
3266.828	5394
3268.592	5502
3270.355	5482
3272.117	5442
3273.878	5331
3275.64	5482
3277.401	5477
3279.162	5324
3280.922	5365
3282.682	5360
3284.441	5396
3286.199	5426
3287.959	5510
3289.716	5413
3291.475	5394
3293.232	5506
3294.988	5405
3296.744	5431
3298.501	5501
3300.256	5436
3302.011	5375
3303.766	5481
3305.52	5554
3307.275	5332
3309.028	5402
3310.781	5408
3312.533	5345
3314.285	5380
3316.038	5416
3317.789	5386
3319.54	5386
3321.289	5466
3323.039	5399
3324.789	5393
3326.539	5253
3328.288	5315
3330.035	5323
3331.783	5316
3333.531	5442
3335.28	5457
3337.025	5309
3338.771	5345
3340.518	5333
3342.262	5434
3344.009	5389
3345.753	5408
3347.497	5279
3349.24	5342
3350.983	5240
3352.726	5398
3354.469	5360
3356.212	5360
3357.952	5321
3359.694	5265
3361.434	5245
3363.176	5253
3364.916	5374
3366.654	5232
3368.394	5233
3370.132	5313
3371.871	5160
3373.61	5301
3375.346	5272
3377.083	5237
3378.82	5250
3380.556	5291
3382.292	5201
3384.027	5298
3385.763	5240
3387.497	5242
3389.231	5288
3390.965	5229
3392.698	5160
3394.431	5100
3396.164	5203
3397.896	5185
3399.627	5142
3401.36	5113
3403.09	5146
3404.82	5120
3406.55	5173
3408.279	5180
3410.01	5190
3411.738	5208
3413.467	5126
3415.194	5183
3416.92	5163
3418.647	5142
3420.375	5043
3422.102	5128
3423.827	5146
3425.553	5140
3427.277	5015
3429.003	5129
3430.727	5056
3432.451	5011
3434.173	5082
3435.896	5074
3437.62	5143
3439.343	5141
3441.063	5020
3442.785	5071
3444.505	5029
3446.226	5074
3447.948	5005
3449.666	4950
3451.386	4990
3453.104	4966
3454.823	4982
3456.541	4982
3458.259	4911
3459.976	5049
3461.693	4871
3463.408	5002
3465.125	4962
3466.841	4902
3468.556	4919
3470.271	4993
3471.985	4926
3473.698	4867
3475.414	4903
3477.126	4844
3478.838	4895
3480.55	4809
3482.263	4916
3483.975	4853
3485.686	4861
3487.396	4793
3489.106	4855
3490.817	4929
3492.526	4901
3494.236	4808
3495.944	4913
3497.652	4779
3499.359	4831
3501.066	4778
3502.775	4897
3504.481	4785
3506.187	4845
3507.893	4851
3509.598	4642
3511.304	4766
3513.009	4782
3514.713	4629
3516.417	4686
3518.12	4713
3519.821	4780
3521.525	4717
3523.228	4786
3524.929	4621
3526.631	4745
3528.33	4672
3530.032	4722
3531.733	4744
3533.433	4666
3535.131	4638
3536.83	4608
3538.529	4740
3540.227	4729
3541.925	4709
3543.623	4665
3545.319	4622
3547.016	4586
3548.712	4650
3550.408	4640
3552.103	4642
3553.798	4644
3555.491	4640
3557.188	4550
3558.88	4607
3560.574	4558
3562.266	4631
3563.959	4593
3565.651	4562
3567.343	4635
3569.035	4566
3570.725	4690
3572.415	4525
3574.106	4556
3575.797	4546
3577.485	4534
3579.174	4600
3580.863	4519
3582.551	4545
3584.238	4553
3585.926	4490
3587.613	4524
3589.3	4467
3590.986	4546
3592.671	4483
3594.357	4527
3596.042	4463
3597.726	4507
3599.41	4545
3601.094	4410
3602.778	4408
3604.461	4429
3606.143	4479
3607.825	4394
3609.507	4325
3611.188	4368
3612.87	4388
3614.551	4353
3616.229	4361
3617.909	4301
3619.589	4403
3621.269	4360
3622.948	4377
3624.625	4394
3626.302	4248
3627.98	4258
3629.657	4361
3631.334	4301
3633.01	4268
3634.686	4327
3636.361	4218
3638.036	4213
3639.712	4324
3641.385	4253
3643.06	4237
3644.732	4269
3646.405	4260
3648.08	4319
3649.751	4272
3651.424	4202
3653.094	4332
3654.766	4285
3656.436	4193
3658.106	4239
3659.777	4244
3661.446	4255
3663.115	4273
3664.783	4195
3666.452	4237
3668.121	4195
3669.788	4102
3671.454	4266
3673.121	4166
3674.789	4149
3676.455	4150
3678.12	4119
3679.784	4200
3681.45	4176
3683.114	4175
3684.779	4153
3686.442	4076
3688.105	4155
3689.768	4109
3691.43	4137
3693.093	4173
3694.754	4161
3696.415	4053
3698.076	4169
3699.736	4075
3701.396	4156
3703.057	4098
3704.716	4050
3706.375	4105
3708.034	4128
3709.692	4118
3711.351	4069
3713.008	4044
3714.665	4091
3716.321	4040
3717.977	4125
3719.634	4127
3721.29	4182
3722.945	4050
3724.598	4080
3726.253	4061
3727.907	4082
3729.561	4101
3731.214	4084
3732.867	4054
3734.518	4003
3736.171	4060
3737.824	4051
3739.474	4027
3741.125	4006
3742.775	3966
3744.425	4038
3746.074	3990
3747.725	4003
3749.373	4006
3751.022	4019
3752.669	3970
3754.318	4089
3755.966	4018
3757.612	3998
3759.259	3995
3760.905	3936
3762.55	3962
3764.197	4047
3765.842	4008
3767.486	3920
3769.131	3998
3770.774	3978
3772.417	3981
3774.061	3921
3775.705	3935
3777.347	3994
3778.988	3881
3780.629	3924
3782.271	3931
3783.912	3875
3785.552	3893
3787.192	3942
3788.831	3878
3790.472	3794
3792.112	3933
3793.75	3857
3795.388	3891
3797.024	3857
3798.661	3877
3800.3	3853
3801.936	3936
3803.572	3918
3805.208	3862
3806.844	3973
3808.48	3939
3810.115	3852
3811.748	3837
3813.382	3835
3815.016	3836
3816.649	3831
3818.283	3817
3819.914	3854
3821.547	3770
3823.178	3809
3824.809	3783
3826.441	3834
3828.072	3783
3829.701	3803
3831.331	3805
3832.96	3839
3834.591	3818
3836.219	3758
3837.847	3714
3839.475	3726
3841.102	3716
3842.729	3846
3844.357	3722
3845.984	3865
3847.609	3810
3849.234	3707
3850.86	3753
3852.485	3832
3854.11	3730
3855.734	3736
3857.357	3755
3858.981	3835
3860.603	3776
3862.227	3721
3863.848	3753
3865.471	3761
3867.092	3776
3868.713	3667
3870.334	3811
3871.954	3729
3873.575	3720
3875.194	3706
3876.813	3644
3878.433	3720
3880.051	3653
3881.669	3661
3883.286	3714
3884.904	3612
3886.52	3644
3888.138	3762
3889.754	3638
3891.37	3683
3892.985	3644
3894.6	3752
3896.216	3663
3897.831	3698
3899.444	3627
3901.058	3637
3902.67	3603
3904.283	3670
3905.897	3580
3907.509	3705
3909.121	3677
3910.731	3649
3912.342	3638
3913.954	3624
3915.563	3714
3917.174	3593
3918.783	3618
3920.391	3665
3922.002	3689
3923.611	3595
3925.218	3649
3926.826	3546
3928.432	3552
3930.039	3693
3931.647	3639
3933.253	3529
3934.859	3547
3936.464	3643
3938.068	3597
3939.675	3563
3941.278	3618
3942.883	3572
3944.486	3617
3946.089	3639
3947.692	3594
3949.295	3582
3950.898	3509
3952.499	3544
3954.1	3563
3955.7	3540
3957.303	3569
3958.903	3493
3960.502	3499
3962.101	3605
3963.7	3537
3965.301	3558
3966.899	3499
3968.497	3442
3970.094	3552
3971.691	3550
3973.288	3505
3974.885	3563
3976.481	3451
3978.077	3533
3979.672	3425
3981.267	3586
3982.863	3433
3984.457	3451
3986.051	3470
3987.645	3509
3989.238	3481
3990.831	3479
3992.425	3442
3994.017	3508
3995.607	3460
3997.199	3407
3998.79	3474
4000.382	3423
4001.973	3542
4003.561	3407
4005.151	3413
4006.741	3419
4008.331	3374
4009.918	3419
4011.507	3407
4013.095	3429
4014.681	3392
4016.269	3395
4017.856	3347
4019.443	3384
4021.028	3386
4022.614	3415
4024.199	3368
4025.785	3392
4027.37	3369
4028.953	3451
4030.536	3333
4032.12	3336
4033.704	3328
4035.287	3313
4036.869	3318
4038.45	3340
4040.032	3303
4041.613	3284
4043.195	3377
4044.776	3328
4046.356	3275
4047.935	3350
4049.515	3331
4051.095	3352
4052.674	3282
4054.251	3259
4055.829	3347
4057.406	3310
4058.985	3289
4060.562	3315
4062.139	3306
4063.715	3198
4065.29	3258
4066.865	3251
4068.442	3190
4070.016	3232
4071.59	3227
4073.164	3223
4074.738	3319
4076.312	3250
4077.885	3260
4079.458	3300
4081.03	3307
4082.602	3197
4084.173	3245
4085.745	3225
4087.315	3285
4088.886	3224
4090.456	3261
4092.026	3273
4093.596	3312
4095.165	3235
4096.734	3224
4098.301	3184
4099.869	3190
4101.437	3216
4103.006	3189
4104.572	3232
4106.139	3165
4107.704	3230
4109.27	3182
4110.837	3150
4112.401	3233
4113.966	3208
4115.53	3176
4117.094	3093
4118.659	3261
4120.223	3230
4121.785	3085
4123.347	3218
4124.909	3088
4126.471	3213
4128.034	3088
4129.595	3170
4131.155	3137
4132.716	2995
4134.275	3060
4135.836	3169
4137.395	3119
4138.955	3060
4140.513	3157
4142.071	3110
4143.628	3118
4145.188	3082
4146.745	3078
4148.302	3055
4149.858	3080
4151.414	3100
4152.971	3152
4154.526	3078
4156.081	3029
4157.635	3110
4159.189	3156
4160.745	3069
4162.298	3085
4163.852	3000
4165.405	2992
4166.957	3079
4168.51	2995
4170.063	3003
4171.614	3032
4173.166	2988
4174.717	3049
4176.267	2999
4177.817	2992
4179.368	3044
4180.917	3066
4182.466	2993
4184.016	3029
4185.564	2993
4187.112	2999
4188.66	2946
4190.207	2982
4191.754	3016
4193.301	2956
4194.848	2929
4196.394	3054
4197.94	3075
4199.484	3021
4201.03	2917
4202.575	3019
4204.12	2967
4205.663	2983
4207.207	2987
4208.75	2920
4210.292	2943
4211.836	2999
4213.378	2952
4214.92	2922
4216.46	2881
4218.002	2960
4219.544	2916
4221.083	2905
4222.625	2931
4224.164	2938
4225.703	2915
4227.244	2943
4228.782	2971
4230.32	2899
4231.857	2892
4233.395	2910
4234.933	2950
4236.471	2928
4238.007	2878
4239.542	2949
4241.078	2859
4242.614	2895
4244.15	2953
4245.685	2831
4247.219	2937
4248.753	2942
4250.287	2832
4251.82	2902
4253.354	2937
4254.887	2882
4256.419	2906
4257.951	2852
4259.483	2871
4261.016	2959
4262.547	2812
4264.078	2876
4265.608	2909
4267.137	2902
4268.668	2813
4270.197	2883
4271.727	2843
4273.254	2873
4274.783	2856
4276.311	2852
4277.84	2779
4279.366	2808
4280.894	2771
4282.42	2808
4283.946	2770
4285.473	2795
4286.998	2815
4288.523	2897
4290.047	2860
4291.572	2832
4293.096	2822
4294.622	2802
4296.144	2796
4297.668	2862
4299.19	2853
4300.713	2730
4302.236	2753
4303.758	2821
4305.279	2747
4306.799	2719
4308.321	2812
4309.842	2730
4311.361	2725
4312.882	2806
4314.401	2758
