400.0961	5857
402.6185	5805
405.1424	5920
407.6635	5887
410.1838	6051
412.7035	6029
415.2225	5947
417.7388	5978
420.2585	6056
422.7754	6059
425.2917	6033
427.8072	6094
430.3221	6218
432.8363	6186
435.3498	6273
437.8626	6208
440.3727	6290
442.8841	6289
445.3969	6135
447.907	6298
450.4142	6204
452.9229	6305
455.4289	6168
457.9362	6172
460.4449	6195
462.9488	6249
465.454	6302
467.9566	6141
470.4604	6456
472.9637	6260
475.4662	6336
477.966	6368
480.4671	6335
482.9656	6384
485.4633	6430
487.9645	6332
490.4608	6411
492.9566	6444
495.4536	6372
497.948	6495
500.4437	6543
502.9387	6446
505.431	6706
507.9226	6507
510.4136	6566
512.9079	6528
515.3975	6513
517.8864	6562
520.3746	6523
522.8622	6553
525.3491	6705
527.8394	6554
530.3249	6591
532.8098	6614
535.2939	6548
537.7774	6684
540.2623	6558
542.7444	6684
545.2259	6603
547.7067	6642
550.1868	6558
552.6683	6644
555.147	6604
557.6231	6658
560.1005	6542
562.5773	6561
565.0534	6696
567.5308	6617
570.0056	6552
572.4776	6753
574.951	6674
577.4237	6778
579.8978	6827
582.3671	6850
584.8378	6922
587.3079	6890
589.7773	6796
592.244	6866
594.714	6868
597.1793	6773
599.6461	6804
602.1121	6854
604.5754	6963
607.0421	6820
609.5042	6792
611.9675	6736
614.4282	6944
616.8902	6841
619.3515	6924
621.8122	6893
624.2702	6807
626.7296	6869
629.1863	6798
631.6423	6914
634.1017	6762
636.5563	6923
639.0104	6825
641.4658	6878
643.9185	6942
646.3725	6920
648.8239	6934
651.2766	6961
653.7266	6894
656.176	6982
658.6247	6986
661.0748	7016
663.5242	6974
665.9709	7000
668.417	7019
670.8624	7048
673.3092	7095
675.7533	7096
678.1968	7171
680.6395	6997
683.0817	7004
685.5251	7082
687.9659	7135
690.4061	7279
692.8456	7128
695.2844	7070
697.7226	7174
700.1621	7118
702.599	7068
705.0332	7226
707.4688	7258
709.9036	7261
712.3399	7325
714.7735	7229
717.2044	7211
719.6367	7306
722.0683	7300
724.4993	7223
726.9296	7337
729.3593	7284
731.7883	7400
734.2147	7432
736.6423	7284
739.0714	7394
741.4958	7389
743.9216	7460
746.3447	7425
748.7691	7552
751.1929	7515
753.616	7579
756.0366	7653
758.4584	7606
760.8776	7641
763.2982	7600
765.718	7572
768.1373	7511
770.5539	7657
772.9698	7698
775.3871	7614
777.8038	7700
780.2178	7561
782.6332	7577
785.0459	7703
787.458	7666
789.8714	7609
792.2842	7683
794.6943	7560
797.1038	7715
799.5127	7605
801.9209	7702
804.3324	7844
806.7393	7630
809.1456	7650
811.5513	7786
813.9562	7702
816.3625	7851
818.7663	7634
821.1693	7813
823.5718	7707
825.9735	7833
828.3746	7792
830.7771	7684
833.177	7756
835.5762	7704
837.9747	7754
840.3727	7741
842.772	7889
845.1666	7724
847.5626	7895
849.958	7713
852.3527	7863
854.7488	7917
857.1403	7967
859.5331	7923
861.9253	7882
864.3168	7875
866.7057	7776
869.098	7992
871.4876	7928
873.8746	7751
876.263	7884
878.6487	7768
881.0378	7851
883.4243	7835
885.8081	7794
888.1933	7964
890.5759	7740
892.9598	7820
895.343	7875
897.7256	7783
900.1057	7909
902.4871	7947
904.8659	8057
907.246	7786
909.6254	7992
912.0023	7933
914.3786	8005
916.7562	8100
919.1331	8108
921.5074	8232
923.8831	8366
926.2562	8336
928.6287	8175
931.0005	8182
933.3757	8267
935.7462	8120
938.1162	8237
940.4855	8431
942.8542	8203
945.2242	8337
947.5916	8445
949.9584	8441
952.3266	8465
954.6921	8613
957.0571	8781
959.4233	8912
961.787	8851
964.15	8858
966.5125	8630
968.8742	8679
971.2354	8511
973.5959	8385
975.9559	8339
978.3151	8207
980.6738	8241
983.0338	8235
985.3912	8325
987.7461	8200
990.1022	8107
992.4578	8149
994.8127	8051
997.1689	8142
999.5207	8045
1001.874	8234
1004.226	8055
1006.576	8252
1008.929	8106
1011.28	8118
1013.628	8001
1015.977	8178
1018.324	8247
1020.674	8224
1023.019	8206
1025.366	8226
1027.713	8207
1030.056	8185
1032.399	8255
1034.746	8246
1037.087	8322
1039.431	8300
1041.771	8229
1044.113	8250
1046.454	8154
1048.793	8244
1051.133	8298
1053.471	8269
1055.807	8214
1058.146	8231
1060.483	8250
1062.818	8348
1065.153	8293
1067.489	8314
1069.822	8358
1072.156	8216
1074.488	8378
1076.82	8296
1079.15	8351
1081.48	8227
1083.814	8285
1086.143	8345
1088.471	8352
1090.799	8309
1093.126	8368
1095.452	8360
1097.78	8436
1100.105	8303
1102.43	8253
1104.754	8188
1107.077	8288
1109.4	8308
1111.722	8354
1114.044	8474
1116.365	8223
1118.685	8283
1121.005	8512
1123.324	8569
1125.643	8527
1127.961	8507
1130.278	8477
1132.595	8527
1134.911	8374
1137.226	8405
1139.541	8397
1141.854	8342
1144.167	8383
1146.482	8338
1148.793	8385
1151.105	8435
1153.414	8486
1155.725	8364
1158.033	8505
1160.344	8504
1162.651	8405
1164.959	8454
1167.265	8432
1169.572	8575
1171.878	8487
1174.184	8478
1176.488	8459
1178.79	8392
1181.094	8504
1183.396	8566
1185.699	8405
1188.001	8352
1190.301	8503
1192.6	8441
1194.9	8603
1197.2	8457
1199.497	8514
1201.794	8501
1204.09	8430
1206.387	8401
1208.684	8447
1210.978	8472
1213.272	8426
1215.565	8386
1217.858	8354
1220.15	8487
1222.443	8402
1224.734	8430
1227.024	8614
1229.313	8589
1231.602	8505
1233.892	8640
1236.18	8598
1238.467	8565
1240.754	8727
1243.04	8873
1245.325	8789
1247.612	8776
1249.896	8801
1252.178	8766
1254.461	8687
1256.743	8646
1259.027	8854
1261.308	8702
1263.587	8804
1265.867	8730
1268.146	8727
1270.425	8737
1272.703	8787
1274.981	8777
1277.256	8763
1279.532	8604
1281.808	8740
1284.083	8766
1286.358	8632
1288.63	8680
1290.904	8642
1293.175	8731
1295.449	8538
1297.719	8670
1299.99	8669
1302.259	8733
1304.529	8640
1306.798	8662
1309.065	8655
1311.333	8684
1313.599	8671
1315.866	8710
1318.131	8714
1320.396	8615
1322.66	8701
1324.925	8585
1327.187	8708
1329.448	8796
1331.711	8736
1333.974	8769
1336.234	8772
1338.493	8726
1340.752	8732
1343.01	8692
1345.269	8583
1347.526	8741
1349.784	8728
1352.04	8529
1354.295	8613
1356.552	8682
1358.806	8602
1361.059	8680
1363.312	8690
1365.564	8649
1367.818	8707
1370.069	8880
1372.318	8761
1374.568	8747
1376.817	8744
1379.066	8786
1381.316	8928
1383.564	8785
1385.809	8725
1388.056	8653
1390.301	8798
1392.549	8941
1394.793	8859
1397.036	9146
1399.279	9015
1401.522	9027
1403.763	9060
1406.007	9047
1408.248	8944
1410.487	9067
1412.727	9004
1414.965	9207
1417.205	9016
1419.442	9026
1421.68	9038
1423.915	8924
1426.152	8882
1428.388	9035
1430.623	9035
1432.857	9130
1435.091	9053
1437.323	9078
1439.556	8960
1441.789	9115
1444.019	9134
1446.25	9094
1448.48	9043
1450.708	8977
1452.938	8966
1455.167	9104
1457.394	9110
1459.62	8988
1461.846	9181
1464.073	9023
1466.299	8989
1468.523	8921
1470.746	8982
1472.969	8855
1475.191	8906
1477.415	8933
1479.636	8709
1481.858	8804
1484.078	8883
1486.298	8788
1488.518	8805
1490.736	8795
1492.954	8760
1495.169	8665
1497.386	8869
1499.602	8739
1501.819	8681
1504.034	8695
1506.248	8664
1508.462	8702
1510.675	8695
1512.888	8706
1515.1	8667
1517.311	8755
1519.522	8636
1521.732	8693
1523.942	8760
1526.151	8716
1528.36	8659
1530.566	8694
1532.773	8550
1534.98	8684
1537.187	8813
1539.392	8689
1541.596	8712
1543.801	8738
1546.005	8766
1548.208	8641
1550.411	8739
1552.612	8863
1554.814	8909
1557.013	8859
1559.212	8730
1561.414	8820
1563.612	8758
1565.811	8860
1568.007	8855
1570.203	8807
1572.403	9012
1574.598	8992
1576.792	8886
1578.988	8850
1581.181	8862
1583.376	8914
1585.568	9026
1587.761	8855
1589.952	8969
1592.143	8903
1594.333	8838
1596.524	9075
1598.715	8862
1600.903	8754
1603.091	9145
1605.278	8989
1607.466	8969
1609.652	8920
1611.838	8991
1614.023	9004
1616.207	9019
1618.391	8872
1620.576	9038
1622.759	8933
1624.941	8864
1627.123	8812
1629.304	8988
1631.484	9024
1633.664	9070
1635.844	9032
1638.022	9128
1640.201	9008
1642.38	9072
1644.556	9025
1646.732	9091
1648.908	8988
1651.084	9127
1653.257	9065
1655.433	9026
1657.607	9034
1659.779	9043
1661.951	9135
1664.122	9128
1666.295	9210
1668.467	9110
1670.635	9085
1672.805	9170
1674.973	9139
1677.142	9243
1679.31	9116
1681.478	9102
1683.644	9006
1685.81	9049
1687.975	9049
1690.142	8975
1692.305	9012
1694.468	9021
1696.632	8956
1698.794	9099
1700.957	8924
1703.119	9119
1705.279	8965
1707.439	8931
1709.598	9071
1711.758	8923
1713.917	8918
1716.075	8899
1718.231	8876
1720.388	8879
1722.543	8885
1724.702	8951
1726.856	8908
1729.01	8919
1731.164	8947
1733.317	9003
1735.471	8853
1737.623	8853
1739.774	8834
1741.925	8926
1744.075	8945
1746.225	8798
1748.376	8907
1750.524	8865
1752.672	8935
1754.82	9001
1756.965	8887
1759.113	8991
1761.259	8901
1763.405	9026
1765.549	9038
1767.694	8953
1769.836	8942
1771.981	9033
1774.123	8939
1776.264	9029
1778.405	8949
1780.546	9099
1782.687	9142
1784.827	8936
1786.966	9078
1789.103	9014
1791.242	8968
1793.381	9082
1795.517	9016
1797.653	9033
1799.788	8969
1801.923	9115
1804.057	9016
1806.193	9121
1808.326	9105
1810.457	8998
1812.59	8922
1814.721	8974
1816.855	9147
1818.984	9014
1821.113	8997
1823.244	9010
1825.372	9084
1827.499	9010
1829.63	9114
1831.756	8959
1833.882	9118
1836.007	8902
1838.132	9080
1840.26	9043
1842.384	8955
1844.507	8992
1846.63	8966
1848.752	8952
1850.875	8939
1852.996	8865
1855.118	8937
1857.238	8772
1859.358	8813
1861.477	8841
1863.597	8950
1865.715	8889
1867.832	8966
1869.948	8928
1872.064	8930
1874.181	8882
1876.297	8766
1878.411	8811
1880.526	8922
1882.639	8914
1884.752	8991
1886.865	8949
1888.977	8866
1891.089	8920
1893.2	8877
1895.308	9048
1897.42	9081
1899.53	8930
1901.639	9028
1903.745	9005
1905.853	9044
1907.962	8984
1910.067	8853
1912.174	9044
1914.278	8937
1916.383	8943
1918.486	9027
1920.592	9144
1922.694	8999
1924.797	9013
1926.898	8917
1929	9090
1931.102	8941
1933.203	8974
1935.301	9085
1937.401	9045
1939.499	9012
1941.598	9041
1943.697	9031
1945.793	9067
1947.888	9011
1949.985	8987
1952.08	9043
1954.176	9003
1956.269	8954
1958.364	9116
1960.457	9003
1962.549	9110
1964.642	9035
1966.733	9101
1968.823	8930
1970.913	9042
1973.005	8899
1975.093	9026
1977.184	9072
1979.271	9013
1981.359	9079
1983.446	8880
1985.532	8914
1987.619	9068
1989.705	8903
1991.789	8924
1993.874	8848
1995.956	8963
1998.041	9025
2000.123	8880
2002.206	9012
2004.287	8952
2006.368	8916
2008.449	8880
2010.529	8830
2012.609	8960
2014.688	8987
2016.766	8860
2018.843	8980
2020.922	8806
2022.999	9001
2025.074	8924
2027.15	8845
2029.225	8794
2031.299	8759
2033.375	8894
2035.447	8851
2037.52	8918
2039.592	8888
2041.664	8890
2043.736	8823
2045.807	8890
2047.876	8889
2049.947	8950
2052.015	8911
2054.086	8921
2056.153	8902
2058.221	8915
2060.288	8945
2062.353	8885
2064.42	8913
2066.486	8919
2068.55	8968
2070.614	8857
2072.678	8965
2074.741	8924
2076.805	8797
2078.866	8993
2080.929	8885
2082.99	8950
2085.049	8947
2087.109	8862
2089.17	8827
2091.228	8832
2093.286	9015
2095.344	8892
2097.4	8879
2099.46	9038
2101.516	8878
2103.572	8953
2105.626	8962
2107.679	8906
2109.735	8850
2111.788	8733
2113.841	8917
2115.894	8824
2117.945	9041
2119.997	8693
2122.049	8764
2124.1	8968
2126.148	8944
2128.197	8924
2130.246	8858
2132.296	8802
2134.342	8770
2136.39	8649
2138.437	8912
2140.483	8902
2142.527	8958
2144.574	8900
2146.619	8876
2148.661	8834
2150.705	8756
2152.747	9003
2154.792	8856
2156.832	8800
2158.874	8889
2160.915	8782
2162.954	8973
2164.995	8819
2167.034	8784
2169.072	8615
2171.111	8724
2173.148	8673
2175.186	8803
2177.223	8730
2179.258	8778
2181.294	8767
2183.328	8625
2185.362	8762
2187.398	8628
2189.431	8706
2191.463	8806
2193.495	8692
2195.528	8708
2197.56	8688
2199.59	8716
2201.62	8731
2203.649	8696
2205.678	8691
2207.708	8581
2209.737	8743
2211.764	8545
2213.791	8513
2215.817	8716
2217.843	8576
2219.87	8594
2221.895	8512
2223.919	8556
2225.942	8590
2227.966	8641
2229.988	8661
2232.012	8451
2234.032	8643
2236.054	8549
2238.074	8625
2240.095	8727
2242.116	8515
2244.135	8560
2246.153	8604
2248.171	8548
2250.188	8582
2252.208	8490
2254.223	8516
2256.239	8456
2258.255	8452
2260.269	8570
2262.283	8563
2264.3	8553
2266.312	8490
2268.325	8535
2270.336	8484
2272.349	8640
2274.362	8496
2276.372	8690
2278.383	8440
2280.392	8650
2282.402	8572
2284.409	8598
2286.418	8536
2288.427	8604
2290.433	8645
2292.441	8569
2294.446	8613
2296.453	8541
2298.459	8546
2300.463	8624
2302.466	8702
2304.471	8489
2306.475	8457
2308.477	8563
2310.478	8471
2312.481	8583
2314.481	8645
2316.481	8586
2318.482	8314
2320.482	8512
2322.48	8415
2324.48	8653
2326.478	8542
2328.476	8498
2330.473	8429
2332.469	8299
2334.465	8449
2336.46	8442
2338.454	8381
2340.45	8544
2342.444	8477
2344.437	8415
2346.43	8400
2348.421	8348
2350.414	8280
2352.405	8336
2354.396	8417
2356.386	8476
2358.376	8461
2360.366	8418
2362.355	8387
2364.343	8361
2366.331	8345
2368.317	8299
2370.304	8302
2372.292	8287
2374.278	8338
2376.262	8197
2378.247	8291
2380.23	8223
2382.216	8290
2384.199	8279
2386.181	8269
2388.163	8191
2390.144	8329
2392.127	8389
2394.107	8218
2396.087	8267
2398.066	8274
2400.046	8207
2402.023	8328
2404.004	8176
2405.981	8137
2407.957	8260
2409.934	8223
2411.91	8062
2413.886	8217
2415.862	8226
2417.836	8263
2419.809	8308
2421.784	8176
2423.756	8148
2425.73	8110
2427.701	8271
2429.672	8173
2431.644	8168
2433.615	8230
2435.586	8108
2437.555	8183
2439.523	8181
2441.491	8145
2443.459	8326
2445.428	8172
2447.395	8108
2449.361	8195
2451.327	8001
2453.292	8153
2455.257	8089
2457.223	8204
2459.187	8067
2461.15	8166
2463.113	8185
2465.076	8106
2467.039	8192
2468.999	8138
2470.96	8065
2472.921	8203
2474.881	8152
2476.841	8022
2478.8	8132
2480.759	8156
2482.717	7985
2484.675	8027
2486.63	7944
2488.589	8174
2490.545	8004
2492.5	7943
2494.455	8059
2496.408	8097
2498.364	7986
2500.318	8181
2502.27	8082
2504.223	8078
2506.174	8002
2508.126	8087
2510.078	7976
2512.03	7928
2513.979	8026
2515.927	7934
2517.877	8084
2519.826	8111
2521.775	8001
2523.722	8071
2525.668	7992
2527.616	7967
2529.561	7906
2531.508	7973
2533.452	7915
2535.398	8067
2537.342	7995
2539.284	7886
2541.229	8090
2543.173	8074
2545.114	7968
2547.055	8122
2548.996	8002
2550.938	7904
2552.878	8076
2554.817	7936
2556.756	8013
2558.695	8060
2560.633	7932
2562.572	7946
2564.509	7935
2566.445	7914
2568.382	7922
2570.317	7946
2572.254	8035
2574.189	8043
2576.123	7858
2578.057	7900
2579.99	7918
2581.923	8067
2583.855	7914
2585.788	7970
2587.719	7890
2589.65	7904
2591.579	7946
2593.511	7936
2595.44	7983
2597.37	7840
2599.297	8052
2601.225	7898
2603.153	8015
2605.08	7965
2607.007	7949
2608.932	7904
2610.858	7957
2612.782	8082
2614.709	8097
2616.632	7892
2618.556	7870
2620.478	7920
2622.401	7916
2624.324	7994
2626.247	7865
2628.167	8002
2630.088	8077
2632.008	7908
2633.928	7993
2635.848	7884
2637.766	7993
2639.684	8035
2641.603	7875
2643.519	7921
2645.437	7865
2647.353	7897
2649.27	7898
2651.184	7902
2653.099	7962
2655.014	7860
2656.928	7897
2658.842	7931
2660.755	7911
2662.667	7928
2664.579	8032
2666.491	7906
2668.402	7879
2670.312	7703
2672.222	7838
2674.132	7805
2676.042	7834
2677.951	7920
2679.859	7803
2681.766	7807
2683.674	7963
2685.582	7724
2687.488	7871
2689.392	7768
2691.298	7811
2693.202	7707
2695.107	7758
2697.012	7740
2698.914	7744
2700.817	7771
2702.72	7796
2704.622	7681
2706.524	7738
2708.425	7801
2710.326	7672
2712.225	7738
2714.125	7706
2716.024	7739
2717.923	7574
2719.822	7732
2721.719	7658
2723.616	7742
2725.512	7731
2727.41	7828
2729.305	7643
2731.201	7695
2733.095	7861
2734.99	7673
2736.884	7668
2738.778	7803
2740.67	7693
2742.562	7615
2744.455	7663
2746.346	7610
2748.238	7638
2750.129	7731
2752.018	7696
2753.907	7705
2755.797	7604
2757.687	7599
2759.575	7621
2761.462	7607
2763.349	7646
2765.237	7639
2767.124	7613
2769.009	7690
2770.894	7576
2772.779	7575
2774.663	7635
2776.547	7821
2778.431	7674
2780.314	7619
2782.197	7608
2784.078	7588
2785.96	7596
2787.842	7605
2789.723	7510
2791.603	7442
2793.483	7581
2795.362	7497
2797.241	7644
2799.121	7614
2800.997	7562
2802.874	7444
2804.751	7467
2806.628	7544
2808.506	7516
2810.38	7449
2812.255	7507
2814.13	7532
2816.003	7423
2817.878	7496
2819.752	7431
2821.623	7497
2823.496	7460
2825.368	7536
2827.238	7381
2829.111	7524
2830.98	7595
2832.851	7496
2834.719	7491
2836.589	7392
2838.458	7657
2840.327	7480
2842.193	7533
2844.061	7535
2845.927	7453
2847.794	7387
2849.66	7582
2851.525	7578
2853.39	7565
2855.254	7429
2857.117	7495
2858.983	7567
2860.845	7616
2862.707	7644
2864.569	7567
2866.431	7727
2868.293	7664
2870.154	7730
2872.013	7856
2873.873	7812
2875.733	7769
2877.592	7837
2879.451	7913
2881.309	8021
2883.166	8026
2885.022	7941
2886.879	7952
2888.736	8017
2890.591	8014
2892.446	8182
2894.301	8221
2896.155	8109
2898.009	8052
2899.863	8021
2901.716	7949
2903.568	8215
2905.419	7979
2907.27	8028
2909.123	7989
2910.973	8015
2912.824	8111
2914.673	8108
2916.521	8072
2918.372	8197
2920.22	8084
2922.067	8207
2923.914	8197
2925.761	8290
2927.607	8364
2929.455	8322
2931.301	8347
2933.144	8291
2934.99	8375
2936.833	8384
2938.678	8602
2940.522	8565
2942.364	8738
2944.207	8668
2946.048	8750
2947.891	8908
2949.731	8791
2951.571	8882
2953.412	8833
2955.25	8811
2957.09	8838
2958.93	8746
2960.767	8679
2962.606	8596
2964.443	8593
2966.279	8506
2968.116	8307
2969.953	8277
2971.788	8260
2973.623	8087
2975.457	8057
2977.292	7887
2979.127	7893
2980.959	7975
2982.792	7919
2984.624	7826
2986.455	7838
2988.288	7805
2990.119	7724
2991.949	7718
2993.779	7694
2995.608	7743
2997.439	7611
2999.268	7655
3001.096	7481
3002.923	7441
3004.751	7358
3006.578	7390
3008.406	7366
3010.232	7419
3012.057	7294
3013.883	7236
3015.706	7345
3017.532	7178
3019.356	7312
3021.179	7089
3023.002	7246
3024.823	7094
3026.646	7187
3028.469	7079
3030.289	7228
3032.11	7078
3033.93	7072
3035.749	7022
3037.57	7024
3039.39	7015
3041.207	7030
3043.026	6989
3044.842	7054
3046.661	6926
3048.477	6960
3050.294	6900
3052.109	7072
3053.925	7040
3055.739	6937
3057.555	7028
3059.368	6967
3061.181	6952
3062.995	7053
3064.807	6982
3066.62	6989
3068.433	6928
3070.243	6902
3072.054	6917
3073.865	6952
3075.675	6970
3077.485	7052
3079.293	6879
3081.102	6955
3082.911	6871
3084.719	6920
3086.527	6931
3088.333	6753
3090.139	6680
3091.945	6786
3093.75	6793
3095.557	6852
3097.361	6677
3099.165	6733
3100.969	6656
3102.772	6831
3104.575	6760
3106.379	6708
3108.181	6732
3109.982	6827
3111.783	6645
3113.584	6636
3115.386	6718
3117.186	6573
3118.985	6776
3120.783	6666
3122.582	6668
3124.381	6638
3126.179	6664
3127.975	6768
3129.772	6660
3131.569	6593
3133.365	6634
3135.161	6588
3136.956	6686
3138.751	6596
3140.544	6544
3142.338	6623
3144.132	6622
3145.925	6512
3147.717	6558
3149.509	6557
3151.301	6553
3153.091	6539
3154.884	6467
3156.673	6513
3158.462	6474
3160.252	6517
3162.041	6600
3163.831	6479
3165.618	6496
3167.405	6435
3169.193	6654
3170.979	6622
3172.767	6447
3174.553	6685
3176.338	6532
3178.123	6465
3179.907	6532
3181.692	6491
3183.477	6483
3185.259	6467
3187.042	6460
3188.824	6477
3190.607	6450
3192.389	6561
3194.17	6389
3195.951	6538
3197.73	6384
3199.51	6398
3201.289	6416
3203.07	6473
3204.848	6517
3206.626	6337
3208.403	6335
3210.18	6379
3211.959	6409
3213.735	6364
3215.511	6454
3217.285	6364
3219.06	6352
3220.836	6402
3222.611	6360
3224.384	6369
3226.158	6364
3227.929	6381
3229.702	6418
3231.476	6479
3233.248	6289
3235.018	6497
3236.789	6233
3238.56	6381
3240.33	6291
3242.1	6265
3243.869	6283
3245.637	6419
3247.405	6295
3249.172	6369
3250.941	6355
3252.707	6379
3254.474	6422
3256.24	6315
3258.006	6361
3259.772	6271
3261.537	6405
3263.301	6414
3265.065	6206
3266.828	6307
3268.592	6237
3270.355	6337
3272.117	6164
3273.878	6316
3275.64	6266
3277.401	6295
3279.162	6323
3280.922	6311
3282.682	6257
3284.441	6354
3286.199	6223
3287.959	6239
3289.716	6194
3291.475	6375
3293.232	6284
3294.988	6358
3296.744	6234
3298.501	6219
3300.256	6399
3302.011	6354
3303.766	6307
3305.52	6360
3307.275	6271
3309.028	6434
3310.781	6316
3312.533	6353
3314.285	6308
3316.038	6270
3317.789	6284
3319.54	6329
3321.289	6240
3323.039	6258
3324.789	6144
3326.539	6370
3328.288	6190
3330.035	6146
3331.783	6121
3333.531	6289
3335.28	6294
3337.025	6152
3338.771	6277
3340.518	6200
3342.262	6154
3344.009	6186
3345.753	6175
3347.497	6156
3349.24	6136
3350.983	6169
3352.726	6136
3354.469	6174
3356.212	6086
3357.952	6086
3359.694	6122
3361.434	6129
3363.176	6056
3364.916	6072
3366.654	6122
3368.394	6004
3370.132	6100
3371.871	6038
3373.61	6130
3375.346	6011
3377.083	6075
3378.82	6140
3380.556	6003
3382.292	6021
3384.027	5964
3385.763	5984
3387.497	5923
3389.231	6045
3390.965	6062
3392.698	6081
3394.431	5865
3396.164	6012
3397.896	6028
3399.627	6004
3401.36	6080
3403.09	5977
3404.82	5891
3406.55	6005
3408.279	5946
3410.01	5903
3411.738	6038
3413.467	5859
3415.194	5869
3416.92	5930
3418.647	5867
3420.375	5944
3422.102	5839
3423.827	5859
3425.553	5810
3427.277	5828
3429.003	5917
3430.727	5839
3432.451	5875
3434.173	5903
3435.896	5814
3437.62	5892
3439.343	5852
3441.063	5854
3442.785	5901
3444.505	5714
3446.226	5882
3447.948	5814
3449.666	5828
3451.386	5778
3453.104	5758
3454.823	5811
3456.541	5709
3458.259	5828
3459.976	5739
3461.693	5753
3463.408	5767
3465.125	5595
3466.841	5744
3468.556	5764
3470.271	5676
3471.985	5705
3473.698	5653
3475.414	5727
3477.126	5581
3478.838	5649
3480.55	5630
3482.263	5590
3483.975	5697
3485.686	5641
3487.396	5586
3489.106	5697
3490.817	5504
3492.526	5543
3494.236	5603
3495.944	5576
3497.652	5592
3499.359	5550
3501.066	5536
3502.775	5485
3504.481	5550
3506.187	5545
3507.893	5629
3509.598	5492
3511.304	5559
3513.009	5569
3514.713	5518
3516.417	5547
3518.12	5431
3519.821	5483
3521.525	5485
3523.228	5520
3524.929	5569
3526.631	5448
3528.33	5427
3530.032	5475
3531.733	5484
3533.433	5391
3535.131	5434
3536.83	5453
3538.529	5314
3540.227	5383
3541.925	5375
3543.623	5465
3545.319	5371
3547.016	5303
3548.712	5263
3550.408	5306
3552.103	5330
3553.798	5340
3555.491	5404
3557.188	5360
3558.88	5374
3560.574	5300
3562.266	5335
3563.959	5326
3565.651	5278
3567.343	5390
3569.035	5260
3570.725	5286
3572.415	5288
3574.106	5272
3575.797	5278
3577.485	5240
3579.174	5344
3580.863	5287
3582.551	5315
3584.238	5273
3585.926	5336
3587.613	5188
3589.3	5218
3590.986	5114
3592.671	5187
3594.357	5122
3596.042	5174
3597.726	5030
3599.41	5239
3601.094	5156
3602.778	5187
3604.461	5148
3606.143	5145
3607.825	5128
3609.507	5221
3611.188	5121
3612.87	5084
3614.551	5167
3616.229	5095
3617.909	5135
3619.589	5080
3621.269	5084
3622.948	5073
3624.625	5125
3626.302	5140
3627.98	5049
3629.657	5079
3631.334	5033
3633.01	5013
3634.686	5090
3636.361	4996
3638.036	5039
3639.712	4878
3641.385	4960
3643.06	4915
3644.732	5055
3646.405	4964
3648.08	4989
3649.751	5016
3651.424	4983
3653.094	4916
3654.766	4937
3656.436	4956
3658.106	4976
3659.777	4997
3661.446	4956
3663.115	4980
3664.783	4829
3666.452	4885
3668.121	4951
3669.788	4865
3671.454	4873
3673.121	4933
3674.789	4819
3676.455	4904
3678.12	4930
3679.784	4898
3681.45	4891
3683.114	4813
3684.779	4958
3686.442	4876
3688.105	4887
3689.768	4815
3691.43	4920
3693.093	4807
3694.754	4795
3696.415	4819
3698.076	4885
3699.736	4849
3701.396	4757
3703.057	4850
3704.716	4938
3706.375	4802
3708.034	4774
3709.692	4851
3711.351	4837
3713.008	4827
3714.665	4824
3716.321	4807
3717.977	4816
3719.634	4748
3721.29	4802
3722.945	4722
3724.598	4783
3726.253	4823
3727.907	4730
3729.561	4730
3731.214	4643
3732.867	4768
3734.518	4751
3736.171	4774
3737.824	4689
3739.474	4709
3741.125	4727
3742.775	4663
3744.425	4767
3746.074	4640
3747.725	4650
3749.373	4597
3751.022	4636
3752.669	4671
3754.318	4610
3755.966	4706
3757.612	4656
3759.259	4650
3760.905	4685
3762.55	4695
3764.197	4597
3765.842	4628
3767.486	4678
3769.131	4605
3770.774	4771
3772.417	4594
3774.061	4692
3775.705	4655
3777.347	4602
3778.988	4570
3780.629	4486
3782.271	4586
3783.912	4508
3785.552	4512
3787.192	4455
3788.831	4633
3790.472	4626
3792.112	4541
3793.75	4506
3795.388	4505
3797.024	4588
3798.661	4560
3800.3	4566
3801.936	4519
3803.572	4491
3805.208	4520
3806.844	4593
3808.48	4507
3810.115	4605
3811.748	4484
3813.382	4506
3815.016	4517
3816.649	4486
3818.283	4403
3819.914	4457
3821.547	4500
3823.178	4474
3824.809	4419
3826.441	4397
3828.072	4422
3829.701	4530
3831.331	4398
3832.96	4411
3834.591	4396
3836.219	4456
3837.847	4431
3839.475	4330
3841.102	4380
3842.729	4374
3844.357	4450
3845.984	4331
3847.609	4440
3849.234	4437
3850.86	4365
3852.485	4373
3854.11	4273
3855.734	4371
3857.357	4319
3858.981	4394
3860.603	4348
3862.227	4292
3863.848	4324
3865.471	4369
3867.092	4410
3868.713	4369
3870.334	4341
3871.954	4360
3873.575	4259
3875.194	4314
3876.813	4291
3878.433	4287
3880.051	4245
3881.669	4273
3883.286	4298
3884.904	4272
3886.52	4297
3888.138	4280
3889.754	4283
3891.37	4244
3892.985	4328
3894.6	4306
3896.216	4307
3897.831	4318
3899.444	4254
3901.058	4268
3902.67	4288
3904.283	4384
3905.897	4311
3907.509	4365
3909.121	4300
3910.731	4219
3912.342	4308
3913.954	4238
3915.563	4298
3917.174	4277
3918.783	4264
3920.391	4263
3922.002	4298
3923.611	4258
3925.218	4255
3926.826	4218
3928.432	4167
3930.039	4228
3931.647	4247
3933.253	4169
3934.859	4278
3936.464	4186
3938.068	4199
3939.675	4284
3941.278	4174
3942.883	4230
3944.486	4213
3946.089	4178
3947.692	4198
3949.295	4103
3950.898	4120
3952.499	4171
3954.1	4220
3955.7	4121
3957.303	4130
3958.903	4095
3960.502	4126
3962.101	4176
3963.7	4166
3965.301	4105
3966.899	4050
3968.497	4042
3970.094	4078
3971.691	4063
3973.288	4058
3974.885	4159
3976.481	4085
3978.077	4212
3979.672	4071
3981.267	4034
3982.863	4073
3984.457	4043
3986.051	4028
3987.645	4004
3989.238	4014
3990.831	4052
3992.425	3964
3994.017	4046
3995.607	4046
3997.199	3958
3998.79	3894
4000.382	3984
4001.973	3996
4003.561	3993
4005.151	3890
4006.741	3984
4008.331	3901
4009.918	4066
4011.507	3934
4013.095	3940
4014.681	3973
4016.269	3906
4017.856	3995
4019.443	3904
4021.028	3864
4022.614	3979
4024.199	3979
4025.785	3963
4027.37	3863
4028.953	3868
4030.536	3828
4032.12	3889
4033.704	3820
4035.287	3863
4036.869	3940
4038.45	3866
4040.032	3746
4041.613	3829
4043.195	3809
4044.776	3873
4046.356	3868
4047.935	3799
4049.515	3973
4051.095	3849
4052.674	3853
4054.251	3779
4055.829	3804
4057.406	3771
4058.985	3795
4060.562	3688
4062.139	3755
4063.715	3809
4065.29	3863
4066.865	3829
4068.442	3781
4070.016	3760
4071.59	3772
4073.164	3778
4074.738	3859
4076.312	3792
4077.885	3722
4079.458	3777
4081.03	3707
4082.602	3767
4084.173	3747
4085.745	3692
4087.315	3787
4088.886	3719
4090.456	3723
4092.026	3798
4093.596	3764
4095.165	3791
4096.734	3687
4098.301	3770
4099.869	3816
4101.437	3668
4103.006	3653
4104.572	3785
4106.139	3711
4107.704	3676
4109.27	3695
4110.837	3653
4112.401	3746
4113.966	3759
4115.53	3675
4117.094	3646
4118.659	3626
4120.223	3678
4121.785	3669
4123.347	3641
4124.909	3653
4126.471	3585
4128.034	3607
4129.595	3601
4131.155	3753
4132.716	3681
4134.275	3624
4135.836	3609
4137.395	3609
4138.955	3599
4140.513	3625
4142.071	3566
4143.628	3563
4145.188	3571
4146.745	3564
4148.302	3516
4149.858	3527
4151.414	3520
4152.971	3599
4154.526	3510
4156.081	3546
4157.635	3481
4159.189	3574
4160.745	3518
4162.298	3531
4163.852	3499
4165.405	3530
4166.957	3585
4168.51	3542
4170.063	3534
4171.614	3413
4173.166	3480
4174.717	3466
4176.267	3518
4177.817	3491
4179.368	3493
4180.917	3439
4182.466	3529
4184.016	3484
4185.564	3434
4187.112	3425
4188.66	3476
4190.207	3373
4191.754	3449
4193.301	3463
4194.848	3399
4196.394	3535
4197.94	3385
4199.484	3391
4201.03	3475
4202.575	3391
4204.12	3427
4205.663	3476
4207.207	3353
4208.75	3408
4210.292	3370
4211.836	3491
4213.378	3363
4214.92	3394
4216.46	3390
4218.002	3438
4219.544	3380
4221.083	3386
4222.625	3468
4224.164	3409
4225.703	3367
4227.244	3384
4228.782	3329
4230.32	3351
4231.857	3344
4233.395	3427
4234.933	3294
4236.471	3331
4238.007	3355
4239.542	3321
4241.078	3375
4242.614	3342
4244.15	3396
4245.685	3315
4247.219	3329
4248.753	3239
4250.287	3272
4251.82	3300
4253.354	3212
4254.887	3256
4256.419	3403
4257.951	3266
4259.483	3285
4261.016	3303
4262.547	3223
4264.078	3272
4265.608	3318
4267.137	3255
4268.668	3270
4270.197	3282
4271.727	3390
4273.254	3219
4274.783	3258
4276.311	3234
4277.84	3244
4279.366	3250
4280.894	3259
4282.42	3184
4283.946	3246
4285.473	3258
4286.998	3219
4288.523	3227
4290.047	3252
4291.572	3221
4293.096	3317
4294.622	3234
4296.144	3316
4297.668	3216
4299.19	3241
4300.713	3183
4302.236	3234
4303.758	3248
4305.279	3233
4306.799	3171
4308.321	3286
4309.842	3248
4311.361	3160
4312.882	3182
4314.401	3156
