400.0961	5164
402.6185	5256
405.1424	5180
407.6635	5180
410.1838	5239
412.7035	5312
415.2225	5279
417.7388	5335
420.2585	5370
422.7754	5463
425.2917	5447
427.8072	5426
430.3221	5563
432.8363	5490
435.3498	5476
437.8626	5624
440.3727	5574
442.8841	5586
445.3969	5488
447.907	5517
450.4142	5592
452.9229	5611
455.4289	5560
457.9362	5541
460.4449	5559
462.9488	5586
465.454	5571
467.9566	5435
470.4604	5663
472.9637	5564
475.4662	5546
477.966	5538
480.4671	5523
482.9656	5596
485.4633	5529
487.9645	5658
490.4608	5737
492.9566	5636
495.4536	5663
497.948	5745
500.4437	5645
502.9387	5829
505.431	5810
507.9226	5657
510.4136	5719
512.9079	5670
515.3975	5738
517.8864	5839
520.3746	5713
522.8622	5817
525.3491	5678
527.8394	5777
530.3249	5790
532.8098	5761
535.2939	5778
537.7774	5840
540.2623	5813
542.7444	5813
545.2259	5800
547.7067	5838
550.1868	5842
552.6683	5853
555.147	5766
557.6231	5893
560.1005	5876
562.5773	5808
565.0534	5985
567.5308	5951
570.0056	5919
572.4776	5961
574.951	6010
577.4237	5938
579.8978	5938
582.3671	6089
584.8378	6012
587.3079	6088
589.7773	6032
592.244	6118
594.714	6054
597.1793	6013
599.6461	5990
602.1121	5847
604.5754	6056
607.0421	6049
609.5042	5976
611.9675	5954
614.4282	6135
616.8902	6107
619.3515	6032
621.8122	6100
624.2702	6039
626.7296	5996
629.1863	5959
631.6423	5951
634.1017	5960
636.5563	5923
639.0104	5972
641.4658	6066
643.9185	6065
646.3725	6093
648.8239	5934
651.2766	6045
653.7266	6099
656.176	6172
658.6247	6091
661.0748	6162
663.5242	6078
665.9709	6150
668.417	6097
670.8624	6173
673.3092	6145
675.7533	6162
678.1968	6254
680.6395	6111
683.0817	6252
685.5251	6220
687.9659	6259
690.4061	6222
692.8456	6304
695.2844	6120
697.7226	6180
700.1621	6261
702.599	6111
705.0332	6255
707.4688	6279
709.9036	6312
712.3399	6259
714.7735	6326
717.2044	6309
719.6367	6386
722.0683	6302
724.4993	6351
726.9296	6319
729.3593	6328
731.7883	6457
734.2147	6490
736.6423	6516
739.0714	6572
741.4958	6461
743.9216	6477
746.3447	6577
748.7691	6455
751.1929	6560
753.616	6542
756.0366	6576
758.4584	6669
760.8776	6642
763.2982	6773
765.718	6704
768.1373	6650
770.5539	6751
772.9698	6703
775.3871	6747
777.8038	6706
780.2178	6763
782.6332	6720
785.0459	6716
787.458	6639
789.8714	6603
792.2842	6686
794.6943	6816
797.1038	6678
799.5127	6596
801.9209	6712
804.3324	6818
806.7393	6765
809.1456	6780
811.5513	6732
813.9562	6732
816.3625	6648
818.7663	6775
821.1693	6907
823.5718	6733
825.9735	6840
828.3746	6879
830.7771	6748
833.177	6838
835.5762	6769
837.9747	6829
840.3727	6896
842.772	6864
845.1666	6708
847.5626	6858
849.958	6938
852.3527	6981
854.7488	7000
857.1403	7096
859.5331	6984
861.9253	7059
864.3168	6880
866.7057	6878
869.098	7012
871.4876	6873
873.8746	6877
876.263	6955
878.6487	6891
881.0378	6894
883.4243	6933
885.8081	6934
888.1933	6962
890.5759	6896
892.9598	6893
895.343	6923
897.7256	7014
900.1057	6910
902.4871	6980
904.8659	6997
907.246	7010
909.6254	7036
912.0023	7070
914.3786	7205
916.7562	7363
919.1331	7230
921.5074	7205
923.8831	7283
926.2562	7294
928.6287	7429
931.0005	7387
933.3757	7420
935.7462	7397
938.1162	7439
940.4855	7588
942.8542	7504
945.2242	7444
947.5916	7702
949.9584	7883
952.3266	7993
954.6921	8176
957.0571	8619
959.4233	8938
961.787	8975
964.15	8948
966.5125	8819
968.8742	8378
971.2354	8010
973.5959	7958
975.9559	7482
978.3151	7656
980.6738	7286
983.0338	7307
985.3912	7263
987.7461	7219
990.1022	7240
992.4578	7276
994.8127	7291
997.1689	7247
999.5207	7214
1001.874	7216
1004.226	7262
1006.576	7218
1008.929	7099
1011.28	7217
1013.628	7297
1015.977	7266
1018.324	7155
1020.674	7188
1023.019	7328
1025.366	7267
1027.713	7264
1030.056	7369
1032.399	7322
1034.746	7228
1037.087	7285
1039.431	7284
1041.771	7359
1044.113	7283
1046.454	7459
1048.793	7421
1051.133	7262
1053.471	7326
1055.807	7408
1058.146	7506
1060.483	7336
1062.818	7536
1065.153	7506
1067.489	7570
1069.822	7598
1072.156	7619
1074.488	7581
1076.82	7613
1079.15	7397
1081.48	7412
1083.814	7486
1086.143	7473
1088.471	7417
1090.799	7329
1093.126	7382
1095.452	7356
1097.78	7469
1100.105	7472
1102.43	7486
1104.754	7415
1107.077	7419
1109.4	7455
1111.722	7338
1114.044	7357
1116.365	7426
1118.685	7346
1121.005	7418
1123.324	7379
1125.643	7385
1127.961	7501
1130.278	7442
1132.595	7428
1134.911	7300
1137.226	7448
1139.541	7348
1141.854	7485
1144.167	7392
1146.482	7430
1148.793	7319
1151.105	7491
1153.414	7590
1155.725	7338
1158.033	7431
1160.344	7315
1162.651	7442
1164.959	7494
1167.265	7497
1169.572	7368
1171.878	7415
1174.184	7466
1176.488	7499
1178.79	7591
1181.094	7507
1183.396	7558
1185.699	7404
1188.001	7526
1190.301	7444
1192.6	7378
1194.9	7449
1197.2	7426
1199.497	7446
1201.794	7564
1204.09	7376
1206.387	7458
1208.684	7469
1210.978	7424
1213.272	7447
1215.565	7399
1217.858	7555
1220.15	7521
1222.443	7484
1224.734	7562
1227.024	7575
1229.313	7616
1231.602	7584
1233.892	7623
1236.18	7723
1238.467	7756
1240.754	7784
1243.04	7698
1245.325	7703
1247.612	7801
1249.896	7694
1252.178	7735
1254.461	7831
1256.743	7700
1259.027	7695
1261.308	7713
1263.587	7793
1265.867	7784
1268.146	7799
1270.425	7824
1272.703	7773
1274.981	7671
1277.256	7831
1279.532	7721
1281.808	7709
1284.083	7656
1286.358	7707
1288.63	7726
1290.904	7580
1293.175	7722
1295.449	7680
1297.719	7651
1299.99	7683
1302.259	7574
1304.529	7473
1306.798	7730
1309.065	7686
1311.333	7604
1313.599	7638
1315.866	7576
1318.131	7711
1320.396	7605
1322.66	7673
1324.925	7671
1327.187	7603
1329.448	7611
1331.711	7752
1333.974	7766
1336.234	7678
1338.493	7654
1340.752	7587
1343.01	7609
1345.269	7727
1347.526	7631
1349.784	7654
1352.04	7649
1354.295	7643
1356.552	7512
1358.806	7663
1361.059	7660
1363.312	7463
1365.564	7764
1367.818	7613
1370.069	7627
1372.318	7716
1374.568	7684
1376.817	7590
1379.066	7717
1381.316	7741
1383.564	7767
1385.809	7736
1388.056	7640
1390.301	7822
1392.549	7752
1394.793	7860
1397.036	7933
1399.279	7935
1401.522	7941
1403.763	7962
1406.007	7816
1408.248	7973
1410.487	7980
1412.727	7889
1414.965	7886
1417.205	7783
1419.442	7891
1421.68	7784
1423.915	7984
1426.152	7932
1428.388	7862
1430.623	7811
1432.857	8031
1435.091	8042
1437.323	7955
1439.556	7970
1441.789	8090
1444.019	7957
1446.25	7969
1448.48	8139
1450.708	8124
1452.938	8021
1455.167	8189
1457.394	8087
1459.62	8176
1461.846	7968
1464.073	8058
1466.299	8033
1468.523	7991
1470.746	7944
1472.969	7983
1475.191	7919
1477.415	7826
1479.636	7792
1481.858	7770
1484.078	7807
1486.298	7854
1488.518	7742
1490.736	7704
1492.954	7650
1495.169	7709
1497.386	7770
1499.602	7808
1501.819	7831
1504.034	7711
1506.248	7709
1508.462	7671
1510.675	7779
1512.888	7649
1515.1	7653
1517.311	7678
1519.522	7636
1521.732	7562
1523.942	7595
1526.151	7624
1528.36	7643
1530.566	7680
1532.773	7659
1534.98	7731
1537.187	7696
1539.392	7647
1541.596	7734
1543.801	7642
1546.005	7586
1548.208	7651
1550.411	7756
1552.612	7732
1554.814	7819
1557.013	7749
1559.212	7803
1561.414	7896
1563.612	7901
1565.811	7764
1568.007	7824
1570.203	7928
1572.403	7785
1574.598	7884
1576.792	7940
1578.988	7903
1581.181	7824
1583.376	7941
1585.568	7847
1587.761	7955
1589.952	7924
1592.143	7881
1594.333	7931
1596.524	7906
1598.715	8000
1600.903	7958
1603.091	7876
1605.278	8073
1607.466	7853
1609.652	7963
1611.838	8111
1614.023	7896
1616.207	7953
1618.391	7988
1620.576	7905
1622.759	8009
1624.941	8079
1627.123	8060
1629.304	8026
1631.484	8021
1633.664	8089
1635.844	8046
1638.022	7943
1640.201	8079
1642.38	7936
1644.556	7925
1646.732	8112
1648.908	8112
1651.084	8095
1653.257	7959
1655.433	8091
1657.607	8120
1659.779	8185
1661.951	7991
1664.122	8092
1666.295	8139
1668.467	8117
1670.635	8115
1672.805	8301
1674.973	8058
1677.142	8083
1679.31	8225
1681.478	8126
1683.644	8104
1685.81	8037
1687.975	8012
1690.142	8131
1692.305	8007
1694.468	8077
1696.632	7977
1698.794	8065
1700.957	7835
1703.119	7893
1705.279	7967
1707.439	8044
1709.598	7844
1711.758	7963
1713.917	7919
1716.075	7944
1718.231	8026
1720.388	7870
1722.543	7931
1724.702	7804
1726.856	7922
1729.01	7922
1731.164	7863
1733.317	7872
1735.471	7983
1737.623	7961
1739.774	7833
1741.925	8033
1744.075	7841
1746.225	7933
1748.376	7824
1750.524	7959
1752.672	7919
1754.82	7928
1756.965	7911
1759.113	7972
1761.259	7911
1763.405	7976
1765.549	7870
1767.694	7994
1769.836	7882
1771.981	8087
1774.123	7930
1776.264	7943
1778.405	7875
1780.546	7964
1782.687	7920
1784.827	7906
1786.966	7891
1789.103	7956
1791.242	7917
1793.381	7969
1795.517	7947
1797.653	8050
1799.788	7965
1801.923	7956
1804.057	7916
1806.193	7942
1808.326	8033
1810.457	8009
1812.59	7944
1814.721	8047
1816.855	7876
1818.984	7964
1821.113	8079
1823.244	7909
1825.372	8085
1827.499	7893
1829.63	7869
1831.756	7966
1833.882	7860
1836.007	7948
1838.132	7816
1840.26	7989
1842.384	8006
1844.507	7985
1846.63	7787
1848.752	7919
1850.875	7940
1852.996	7802
1855.118	7781
1857.238	7808
1859.358	7984
1861.477	7968
1863.597	7860
1865.715	7786
1867.832	7841
1869.948	7923
1872.064	7831
1874.181	7943
1876.297	7892
1878.411	7866
1880.526	7838
1882.639	8017
1884.752	7870
1886.865	7883
1888.977	7879
1891.089	7929
1893.2	7873
1895.308	7828
1897.42	7828
1899.53	7882
1901.639	7940
1903.745	7912
1905.853	7879
1907.962	7959
1910.067	7954
1912.174	7953
1914.278	8000
1916.383	7897
1918.486	7903
1920.592	8057
1922.694	7939
1924.797	8038
1926.898	7814
1929	8002
1931.102	8124
1933.203	8055
1935.301	8007
1937.401	7935
1939.499	7922
1941.598	8001
1943.697	7994
1945.793	7982
1947.888	8070
1949.985	8044
1952.08	8089
1954.176	8085
1956.269	7984
1958.364	7971
1960.457	8034
1962.549	8028
1964.642	8000
1966.733	8045
1968.823	8058
1970.913	7944
1973.005	7977
1975.093	8052
1977.184	7953
1979.271	7862
1981.359	7945
1983.446	7857
1985.532	8067
1987.619	8072
1989.705	7952
1991.789	7815
1993.874	7870
1995.956	7970
1998.041	7944
2000.123	7915
2002.206	7870
2004.287	7897
2006.368	7931
2008.449	7927
2010.529	7831
2012.609	7911
2014.688	7854
2016.766	7817
2018.843	8067
2020.922	7897
2022.999	7800
2025.074	7837
2027.15	7911
2029.225	7943
2031.299	7967
2033.375	7911
2035.447	7907
2037.52	7867
2039.592	7959
2041.664	7896
2043.736	7994
2045.807	7883
2047.876	7932
2049.947	7881
2052.015	7957
2054.086	7924
2056.153	7905
2058.221	7912
2060.288	7960
2062.353	7833
2064.42	7874
2066.486	7874
2068.55	8017
2070.614	7879
2072.678	8028
2074.741	7885
2076.805	7912
2078.866	7955
2080.929	7874
2082.99	7897
2085.049	7945
2087.109	7952
2089.17	7907
2091.228	7917
2093.286	8023
2095.344	8023
2097.4	8001
2099.46	7876
2101.516	7841
2103.572	8024
2105.626	7952
2107.679	7920
2109.735	7861
2111.788	7944
2113.841	7886
2115.894	7984
2117.945	7986
2119.997	7861
2122.049	7862
2124.1	7868
2126.148	7744
2128.197	7913
2130.246	7838
2132.296	7903
2134.342	7842
2136.39	7885
2138.437	7882
2140.483	7793
2142.527	7960
2144.574	7937
2146.619	7907
2148.661	7983
2150.705	7852
2152.747	7776
2154.792	7895
2156.832	7869
2158.874	7817
2160.915	7811
2162.954	7678
2164.995	7685
2167.034	7748
2169.072	7729
2171.111	7919
2173.148	7777
2175.186	7802
2177.223	7713
2179.258	7679
2181.294	7949
2183.328	7790
2185.362	7766
2187.398	7635
2189.431	7769
2191.463	7718
2193.495	7728
2195.528	7784
2197.56	7670
2199.59	7763
2201.62	7613
2203.649	7546
2205.678	7632
2207.708	7754
2209.737	7727
2211.764	7774
2213.791	7586
2215.817	7755
2217.843	7754
2219.87	7626
2221.895	7861
2223.919	7627
2225.942	7620
2227.966	7706
2229.988	7702
2232.012	7519
2234.032	7592
2236.054	7623
2238.074	7611
2240.095	7748
2242.116	7717
2244.135	7852
2246.153	7621
2248.171	7721
2250.188	7651
2252.208	7630
2254.223	7615
2256.239	7700
2258.255	7715
2260.269	7654
2262.283	7662
2264.3	7643
2266.312	7572
2268.325	7612
2270.336	7688
2272.349	7690
2274.362	7740
2276.372	7614
2278.383	7673
2280.392	7634
2282.402	7693
2284.409	7658
2286.418	7617
2288.427	7729
2290.433	7638
2292.441	7673
2294.446	7629
2296.453	7629
2298.459	7616
2300.463	7674
2302.466	7763
2304.471	7600
2306.475	7780
2308.477	7614
2310.478	7635
2312.481	7652
2314.481	7557
2316.481	7665
2318.482	7637
2320.482	7558
2322.48	7527
2324.48	7477
2326.478	7607
2328.476	7481
2330.473	7552
2332.469	7627
2334.465	7476
2336.46	7535
2338.454	7403
2340.45	7517
2342.444	7470
2344.437	7659
2346.43	7479
2348.421	7539
2350.414	7536
2352.405	7480
2354.396	7321
2356.386	7444
2358.376	7471
2360.366	7533
2362.355	7486
2364.343	7404
2366.331	7357
2368.317	7431
2370.304	7386
2372.292	7488
2374.278	7368
2376.262	7445
2378.247	7496
2380.23	7329
2382.216	7508
2384.199	7457
2386.181	7315
2388.163	7436
2390.144	7373
2392.127	7425
2394.107	7454
2396.087	7364
2398.066	7456
2400.046	7485
2402.023	7429
2404.004	7325
2405.981	7432
2407.957	7369
2409.934	7305
2411.91	7284
2413.886	7379
2415.862	7333
2417.836	7313
2419.809	7363
2421.784	7250
2423.756	7318
2425.73	7367
2427.701	7418
2429.672	7343
2431.644	7335
2433.615	7405
2435.586	7238
2437.555	7338
2439.523	7264
2441.491	7283
2443.459	7376
2445.428	7357
2447.395	7299
2449.361	7368
2451.327	7270
2453.292	7347
2455.257	7389
2457.223	7314
2459.187	7284
2461.15	7288
2463.113	7323
2465.076	7306
2467.039	7310
2468.999	7327
2470.96	7267
2472.921	7230
2474.881	7345
2476.841	7268
2478.8	7362
2480.759	7404
2482.717	7217
2484.675	7187
2486.63	7142
2488.589	7229
2490.545	7267
2492.5	7119
2494.455	7244
2496.408	7131
2498.364	7148
2500.318	7260
2502.27	7259
2504.223	7172
2506.174	7170
2508.126	7179
2510.078	7230
2512.03	7176
2513.979	7204
2515.927	7274
2517.877	7049
2519.826	7244
2521.775	7277
2523.722	7092
2525.668	7248
2527.616	7083
2529.561	7239
2531.508	7149
2533.452	7143
2535.398	7157
2537.342	7227
2539.284	7180
2541.229	7165
2543.173	7041
2545.114	7095
2547.055	7191
2548.996	7192
2550.938	7086
2552.878	7097
2554.817	7205
2556.756	7227
2558.695	7105
2560.633	7192
2562.572	7188
2564.509	7106
2566.445	7211
2568.382	7058
2570.317	6995
2572.254	7083
2574.189	7162
2576.123	7075
2578.057	7163
2579.99	7120
2581.923	7136
2583.855	7077
2585.788	7080
2587.719	7073
2589.65	7181
2591.579	7202
2593.511	7048
2595.44	7264
2597.37	7168
2599.297	7099
2601.225	7079
2603.153	7082
2605.08	7235
2607.007	7211
2608.932	7159
2610.858	7158
2612.782	7119
2614.709	7156
2616.632	7100
2618.556	7073
2620.478	7203
2622.401	7158
2624.324	7138
2626.247	7186
2628.167	7053
2630.088	7164
2632.008	7149
2633.928	7246
2635.848	7225
2637.766	7135
2639.684	7116
2641.603	7136
2643.519	7199
2645.437	7099
2647.353	7132
2649.27	7265
2651.184	7250
2653.099	7141
2655.014	7211
2656.928	7225
2658.842	7080
2660.755	7174
2662.667	7237
2664.579	7079
2666.491	7262
2668.402	7258
2670.312	7082
2672.222	7008
2674.132	7054
2676.042	7117
2677.951	7111
2679.859	7014
2681.766	7050
2683.674	7184
2685.582	6987
2687.488	7170
2689.392	7094
2691.298	6973
2693.202	7105
2695.107	7134
2697.012	7022
2698.914	7054
2700.817	6999
2702.72	6946
2704.622	7040
2706.524	6898
2708.425	6989
2710.326	7018
2712.225	6992
2714.125	6965
2716.024	6962
2717.923	7039
2719.822	7008
2721.719	6991
2723.616	7022
2725.512	6938
2727.41	6942
2729.305	6941
2731.201	6924
2733.095	7061
2734.99	6972
2736.884	6935
2738.778	6853
2740.67	6995
2742.562	6895
2744.455	6940
2746.346	6993
2748.238	6971
2750.129	6917
2752.018	6910
2753.907	7032
2755.797	6938
2757.687	6926
2759.575	6927
2761.462	6921
2763.349	6942
2765.237	6940
2767.124	6881
2769.009	6989
2770.894	6951
2772.779	6895
2774.663	6918
2776.547	6910
2778.431	6831
2780.314	6891
2782.197	6855
2784.078	6851
2785.96	6806
2787.842	6881
2789.723	6907
2791.603	6943
2793.483	6827
2795.362	6776
2797.241	6859
2799.121	6839
2800.997	6916
2802.874	6932
2804.751	6778
2806.628	6940
2808.506	6849
2810.38	6918
2812.255	6841
2814.13	6890
2816.003	6908
2817.878	6848
2819.752	6826
2821.623	6951
2823.496	6875
2825.368	6979
2827.238	6821
2829.111	6800
2830.98	6945
2832.851	6858
2834.719	6921
2836.589	6817
2838.458	6844
2840.327	6857
2842.193	6903
2844.061	6799
2845.927	6821
2847.794	6892
2849.66	6965
2851.525	6920
2853.39	6857
2855.254	7005
2857.117	7078
2858.983	6963
2860.845	6988
2862.707	6946
2864.569	6962
2866.431	7079
2868.293	7144
2870.154	7080
2872.013	7130
2873.873	7201
2875.733	7206
2877.592	7399
2879.451	7395
2881.309	7570
2883.166	7392
2885.022	7522
2886.879	7428
2888.736	7702
2890.591	7483
2892.446	7505
2894.301	7581
2896.155	7583
2898.009	7568
2899.863	7449
2901.716	7529
2903.568	7616
2905.419	7394
2907.27	7480
2909.123	7444
2910.973	7583
2912.824	7532
2914.673	7569
2916.521	7731
2918.372	7692
2920.22	7714
2922.067	7786
2923.914	7918
2925.761	7939
2927.607	7959
2929.455	7960
2931.301	7969
2933.144	8131
2934.99	8097
2936.833	8042
2938.678	8263
2940.522	8298
2942.364	8368
2944.207	8495
2946.048	8465
2947.891	8643
2949.731	8569
2951.571	8401
2953.412	8521
2955.25	8373
2957.09	8331
2958.93	8294
2960.767	8332
2962.606	8050
2964.443	8098
2966.279	8042
2968.116	7881
2969.953	7895
2971.788	7703
2973.623	7813
2975.457	7716
2977.292	7603
2979.127	7550
2980.959	7617
2982.792	7503
2984.624	7502
2986.455	7509
2988.288	7429
2990.119	7334
2991.949	7379
2993.779	7359
2995.608	7235
2997.439	7278
2999.268	7221
3001.096	7086
3002.923	6959
3004.751	7033
3006.578	7008
3008.406	6944
3010.232	6823
3012.057	6932
3013.883	6847
3015.706	6812
3017.532	6714
3019.356	6847
3021.179	6667
3023.002	6704
3024.823	6644
3026.646	6610
3028.469	6527
3030.289	6663
3032.11	6569
3033.93	6459
3035.749	6594
3037.57	6516
3039.39	6500
3041.207	6417
3043.026	6403
3044.842	6473
3046.661	6453
3048.477	6449
3050.294	6444
3052.109	6460
3053.925	6450
3055.739	6448
3057.555	6471
3059.368	6487
3061.181	6479
3062.995	6422
3064.807	6460
3066.62	6451
3068.433	6511
3070.243	6233
3072.054	6388
3073.865	6400
3075.675	6363
3077.485	6396
3079.293	6296
3081.102	6368
3082.911	6408
3084.719	6356
3086.527	6380
3088.333	6311
3090.139	6396
3091.945	6218
3093.75	6280
3095.557	6271
3097.361	6359
3099.165	6262
3100.969	6265
3102.772	6319
3104.575	6263
3106.379	6200
3108.181	6158
3109.982	6256
3111.783	6213
3113.584	6414
3115.386	6177
3117.186	6138
3118.985	6151
3120.783	6204
3122.582	6256
3124.381	6287
3126.179	6129
3127.975	6301
3129.772	6079
3131.569	6083
3133.365	6197
3135.161	6091
3136.956	6086
3138.751	6113
3140.544	6072
3142.338	6218
3144.132	6107
3145.925	6150
3147.717	6026
3149.509	6109
3151.301	6094
3153.091	6073
3154.884	6145
3156.673	6072
3158.462	6189
3160.252	6077
3162.041	6159
3163.831	6081
3165.618	6050
3167.405	6021
3169.193	6037
3170.979	6174
3172.767	6085
3174.553	6097
3176.338	6044
3178.123	5902
3179.907	6005
3181.692	5955
3183.477	5967
3185.259	6051
3187.042	6001
3188.824	6015
3190.607	6035
3192.389	5976
3194.17	6004
3195.951	5967
3197.73	5975
3199.51	5882
3201.289	6049
3203.07	5974
3204.848	5983
3206.626	5916
3208.403	6019
3210.18	5867
3211.959	5894
3213.735	5968
3215.511	5910
3217.285	5999
3219.06	5972
3220.836	5951
3222.611	6004
3224.384	5966
3226.158	5993
3227.929	5861
3229.702	5950
3231.476	5871
3233.248	5963
3235.018	5964
3236.789	5978
3238.56	5945
3240.33	5970
3242.1	6018
3243.869	5922
3245.637	5983
3247.405	5891
3249.172	5890
3250.941	5927
3252.707	5998
3254.474	6034
3256.24	5949
3258.006	5992
3259.772	5902
3261.537	5921
3263.301	5935
3265.065	5825
3266.828	5938
3268.592	6004
3270.355	5983
3272.117	5917
3273.878	5839
3275.64	5923
3277.401	5904
3279.162	5864
3280.922	5814
3282.682	5931
3284.441	5977
3286.199	5863
3287.959	5908
3289.716	5977
3291.475	5886
3293.232	5902
3294.988	5896
3296.744	5922
3298.501	5757
3300.256	6009
3302.011	5975
3303.766	5888
3305.52	5845
3307.275	5914
3309.028	5794
3310.781	5870
3312.533	5847
3314.285	5868
3316.038	5878
3317.789	5920
3319.54	5991
3321.289	5912
3323.039	5858
3324.789	5852
3326.539	5844
3328.288	5891
3330.035	5980
3331.783	5800
3333.531	5865
3335.28	5915
3337.025	5850
3338.771	5764
3340.518	5787
3342.262	5828
3344.009	5902
3345.753	5897
3347.497	5785
3349.24	5750
3350.983	5753
3352.726	5739
3354.469	5805
3356.212	5772
3357.952	5784
3359.694	5749
3361.434	5755
3363.176	5768
3364.916	5853
3366.654	5738
3368.394	5693
3370.132	5806
3371.871	5694
3373.61	5898
3375.346	5672
3377.083	5634
3378.82	5611
3380.556	5690
3382.292	5634
3384.027	5579
3385.763	5636
3387.497	5649
3389.231	5594
3390.965	5687
3392.698	5690
3394.431	5531
3396.164	5660
3397.896	5759
3399.627	5654
3401.36	5619
3403.09	5658
3404.82	5651
3406.55	5547
3408.279	5619
3410.01	5525
3411.738	5623
3413.467	5629
3415.194	5596
3416.92	5601
3418.647	5613
3420.375	5563
3422.102	5484
3423.827	5624
3425.553	5601
3427.277	5512
3429.003	5578
3430.727	5493
3432.451	5560
3434.173	5508
3435.896	5471
3437.62	5543
3439.343	5450
3441.063	5498
3442.785	5531
3444.505	5395
3446.226	5490
3447.948	5384
3449.666	5399
3451.386	5497
3453.104	5503
3454.823	5396
3456.541	5412
3458.259	5371
3459.976	5362
3461.693	5326
3463.408	5376
3465.125	5360
3466.841	5365
3468.556	5303
3470.271	5431
3471.985	5379
3473.698	5362
3475.414	5330
3477.126	5321
3478.838	5310
3480.55	5275
3482.263	5384
3483.975	5343
3485.686	5286
3487.396	5348
3489.106	5232
3490.817	5330
3492.526	5320
3494.236	5222
3495.944	5268
3497.652	5215
3499.359	5271
3501.066	5242
3502.775	5168
3504.481	5257
3506.187	5212
3507.893	5197
3509.598	5166
3511.304	5220
3513.009	5059
3514.713	5274
3516.417	5144
3518.12	5153
3519.821	5185
3521.525	5171
3523.228	5114
3524.929	4996
3526.631	5129
3528.33	5132
3530.032	5108
3531.733	5094
3533.433	5149
3535.131	5039
3536.83	5103
3538.529	5038
3540.227	5067
3541.925	5070
3543.623	5178
3545.319	5008
3547.016	5058
3548.712	4973
3550.408	5155
3552.103	4927
3553.798	5024
3555.491	4985
3557.188	5101
3558.88	4945
3560.574	4990
3562.266	5052
3563.959	4965
3565.651	4979
3567.343	4924
3569.035	4918
3570.725	4939
3572.415	4967
3574.106	4932
3575.797	4930
3577.485	5002
3579.174	4964
3580.863	4904
3582.551	4933
3584.238	4910
3585.926	4948
3587.613	4977
3589.3	4911
3590.986	4860
3592.671	4817
3594.357	4978
3596.042	4828
3597.726	4801
3599.41	4774
3601.094	4756
3602.778	4783
3604.461	4811
3606.143	4755
3607.825	4791
3609.507	4829
3611.188	4755
3612.87	4739
3614.551	4832
3616.229	4738
3617.909	4787
3619.589	4765
3621.269	4784
3622.948	4738
3624.625	4758
3626.302	4613
3627.98	4645
3629.657	4761
3631.334	4663
3633.01	4629
3634.686	4736
3636.361	4668
3638.036	4716
3639.712	4620
3641.385	4687
3643.06	4630
3644.732	4734
3646.405	4608
3648.08	4627
3649.751	4671
3651.424	4672
3653.094	4633
3654.766	4629
3656.436	4604
3658.106	4584
3659.777	4589
3661.446	4593
3663.115	4735
3664.783	4448
3666.452	4566
3668.121	4519
3669.788	4499
3671.454	4527
3673.121	4452
3674.789	4582
3676.455	4539
3678.12	4487
3679.784	4540
3681.45	4504
3683.114	4523
3684.779	4383
3686.442	4487
3688.105	4480
3689.768	4530
3691.43	4520
3693.093	4541
3694.754	4508
3696.415	4478
3698.076	4438
3699.736	4427
3701.396	4498
3703.057	4419
3704.716	4482
3706.375	4573
3708.034	4511
3709.692	4347
3711.351	4423
3713.008	4439
3714.665	4451
3716.321	4490
3717.977	4439
3719.634	4399
3721.29	4452
3722.945	4443
3724.598	4351
3726.253	4423
3727.907	4474
3729.561	4394
3731.214	4382
3732.867	4446
3734.518	4428
3736.171	4348
3737.824	4391
3739.474	4370
3741.125	4325
3742.775	4388
3744.425	4328
3746.074	4378
3747.725	4223
3749.373	4310
3751.022	4378
3752.669	4327
3754.318	4404
3755.966	4402
3757.612	4327
3759.259	4332
3760.905	4303
3762.55	4412
3764.197	4325
3765.842	4387
3767.486	4383
3769.131	4317
3770.774	4290
3772.417	4252
3774.061	4248
3775.705	4234
3777.347	4343
3778.988	4366
3780.629	4294
3782.271	4217
3783.912	4273
3785.552	4275
3787.192	4275
3788.831	4303
3790.472	4154
3792.112	4186
3793.75	4241
3795.388	4114
3797.024	4247
3798.661	4210
3800.3	4217
3801.936	4238
3803.572	4235
3805.208	4150
3806.844	4213
3808.48	4157
3810.115	4241
3811.748	4105
3813.382	4216
3815.016	4096
3816.649	4287
3818.283	4196
3819.914	4104
3821.547	4135
3823.178	4269
3824.809	4148
3826.441	4158
3828.072	4061
3829.701	4121
3831.331	4076
3832.96	4144
3834.591	4158
3836.219	4129
3837.847	4068
3839.475	4086
3841.102	4081
3842.729	4108
3844.357	4176
3845.984	4185
3847.609	3993
3849.234	4143
3850.86	4034
3852.485	3984
3854.11	4026
3855.734	3951
3857.357	4101
3858.981	4125
3860.603	4032
3862.227	4102
3863.848	4100
3865.471	4000
3867.092	4051
3868.713	3981
3870.334	3971
3871.954	4009
3873.575	3987
3875.194	4052
3876.813	4005
3878.433	4084
3880.051	4047
3881.669	3968
3883.286	4047
3884.904	3922
3886.52	4003
3888.138	4019
3889.754	4000
3891.37	4021
3892.985	3883
3894.6	4011
3896.216	4026
3897.831	3911
3899.444	3925
3901.058	3953
3902.67	3934
3904.283	3934
3905.897	3980
3907.509	3860
3909.121	3967
3910.731	3973
3912.342	4006
3913.954	3980
3915.563	3954
3917.174	3918
3918.783	3867
3920.391	3941
3922.002	3957
3923.611	3908
3925.218	3923
3926.826	3956
3928.432	3915
3930.039	3861
3931.647	3871
3933.253	3907
3934.859	3973
3936.464	3901
3938.068	3796
3939.675	3904
3941.278	3857
3942.883	3872
3944.486	3904
3946.089	3836
3947.692	3805
3949.295	3869
3950.898	3959
3952.499	3848
3954.1	3895
3955.7	3811
3957.303	3846
3958.903	3836
3960.502	3894
3962.101	3843
3963.7	3744
3965.301	3820
3966.899	3763
3968.497	3801
3970.094	3836
3971.691	3811
3973.288	3782
3974.885	3820
3976.481	3828
3978.077	3831
3979.672	3747
3981.267	3743
3982.863	3763
3984.457	3726
3986.051	3719
3987.645	3828
3989.238	3760
3990.831	3788
3992.425	3723
3994.017	3783
3995.607	3700
3997.199	3674
3998.79	3712
4000.382	3740
4001.973	3753
4003.561	3689
4005.151	3706
4006.741	3717
4008.331	3683
4009.918	3708
4011.507	3738
4013.095	3717
4014.681	3678
4016.269	3657
4017.856	3695
4019.443	3664
4021.028	3675
4022.614	3628
4024.199	3613
4025.785	3708
4027.37	3543
4028.953	3618
4030.536	3673
4032.12	3617
4033.704	3590
4035.287	3642
4036.869	3646
4038.45	3662
4040.032	3529
4041.613	3573
4043.195	3639
4044.776	3613
4046.356	3553
4047.935	3588
4049.515	3598
4051.095	3595
4052.674	3572
4054.251	3569
4055.829	3555
4057.406	3575
4058.985	3554
4060.562	3593
4062.139	3562
4063.715	3587
4065.29	3517
4066.865	3517
4068.442	3491
4070.016	3587
4071.59	3590
4073.164	3469
4074.738	3567
4076.312	3484
4077.885	3562
4079.458	3600
4081.03	3468
4082.602	3455
4084.173	3556
4085.745	3476
4087.315	3532
4088.886	3564
4090.456	3431
4092.026	3480
4093.596	3470
4095.165	3463
4096.734	3437
4098.301	3546
4099.869	3491
4101.437	3437
4103.006	3434
4104.572	3412
4106.139	3488
4107.704	3445
4109.27	3434
4110.837	3391
4112.401	3497
4113.966	3393
4115.53	3375
4117.094	3417
4118.659	3388
4120.223	3454
4121.785	3387
4123.347	3480
4124.909	3395
4126.471	3447
4128.034	3429
4129.595	3298
4131.155	3382
4132.716	3345
4134.275	3444
4135.836	3336
4137.395	3388
4138.955	3363
4140.513	3416
4142.071	3372
4143.628	3370
4145.188	3309
4146.745	3366
4148.302	3326
4149.858	3376
4151.414	3250
4152.971	3316
4154.526	3282
4156.081	3296
4157.635	3264
4159.189	3308
4160.745	3301
4162.298	3294
4163.852	3280
4165.405	3281
4166.957	3317
4168.51	3274
4170.063	3283
4171.614	3264
4173.166	3290
4174.717	3191
4176.267	3297
4177.817	3254
4179.368	3185
4180.917	3172
4182.466	3184
4184.016	3288
4185.564	3211
4187.112	3215
4188.66	3222
4190.207	3223
4191.754	3263
4193.301	3250
4194.848	3176
4196.394	3174
4197.94	3170
4199.484	3222
4201.03	3180
4202.575	3165
4204.12	3155
4205.663	3252
4207.207	3150
4208.75	3194
4210.292	3143
4211.836	3159
4213.378	3137
4214.92	3119
4216.46	3175
4218.002	3166
4219.544	3049
4221.083	3128
4222.625	3164
4224.164	3113
4225.703	3095
4227.244	3109
4228.782	3127
4230.32	3129
4231.857	3116
4233.395	3157
4234.933	3170
4236.471	3111
4238.007	3168
4239.542	3191
4241.078	3081
4242.614	3093
4244.15	3145
4245.685	3043
4247.219	3058
4248.753	3152
4250.287	3101
4251.82	3079
4253.354	3040
4254.887	3088
4256.419	3106
4257.951	3121
4259.483	3060
4261.016	3129
4262.547	3154
4264.078	3108
4265.608	3072
4267.137	3094
4268.668	3041
4270.197	2984
4271.727	3107
4273.254	3118
4274.783	3026
4276.311	3022
4277.84	2993
4279.366	3080
4280.894	3022
4282.42	3002
4283.946	3048
4285.473	3020
4286.998	3016
4288.523	3018
4290.047	2994
4291.572	3036
4293.096	3001
4294.622	3005
4296.144	2914
4297.668	2993
4299.19	2951
4300.713	2995
4302.236	2987
4303.758	2974
4305.279	3019
4306.799	2984
4308.321	3014
4309.842	2970
4311.361	3020
4312.882	2988
4314.401	2888
