400.0961	5241
402.6185	5314
405.1424	5106
407.6635	5296
410.1838	5352
412.7035	5280
415.2225	5263
417.7388	5328
420.2585	5418
422.7754	5449
425.2917	5549
427.8072	5390
430.3221	5565
432.8363	5467
435.3498	5569
437.8626	5540
440.3727	5538
442.8841	5679
445.3969	5549
447.907	5633
450.4142	5619
452.9229	5683
455.4289	5595
457.9362	5543
460.4449	5568
462.9488	5642
465.454	5568
467.9566	5611
470.4604	5452
472.9637	5483
475.4662	5567
477.966	5618
480.4671	5558
482.9656	5601
485.4633	5642
487.9645	5620
490.4608	5706
492.9566	5748
495.4536	5669
497.948	5770
500.4437	5716
502.9387	5700
505.431	5759
507.9226	5697
510.4136	5729
512.9079	5707
515.3975	5875
517.8864	5779
520.3746	5777
522.8622	5887
525.3491	5861
527.8394	5866
530.3249	5767
532.8098	5905
535.2939	5785
537.7774	5838
540.2623	5892
542.7444	5767
545.2259	5764
547.7067	5886
550.1868	5806
552.6683	5824
555.147	5861
557.6231	5899
560.1005	5991
562.5773	5949
565.0534	5872
567.5308	5983
570.0056	5914
572.4776	5915
574.951	6019
577.4237	5970
579.8978	6067
582.3671	6157
584.8378	6097
587.3079	6118
589.7773	6192
592.244	6112
594.714	6155
597.1793	6076
599.6461	6017
602.1121	6060
604.5754	6034
607.0421	6058
609.5042	5971
611.9675	6071
614.4282	6095
616.8902	6037
619.3515	6021
621.8122	6000
624.2702	5964
626.7296	6010
629.1863	6030
631.6423	6028
634.1017	6080
636.5563	5959
639.0104	6012
641.4658	6111
643.9185	6079
646.3725	6103
648.8239	6088
651.2766	6218
653.7266	6067
656.176	6203
658.6247	6063
661.0748	6191
663.5242	6160
665.9709	6262
668.417	6222
670.8624	6152
673.3092	6254
675.7533	6204
678.1968	6256
680.6395	6343
683.0817	6181
685.5251	6340
687.9659	6223
690.4061	6275
692.8456	6294
695.2844	6315
697.7226	6392
700.1621	6321
702.599	6327
705.0332	6386
707.4688	6360
709.9036	6249
712.3399	6418
714.7735	6352
717.2044	6443
719.6367	6464
722.0683	6427
724.4993	6462
726.9296	6467
729.3593	6395
731.7883	6491
734.2147	6446
736.6423	6496
739.0714	6557
741.4958	6616
743.9216	6599
746.3447	6493
748.7691	6724
751.1929	6671
753.616	6735
756.0366	6614
758.4584	6713
760.8776	6627
763.2982	6789
765.718	6698
768.1373	6778
770.5539	6748
772.9698	6751
775.3871	6753
777.8038	6808
780.2178	6816
782.6332	6635
785.0459	6855
787.458	6770
789.8714	6796
792.2842	6780
794.6943	6749
797.1038	6670
799.5127	6800
801.9209	6695
804.3324	6720
806.7393	6812
809.1456	6809
811.5513	6743
813.9562	6918
816.3625	6804
818.7663	6873
821.1693	6772
823.5718	6922
825.9735	6893
828.3746	6913
830.7771	6899
833.177	6945
835.5762	6924
837.9747	6967
840.3727	6878
842.772	6967
845.1666	6966
847.5626	7017
849.958	7083
852.3527	7115
854.7488	6936
857.1403	7117
859.5331	6994
861.9253	6960
864.3168	6970
866.7057	7026
869.098	7124
871.4876	6883
873.8746	6958
876.263	7077
878.6487	6918
881.0378	7014
883.4243	7045
885.8081	6983
888.1933	6897
890.5759	7055
892.9598	6995
895.343	6951
897.7256	7047
900.1057	6906
902.4871	7097
904.8659	6921
907.246	7079
909.6254	7145
912.0023	7122
914.3786	7098
916.7562	7201
919.1331	7211
921.5074	7509
923.8831	7398
926.2562	7378
928.6287	7318
931.0005	7379
933.3757	7385
935.7462	7370
938.1162	7270
940.4855	7403
942.8542	7558
945.2242	7446
947.5916	7558
949.9584	7697
952.3266	7917
954.6921	8060
957.0571	8450
959.4233	8511
961.787	8639
964.15	8674
966.5125	8536
968.8742	8328
971.2354	8027
973.5959	7678
975.9559	7569
978.3151	7509
980.6738	7438
983.0338	7426
985.3912	7316
987.7461	7330
990.1022	7233
992.4578	7301
994.8127	7320
997.1689	7189
999.5207	7213
1001.874	7268
1004.226	7306
1006.576	7301
1008.929	7420
1011.28	7281
1013.628	7271
1015.977	7246
1018.324	7390
1020.674	7214
1023.019	7231
1025.366	7436
1027.713	7394
1030.056	7356
1032.399	7387
1034.746	7334
1037.087	7418
1039.431	7445
1041.771	7419
1044.113	7434
1046.454	7248
1048.793	7443
1051.133	7505
1053.471	7427
1055.807	7395
1058.146	7380
1060.483	7480
1062.818	7415
1065.153	7640
1067.489	7541
1069.822	7549
1072.156	7488
1074.488	7550
1076.82	7542
1079.15	7547
1081.48	7385
1083.814	7473
1086.143	7525
1088.471	7414
1090.799	7355
1093.126	7444
1095.452	7388
1097.78	7510
1100.105	7415
1102.43	7384
1104.754	7508
1107.077	7510
1109.4	7542
1111.722	7401
1114.044	7477
1116.365	7495
1118.685	7489
1121.005	7598
1123.324	7497
1125.643	7550
1127.961	7539
1130.278	7482
1132.595	7441
1134.911	7522
1137.226	7445
1139.541	7380
1141.854	7557
1144.167	7365
1146.482	7437
1148.793	7418
1151.105	7527
1153.414	7532
1155.725	7470
1158.033	7523
1160.344	7408
1162.651	7606
1164.959	7531
1167.265	7496
1169.572	7409
1171.878	7597
1174.184	7415
1176.488	7490
1178.79	7588
1181.094	7550
1183.396	7505
1185.699	7606
1188.001	7620
1190.301	7428
1192.6	7486
1194.9	7483
1197.2	7367
1199.497	7440
1201.794	7528
1204.09	7527
1206.387	7573
1208.684	7651
1210.978	7468
1213.272	7464
1215.565	7518
1217.858	7515
1220.15	7537
1222.443	7418
1224.734	7587
1227.024	7666
1229.313	7634
1231.602	7709
1233.892	7580
1236.18	7700
1238.467	7633
1240.754	7794
1243.04	7844
1245.325	7735
1247.612	7967
1249.896	7843
1252.178	7893
1254.461	7877
1256.743	7854
1259.027	7989
1261.308	7702
1263.587	7859
1265.867	7721
1268.146	7845
1270.425	7843
1272.703	7766
1274.981	7805
1277.256	7849
1279.532	7944
1281.808	7772
1284.083	7768
1286.358	7678
1288.63	7838
1290.904	7669
1293.175	7696
1295.449	7753
1297.719	7717
1299.99	7651
1302.259	7670
1304.529	7638
1306.798	7765
1309.065	7757
1311.333	7664
1313.599	7696
1315.866	7827
1318.131	7698
1320.396	7730
1322.66	7717
1324.925	7787
1327.187	7775
1329.448	7884
1331.711	7685
1333.974	7820
1336.234	7842
1338.493	7886
1340.752	7781
1343.01	7781
1345.269	7776
1347.526	7818
1349.784	7645
1352.04	7690
1354.295	7775
1356.552	7680
1358.806	7775
1361.059	7659
1363.312	7686
1365.564	7771
1367.818	7774
1370.069	7767
1372.318	7871
1374.568	7790
1376.817	7742
1379.066	7830
1381.316	7612
1383.564	7939
1385.809	7940
1388.056	7733
1390.301	7800
1392.549	7830
1394.793	7948
1397.036	7923
1399.279	8006
1401.522	7899
1403.763	8162
1406.007	8055
1408.248	8057
1410.487	8033
1412.727	8051
1414.965	7930
1417.205	7985
1419.442	8065
1421.68	8030
1423.915	8150
1426.152	7922
1428.388	8030
1430.623	7967
1432.857	8081
1435.091	7993
1437.323	7937
1439.556	8103
1441.789	8017
1444.019	8118
1446.25	8135
1448.48	8020
1450.708	8147
1452.938	8101
1455.167	8200
1457.394	8018
1459.62	8130
1461.846	8099
1464.073	8139
1466.299	8014
1468.523	8083
1470.746	8028
1472.969	7986
1475.191	7918
1477.415	8030
1479.636	7681
1481.858	7882
1484.078	7837
1486.298	7817
1488.518	7729
1490.736	7733
1492.954	7843
1495.169	7821
1497.386	7754
1499.602	7818
1501.819	7811
1504.034	7684
1506.248	7793
1508.462	7728
1510.675	7640
1512.888	7841
1515.1	7881
1517.311	7754
1519.522	7628
1521.732	7629
1523.942	7622
1526.151	7744
1528.36	7745
1530.566	7621
1532.773	7711
1534.98	7784
1537.187	7830
1539.392	7843
1541.596	7734
1543.801	7840
1546.005	7813
1548.208	7800
1550.411	7820
1552.612	7675
1554.814	7862
1557.013	7885
1559.212	7985
1561.414	8006
1563.612	7919
1565.811	7907
1568.007	7815
1570.203	7910
1572.403	7874
1574.598	7895
1576.792	7924
1578.988	7947
1581.181	7979
1583.376	7995
1585.568	7902
1587.761	7964
1589.952	7872
1592.143	7920
1594.333	8100
1596.524	8006
1598.715	7966
1600.903	7953
1603.091	7914
1605.278	8010
1607.466	8044
1609.652	8008
1611.838	8079
1614.023	7913
1616.207	7958
1618.391	8006
1620.576	7941
1622.759	8129
1624.941	8152
1627.123	8145
1629.304	8138
1631.484	8066
1633.664	7865
1635.844	8061
1638.022	8232
1640.201	8092
1642.38	7939
1644.556	8094
1646.732	8005
1648.908	8070
1651.084	7953
1653.257	8030
1655.433	8089
1657.607	8102
1659.779	8185
1661.951	8233
1664.122	8118
1666.295	8161
1668.467	8178
1670.635	8153
1672.805	8236
1674.973	7982
1677.142	8292
1679.31	8240
1681.478	7997
1683.644	8201
1685.81	8113
1687.975	8155
1690.142	8202
1692.305	8129
1694.468	8166
1696.632	8085
1698.794	7988
1700.957	8038
1703.119	8040
1705.279	7974
1707.439	8009
1709.598	8105
1711.758	7999
1713.917	7926
1716.075	7983
1718.231	8016
1720.388	7971
1722.543	7951
1724.702	8026
1726.856	7968
1729.01	7885
1731.164	7917
1733.317	8016
1735.471	8073
1737.623	7951
1739.774	8013
1741.925	8069
1744.075	7988
1746.225	8033
1748.376	7958
1750.524	7971
1752.672	8058
1754.82	7882
1756.965	8013
1759.113	8075
1761.259	8148
1763.405	7924
1765.549	8087
1767.694	7933
1769.836	7972
1771.981	7937
1774.123	7924
1776.264	7982
1778.405	8099
1780.546	8066
1782.687	8050
1784.827	8042
1786.966	7990
1789.103	8120
1791.242	8179
1793.381	8134
1795.517	8076
1797.653	8154
1799.788	8066
1801.923	8065
1804.057	8134
1806.193	8141
1808.326	8148
1810.457	8023
1812.59	8080
1814.721	8114
1816.855	7943
1818.984	8066
1821.113	8021
1823.244	7898
1825.372	7971
1827.499	8034
1829.63	8019
1831.756	7967
1833.882	8043
1836.007	8024
1838.132	8077
1840.26	7958
1842.384	8065
1844.507	7997
1846.63	7967
1848.752	7912
1850.875	7966
1852.996	7971
1855.118	7949
1857.238	7803
1859.358	8000
1861.477	8075
1863.597	7977
1865.715	7916
1867.832	8081
1869.948	7980
1872.064	7963
1874.181	7896
1876.297	7840
1878.411	8086
1880.526	7787
1882.639	8044
1884.752	7946
1886.865	7876
1888.977	7953
1891.089	7910
1893.2	8065
1895.308	8001
1897.42	7963
1899.53	8005
1901.639	8020
1903.745	8085
1905.853	8066
1907.962	8162
1910.067	8109
1912.174	8103
1914.278	8159
1916.383	8081
1918.486	8088
1920.592	8095
1922.694	8220
1924.797	8057
1926.898	8092
1929	8116
1931.102	8122
1933.203	8218
1935.301	8102
1937.401	8104
1939.499	8158
1941.598	8131
1943.697	8155
1945.793	8060
1947.888	8183
1949.985	8245
1952.08	8094
1954.176	8136
1956.269	8038
1958.364	8195
1960.457	7982
1962.549	8177
1964.642	8052
1966.733	7993
1968.823	8229
1970.913	8100
1973.005	8169
1975.093	7978
1977.184	8026
1979.271	8094
1981.359	8237
1983.446	7902
1985.532	8099
1987.619	7981
1989.705	8103
1991.789	8082
1993.874	7987
1995.956	8033
1998.041	7992
2000.123	7985
2002.206	8070
2004.287	8041
2006.368	7917
2008.449	7997
2010.529	8081
2012.609	8073
2014.688	7958
2016.766	8008
2018.843	7978
2020.922	8014
2022.999	7995
2025.074	8015
2027.15	8091
2029.225	8019
2031.299	7994
2033.375	7900
2035.447	7935
2037.52	7923
2039.592	8039
2041.664	8048
2043.736	8148
2045.807	7989
2047.876	7922
2049.947	7925
2052.015	8090
2054.086	7958
2056.153	8005
2058.221	7996
2060.288	7905
2062.353	7868
2064.42	7865
2066.486	7974
2068.55	8061
2070.614	8115
2072.678	7974
2074.741	8008
2076.805	7927
2078.866	8014
2080.929	8044
2082.99	8093
2085.049	7951
2087.109	8118
2089.17	8056
2091.228	7998
2093.286	8093
2095.344	8038
2097.4	7902
2099.46	7914
2101.516	8049
2103.572	8079
2105.626	8008
2107.679	7895
2109.735	7915
2111.788	7975
2113.841	7937
2115.894	8035
2117.945	7952
2119.997	7933
2122.049	8020
2124.1	7947
2126.148	8062
2128.197	8016
2130.246	8003
2132.296	7790
2134.342	8012
2136.39	7943
2138.437	7972
2140.483	7967
2142.527	7834
2144.574	7872
2146.619	7817
2148.661	7976
2150.705	7942
2152.747	8062
2154.792	7878
2156.832	7865
2158.874	7890
2160.915	7908
2162.954	7945
2164.995	7873
2167.034	7913
2169.072	7978
2171.111	7948
2173.148	7825
2175.186	7992
2177.223	7707
2179.258	7778
2181.294	7867
2183.328	7894
2185.362	7759
2187.398	7799
2189.431	7862
2191.463	7718
2193.495	7717
2195.528	7814
2197.56	7798
2199.59	7747
2201.62	7736
2203.649	7669
2205.678	7642
2207.708	7792
2209.737	7837
2211.764	7821
2213.791	7768
2215.817	7783
2217.843	7693
2219.87	7742
2221.895	7678
2223.919	7584
2225.942	7729
2227.966	7788
2229.988	7660
2232.012	7699
2234.032	7791
2236.054	7817
2238.074	7706
2240.095	7774
2242.116	7749
2244.135	7698
2246.153	7635
2248.171	7660
2250.188	7779
2252.208	7663
2254.223	7738
2256.239	7691
2258.255	7701
2260.269	7815
2262.283	7670
2264.3	7603
2266.312	7743
2268.325	7666
2270.336	7739
2272.349	7704
2274.362	7716
2276.372	7688
2278.383	7723
2280.392	7671
2282.402	7703
2284.409	7680
2286.418	7718
2288.427	7657
2290.433	7747
2292.441	7750
2294.446	7628
2296.453	7688
2298.459	7673
2300.463	7620
2302.466	7631
2304.471	7642
2306.475	7740
2308.477	7713
2310.478	7789
2312.481	7689
2314.481	7666
2316.481	7722
2318.482	7602
2320.482	7570
2322.48	7667
2324.48	7595
2326.478	7678
2328.476	7542
2330.473	7552
2332.469	7504
2334.465	7622
2336.46	7577
2338.454	7558
2340.45	7565
2342.444	7544
2344.437	7621
2346.43	7598
2348.421	7570
2350.414	7607
2352.405	7570
2354.396	7452
2356.386	7490
2358.376	7603
2360.366	7526
2362.355	7415
2364.343	7577
2366.331	7385
2368.317	7524
2370.304	7394
2372.292	7483
2374.278	7495
2376.262	7478
2378.247	7526
2380.23	7467
2382.216	7550
2384.199	7446
2386.181	7390
2388.163	7535
2390.144	7459
2392.127	7463
2394.107	7569
2396.087	7480
2398.066	7399
2400.046	7390
2402.023	7441
2404.004	7406
2405.981	7445
2407.957	7393
2409.934	7483
2411.91	7375
2413.886	7368
2415.862	7397
2417.836	7344
2419.809	7469
2421.784	7435
2423.756	7220
2425.73	7401
2427.701	7435
2429.672	7425
2431.644	7461
2433.615	7402
2435.586	7362
2437.555	7338
2439.523	7335
2441.491	7413
2443.459	7465
2445.428	7386
2447.395	7344
2449.361	7421
2451.327	7428
2453.292	7462
2455.257	7367
2457.223	7381
2459.187	7349
2461.15	7319
2463.113	7263
2465.076	7313
2467.039	7352
2468.999	7318
2470.96	7348
2472.921	7321
2474.881	7312
2476.841	7364
2478.8	7309
2480.759	7335
2482.717	7249
2484.675	7434
2486.63	7287
2488.589	7214
2490.545	7219
2492.5	7266
2494.455	7258
2496.408	7382
2498.364	7233
2500.318	7248
2502.27	7315
2504.223	7261
2506.174	7287
2508.126	7260
2510.078	7201
2512.03	7174
2513.979	7268
2515.927	7227
2517.877	7351
2519.826	7213
2521.775	7263
2523.722	7188
2525.668	7142
2527.616	7262
2529.561	7204
2531.508	7187
2533.452	7236
2535.398	7175
2537.342	7150
2539.284	7158
2541.229	7230
2543.173	7228
2545.114	7265
2547.055	7190
2548.996	7190
2550.938	7214
2552.878	7242
2554.817	7158
2556.756	7240
2558.695	7287
2560.633	7195
2562.572	7138
2564.509	7292
2566.445	7337
2568.382	7186
2570.317	7184
2572.254	7186
2574.189	7201
2576.123	7235
2578.057	7183
2579.99	7173
2581.923	7191
2583.855	7157
2585.788	7099
2587.719	7176
2589.65	7252
2591.579	7068
2593.511	7134
2595.44	7205
2597.37	7203
2599.297	7241
2601.225	7237
2603.153	7064
2605.08	7164
2607.007	7305
2608.932	7127
2610.858	7210
2612.782	7146
2614.709	7108
2616.632	7258
2618.556	7109
2620.478	7235
2622.401	7159
2624.324	7230
2626.247	7138
2628.167	7189
2630.088	7138
2632.008	7098
2633.928	7171
2635.848	7116
2637.766	7091
2639.684	7198
2641.603	7114
2643.519	7247
2645.437	7196
2647.353	7152
2649.27	7186
2651.184	7133
2653.099	7203
2655.014	7187
2656.928	7202
2658.842	7159
2660.755	7093
2662.667	7087
2664.579	7219
2666.491	7231
2668.402	7256
2670.312	7150
2672.222	7166
2674.132	7209
2676.042	7059
2677.951	7079
2679.859	7190
2681.766	7120
2683.674	7119
2685.582	7083
2687.488	7135
2689.392	7046
2691.298	7164
2693.202	7164
2695.107	7009
2697.012	7092
2698.914	7108
2700.817	6881
2702.72	7132
2704.622	7065
2706.524	7091
2708.425	6945
2710.326	7093
2712.225	7066
2714.125	6868
2716.024	7017
2717.923	6962
2719.822	7005
2721.719	6937
2723.616	6957
2725.512	6986
2727.41	6925
2729.305	6925
2731.201	6870
2733.095	6931
2734.99	7096
2736.884	6922
2738.778	7008
2740.67	6974
2742.562	7118
2744.455	6929
2746.346	6918
2748.238	6938
2750.129	6927
2752.018	6914
2753.907	6972
2755.797	6962
2757.687	6967
2759.575	6946
2761.462	6845
2763.349	7032
2765.237	6870
2767.124	7026
2769.009	6959
2770.894	6937
2772.779	7010
2774.663	6972
2776.547	6939
2778.431	6786
2780.314	6910
2782.197	6985
2784.078	6818
2785.96	6834
2787.842	6966
2789.723	6873
2791.603	6944
2793.483	6878
2795.362	6881
2797.241	6894
2799.121	6860
2800.997	6824
2802.874	6777
2804.751	6816
2806.628	6886
2808.506	6805
2810.38	6830
2812.255	6972
2814.13	6835
2816.003	6800
2817.878	6985
2819.752	6846
2821.623	6931
2823.496	6800
2825.368	6730
2827.238	6932
2829.111	6929
2830.98	6862
2832.851	6920
2834.719	6848
2836.589	6822
2838.458	6934
2840.327	6853
2842.193	6808
2844.061	6768
2845.927	6797
2847.794	6938
2849.66	6903
2851.525	6985
2853.39	7096
2855.254	6756
2857.117	6888
2858.983	6979
2860.845	7071
2862.707	6991
2864.569	7059
2866.431	7012
2868.293	7074
2870.154	7171
2872.013	7198
2873.873	7105
2875.733	7197
2877.592	7231
2879.451	7270
2881.309	7277
2883.166	7336
2885.022	7482
2886.879	7376
2888.736	7439
2890.591	7491
2892.446	7512
2894.301	7539
2896.155	7324
2898.009	7409
2899.863	7365
2901.716	7302
2903.568	7347
2905.419	7455
2907.27	7473
2909.123	7479
2910.973	7405
2912.824	7502
2914.673	7688
2916.521	7684
2918.372	7556
2920.22	7627
2922.067	7716
2923.914	7742
2925.761	7814
2927.607	7836
2929.455	7858
2931.301	7856
2933.144	7799
2934.99	8051
2936.833	7989
2938.678	8222
2940.522	8170
2942.364	8184
2944.207	8204
2946.048	8248
2947.891	8339
2949.731	8293
2951.571	8411
2953.412	8349
2955.25	8251
2957.09	8212
2958.93	8177
2960.767	8114
2962.606	8000
2964.443	7917
2966.279	7845
2968.116	7823
2969.953	7633
2971.788	7688
2973.623	7590
2975.457	7629
2977.292	7473
2979.127	7470
2980.959	7384
2982.792	7489
2984.624	7283
2986.455	7273
2988.288	7258
2990.119	7214
2991.949	7233
2993.779	7048
2995.608	7230
2997.439	7079
2999.268	7121
3001.096	6975
3002.923	7020
3004.751	7040
3006.578	6952
3008.406	6783
3010.232	6796
3012.057	6819
3013.883	6684
3015.706	6721
3017.532	6737
3019.356	6737
3021.179	6596
3023.002	6565
3024.823	6525
3026.646	6684
3028.469	6468
3030.289	6547
3032.11	6448
3033.93	6552
3035.749	6457
3037.57	6532
3039.39	6453
3041.207	6436
3043.026	6419
3044.842	6496
3046.661	6394
3048.477	6499
3050.294	6398
3052.109	6363
3053.925	6426
3055.739	6359
3057.555	6318
3059.368	6415
3061.181	6451
3062.995	6434
3064.807	6457
3066.62	6370
3068.433	6425
3070.243	6412
3072.054	6364
3073.865	6365
3075.675	6293
3077.485	6372
3079.293	6357
3081.102	6328
3082.911	6270
3084.719	6209
3086.527	6239
3088.333	6286
3090.139	6387
3091.945	6158
3093.75	6300
3095.557	6225
3097.361	6158
3099.165	6310
3100.969	6252
3102.772	6313
3104.575	6239
3106.379	6258
3108.181	6204
3109.982	6243
3111.783	6169
3113.584	6165
3115.386	6240
3117.186	6244
3118.985	6058
3120.783	6079
3122.582	6082
3124.381	6064
3126.179	6091
3127.975	6143
3129.772	6137
3131.569	6217
3133.365	6133
3135.161	6012
3136.956	6101
3138.751	6031
3140.544	6064
3142.338	6180
3144.132	6002
3145.925	6117
3147.717	5972
3149.509	5956
3151.301	6111
3153.091	6059
3154.884	5981
3156.673	5957
3158.462	6046
3160.252	6095
3162.041	5980
3163.831	6074
3165.618	6060
3167.405	6044
3169.193	6094
3170.979	5962
3172.767	5947
3174.553	6020
3176.338	5990
3178.123	5879
3179.907	5944
3181.692	5992
3183.477	5972
3185.259	5998
3187.042	5944
3188.824	5898
3190.607	5922
3192.389	5970
3194.17	5995
3195.951	5982
3197.73	5999
3199.51	5909
3201.289	5852
3203.07	5949
3204.848	5891
3206.626	5886
3208.403	5918
3210.18	5936
3211.959	5964
3213.735	5793
3215.511	5958
3217.285	5876
3219.06	5926
3220.836	5904
3222.611	5878
3224.384	6032
3226.158	5852
3227.929	5831
3229.702	5877
3231.476	5881
3233.248	5821
3235.018	5983
3236.789	6025
3238.56	5832
3240.33	5822
3242.1	5881
3243.869	5934
3245.637	5904
3247.405	5774
3249.172	5859
3250.941	5878
3252.707	5863
3254.474	5861
3256.24	5794
3258.006	5778
3259.772	5834
3261.537	5855
3263.301	5816
3265.065	5854
3266.828	5894
3268.592	5838
3270.355	5872
3272.117	5857
3273.878	5813
3275.64	5823
3277.401	5937
3279.162	5801
3280.922	5830
3282.682	5869
3284.441	5933
3286.199	5858
3287.959	5869
3289.716	5863
3291.475	5837
3293.232	5903
3294.988	5930
3296.744	5839
3298.501	5878
3300.256	5796
3302.011	5856
3303.766	5853
3305.52	5807
3307.275	5926
3309.028	5920
3310.781	5825
3312.533	5782
3314.285	5834
3316.038	5948
3317.789	5879
3319.54	5841
3321.289	5815
3323.039	5807
3324.789	5713
3326.539	5779
3328.288	5721
3330.035	5845
3331.783	5732
3333.531	5793
3335.28	5796
3337.025	5751
3338.771	5754
3340.518	5862
3342.262	5778
3344.009	5766
3345.753	5717
3347.497	5689
3349.24	5754
3350.983	5630
3352.726	5839
3354.469	5673
3356.212	5614
3357.952	5636
3359.694	5642
3361.434	5653
3363.176	5551
3364.916	5686
3366.654	5737
3368.394	5670
3370.132	5602
3371.871	5557
3373.61	5721
3375.346	5526
3377.083	5677
3378.82	5665
3380.556	5667
3382.292	5607
3384.027	5654
3385.763	5712
3387.497	5650
3389.231	5637
3390.965	5693
3392.698	5582
3394.431	5618
3396.164	5472
3397.896	5734
3399.627	5477
3401.36	5477
3403.09	5559
3404.82	5599
3406.55	5565
3408.279	5563
3410.01	5577
3411.738	5495
3413.467	5496
3415.194	5571
3416.92	5543
3418.647	5606
3420.375	5503
3422.102	5489
3423.827	5537
3425.553	5518
3427.277	5561
3429.003	5536
3430.727	5467
3432.451	5461
3434.173	5598
3435.896	5437
3437.62	5436
3439.343	5382
3441.063	5316
3442.785	5514
3444.505	5324
3446.226	5381
3447.948	5416
3449.666	5505
3451.386	5473
3453.104	5462
3454.823	5397
3456.541	5342
3458.259	5401
3459.976	5420
3461.693	5396
3463.408	5347
3465.125	5360
3466.841	5206
3468.556	5283
3470.271	5266
3471.985	5271
3473.698	5282
3475.414	5350
3477.126	5347
3478.838	5155
3480.55	5253
3482.263	5304
3483.975	5260
3485.686	5303
3487.396	5126
3489.106	5189
3490.817	5194
3492.526	5279
3494.236	5135
3495.944	5142
3497.652	5212
3499.359	5178
3501.066	5173
3502.775	5179
3504.481	5177
3506.187	5205
3507.893	5122
3509.598	5143
3511.304	5106
3513.009	5142
3514.713	5158
3516.417	5180
3518.12	4968
3519.821	5102
3521.525	5130
3523.228	5081
3524.929	5094
3526.631	5033
3528.33	5025
3530.032	5072
3531.733	5038
3533.433	5074
3535.131	5086
3536.83	4999
3538.529	5113
3540.227	4981
3541.925	5074
3543.623	4998
3545.319	4950
3547.016	4993
3548.712	4927
3550.408	4935
3552.103	5096
3553.798	4927
3555.491	4981
3557.188	4985
3558.88	4973
3560.574	4923
3562.266	4936
3563.959	4951
3565.651	4918
3567.343	4932
3569.035	4848
3570.725	4994
3572.415	4908
3574.106	4863
3575.797	4923
3577.485	4889
3579.174	4892
3580.863	4863
3582.551	4802
3584.238	4958
3585.926	4874
3587.613	4897
3589.3	4847
3590.986	4853
3592.671	4867
3594.357	4896
3596.042	4788
3597.726	4777
3599.41	4847
3601.094	4798
3602.778	4769
3604.461	4689
3606.143	4690
3607.825	4772
3609.507	4785
3611.188	4794
3612.87	4764
3614.551	4774
3616.229	4727
3617.909	4699
3619.589	4710
3621.269	4812
3622.948	4709
3624.625	4679
3626.302	4640
3627.98	4687
3629.657	4704
3631.334	4750
3633.01	4715
3634.686	4654
3636.361	4688
3638.036	4644
3639.712	4630
3641.385	4700
3643.06	4628
3644.732	4587
3646.405	4712
3648.08	4581
3649.751	4702
3651.424	4626
3653.094	4619
3654.766	4607
3656.436	4509
3658.106	4558
3659.777	4553
3661.446	4528
3663.115	4506
3664.783	4603
3666.452	4541
3668.121	4583
3669.788	4524
3671.454	4574
3673.121	4574
3674.789	4451
3676.455	4547
3678.12	4559
3679.784	4438
3681.45	4507
3683.114	4543
3684.779	4539
3686.442	4441
3688.105	4438
3689.768	4471
3691.43	4521
3693.093	4535
3694.754	4485
3696.415	4499
3698.076	4431
3699.736	4462
3701.396	4470
3703.057	4440
3704.716	4456
3706.375	4470
3708.034	4351
3709.692	4285
3711.351	4423
3713.008	4429
3714.665	4506
3716.321	4426
3717.977	4340
3719.634	4435
3721.29	4376
3722.945	4376
3724.598	4403
3726.253	4460
3727.907	4438
3729.561	4365
3731.214	4362
3732.867	4414
3734.518	4377
3736.171	4443
3737.824	4322
3739.474	4307
3741.125	4439
3742.775	4334
3744.425	4432
3746.074	4375
3747.725	4302
3749.373	4368
3751.022	4365
3752.669	4383
3754.318	4333
3755.966	4402
3757.612	4326
3759.259	4381
3760.905	4274
3762.55	4326
3764.197	4359
3765.842	4314
3767.486	4352
3769.131	4313
3770.774	4260
3772.417	4215
3774.061	4274
3775.705	4275
3777.347	4326
3778.988	4165
3780.629	4169
3782.271	4288
3783.912	4293
3785.552	4252
3787.192	4242
3788.831	4223
3790.472	4191
3792.112	4175
3793.75	4229
3795.388	4223
3797.024	4250
3798.661	4260
3800.3	4134
3801.936	4198
3803.572	4192
3805.208	4151
3806.844	4163
3808.48	4173
3810.115	4189
3811.748	4198
3813.382	4168
3815.016	4156
3816.649	4191
3818.283	4182
3819.914	4172
3821.547	4102
3823.178	4150
3824.809	4121
3826.441	4110
3828.072	4107
3829.701	4014
3831.331	4035
3832.96	4023
3834.591	4159
3836.219	4005
3837.847	4118
3839.475	4047
3841.102	4148
3842.729	3995
3844.357	4049
3845.984	4141
3847.609	4027
3849.234	4071
3850.86	4030
3852.485	4064
3854.11	4006
3855.734	4083
3857.357	3981
3858.981	4145
3860.603	4134
3862.227	3990
3863.848	4014
3865.471	3979
3867.092	4034
3868.713	4068
3870.334	3963
3871.954	4078
3873.575	3947
3875.194	3967
3876.813	4008
3878.433	3985
3880.051	3979
3881.669	4020
3883.286	3935
3884.904	4049
3886.52	3954
3888.138	4009
3889.754	3962
3891.37	3957
3892.985	3939
3894.6	3985
3896.216	3978
3897.831	3901
3899.444	3898
3901.058	4046
3902.67	3912
3904.283	3940
3905.897	3922
3907.509	3981
3909.121	3849
3910.731	3961
3912.342	3958
3913.954	3951
3915.563	3927
3917.174	3884
3918.783	3948
3920.391	3878
3922.002	3944
3923.611	3945
3925.218	3940
3926.826	3837
3928.432	3856
3930.039	3910
3931.647	3817
3933.253	3933
3934.859	3794
3936.464	3886
3938.068	3952
3939.675	3898
3941.278	3854
3942.883	3883
3944.486	3849
3946.089	3959
3947.692	3839
3949.295	3848
3950.898	3899
3952.499	3857
3954.1	3894
3955.7	3819
3957.303	3877
3958.903	3855
3960.502	3762
3962.101	3817
3963.7	3825
3965.301	3873
3966.899	3740
3968.497	3758
3970.094	3732
3971.691	3780
3973.288	3735
3974.885	3844
3976.481	3865
3978.077	3699
3979.672	3750
3981.267	3771
3982.863	3777
3984.457	3745
3986.051	3778
3987.645	3737
3989.238	3770
3990.831	3775
3992.425	3711
3994.017	3729
3995.607	3693
3997.199	3668
3998.79	3765
4000.382	3701
4001.973	3686
4003.561	3663
4005.151	3717
4006.741	3731
4008.331	3630
4009.918	3664
4011.507	3677
4013.095	3663
4014.681	3591
4016.269	3607
4017.856	3620
4019.443	3693
4021.028	3676
4022.614	3585
4024.199	3545
4025.785	3643
4027.37	3656
4028.953	3676
4030.536	3577
4032.12	3468
4033.704	3611
4035.287	3577
4036.869	3633
4038.45	3606
4040.032	3520
4041.613	3542
4043.195	3573
4044.776	3590
4046.356	3637
4047.935	3559
4049.515	3637
4051.095	3578
4052.674	3623
4054.251	3560
4055.829	3561
4057.406	3585
4058.985	3535
4060.562	3520
4062.139	3586
4063.715	3541
4065.29	3555
4066.865	3415
4068.442	3446
4070.016	3532
4071.59	3501
4073.164	3544
4074.738	3508
4076.312	3409
4077.885	3532
4079.458	3524
4081.03	3556
4082.602	3457
4084.173	3489
4085.745	3557
4087.315	3525
4088.886	3456
4090.456	3522
4092.026	3410
4093.596	3408
4095.165	3546
4096.734	3356
4098.301	3430
4099.869	3501
4101.437	3403
4103.006	3486
4104.572	3514
4106.139	3474
4107.704	3467
4109.27	3447
4110.837	3457
4112.401	3498
4113.966	3454
4115.53	3333
4117.094	3401
4118.659	3424
4120.223	3403
4121.785	3352
4123.347	3460
4124.909	3310
4126.471	3366
4128.034	3426
4129.595	3399
4131.155	3433
4132.716	3305
4134.275	3324
4135.836	3317
4137.395	3410
4138.955	3372
4140.513	3342
4142.071	3336
4143.628	3369
4145.188	3325
4146.745	3308
4148.302	3356
4149.858	3318
4151.414	3345
4152.971	3301
4154.526	3296
4156.081	3243
4157.635	3295
4159.189	3252
4160.745	3299
4162.298	3271
4163.852	3288
4165.405	3247
4166.957	3314
4168.51	3316
4170.063	3224
4171.614	3286
4173.166	3300
4174.717	3230
4176.267	3258
4177.817	3247
4179.368	3199
4180.917	3219
4182.466	3244
4184.016	3216
4185.564	3238
4187.112	3209
4188.66	3196
4190.207	3262
4191.754	3285
4193.301	3204
4194.848	3192
4196.394	3196
4197.94	3224
4199.484	3113
4201.03	3212
4202.575	3117
4204.12	3148
4205.663	3169
4207.207	3156
4208.75	3161
4210.292	3133
4211.836	3199
4213.378	3231
4214.92	3122
4216.46	3168
4218.002	3153
4219.544	3186
4221.083	3130
4222.625	3083
4224.164	3165
4225.703	3109
4227.244	3188
4228.782	3099
4230.32	3179
4231.857	3118
4233.395	3101
4234.933	3151
4236.471	3078
4238.007	3161
4239.542	3126
4241.078	3060
4242.614	3112
4244.15	3094
4245.685	3114
4247.219	3182
4248.753	3067
4250.287	3061
4251.82	3082
4253.354	3143
4254.887	3122
4256.419	3117
4257.951	3037
4259.483	3124
4261.016	3063
4262.547	3086
4264.078	3061
4265.608	3037
4267.137	3074
4268.668	2999
4270.197	3036
4271.727	3084
4273.254	2953
4274.783	3074
4276.311	3063
4277.84	3081
4279.366	2972
4280.894	3044
4282.42	3048
4283.946	2973
4285.473	3013
4286.998	2999
4288.523	2991
4290.047	2929
4291.572	2984
4293.096	3006
4294.622	3043
4296.144	2983
4297.668	2978
4299.19	3028
4300.713	2984
4302.236	2943
4303.758	2954
4305.279	2958
4306.799	2943
4308.321	2860
4309.842	3008
4311.361	3005
4312.882	2922
4314.401	2939
