400.0961	4985
402.6185	4825
405.1424	4841
407.6635	4765
410.1838	4898
412.7035	4901
415.2225	4911
417.7388	4938
420.2585	4963
422.7754	5054
425.2917	5033
427.8072	5076
430.3221	5098
432.8363	5081
435.3498	5139
437.8626	5092
440.3727	5074
442.8841	5183
445.3969	5195
447.907	5097
450.4142	5146
452.9229	5120
455.4289	5165
457.9362	5103
460.4449	5125
462.9488	5026
465.454	5246
467.9566	5074
470.4604	5189
472.9637	5080
475.4662	5151
477.966	5168
480.4671	5143
482.9656	5219
485.4633	5232
487.9645	5251
490.4608	5265
492.9566	5169
495.4536	5205
497.948	5198
500.4437	5277
502.9387	5356
505.431	5354
507.9226	5285
510.4136	5296
512.9079	5325
515.3975	5324
517.8864	5286
520.3746	5299
522.8622	5388
525.3491	5298
527.8394	5358
530.3249	5414
532.8098	5367
535.2939	5359
537.7774	5447
540.2623	5446
542.7444	5298
545.2259	5440
547.7067	5450
550.1868	5500
552.6683	5456
555.147	5321
557.6231	5365
560.1005	5387
562.5773	5505
565.0534	5348
567.5308	5496
570.0056	5456
572.4776	5510
574.951	5600
577.4237	5522
579.8978	5502
582.3671	5506
584.8378	5602
587.3079	5581
589.7773	5592
592.244	5603
594.714	5564
597.1793	5458
599.6461	5489
602.1121	5549
604.5754	5534
607.0421	5476
609.5042	5511
611.9675	5496
614.4282	5526
616.8902	5568
619.3515	5567
621.8122	5599
624.2702	5599
626.7296	5481
629.1863	5580
631.6423	5559
634.1017	5531
636.5563	5505
639.0104	5560
641.4658	5645
643.9185	5605
646.3725	5635
648.8239	5680
651.2766	5655
653.7266	5698
656.176	5630
658.6247	5655
661.0748	5607
663.5242	5716
665.9709	5661
668.417	5673
670.8624	5645
673.3092	5741
675.7533	5727
678.1968	5759
680.6395	5680
683.0817	5808
685.5251	5741
687.9659	5853
690.4061	5805
692.8456	5761
695.2844	5811
697.7226	5819
700.1621	5708
702.599	5863
705.0332	5866
707.4688	5945
709.9036	5829
712.3399	5907
714.7735	5928
717.2044	5871
719.6367	5914
722.0683	5923
724.4993	5883
726.9296	5939
729.3593	5918
731.7883	5949
734.2147	5928
736.6423	5984
739.0714	6016
741.4958	6043
743.9216	6105
746.3447	6110
748.7691	6093
751.1929	6042
753.616	6068
756.0366	6087
758.4584	6155
760.8776	6195
763.2982	6127
765.718	6114
768.1373	6086
770.5539	6211
772.9698	6204
775.3871	6138
777.8038	6265
780.2178	6188
782.6332	6295
785.0459	6193
787.458	6243
789.8714	6133
792.2842	6241
794.6943	6156
797.1038	6303
799.5127	6204
801.9209	6126
804.3324	6182
806.7393	6241
809.1456	6226
811.5513	6198
813.9562	6309
816.3625	6353
818.7663	6404
821.1693	6245
823.5718	6474
825.9735	6324
828.3746	6252
830.7771	6345
833.177	6339
835.5762	6275
837.9747	6231
840.3727	6356
842.772	6332
845.1666	6406
847.5626	6426
849.958	6320
852.3527	6516
854.7488	6392
857.1403	6468
859.5331	6488
861.9253	6574
864.3168	6485
866.7057	6469
869.098	6567
871.4876	6521
873.8746	6455
876.263	6449
878.6487	6334
881.0378	6399
883.4243	6405
885.8081	6423
888.1933	6363
890.5759	6483
892.9598	6320
895.343	6410
897.7256	6606
900.1057	6356
902.4871	6495
904.8659	6432
907.246	6454
909.6254	6484
912.0023	6546
914.3786	6628
916.7562	6692
919.1331	6790
921.5074	6794
923.8831	6829
926.2562	6914
928.6287	6907
931.0005	6724
933.3757	6859
935.7462	6806
938.1162	6786
940.4855	6808
942.8542	6894
945.2242	6890
947.5916	6888
949.9584	6890
952.3266	6886
954.6921	7057
957.0571	7118
959.4233	7285
961.787	7322
964.15	7280
966.5125	7158
968.8742	7196
971.2354	7041
973.5959	7041
975.9559	6980
978.3151	6822
980.6738	6910
983.0338	6730
985.3912	6751
987.7461	6815
990.1022	6726
992.4578	6721
994.8127	6507
997.1689	6688
999.5207	6648
1001.874	6761
1004.226	6707
1006.576	6744
1008.929	6727
1011.28	6749
1013.628	6705
1015.977	6822
1018.324	6699
1020.674	6710
1023.019	6662
1025.366	6703
1027.713	6730
1030.056	6662
1032.399	6698
1034.746	6857
1037.087	6687
1039.431	6799
1041.771	6664
1044.113	6713
1046.454	6755
1048.793	6831
1051.133	6733
1053.471	6550
1055.807	6771
1058.146	6726
1060.483	6751
1062.818	6810
1065.153	6714
1067.489	6879
1069.822	6837
1072.156	7001
1074.488	6874
1076.82	6947
1079.15	6881
1081.48	6923
1083.814	6634
1086.143	6757
1088.471	6711
1090.799	6750
1093.126	6735
1095.452	6832
1097.78	6748
1100.105	6861
1102.43	6827
1104.754	6695
1107.077	6697
1109.4	6924
1111.722	6775
1114.044	6883
1116.365	6842
1118.685	7064
1121.005	6898
1123.324	6888
1125.643	6955
1127.961	7021
1130.278	7023
1132.595	6959
1134.911	6903
1137.226	6768
1139.541	6808
1141.854	6908
1144.167	6860
1146.482	6841
1148.793	6812
1151.105	6908
1153.414	6850
1155.725	6818
1158.033	6986
1160.344	6818
1162.651	6867
1164.959	6973
1167.265	6867
1169.572	7009
1171.878	6893
1174.184	6827
1176.488	6895
1178.79	6997
1181.094	6996
1183.396	6960
1185.699	6855
1188.001	6859
1190.301	6830
1192.6	6871
1194.9	6904
1197.2	6920
1199.497	6814
1201.794	6814
1204.09	6894
1206.387	6933
1208.684	6819
1210.978	6959
1213.272	6964
1215.565	6897
1217.858	6954
1220.15	6940
1222.443	6927
1224.734	6985
1227.024	7020
1229.313	7026
1231.602	6961
1233.892	7135
1236.18	6994
1238.467	7141
1240.754	7303
1243.04	7278
1245.325	7144
1247.612	7165
1249.896	7175
1252.178	7156
1254.461	7274
1256.743	7220
1259.027	7179
1261.308	7238
1263.587	7303
1265.867	7219
1268.146	7256
1270.425	7266
1272.703	7275
1274.981	7246
1277.256	7229
1279.532	7130
1281.808	7122
1284.083	7191
1286.358	7095
1288.63	7073
1290.904	7070
1293.175	7147
1295.449	7021
1297.719	7038
1299.99	7117
1302.259	7104
1304.529	7126
1306.798	7258
1309.065	7011
1311.333	7079
1313.599	7147
1315.866	7134
1318.131	7168
1320.396	6996
1322.66	7075
1324.925	7180
1327.187	7129
1329.448	7219
1331.711	7377
1333.974	7297
1336.234	7082
1338.493	7137
1340.752	7163
1343.01	7102
1345.269	7054
1347.526	7147
1349.784	7116
1352.04	7115
1354.295	7123
1356.552	7191
1358.806	7086
1361.059	7117
1363.312	7142
1365.564	7154
1367.818	7101
1370.069	7193
1372.318	7175
1374.568	7125
1376.817	7199
1379.066	7236
1381.316	7161
1383.564	7279
1385.809	7251
1388.056	7226
1390.301	7369
1392.549	7316
1394.793	7433
1397.036	7435
1399.279	7385
1401.522	7386
1403.763	7589
1406.007	7501
1408.248	7463
1410.487	7566
1412.727	7423
1414.965	7521
1417.205	7472
1419.442	7519
1421.68	7433
1423.915	7369
1426.152	7491
1428.388	7404
1430.623	7340
1432.857	7442
1435.091	7495
1437.323	7556
1439.556	7516
1441.789	7609
1444.019	7458
1446.25	7494
1448.48	7503
1450.708	7578
1452.938	7610
1455.167	7602
1457.394	7747
1459.62	7458
1461.846	7682
1464.073	7505
1466.299	7618
1468.523	7462
1470.746	7371
1472.969	7478
1475.191	7329
1477.415	7260
1479.636	7250
1481.858	7201
1484.078	7117
1486.298	7163
1488.518	7142
1490.736	7190
1492.954	7124
1495.169	7107
1497.386	7112
1499.602	7138
1501.819	7055
1504.034	7050
1506.248	7200
1508.462	7060
1510.675	6986
1512.888	7085
1515.1	7104
1517.311	7071
1519.522	7047
1521.732	7033
1523.942	7067
1526.151	7025
1528.36	7086
1530.566	6985
1532.773	7130
1534.98	7139
1537.187	7081
1539.392	7118
1541.596	7086
1543.801	7174
1546.005	7190
1548.208	7105
1550.411	7226
1552.612	7058
1554.814	7149
1557.013	7200
1559.212	7256
1561.414	7362
1563.612	7218
1565.811	7101
1568.007	7292
1570.203	7323
1572.403	7257
1574.598	7218
1576.792	7297
1578.988	7260
1581.181	7302
1583.376	7231
1585.568	7225
1587.761	7346
1589.952	7385
1592.143	7261
1594.333	7401
1596.524	7323
1598.715	7381
1600.903	7246
1603.091	7283
1605.278	7326
1607.466	7360
1609.652	7346
1611.838	7391
1614.023	7352
1616.207	7468
1618.391	7443
1620.576	7290
1622.759	7384
1624.941	7479
1627.123	7371
1629.304	7418
1631.484	7336
1633.664	7456
1635.844	7525
1638.022	7467
1640.201	7431
1642.38	7442
1644.556	7446
1646.732	7464
1648.908	7374
1651.084	7480
1653.257	7489
1655.433	7581
1657.607	7430
1659.779	7520
1661.951	7452
1664.122	7512
1666.295	7500
1668.467	7462
1670.635	7515
1672.805	7424
1674.973	7551
1677.142	7563
1679.31	7382
1681.478	7498
1683.644	7558
1685.81	7550
1687.975	7483
1690.142	7456
1692.305	7525
1694.468	7443
1696.632	7427
1698.794	7307
1700.957	7338
1703.119	7556
1705.279	7337
1707.439	7180
1709.598	7335
1711.758	7218
1713.917	7322
1716.075	7296
1718.231	7296
1720.388	7241
1722.543	7421
1724.702	7411
1726.856	7255
1729.01	7337
1731.164	7307
1733.317	7359
1735.471	7325
1737.623	7277
1739.774	7342
1741.925	7372
1744.075	7291
1746.225	7297
1748.376	7351
1750.524	7352
1752.672	7367
1754.82	7276
1756.965	7299
1759.113	7378
1761.259	7417
1763.405	7256
1765.549	7230
1767.694	7380
1769.836	7383
1771.981	7335
1774.123	7349
1776.264	7268
1778.405	7416
1780.546	7389
1782.687	7431
1784.827	7465
1786.966	7369
1789.103	7251
1791.242	7385
1793.381	7369
1795.517	7376
1797.653	7488
1799.788	7314
1801.923	7462
1804.057	7446
1806.193	7273
1808.326	7201
1810.457	7440
1812.59	7397
1814.721	7382
1816.855	7339
1818.984	7431
1821.113	7466
1823.244	7255
1825.372	7449
1827.499	7311
1829.63	7405
1831.756	7300
1833.882	7317
1836.007	7310
1838.132	7344
1840.26	7403
1842.384	7222
1844.507	7378
1846.63	7365
1848.752	7333
1850.875	7277
1852.996	7357
1855.118	7230
1857.238	7298
1859.358	7282
1861.477	7210
1863.597	7368
1865.715	7378
1867.832	7309
1869.948	7281
1872.064	7232
1874.181	7305
1876.297	7519
1878.411	7237
1880.526	7203
1882.639	7432
1884.752	7327
1886.865	7182
1888.977	7286
1891.089	7321
1893.2	7311
1895.308	7411
1897.42	7367
1899.53	7258
1901.639	7383
1903.745	7318
1905.853	7415
1907.962	7479
1910.067	7287
1912.174	7413
1914.278	7443
1916.383	7307
1918.486	7345
1920.592	7340
1922.694	7362
1924.797	7409
1926.898	7419
1929	7399
1931.102	7441
1933.203	7482
1935.301	7466
1937.401	7397
1939.499	7509
1941.598	7512
1943.697	7450
1945.793	7378
1947.888	7436
1949.985	7434
1952.08	7417
1954.176	7294
1956.269	7338
1958.364	7301
1960.457	7450
1962.549	7415
1964.642	7459
1966.733	7424
1968.823	7434
1970.913	7332
1973.005	7383
1975.093	7454
1977.184	7363
1979.271	7445
1981.359	7329
1983.446	7407
1985.532	7400
1987.619	7328
1989.705	7413
1991.789	7302
1993.874	7373
1995.956	7328
1998.041	7260
2000.123	7408
2002.206	7300
2004.287	7433
2006.368	7320
2008.449	7342
2010.529	7347
2012.609	7317
2014.688	7372
2016.766	7250
2018.843	7287
2020.922	7312
2022.999	7263
2025.074	7220
2027.15	7282
2029.225	7355
2031.299	7364
2033.375	7244
2035.447	7232
2037.52	7247
2039.592	7406
2041.664	7439
2043.736	7376
2045.807	7283
2047.876	7206
2049.947	7253
2052.015	7446
2054.086	7463
2056.153	7285
2058.221	7237
2060.288	7349
2062.353	7296
2064.42	7296
2066.486	7425
2068.55	7269
2070.614	7261
2072.678	7320
2074.741	7285
2076.805	7392
2078.866	7254
2080.929	7215
2082.99	7283
2085.049	7307
2087.109	7483
2089.17	7270
2091.228	7376
2093.286	7328
2095.344	7421
2097.4	7221
2099.46	7206
2101.516	7369
2103.572	7256
2105.626	7255
2107.679	7296
2109.735	7408
2111.788	7262
2113.841	7350
2115.894	7312
2117.945	7312
2119.997	7299
2122.049	7366
2124.1	7374
2126.148	7430
2128.197	7269
2130.246	7341
2132.296	7210
2134.342	7325
2136.39	7357
2138.437	7342
2140.483	7267
2142.527	7244
2144.574	7250
2146.619	7215
2148.661	7330
2150.705	7225
2152.747	7238
2154.792	7169
2156.832	7256
2158.874	7200
2160.915	7166
2162.954	7206
2164.995	7240
2167.034	7228
2169.072	7150
2171.111	7286
2173.148	7166
2175.186	7224
2177.223	7087
2179.258	7154
2181.294	7230
2183.328	7153
2185.362	7245
2187.398	7184
2189.431	7149
2191.463	7213
2193.495	7088
2195.528	7134
2197.56	7225
2199.59	7150
2201.62	7226
2203.649	7080
2205.678	7139
2207.708	7128
2209.737	7194
2211.764	7112
2213.791	7060
2215.817	7086
2217.843	7095
2219.87	7032
2221.895	7167
2223.919	7052
2225.942	7102
2227.966	7063
2229.988	7035
2232.012	7128
2234.032	7211
2236.054	7059
2238.074	7052
2240.095	7052
2242.116	7053
2244.135	7087
2246.153	7075
2248.171	7146
2250.188	7065
2252.208	6968
2254.223	7031
2256.239	7074
2258.255	7162
2260.269	7142
2262.283	6994
2264.3	7015
2266.312	7084
2268.325	6993
2270.336	6992
2272.349	7093
2274.362	7087
2276.372	7137
2278.383	6966
2280.392	7052
2282.402	7131
2284.409	7062
2286.418	7002
2288.427	7060
2290.433	7026
2292.441	7050
2294.446	6978
2296.453	7034
2298.459	6976
2300.463	7016
2302.466	7010
2304.471	7048
2306.475	7050
2308.477	7055
2310.478	6997
2312.481	7092
2314.481	7057
2316.481	6995
2318.482	6913
2320.482	7072
2322.48	7071
2324.48	7067
2326.478	6830
2328.476	6986
2330.473	7012
2332.469	6931
2334.465	7030
2336.46	6938
2338.454	6891
2340.45	6894
2342.444	6912
2344.437	6993
2346.43	6983
2348.421	6920
2350.414	6722
2352.405	6944
2354.396	6876
2356.386	6866
2358.376	6827
2360.366	6925
2362.355	6927
2364.343	6771
2366.331	6938
2368.317	6842
2370.304	6887
2372.292	7054
2374.278	6936
2376.262	6918
2378.247	6811
2380.23	6894
2382.216	6893
2384.199	6898
2386.181	6805
2388.163	6918
2390.144	6754
2392.127	6794
2394.107	6914
2396.087	6714
2398.066	6828
2400.046	6956
2402.023	6753
2404.004	6823
2405.981	6916
2407.957	6834
2409.934	6791
2411.91	6820
2413.886	6689
2415.862	6804
2417.836	6828
2419.809	6802
2421.784	6816
2423.756	6700
2425.73	6736
2427.701	6759
2429.672	6823
2431.644	6777
2433.615	6781
2435.586	6715
2437.555	6762
2439.523	6738
2441.491	6793
2443.459	6795
2445.428	6857
2447.395	6665
2449.361	6785
2451.327	6731
2453.292	6606
2455.257	6732
2457.223	6833
2459.187	6783
2461.15	6691
2463.113	6641
2465.076	6711
2467.039	6725
2468.999	6756
2470.96	6650
2472.921	6699
2474.881	6779
2476.841	6690
2478.8	6743
2480.759	6655
2482.717	6787
2484.675	6753
2486.63	6661
2488.589	6709
2490.545	6722
2492.5	6656
2494.455	6654
2496.408	6619
2498.364	6733
2500.318	6559
2502.27	6599
2504.223	6609
2506.174	6674
2508.126	6647
2510.078	6764
2512.03	6698
2513.979	6647
2515.927	6532
2517.877	6595
2519.826	6615
2521.775	6677
2523.722	6695
2525.668	6659
2527.616	6579
2529.561	6536
2531.508	6674
2533.452	6530
2535.398	6502
2537.342	6715
2539.284	6648
2541.229	6458
2543.173	6609
2545.114	6560
2547.055	6550
2548.996	6594
2550.938	6626
2552.878	6528
2554.817	6651
2556.756	6565
2558.695	6517
2560.633	6543
2562.572	6535
2564.509	6591
2566.445	6664
2568.382	6569
2570.317	6600
2572.254	6558
2574.189	6561
2576.123	6452
2578.057	6598
2579.99	6617
2581.923	6641
2583.855	6590
2585.788	6618
2587.719	6476
2589.65	6652
2591.579	6639
2593.511	6480
2595.44	6668
2597.37	6569
2599.297	6533
2601.225	6548
2603.153	6551
2605.08	6761
2607.007	6614
2608.932	6559
2610.858	6504
2612.782	6615
2614.709	6620
2616.632	6638
2618.556	6536
2620.478	6621
2622.401	6564
2624.324	6593
2626.247	6511
2628.167	6584
2630.088	6740
2632.008	6614
2633.928	6622
2635.848	6635
2637.766	6571
2639.684	6665
2641.603	6664
2643.519	6554
2645.437	6521
2647.353	6551
2649.27	6432
2651.184	6598
2653.099	6537
2655.014	6622
2656.928	6579
2658.842	6506
2660.755	6436
2662.667	6614
2664.579	6595
2666.491	6530
2668.402	6511
2670.312	6428
2672.222	6557
2674.132	6619
2676.042	6464
2677.951	6452
2679.859	6537
2681.766	6508
2683.674	6617
2685.582	6487
2687.488	6509
2689.392	6576
2691.298	6467
2693.202	6575
2695.107	6528
2697.012	6478
2698.914	6509
2700.817	6483
2702.72	6422
2704.622	6550
2706.524	6487
2708.425	6467
2710.326	6504
2712.225	6506
2714.125	6498
2716.024	6504
2717.923	6408
2719.822	6521
2721.719	6411
2723.616	6369
2725.512	6439
2727.41	6349
2729.305	6402
2731.201	6384
2733.095	6466
2734.99	6390
2736.884	6328
2738.778	6363
2740.67	6370
2742.562	6372
2744.455	6458
2746.346	6492
2748.238	6327
2750.129	6435
2752.018	6491
2753.907	6385
2755.797	6469
2757.687	6390
2759.575	6377
2761.462	6383
2763.349	6311
2765.237	6430
2767.124	6303
2769.009	6428
2770.894	6364
2772.779	6378
2774.663	6329
2776.547	6462
2778.431	6341
2780.314	6319
2782.197	6323
2784.078	6378
2785.96	6231
2787.842	6289
2789.723	6464
2791.603	6453
2793.483	6255
2795.362	6265
2797.241	6450
2799.121	6270
2800.997	6260
2802.874	6396
2804.751	6286
2806.628	6213
2808.506	6317
2810.38	6316
2812.255	6316
2814.13	6299
2816.003	6321
2817.878	6364
2819.752	6342
2821.623	6311
2823.496	6387
2825.368	6275
2827.238	6282
2829.111	6315
2830.98	6201
2832.851	6307
2834.719	6359
2836.589	6304
2838.458	6335
2840.327	6349
2842.193	6362
2844.061	6446
2845.927	6364
2847.794	6413
2849.66	6350
2851.525	6369
2853.39	6295
2855.254	6484
2857.117	6418
2858.983	6403
2860.845	6473
2862.707	6460
2864.569	6461
2866.431	6414
2868.293	6551
2870.154	6658
2872.013	6736
2873.873	6692
2875.733	6687
2877.592	6756
2879.451	6822
2881.309	6815
2883.166	6856
2885.022	6965
2886.879	6933
2888.736	6984
2890.591	6934
2892.446	7002
2894.301	7051
2896.155	7030
2898.009	7034
2899.863	6931
2901.716	6826
2903.568	6954
2905.419	7031
2907.27	6927
2909.123	7064
2910.973	6935
2912.824	7018
2914.673	7066
2916.521	7118
2918.372	7182
2920.22	7209
2922.067	7229
2923.914	7239
2925.761	7184
2927.607	7359
2929.455	7370
2931.301	7358
2933.144	7408
2934.99	7364
2936.833	7425
2938.678	7511
2940.522	7540
2942.364	7615
2944.207	7714
2946.048	7766
2947.891	8085
2949.731	8003
2951.571	7966
2953.412	7948
2955.25	7851
2957.09	7865
2958.93	7791
2960.767	7804
2962.606	7580
2964.443	7707
2966.279	7491
2968.116	7359
2969.953	7333
2971.788	7267
2973.623	7299
2975.457	7068
2977.292	7040
2979.127	6906
2980.959	6920
2982.792	6789
2984.624	6834
2986.455	6871
2988.288	6766
2990.119	6739
2991.949	6671
2993.779	6582
2995.608	6573
2997.439	6638
2999.268	6521
3001.096	6500
3002.923	6386
3004.751	6352
3006.578	6293
3008.406	6425
3010.232	6218
3012.057	6359
3013.883	6098
3015.706	6305
3017.532	6082
3019.356	6028
3021.179	6100
3023.002	6016
3024.823	5972
3026.646	5995
3028.469	6018
3030.289	6015
3032.11	5872
3033.93	6039
3035.749	5970
3037.57	5952
3039.39	5949
3041.207	5852
3043.026	5928
3044.842	6022
3046.661	6017
3048.477	5842
3050.294	5887
3052.109	5891
3053.925	5926
3055.739	5928
3057.555	5888
3059.368	5860
3061.181	5986
3062.995	5910
3064.807	5891
3066.62	5870
3068.433	5840
3070.243	5857
3072.054	5743
3073.865	5844
3075.675	5826
3077.485	5847
3079.293	5839
3081.102	5778
3082.911	5803
3084.719	5676
3086.527	5792
3088.333	5710
3090.139	5813
3091.945	5739
3093.75	5758
3095.557	5764
3097.361	5863
3099.165	5723
3100.969	5667
3102.772	5690
3104.575	5663
3106.379	5648
3108.181	5616
3109.982	5764
3111.783	5580
3113.584	5664
3115.386	5608
3117.186	5672
3118.985	5625
3120.783	5706
3122.582	5723
3124.381	5483
3126.179	5687
3127.975	5568
3129.772	5639
3131.569	5716
3133.365	5619
3135.161	5510
3136.956	5614
3138.751	5584
3140.544	5571
3142.338	5634
3144.132	5481
3145.925	5589
3147.717	5566
3149.509	5662
3151.301	5548
3153.091	5616
3154.884	5565
3156.673	5515
3158.462	5458
3160.252	5511
3162.041	5549
3163.831	5553
3165.618	5491
3167.405	5546
3169.193	5560
3170.979	5487
3172.767	5471
3174.553	5521
3176.338	5479
3178.123	5494
3179.907	5429
3181.692	5480
3183.477	5458
3185.259	5490
3187.042	5523
3188.824	5371
3190.607	5441
3192.389	5548
3194.17	5396
3195.951	5494
3197.73	5373
3199.51	5433
3201.289	5406
3203.07	5515
3204.848	5337
3206.626	5388
3208.403	5364
3210.18	5534
3211.959	5439
3213.735	5388
3215.511	5375
3217.285	5425
3219.06	5438
3220.836	5498
3222.611	5431
3224.384	5467
3226.158	5345
3227.929	5492
3229.702	5412
3231.476	5360
3233.248	5422
3235.018	5378
3236.789	5412
3238.56	5476
3240.33	5405
3242.1	5304
3243.869	5460
3245.637	5335
3247.405	5390
3249.172	5497
3250.941	5368
3252.707	5407
3254.474	5424
3256.24	5424
3258.006	5371
3259.772	5409
3261.537	5415
3263.301	5411
3265.065	5544
3266.828	5513
3268.592	5367
3270.355	5429
3272.117	5345
3273.878	5425
3275.64	5352
3277.401	5392
3279.162	5431
3280.922	5361
3282.682	5304
3284.441	5379
3286.199	5368
3287.959	5468
3289.716	5336
3291.475	5480
3293.232	5393
3294.988	5401
3296.744	5310
3298.501	5322
3300.256	5379
3302.011	5378
3303.766	5363
3305.52	5441
3307.275	5326
3309.028	5262
3310.781	5287
3312.533	5338
3314.285	5328
3316.038	5475
3317.789	5312
3319.54	5409
3321.289	5393
3323.039	5407
3324.789	5296
3326.539	5164
3328.288	5204
3330.035	5399
3331.783	5340
3333.531	5301
3335.28	5265
3337.025	5278
3338.771	5324
3340.518	5259
3342.262	5280
3344.009	5319
3345.753	5302
3347.497	5257
3349.24	5288
3350.983	5265
3352.726	5233
3354.469	5272
3356.212	5224
3357.952	5232
3359.694	5234
3361.434	5268
3363.176	5086
3364.916	5149
3366.654	5108
3368.394	5213
3370.132	5085
3371.871	5188
3373.61	5095
3375.346	5208
3377.083	5084
3378.82	5025
3380.556	5134
3382.292	5170
3384.027	5109
3385.763	5028
3387.497	5079
3389.231	5109
3390.965	4965
3392.698	5110
3394.431	5170
3396.164	5131
3397.896	5160
3399.627	5160
3401.36	5114
3403.09	5126
3404.82	5057
3406.55	5040
3408.279	5073
3410.01	5149
3411.738	5008
3413.467	5037
3415.194	5063
3416.92	5145
3418.647	5120
3420.375	4953
3422.102	5124
3423.827	5006
3425.553	5104
3427.277	5077
3429.003	5101
3430.727	5006
3432.451	4990
3434.173	5103
3435.896	4970
3437.62	4985
3439.343	5004
3441.063	5021
3442.785	4916
3444.505	4947
3446.226	4885
3447.948	4920
3449.666	4965
3451.386	5052
3453.104	4918
3454.823	4835
3456.541	4880
3458.259	4897
3459.976	4874
3461.693	4907
3463.408	4886
3465.125	4833
3466.841	4799
3468.556	4811
3470.271	4821
3471.985	4839
3473.698	4783
3475.414	4826
3477.126	4828
3478.838	4786
3480.55	4793
3482.263	4875
3483.975	4752
3485.686	4737
3487.396	4696
3489.106	4804
3490.817	4734
3492.526	4732
3494.236	4766
3495.944	4666
3497.652	4758
3499.359	4749
3501.066	4683
3502.775	4692
3504.481	4732
3506.187	4649
3507.893	4768
3509.598	4527
3511.304	4663
3513.009	4778
3514.713	4735
3516.417	4617
3518.12	4633
3519.821	4670
3521.525	4615
3523.228	4702
3524.929	4594
3526.631	4618
3528.33	4719
3530.032	4597
3531.733	4692
3533.433	4694
3535.131	4570
3536.83	4551
3538.529	4621
3540.227	4606
3541.925	4617
3543.623	4609
3545.319	4654
3547.016	4612
3548.712	4568
3550.408	4610
3552.103	4512
3553.798	4575
3555.491	4562
3557.188	4489
3558.88	4512
3560.574	4573
3562.266	4621
3563.959	4534
3565.651	4534
3567.343	4553
3569.035	4532
3570.725	4595
3572.415	4392
3574.106	4514
3575.797	4483
3577.485	4442
3579.174	4414
3580.863	4453
3582.551	4442
3584.238	4496
3585.926	4480
3587.613	4576
3589.3	4422
3590.986	4371
3592.671	4375
3594.357	4452
3596.042	4329
3597.726	4390
3599.41	4446
3601.094	4494
3602.778	4377
3604.461	4422
3606.143	4367
3607.825	4375
3609.507	4352
3611.188	4314
3612.87	4257
3614.551	4356
3616.229	4345
3617.909	4355
3619.589	4271
3621.269	4269
3622.948	4310
3624.625	4341
3626.302	4375
3627.98	4256
3629.657	4295
3631.334	4316
3633.01	4299
3634.686	4183
3636.361	4237
3638.036	4287
3639.712	4273
3641.385	4293
3643.06	4184
3644.732	4186
3646.405	4280
3648.08	4231
3649.751	4207
3651.424	4223
3653.094	4134
3654.766	4146
3656.436	4166
3658.106	4189
3659.777	4228
3661.446	4222
3663.115	4228
3664.783	4138
3666.452	4146
3668.121	4237
3669.788	4192
3671.454	4126
3673.121	4227
3674.789	4088
3676.455	4193
3678.12	4190
3679.784	4089
3681.45	4187
3683.114	4151
3684.779	4230
3686.442	4088
3688.105	4092
3689.768	4086
3691.43	4111
3693.093	4126
3694.754	4083
3696.415	4066
3698.076	4162
3699.736	4118
3701.396	4103
3703.057	4093
3704.716	4219
3706.375	4089
3708.034	4084
3709.692	4065
3711.351	4095
3713.008	4093
3714.665	4049
3716.321	4023
3717.977	4090
3719.634	4088
3721.29	4104
3722.945	4009
3724.598	4024
3726.253	4069
3727.907	4074
3729.561	4118
3731.214	4075
3732.867	4008
3734.518	4063
3736.171	4010
3737.824	3971
3739.474	4013
3741.125	3979
3742.775	4035
3744.425	4028
3746.074	3982
3747.725	3927
3749.373	4074
3751.022	3954
3752.669	3914
3754.318	3937
3755.966	4003
3757.612	4021
3759.259	4011
3760.905	3989
3762.55	4019
3764.197	3996
3765.842	4032
3767.486	3900
3769.131	3861
3770.774	4005
3772.417	3919
3774.061	3932
3775.705	3885
3777.347	3933
3778.988	3917
3780.629	3950
3782.271	3930
3783.912	3886
3785.552	3876
3787.192	3879
3788.831	3859
3790.472	3930
3792.112	3868
3793.75	3873
3795.388	3869
3797.024	3900
3798.661	3848
3800.3	3884
3801.936	3782
3803.572	3841
3805.208	3866
3806.844	3796
3808.48	3818
3810.115	3773
3811.748	3819
3813.382	3785
3815.016	3778
3816.649	3859
3818.283	3776
3819.914	3751
3821.547	3789
3823.178	3873
3824.809	3833
3826.441	3780
3828.072	3790
3829.701	3756
3831.331	3689
3832.96	3753
3834.591	3718
3836.219	3767
3837.847	3760
3839.475	3717
3841.102	3664
3842.729	3762
3844.357	3682
3845.984	3796
3847.609	3735
3849.234	3686
3850.86	3738
3852.485	3785
3854.11	3777
3855.734	3743
3857.357	3714
3858.981	3669
3860.603	3750
3862.227	3716
3863.848	3682
3865.471	3707
3867.092	3652
3868.713	3633
3870.334	3701
3871.954	3747
3873.575	3712
3875.194	3645
3876.813	3719
3878.433	3676
3880.051	3710
3881.669	3592
3883.286	3687
3884.904	3746
3886.52	3695
3888.138	3667
3889.754	3631
3891.37	3656
3892.985	3620
3894.6	3626
3896.216	3603
3897.831	3642
3899.444	3641
3901.058	3617
3902.67	3641
3904.283	3680
3905.897	3639
3907.509	3565
3909.121	3658
3910.731	3574
3912.342	3624
3913.954	3612
3915.563	3561
3917.174	3598
3918.783	3622
3920.391	3563
3922.002	3623
3923.611	3514
3925.218	3609
3926.826	3642
3928.432	3566
3930.039	3581
3931.647	3591
3933.253	3608
3934.859	3539
3936.464	3617
3938.068	3585
3939.675	3591
3941.278	3564
3942.883	3582
3944.486	3537
3946.089	3580
3947.692	3558
3949.295	3554
3950.898	3463
3952.499	3558
3954.1	3519
3955.7	3602
3957.303	3478
3958.903	3510
3960.502	3494
3962.101	3572
3963.7	3513
3965.301	3521
3966.899	3443
3968.497	3449
3970.094	3517
3971.691	3537
3973.288	3419
3974.885	3487
3976.481	3519
3978.077	3427
3979.672	3475
3981.267	3471
3982.863	3496
3984.457	3474
3986.051	3421
3987.645	3481
3989.238	3413
3990.831	3410
3992.425	3444
3994.017	3443
3995.607	3409
3997.199	3394
3998.79	3408
4000.382	3382
4001.973	3398
4003.561	3397
4005.151	3383
4006.741	3311
4008.331	3369
4009.918	3337
4011.507	3376
4013.095	3338
4014.681	3339
4016.269	3447
4017.856	3282
4019.443	3346
4021.028	3385
4022.614	3352
4024.199	3364
4025.785	3311
4027.37	3337
4028.953	3319
4030.536	3324
4032.12	3319
4033.704	3265
4035.287	3354
4036.869	3212
4038.45	3256
4040.032	3263
4041.613	3384
4043.195	3258
4044.776	3238
4046.356	3367
4047.935	3305
4049.515	3298
4051.095	3243
4052.674	3212
4054.251	3266
4055.829	3303
4057.406	3285
4058.985	3239
4060.562	3271
4062.139	3255
4063.715	3188
4065.29	3274
4066.865	3246
4068.442	3230
4070.016	3243
4071.59	3197
4073.164	3226
4074.738	3237
4076.312	3236
4077.885	3188
4079.458	3282
4081.03	3258
4082.602	3222
4084.173	3148
4085.745	3196
4087.315	3185
4088.886	3184
4090.456	3186
4092.026	3174
4093.596	3290
4095.165	3242
4096.734	3183
4098.301	3135
4099.869	3161
4101.437	3265
4103.006	3186
4104.572	3158
4106.139	3178
4107.704	3160
4109.27	3233
4110.837	3167
4112.401	3170
4113.966	3218
4115.53	3131
4117.094	3144
4118.659	3230
4120.223	3115
4121.785	3191
4123.347	3155
4124.909	3179
4126.471	3104
4128.034	3029
4129.595	3137
4131.155	3089
4132.716	3067
4134.275	3097
4135.836	3063
4137.395	3071
4138.955	3115
4140.513	3079
4142.071	3085
4143.628	3022
4145.188	3073
4146.745	3076
4148.302	3047
4149.858	3047
4151.414	3068
4152.971	3036
4154.526	2955
4156.081	2982
4157.635	3004
4159.189	3008
4160.745	2975
4162.298	3084
4163.852	3022
4165.405	3004
4166.957	3010
4168.51	2984
4170.063	2903
4171.614	3003
4173.166	3011
4174.717	3013
4176.267	3083
4177.817	2963
4179.368	3007
4180.917	2972
4182.466	2996
4184.016	2895
4185.564	3040
4187.112	2943
4188.66	2940
4190.207	2924
4191.754	2953
4193.301	2913
4194.848	2988
4196.394	2923
4197.94	2875
4199.484	2949
4201.03	2900
4202.575	2900
4204.12	2914
4205.663	2942
4207.207	2964
4208.75	2890
4210.292	2946
4211.836	2900
4213.378	2938
4214.92	2913
4216.46	2913
4218.002	2908
4219.544	2923
4221.083	2944
4222.625	2987
4224.164	2893
4225.703	2904
4227.244	2919
4228.782	2930
4230.32	2968
4231.857	2873
4233.395	2818
4234.933	2848
4236.471	2870
4238.007	2894
4239.542	2866
4241.078	2948
4242.614	2850
4244.15	2840
4245.685	2833
4247.219	2818
4248.753	2841
4250.287	2844
4251.82	2836
4253.354	2917
4254.887	2783
4256.419	2786
4257.951	2753
4259.483	2867
4261.016	2771
4262.547	2831
4264.078	2817
4265.608	2851
4267.137	2774
4268.668	2800
4270.197	2867
4271.727	2852
4273.254	2817
4274.783	2751
4276.311	2810
4277.84	2773
4279.366	2743
4280.894	2843
4282.42	2764
4283.946	2790
4285.473	2700
4286.998	2787
4288.523	2761
4290.047	2751
4291.572	2707
4293.096	2766
4294.622	2773
4296.144	2802
4297.668	2784
4299.19	2770
4300.713	2818
4302.236	2747
4303.758	2739
4305.279	2738
4306.799	2838
4308.321	2674
4309.842	2715
4311.361	2758
4312.882	2746
4314.401	2679
