400.0961	3953
402.6185	3977
405.1424	3909
407.6635	3911
410.1838	3990
412.7035	4001
415.2225	4053
417.7388	4026
420.2585	4082
422.7754	4039
425.2917	4051
427.8072	4141
430.3221	4183
432.8363	4169
435.3498	4196
437.8626	4315
440.3727	4167
442.8841	4260
445.3969	4208
447.907	4230
450.4142	4156
452.9229	4197
455.4289	4150
457.9362	4115
460.4449	4149
462.9488	4162
465.454	4182
467.9566	4182
470.4604	4221
472.9637	4193
475.4662	4163
477.966	4278
480.4671	4149
482.9656	4301
485.4633	4216
487.9645	4212
490.4608	4233
492.9566	4308
495.4536	4344
497.948	4291
500.4437	4329
502.9387	4257
505.431	4279
507.9226	4309
510.4136	4206
512.9079	4281
515.3975	4327
517.8864	4244
520.3746	4370
522.8622	4299
525.3491	4324
527.8394	4336
530.3249	4341
532.8098	4362
535.2939	4335
537.7774	4395
540.2623	4377
542.7444	4335
545.2259	4447
547.7067	4395
550.1868	4419
552.6683	4426
555.147	4361
557.6231	4233
560.1005	4417
562.5773	4396
565.0534	4426
567.5308	4436
570.0056	4388
572.4776	4467
574.951	4427
577.4237	4420
579.8978	4521
582.3671	4482
584.8378	4445
587.3079	4487
589.7773	4490
592.244	4418
594.714	4436
597.1793	4570
599.6461	4452
602.1121	4460
604.5754	4433
607.0421	4547
609.5042	4369
611.9675	4423
614.4282	4440
616.8902	4559
619.3515	4486
621.8122	4525
624.2702	4545
626.7296	4429
629.1863	4448
631.6423	4493
634.1017	4564
636.5563	4486
639.0104	4490
641.4658	4508
643.9185	4541
646.3725	4424
648.8239	4576
651.2766	4571
653.7266	4474
656.176	4542
658.6247	4550
661.0748	4531
663.5242	4617
665.9709	4607
668.417	4587
670.8624	4643
673.3092	4587
675.7533	4652
678.1968	4600
680.6395	4674
683.0817	4593
685.5251	4631
687.9659	4640
690.4061	4718
692.8456	4689
695.2844	4752
697.7226	4717
700.1621	4629
702.599	4634
705.0332	4736
707.4688	4774
709.9036	4712
712.3399	4699
714.7735	4680
717.2044	4837
719.6367	4746
722.0683	4712
724.4993	4735
726.9296	4873
729.3593	4819
731.7883	4877
734.2147	4742
736.6423	4823
739.0714	4870
741.4958	4821
743.9216	4791
746.3447	4852
748.7691	4922
751.1929	4826
753.616	4918
756.0366	4958
758.4584	4977
760.8776	4962
763.2982	4995
765.718	4922
768.1373	4890
770.5539	4975
772.9698	5038
775.3871	4949
777.8038	5064
780.2178	5013
782.6332	4919
785.0459	4959
787.458	4943
789.8714	5019
792.2842	4955
794.6943	4954
797.1038	4956
799.5127	4908
801.9209	4967
804.3324	5018
806.7393	5005
809.1456	5001
811.5513	5106
813.9562	5176
816.3625	5137
818.7663	5110
821.1693	5071
823.5718	5131
825.9735	5137
828.3746	4993
830.7771	5146
833.177	5086
835.5762	5038
837.9747	5131
840.3727	5066
842.772	5171
845.1666	5186
847.5626	5185
849.958	5158
852.3527	5134
854.7488	5146
857.1403	5148
859.5331	5217
861.9253	5232
864.3168	5194
866.7057	5186
869.098	5196
871.4876	5195
873.8746	5105
876.263	5163
878.6487	5208
881.0378	5144
883.4243	5116
885.8081	5154
888.1933	5206
890.5759	5109
892.9598	5101
895.343	5132
897.7256	5258
900.1057	5132
902.4871	5155
904.8659	5170
907.246	5198
909.6254	5228
912.0023	5340
914.3786	5290
916.7562	5483
919.1331	5503
921.5074	5607
923.8831	5588
926.2562	5579
928.6287	5652
931.0005	5622
933.3757	5514
935.7462	5561
938.1162	5457
940.4855	5531
942.8542	5413
945.2242	5481
947.5916	5525
949.9584	5482
952.3266	5490
954.6921	5583
957.0571	5581
959.4233	5713
961.787	5782
964.15	5833
966.5125	5754
968.8742	5666
971.2354	5520
973.5959	5551
975.9559	5531
978.3151	5506
980.6738	5525
983.0338	5547
985.3912	5342
987.7461	5426
990.1022	5353
992.4578	5389
994.8127	5391
997.1689	5344
999.5207	5363
1001.874	5372
1004.226	5399
1006.576	5381
1008.929	5360
1011.28	5340
1013.628	5224
1015.977	5355
1018.324	5265
1020.674	5342
1023.019	5390
1025.366	5216
1027.713	5415
1030.056	5436
1032.399	5572
1034.746	5365
1037.087	5437
1039.431	5541
1041.771	5451
1044.113	5475
1046.454	5388
1048.793	5488
1051.133	5476
1053.471	5442
1055.807	5427
1058.146	5408
1060.483	5490
1062.818	5345
1065.153	5392
1067.489	5462
1069.822	5526
1072.156	5431
1074.488	5556
1076.82	5452
1079.15	5408
1081.48	5436
1083.814	5464
1086.143	5391
1088.471	5479
1090.799	5577
1093.126	5421
1095.452	5435
1097.78	5528
1100.105	5518
1102.43	5535
1104.754	5542
1107.077	5430
1109.4	5586
1111.722	5513
1114.044	5501
1116.365	5454
1118.685	5472
1121.005	5529
1123.324	5524
1125.643	5604
1127.961	5626
1130.278	5674
1132.595	5589
1134.911	5682
1137.226	5524
1139.541	5514
1141.854	5542
1144.167	5575
1146.482	5586
1148.793	5506
1151.105	5521
1153.414	5538
1155.725	5510
1158.033	5577
1160.344	5597
1162.651	5560
1164.959	5565
1167.265	5444
1169.572	5542
1171.878	5616
1174.184	5602
1176.488	5626
1178.79	5720
1181.094	5647
1183.396	5550
1185.699	5525
1188.001	5637
1190.301	5546
1192.6	5573
1194.9	5650
1197.2	5642
1199.497	5594
1201.794	5594
1204.09	5558
1206.387	5528
1208.684	5564
1210.978	5549
1213.272	5595
1215.565	5538
1217.858	5568
1220.15	5604
1222.443	5577
1224.734	5640
1227.024	5808
1229.313	5686
1231.602	5736
1233.892	5619
1236.18	5783
1238.467	5789
1240.754	5814
1243.04	5802
1245.325	5803
1247.612	5802
1249.896	5883
1252.178	5821
1254.461	5801
1256.743	5913
1259.027	5830
1261.308	5849
1263.587	5853
1265.867	5920
1268.146	5901
1270.425	5965
1272.703	5862
1274.981	5855
1277.256	5952
1279.532	5847
1281.808	5793
1284.083	5898
1286.358	5785
1288.63	5684
1290.904	5725
1293.175	5763
1295.449	5693
1297.719	5808
1299.99	5674
1302.259	5791
1304.529	5716
1306.798	5808
1309.065	5826
1311.333	5845
1313.599	5839
1315.866	5845
1318.131	5721
1320.396	5730
1322.66	5680
1324.925	5778
1327.187	5812
1329.448	5885
1331.711	5909
1333.974	5798
1336.234	5898
1338.493	5864
1340.752	5873
1343.01	5749
1345.269	5750
1347.526	5775
1349.784	5742
1352.04	5753
1354.295	5770
1356.552	5668
1358.806	5722
1361.059	5713
1363.312	5762
1365.564	5678
1367.818	5826
1370.069	5800
1372.318	5841
1374.568	5662
1376.817	5848
1379.066	5806
1381.316	5785
1383.564	5890
1385.809	5870
1388.056	5964
1390.301	5955
1392.549	6025
1394.793	6156
1397.036	6128
1399.279	6157
1401.522	6310
1403.763	6277
1406.007	6162
1408.248	6198
1410.487	6124
1412.727	6221
1414.965	6163
1417.205	6196
1419.442	6194
1421.68	6045
1423.915	6076
1426.152	5994
1428.388	6042
1430.623	5935
1432.857	6100
1435.091	6134
1437.323	6225
1439.556	6172
1441.789	6123
1444.019	6103
1446.25	6133
1448.48	6154
1450.708	6131
1452.938	6280
1455.167	6253
1457.394	6257
1459.62	6341
1461.846	6112
1464.073	6208
1466.299	6172
1468.523	6093
1470.746	5988
1472.969	6031
1475.191	6009
1477.415	5903
1479.636	5856
1481.858	5929
1484.078	5747
1486.298	5783
1488.518	5933
1490.736	5879
1492.954	5712
1495.169	5773
1497.386	5730
1499.602	5824
1501.819	5790
1504.034	5700
1506.248	5719
1508.462	5710
1510.675	5791
1512.888	5806
1515.1	5791
1517.311	5715
1519.522	5756
1521.732	5649
1523.942	5664
1526.151	5698
1528.36	5647
1530.566	5664
1532.773	5738
1534.98	5761
1537.187	5708
1539.392	5759
1541.596	5723
1543.801	5792
1546.005	5806
1548.208	5818
1550.411	5791
1552.612	5783
1554.814	5880
1557.013	5775
1559.212	5920
1561.414	5824
1563.612	5806
1565.811	5860
1568.007	5968
1570.203	5879
1572.403	5955
1574.598	5899
1576.792	5962
1578.988	5882
1581.181	5947
1583.376	5942
1585.568	5805
1587.761	5913
1589.952	5982
1592.143	6006
1594.333	5995
1596.524	6011
1598.715	5946
1600.903	5832
1603.091	5951
1605.278	6010
1607.466	5915
1609.652	6020
1611.838	5902
1614.023	6004
1616.207	6038
1618.391	5908
1620.576	5947
1622.759	5993
1624.941	6028
1627.123	5999
1629.304	6076
1631.484	5932
1633.664	6094
1635.844	5996
1638.022	6185
1640.201	6101
1642.38	5993
1644.556	6080
1646.732	6128
1648.908	6093
1651.084	6050
1653.257	6002
1655.433	6120
1657.607	6079
1659.779	6123
1661.951	6108
1664.122	6141
1666.295	6104
1668.467	6133
1670.635	6238
1672.805	6072
1674.973	6090
1677.142	6153
1679.31	6049
1681.478	6049
1683.644	6094
1685.81	5927
1687.975	6042
1690.142	6138
1692.305	6091
1694.468	5994
1696.632	5871
1698.794	6047
1700.957	5966
1703.119	6006
1705.279	5950
1707.439	5969
1709.598	5990
1711.758	5929
1713.917	5863
1716.075	5971
1718.231	5993
1720.388	5875
1722.543	5919
1724.702	5937
1726.856	5854
1729.01	5912
1731.164	5887
1733.317	5902
1735.471	5923
1737.623	5765
1739.774	6010
1741.925	5862
1744.075	5946
1746.225	5878
1748.376	5949
1750.524	5871
1752.672	5993
1754.82	5943
1756.965	5959
1759.113	5929
1761.259	5942
1763.405	5895
1765.549	6026
1767.694	5970
1769.836	5976
1771.981	5884
1774.123	6001
1776.264	5886
1778.405	6014
1780.546	6048
1782.687	5979
1784.827	5948
1786.966	5967
1789.103	6060
1791.242	5985
1793.381	6004
1795.517	6033
1797.653	5886
1799.788	6075
1801.923	5957
1804.057	5999
1806.193	6074
1808.326	6030
1810.457	6200
1812.59	6142
1814.721	6059
1816.855	5906
1818.984	5963
1821.113	5959
1823.244	5906
1825.372	5996
1827.499	5887
1829.63	5845
1831.756	5916
1833.882	6018
1836.007	5868
1838.132	5888
1840.26	6002
1842.384	5979
1844.507	5988
1846.63	6027
1848.752	5918
1850.875	5921
1852.996	5885
1855.118	5980
1857.238	5871
1859.358	5968
1861.477	5926
1863.597	5932
1865.715	5885
1867.832	5926
1869.948	5910
1872.064	5981
1874.181	5844
1876.297	5981
1878.411	5813
1880.526	5857
1882.639	5945
1884.752	5896
1886.865	5908
1888.977	5903
1891.089	5949
1893.2	6056
1895.308	5992
1897.42	6021
1899.53	5970
1901.639	5984
1903.745	5890
1905.853	6052
1907.962	5911
1910.067	5867
1912.174	5948
1914.278	5854
1916.383	6086
1918.486	6018
1920.592	6012
1922.694	6094
1924.797	5976
1926.898	5948
1929	6038
1931.102	5908
1933.203	6149
1935.301	6013
1937.401	6071
1939.499	6079
1941.598	6019
1943.697	6052
1945.793	6079
1947.888	6114
1949.985	6068
1952.08	6079
1954.176	5973
1956.269	6000
1958.364	5950
1960.457	6000
1962.549	5977
1964.642	6005
1966.733	6047
1968.823	6128
1970.913	5918
1973.005	6062
1975.093	5867
1977.184	6070
1979.271	6026
1981.359	5985
1983.446	5913
1985.532	6031
1987.619	6000
1989.705	5975
1991.789	5978
1993.874	6029
1995.956	5887
1998.041	6034
2000.123	6023
2002.206	6031
2004.287	5938
2006.368	5931
2008.449	5963
2010.529	5939
2012.609	5884
2014.688	5925
2016.766	5885
2018.843	5976
2020.922	5935
2022.999	6090
2025.074	5967
2027.15	6020
2029.225	5954
2031.299	5922
2033.375	5991
2035.447	5978
2037.52	5921
2039.592	5902
2041.664	6021
2043.736	5886
2045.807	5927
2047.876	5942
2049.947	5873
2052.015	5952
2054.086	6038
2056.153	5957
2058.221	6073
2060.288	6007
2062.353	6066
2064.42	6024
2066.486	6011
2068.55	5961
2070.614	5975
2072.678	5963
2074.741	5986
2076.805	6003
2078.866	5978
2080.929	5874
2082.99	6000
2085.049	6054
2087.109	6011
2089.17	5906
2091.228	5857
2093.286	5930
2095.344	5949
2097.4	5950
2099.46	5912
2101.516	5929
2103.572	5975
2105.626	6041
2107.679	5891
2109.735	5965
2111.788	6066
2113.841	5945
2115.894	5937
2117.945	5944
2119.997	5888
2122.049	5981
2124.1	5944
2126.148	5920
2128.197	5934
2130.246	6000
2132.296	5863
2134.342	5914
2136.39	5937
2138.437	5861
2140.483	5968
2142.527	5935
2144.574	5912
2146.619	5930
2148.661	5961
2150.705	5915
2152.747	5967
2154.792	5945
2156.832	5902
2158.874	5827
2160.915	5893
2162.954	5997
2164.995	5891
2167.034	5883
2169.072	5783
2171.111	6006
2173.148	5789
2175.186	5897
2177.223	5877
2179.258	5707
2181.294	5836
2183.328	5829
2185.362	5892
2187.398	5839
2189.431	5812
2191.463	5767
2193.495	5837
2195.528	5807
2197.56	5819
2199.59	5786
2201.62	5809
2203.649	6008
2205.678	5922
2207.708	5763
2209.737	5816
2211.764	5763
2213.791	5738
2215.817	5786
2217.843	5806
2219.87	5791
2221.895	5720
2223.919	5912
2225.942	5816
2227.966	5813
2229.988	5803
2232.012	5738
2234.032	5781
2236.054	5725
2238.074	5758
2240.095	5753
2242.116	5776
2244.135	5770
2246.153	5754
2248.171	5817
2250.188	5740
2252.208	5762
2254.223	5757
2256.239	5746
2258.255	5901
2260.269	5827
2262.283	5737
2264.3	5813
2266.312	5806
2268.325	5723
2270.336	5798
2272.349	5749
2274.362	5853
2276.372	5716
2278.383	5757
2280.392	5890
2282.402	5766
2284.409	5750
2286.418	5794
2288.427	5801
2290.433	5792
2292.441	5767
2294.446	5816
2296.453	5664
2298.459	5818
2300.463	5748
2302.466	5739
2304.471	5833
2306.475	5706
2308.477	5782
2310.478	5799
2312.481	5813
2314.481	5820
2316.481	5741
2318.482	5703
2320.482	5774
2322.48	5677
2324.48	5689
2326.478	5795
2328.476	5563
2330.473	5725
2332.469	5712
2334.465	5596
2336.46	5768
2338.454	5625
2340.45	5794
2342.444	5660
2344.437	5684
2346.43	5768
2348.421	5623
2350.414	5748
2352.405	5535
2354.396	5703
2356.386	5704
2358.376	5655
2360.366	5742
2362.355	5547
2364.343	5733
2366.331	5718
2368.317	5635
2370.304	5581
2372.292	5594
2374.278	5625
2376.262	5691
2378.247	5740
2380.23	5559
2382.216	5585
2384.199	5663
2386.181	5616
2388.163	5656
2390.144	5647
2392.127	5620
2394.107	5626
2396.087	5616
2398.066	5577
2400.046	5580
2402.023	5563
2404.004	5631
2405.981	5541
2407.957	5530
2409.934	5660
2411.91	5514
2413.886	5646
2415.862	5581
2417.836	5597
2419.809	5511
2421.784	5574
2423.756	5662
2425.73	5597
2427.701	5524
2429.672	5530
2431.644	5630
2433.615	5557
2435.586	5526
2437.555	5592
2439.523	5490
2441.491	5639
2443.459	5530
2445.428	5568
2447.395	5465
2449.361	5509
2451.327	5554
2453.292	5451
2455.257	5589
2457.223	5598
2459.187	5609
2461.15	5529
2463.113	5540
2465.076	5596
2467.039	5444
2468.999	5581
2470.96	5538
2472.921	5561
2474.881	5586
2476.841	5435
2478.8	5531
2480.759	5455
2482.717	5481
2484.675	5601
2486.63	5473
2488.589	5471
2490.545	5485
2492.5	5402
2494.455	5463
2496.408	5403
2498.364	5517
2500.318	5494
2502.27	5528
2504.223	5432
2506.174	5377
2508.126	5543
2510.078	5445
2512.03	5393
2513.979	5523
2515.927	5520
2517.877	5470
2519.826	5364
2521.775	5446
2523.722	5454
2525.668	5522
2527.616	5424
2529.561	5510
2531.508	5509
2533.452	5468
2535.398	5390
2537.342	5374
2539.284	5351
2541.229	5386
2543.173	5449
2545.114	5435
2547.055	5503
2548.996	5396
2550.938	5484
2552.878	5435
2554.817	5374
2556.756	5423
2558.695	5334
2560.633	5533
2562.572	5398
2564.509	5399
2566.445	5409
2568.382	5491
2570.317	5543
2572.254	5344
2574.189	5471
2576.123	5441
2578.057	5557
2579.99	5426
2581.923	5395
2583.855	5408
2585.788	5407
2587.719	5470
2589.65	5418
2591.579	5444
2593.511	5397
2595.44	5343
2597.37	5455
2599.297	5453
2601.225	5484
2603.153	5382
2605.08	5424
2607.007	5485
2608.932	5541
2610.858	5426
2612.782	5471
2614.709	5454
2616.632	5483
2618.556	5534
2620.478	5496
2622.401	5480
2624.324	5437
2626.247	5475
2628.167	5421
2630.088	5487
2632.008	5406
2633.928	5507
2635.848	5323
2637.766	5462
2639.684	5536
2641.603	5490
2643.519	5386
2645.437	5442
2647.353	5400
2649.27	5430
2651.184	5403
2653.099	5444
2655.014	5363
2656.928	5470
2658.842	5501
2660.755	5383
2662.667	5426
2664.579	5406
2666.491	5415
2668.402	5406
2670.312	5382
2672.222	5341
2674.132	5408
2676.042	5367
2677.951	5377
2679.859	5413
2681.766	5329
2683.674	5371
2685.582	5355
2687.488	5431
2689.392	5383
2691.298	5299
2693.202	5208
2695.107	5353
2697.012	5407
2698.914	5346
2700.817	5313
2702.72	5369
2704.622	5201
2706.524	5337
2708.425	5349
2710.326	5353
2712.225	5233
2714.125	5327
2716.024	5358
2717.923	5342
2719.822	5365
2721.719	5356
2723.616	5329
2725.512	5328
2727.41	5321
2729.305	5363
2731.201	5311
2733.095	5410
2734.99	5343
2736.884	5266
2738.778	5367
2740.67	5369
2742.562	5350
2744.455	5304
2746.346	5264
2748.238	5296
2750.129	5321
2752.018	5299
2753.907	5332
2755.797	5305
2757.687	5376
2759.575	5231
2761.462	5305
2763.349	5333
2765.237	5280
2767.124	5382
2769.009	5264
2770.894	5308
2772.779	5299
2774.663	5200
2776.547	5226
2778.431	5252
2780.314	5222
2782.197	5247
2784.078	5304
2785.96	5259
2787.842	5385
2789.723	5310
2791.603	5295
2793.483	5436
2795.362	5261
2797.241	5203
2799.121	5313
2800.997	5320
2802.874	5380
2804.751	5223
2806.628	5248
2808.506	5263
2810.38	5216
2812.255	5201
2814.13	5170
2816.003	5314
2817.878	5279
2819.752	5179
2821.623	5238
2823.496	5200
2825.368	5287
2827.238	5272
2829.111	5294
2830.98	5314
2832.851	5275
2834.719	5362
2836.589	5296
2838.458	5281
2840.327	5221
2842.193	5345
2844.061	5399
2845.927	5342
2847.794	5318
2849.66	5410
2851.525	5398
2853.39	5360
2855.254	5396
2857.117	5405
2858.983	5474
2860.845	5499
2862.707	5449
2864.569	5585
2866.431	5568
2868.293	5579
2870.154	5681
2872.013	5609
2873.873	5761
2875.733	5786
2877.592	5622
2879.451	5877
2881.309	5803
2883.166	5828
2885.022	6000
2886.879	6098
2888.736	6019
2890.591	6086
2892.446	6192
2894.301	6191
2896.155	6117
2898.009	6236
2899.863	6028
2901.716	6170
2903.568	6114
2905.419	6024
2907.27	6131
2909.123	6012
2910.973	6034
2912.824	6091
2914.673	6144
2916.521	6197
2918.372	6321
2920.22	6218
2922.067	6369
2923.914	6428
2925.761	6351
2927.607	6460
2929.455	6349
2931.301	6465
2933.144	6511
2934.99	6575
2936.833	6380
2938.678	6642
2940.522	6664
2942.364	6653
2944.207	6822
2946.048	6953
2947.891	7068
2949.731	7140
2951.571	7248
2953.412	7190
2955.25	7082
2957.09	7196
2958.93	6978
2960.767	7019
2962.606	7027
2964.443	6909
2966.279	6913
2968.116	6642
2969.953	6501
2971.788	6466
2973.623	6357
2975.457	6184
2977.292	6129
2979.127	6036
2980.959	6158
2982.792	5941
2984.624	5870
2986.455	5970
2988.288	5789
2990.119	5836
2991.949	5749
2993.779	5657
2995.608	5746
2997.439	5634
2999.268	5582
3001.096	5513
3002.923	5574
3004.751	5487
3006.578	5388
3008.406	5335
3010.232	5308
3012.057	5370
3013.883	5246
3015.706	5232
3017.532	5185
3019.356	5099
3021.179	5176
3023.002	5118
3024.823	5069
3026.646	5169
3028.469	5062
3030.289	5097
3032.11	5082
3033.93	5023
3035.749	5140
3037.57	5054
3039.39	5037
3041.207	5058
3043.026	5028
3044.842	5071
3046.661	5051
3048.477	4999
3050.294	5066
3052.109	4998
3053.925	4992
3055.739	4982
3057.555	5043
3059.368	4909
3061.181	5007
3062.995	4948
3064.807	5049
3066.62	4959
3068.433	4934
3070.243	4989
3072.054	4987
3073.865	4970
3075.675	4976
3077.485	5026
3079.293	4790
3081.102	4932
3082.911	4942
3084.719	4912
3086.527	4964
3088.333	4783
3090.139	4945
3091.945	4795
3093.75	4971
3095.557	4912
3097.361	4843
3099.165	4820
3100.969	4815
3102.772	4875
3104.575	4892
3106.379	4908
3108.181	4848
3109.982	4869
3111.783	4864
3113.584	4805
3115.386	4837
3117.186	4708
3118.985	4720
3120.783	4831
3122.582	4802
3124.381	4771
3126.179	4672
3127.975	4718
3129.772	4866
3131.569	4738
3133.365	4754
3135.161	4742
3136.956	4691
3138.751	4787
3140.544	4711
3142.338	4812
3144.132	4693
3145.925	4724
3147.717	4795
3149.509	4706
3151.301	4723
3153.091	4806
3154.884	4712
3156.673	4619
3158.462	4728
3160.252	4675
3162.041	4678
3163.831	4660
3165.618	4659
3167.405	4691
3169.193	4763
3170.979	4715
3172.767	4714
3174.553	4726
3176.338	4711
3178.123	4694
3179.907	4648
3181.692	4654
3183.477	4692
3185.259	4621
3187.042	4649
3188.824	4684
3190.607	4656
3192.389	4638
3194.17	4631
3195.951	4616
3197.73	4537
3199.51	4597
3201.289	4622
3203.07	4677
3204.848	4663
3206.626	4563
3208.403	4696
3210.18	4628
3211.959	4614
3213.735	4610
3215.511	4779
3217.285	4631
3219.06	4680
3220.836	4714
3222.611	4558
3224.384	4534
3226.158	4627
3227.929	4664
3229.702	4628
3231.476	4589
3233.248	4717
3235.018	4572
3236.789	4619
3238.56	4645
3240.33	4547
3242.1	4545
3243.869	4648
3245.637	4524
3247.405	4585
3249.172	4603
3250.941	4588
3252.707	4563
3254.474	4552
3256.24	4665
3258.006	4684
3259.772	4603
3261.537	4654
3263.301	4613
3265.065	4585
3266.828	4586
3268.592	4629
3270.355	4657
3272.117	4580
3273.878	4599
3275.64	4541
3277.401	4595
3279.162	4581
3280.922	4584
3282.682	4655
3284.441	4616
3286.199	4659
3287.959	4528
3289.716	4595
3291.475	4587
3293.232	4649
3294.988	4547
3296.744	4626
3298.501	4583
3300.256	4540
3302.011	4561
3303.766	4560
3305.52	4611
3307.275	4640
3309.028	4514
3310.781	4572
3312.533	4490
3314.285	4615
3316.038	4564
3317.789	4616
3319.54	4607
3321.289	4559
3323.039	4571
3324.789	4551
3326.539	4565
3328.288	4533
3330.035	4576
3331.783	4559
3333.531	4587
3335.28	4585
3337.025	4502
3338.771	4597
3340.518	4563
3342.262	4530
3344.009	4494
3345.753	4579
3347.497	4472
3349.24	4469
3350.983	4425
3352.726	4371
3354.469	4419
3356.212	4507
3357.952	4541
3359.694	4505
3361.434	4470
3363.176	4388
3364.916	4474
3366.654	4427
3368.394	4397
3370.132	4504
3371.871	4359
3373.61	4362
3375.346	4317
3377.083	4375
3378.82	4364
3380.556	4452
3382.292	4466
3384.027	4431
3385.763	4386
3387.497	4391
3389.231	4351
3390.965	4401
3392.698	4446
3394.431	4369
3396.164	4372
3397.896	4426
3399.627	4403
3401.36	4431
3403.09	4362
3404.82	4357
3406.55	4332
3408.279	4281
3410.01	4387
3411.738	4345
3413.467	4341
3415.194	4306
3416.92	4316
3418.647	4361
3420.375	4213
3422.102	4304
3423.827	4268
3425.553	4268
3427.277	4261
3429.003	4347
3430.727	4289
3432.451	4319
3434.173	4290
3435.896	4285
3437.62	4299
3439.343	4185
3441.063	4263
3442.785	4304
3444.505	4212
3446.226	4302
3447.948	4319
3449.666	4341
3451.386	4208
3453.104	4170
3454.823	4267
3456.541	4161
3458.259	4150
3459.976	4085
3461.693	4216
3463.408	4196
3465.125	4159
3466.841	4099
3468.556	4086
3470.271	4156
3471.985	4250
3473.698	4096
3475.414	4191
3477.126	4139
3478.838	4051
3480.55	4108
3482.263	4116
3483.975	4044
3485.686	4146
3487.396	4179
3489.106	4079
3490.817	4125
3492.526	4049
3494.236	4080
3495.944	4102
3497.652	4081
3499.359	4078
3501.066	3970
3502.775	4077
3504.481	3956
3506.187	4025
3507.893	4045
3509.598	3991
3511.304	4072
3513.009	3973
3514.713	3942
3516.417	4002
3518.12	4022
3519.821	3931
3521.525	4022
3523.228	3928
3524.929	3970
3526.631	3962
3528.33	3941
3530.032	3975
3531.733	3986
3533.433	3896
3535.131	3884
3536.83	3896
3538.529	3948
3540.227	3966
3541.925	3947
3543.623	3884
3545.319	3874
3547.016	3772
3548.712	3927
3550.408	3885
3552.103	3904
3553.798	3822
3555.491	3924
3557.188	3903
3558.88	3824
3560.574	3866
3562.266	3859
3563.959	3918
3565.651	3861
3567.343	3805
3569.035	3814
3570.725	3900
3572.415	3861
3574.106	3798
3575.797	3867
3577.485	3879
3579.174	3772
3580.863	3814
3582.551	3832
3584.238	3745
3585.926	3792
3587.613	3883
3589.3	3820
3590.986	3827
3592.671	3713
3594.357	3771
3596.042	3744
3597.726	3696
3599.41	3759
3601.094	3722
3602.778	3739
3604.461	3757
3606.143	3712
3607.825	3722
3609.507	3700
3611.188	3684
3612.87	3695
3614.551	3605
3616.229	3710
3617.909	3727
3619.589	3651
3621.269	3707
3622.948	3636
3624.625	3763
3626.302	3690
3627.98	3610
3629.657	3633
3631.334	3628
3633.01	3688
3634.686	3670
3636.361	3719
3638.036	3601
3639.712	3670
3641.385	3648
3643.06	3613
3644.732	3575
3646.405	3696
3648.08	3637
3649.751	3593
3651.424	3587
3653.094	3607
3654.766	3525
3656.436	3609
3658.106	3486
3659.777	3540
3661.446	3587
3663.115	3515
3664.783	3550
3666.452	3545
3668.121	3490
3669.788	3504
3671.454	3533
3673.121	3509
3674.789	3507
3676.455	3444
3678.12	3553
3679.784	3508
3681.45	3553
3683.114	3635
3684.779	3609
3686.442	3596
3688.105	3519
3689.768	3507
3691.43	3529
3693.093	3470
3694.754	3466
3696.415	3469
3698.076	3476
3699.736	3542
3701.396	3490
3703.057	3488
3704.716	3511
3706.375	3496
3708.034	3489
3709.692	3433
3711.351	3345
3713.008	3505
3714.665	3438
3716.321	3465
3717.977	3520
3719.634	3530
3721.29	3459
3722.945	3382
3724.598	3329
3726.253	3453
3727.907	3529
3729.561	3393
3731.214	3450
3732.867	3404
3734.518	3383
3736.171	3492
3737.824	3450
3739.474	3515
3741.125	3461
3742.775	3372
3744.425	3458
3746.074	3363
3747.725	3371
3749.373	3425
3751.022	3376
3752.669	3458
3754.318	3417
3755.966	3359
3757.612	3368
3759.259	3348
3760.905	3430
3762.55	3355
3764.197	3353
3765.842	3337
3767.486	3376
3769.131	3397
3770.774	3357
3772.417	3359
3774.061	3374
3775.705	3281
3777.347	3377
3778.988	3333
3780.629	3272
3782.271	3396
3783.912	3365
3785.552	3327
3787.192	3228
3788.831	3388
3790.472	3271
3792.112	3308
3793.75	3251
3795.388	3268
3797.024	3268
3798.661	3333
3800.3	3344
3801.936	3318
3803.572	3374
3805.208	3193
3806.844	3256
3808.48	3236
3810.115	3305
3811.748	3249
3813.382	3265
3815.016	3254
3816.649	3308
3818.283	3282
3819.914	3296
3821.547	3279
3823.178	3321
3824.809	3212
3826.441	3260
3828.072	3280
3829.701	3254
3831.331	3157
3832.96	3239
3834.591	3207
3836.219	3267
3837.847	3215
3839.475	3251
3841.102	3254
3842.729	3281
3844.357	3170
3845.984	3264
3847.609	3210
3849.234	3211
3850.86	3185
3852.485	3157
3854.11	3117
3855.734	3235
3857.357	3255
3858.981	3197
3860.603	3226
3862.227	3155
3863.848	3157
3865.471	3128
3867.092	3240
3868.713	3081
3870.334	3199
3871.954	3152
3873.575	3139
3875.194	3173
3876.813	3141
3878.433	3237
3880.051	3122
3881.669	3138
3883.286	3217
3884.904	3107
3886.52	3143
3888.138	3130
3889.754	3136
3891.37	3138
3892.985	3095
3894.6	3083
3896.216	3189
3897.831	3107
3899.444	3169
3901.058	3122
3902.67	3121
3904.283	3149
3905.897	3117
3907.509	3077
3909.121	3094
3910.731	3102
3912.342	3126
3913.954	3119
3915.563	3099
3917.174	3040
3918.783	3067
3920.391	3042
3922.002	3080
3923.611	3048
3925.218	3061
3926.826	3112
3928.432	3090
3930.039	3067
3931.647	3171
3933.253	3189
3934.859	2968
3936.464	3061
3938.068	3046
3939.675	3121
3941.278	3065
3942.883	3060
3944.486	3103
3946.089	3035
3947.692	3122
3949.295	3106
3950.898	3030
3952.499	3085
3954.1	3049
3955.7	3037
3957.303	3013
3958.903	3050
3960.502	3072
3962.101	3036
3963.7	3055
3965.301	2964
3966.899	3005
3968.497	3003
3970.094	3018
3971.691	3037
3973.288	3020
3974.885	3046
3976.481	2928
3978.077	2935
3979.672	3025
3981.267	3018
3982.863	2926
3984.457	2920
3986.051	3034
3987.645	2926
3989.238	2941
3990.831	2985
3992.425	2974
3994.017	2977
3995.607	2934
3997.199	2926
3998.79	2967
4000.382	2965
4001.973	2895
4003.561	2907
4005.151	2921
4006.741	2893
4008.331	2972
4009.918	2934
4011.507	2870
4013.095	2891
4014.681	2967
4016.269	2903
4017.856	2932
4019.443	2839
4021.028	2882
4022.614	2843
4024.199	2856
4025.785	2903
4027.37	2871
4028.953	2892
4030.536	2863
4032.12	2851
4033.704	2882
4035.287	2871
4036.869	2875
4038.45	2861
4040.032	2879
4041.613	2790
4043.195	2839
4044.776	2759
4046.356	2813
4047.935	2823
4049.515	2823
4051.095	2861
4052.674	2834
4054.251	2738
4055.829	2831
4057.406	2777
4058.985	2820
4060.562	2849
4062.139	2829
4063.715	2782
4065.29	2760
4066.865	2793
4068.442	2840
4070.016	2844
4071.59	2805
4073.164	2726
4074.738	2811
4076.312	2812
4077.885	2725
4079.458	2752
4081.03	2773
4082.602	2786
4084.173	2748
4085.745	2738
4087.315	2788
4088.886	2811
4090.456	2705
4092.026	2766
4093.596	2739
4095.165	2743
4096.734	2826
4098.301	2726
4099.869	2770
4101.437	2753
4103.006	2721
4104.572	2777
4106.139	2817
4107.704	2731
4109.27	2735
4110.837	2797
4112.401	2675
4113.966	2731
4115.53	2716
4117.094	2712
4118.659	2747
4120.223	2736
4121.785	2703
4123.347	2786
4124.909	2756
4126.471	2684
4128.034	2692
4129.595	2693
4131.155	2700
4132.716	2645
4134.275	2636
4135.836	2711
4137.395	2653
4138.955	2694
4140.513	2666
4142.071	2659
4143.628	2649
4145.188	2663
4146.745	2641
4148.302	2617
4149.858	2700
4151.414	2645
4152.971	2678
4154.526	2617
4156.081	2595
4157.635	2574
4159.189	2670
4160.745	2714
4162.298	2612
4163.852	2640
4165.405	2638
4166.957	2617
4168.51	2598
4170.063	2596
4171.614	2611
4173.166	2586
4174.717	2584
4176.267	2600
4177.817	2653
4179.368	2599
4180.917	2603
4182.466	2573
4184.016	2557
4185.564	2553
4187.112	2591
4188.66	2617
4190.207	2510
4191.754	2558
4193.301	2575
4194.848	2612
4196.394	2592
4197.94	2543
4199.484	2602
4201.03	2533
4202.575	2581
4204.12	2534
4205.663	2527
4207.207	2534
4208.75	2578
4210.292	2578
4211.836	2544
4213.378	2485
4214.92	2560
4216.46	2544
4218.002	2511
4219.544	2561
4221.083	2532
4222.625	2542
4224.164	2459
4225.703	2417
4227.244	2539
4228.782	2514
4230.32	2579
4231.857	2460
4233.395	2450
4234.933	2536
4236.471	2552
4238.007	2486
4239.542	2433
4241.078	2484
4242.614	2441
4244.15	2486
4245.685	2459
4247.219	2438
4248.753	2464
4250.287	2507
4251.82	2511
4253.354	2523
4254.887	2489
4256.419	2510
4257.951	2458
4259.483	2450
4261.016	2409
4262.547	2483
4264.078	2480
4265.608	2520
4267.137	2459
4268.668	2441
4270.197	2384
4271.727	2489
4273.254	2424
4274.783	2408
4276.311	2455
4277.84	2408
4279.366	2468
4280.894	2373
4282.42	2466
4283.946	2485
4285.473	2408
4286.998	2408
4288.523	2409
4290.047	2459
4291.572	2462
4293.096	2412
4294.622	2435
4296.144	2403
4297.668	2344
4299.19	2459
4300.713	2396
4302.236	2356
4303.758	2373
4305.279	2382
4306.799	2380
4308.321	2412
4309.842	2403
4311.361	2376
4312.882	2387
4314.401	2329
