400.0961	6587
402.6185	6659
405.1424	6587
407.6635	6626
410.1838	6696
412.7035	6689
415.2225	6701
417.7388	6840
420.2585	6765
422.7754	6969
425.2917	7070
427.8072	6936
430.3221	7145
432.8363	7004
435.3498	6994
437.8626	7092
440.3727	7012
442.8841	7079
445.3969	7134
447.907	7203
450.4142	7164
452.9229	7085
455.4289	7159
457.9362	7089
460.4449	7073
462.9488	7068
465.454	7128
467.9566	7010
470.4604	7067
472.9637	7073
475.4662	7120
477.966	7174
480.4671	7012
482.9656	7138
485.4633	7205
487.9645	7182
490.4608	7176
492.9566	7291
495.4536	7325
497.948	7299
500.4437	7403
502.9387	7304
505.431	7352
507.9226	7366
510.4136	7541
512.9079	7389
515.3975	7389
517.8864	7409
520.3746	7347
522.8622	7412
525.3491	7482
527.8394	7437
530.3249	7429
532.8098	7271
535.2939	7466
537.7774	7421
540.2623	7473
542.7444	7460
545.2259	7358
547.7067	7506
550.1868	7438
552.6683	7513
555.147	7460
557.6231	7392
560.1005	7552
562.5773	7572
565.0534	7476
567.5308	7469
570.0056	7723
572.4776	7523
574.951	7651
577.4237	7761
579.8978	7746
582.3671	7832
584.8378	7655
587.3079	7687
589.7773	7765
592.244	7801
594.714	7678
597.1793	7772
599.6461	7685
602.1121	7696
604.5754	7695
607.0421	7700
609.5042	7801
611.9675	7802
614.4282	7713
616.8902	7773
619.3515	7759
621.8122	7674
624.2702	7837
626.7296	7729
629.1863	7673
631.6423	7628
634.1017	7700
636.5563	7708
639.0104	7765
641.4658	7738
643.9185	7788
646.3725	7897
648.8239	7725
651.2766	7773
653.7266	7900
656.176	7881
658.6247	7824
661.0748	7917
663.5242	7920
665.9709	7968
668.417	7989
670.8624	7862
673.3092	8063
675.7533	8077
678.1968	7867
680.6395	7927
683.0817	7836
685.5251	7970
687.9659	7965
690.4061	8030
692.8456	8065
695.2844	8035
697.7226	8128
700.1621	8137
702.599	8027
705.0332	8035
707.4688	8149
709.9036	8155
712.3399	8236
714.7735	8105
717.2044	8162
719.6367	8224
722.0683	8092
724.4993	8200
726.9296	8312
729.3593	8339
731.7883	8325
734.2147	8458
736.6423	8280
739.0714	8240
741.4958	8406
743.9216	8423
746.3447	8391
748.7691	8446
751.1929	8443
753.616	8476
756.0366	8451
758.4584	8570
760.8776	8642
763.2982	8613
765.718	8545
768.1373	8617
770.5539	8637
772.9698	8632
775.3871	8681
777.8038	8781
780.2178	8530
782.6332	8643
785.0459	8642
787.458	8708
789.8714	8543
792.2842	8718
794.6943	8598
797.1038	8601
799.5127	8614
801.9209	8503
804.3324	8596
806.7393	8573
809.1456	8742
811.5513	8759
813.9562	8806
816.3625	8763
818.7663	8760
821.1693	8781
823.5718	8769
825.9735	8820
828.3746	8625
830.7771	8811
833.177	8778
835.5762	8748
837.9747	8802
840.3727	8806
842.772	8769
845.1666	8943
847.5626	8894
849.958	8992
852.3527	8859
854.7488	8905
857.1403	8954
859.5331	8993
861.9253	8771
864.3168	8826
866.7057	8918
869.098	8824
871.4876	8888
873.8746	8852
876.263	8920
878.6487	8883
881.0378	8847
883.4243	8885
885.8081	8887
888.1933	8968
890.5759	8988
892.9598	8947
895.343	8870
897.7256	8805
900.1057	8937
902.4871	8919
904.8659	9051
907.246	8841
909.6254	9064
912.0023	9067
914.3786	9067
916.7562	9219
919.1331	9308
921.5074	9332
923.8831	9439
926.2562	9449
928.6287	9428
931.0005	9291
933.3757	9392
935.7462	9374
938.1162	9303
940.4855	9422
942.8542	9715
945.2242	9724
947.5916	9549
949.9584	9807
952.3266	9930
954.6921	10408
957.0571	10636
959.4233	10956
961.787	10882
964.15	10920
966.5125	10887
968.8742	10464
971.2354	10137
973.5959	9891
975.9559	9658
978.3151	9534
980.6738	9453
983.0338	9338
985.3912	9323
987.7461	9293
990.1022	9281
992.4578	9152
994.8127	9329
997.1689	9344
999.5207	9251
1001.874	9371
1004.226	9374
1006.576	9220
1008.929	9229
1011.28	9255
1013.628	9138
1015.977	9111
1018.324	9258
1020.674	9283
1023.019	9374
1025.366	9357
1027.713	9285
1030.056	9364
1032.399	9445
1034.746	9362
1037.087	9352
1039.431	9296
1041.771	9339
1044.113	9306
1046.454	9294
1048.793	9482
1051.133	9449
1053.471	9393
1055.807	9368
1058.146	9548
1060.483	9373
1062.818	9447
1065.153	9389
1067.489	9469
1069.822	9532
1072.156	9558
1074.488	9602
1076.82	9636
1079.15	9440
1081.48	9557
1083.814	9528
1086.143	9412
1088.471	9467
1090.799	9439
1093.126	9419
1095.452	9460
1097.78	9607
1100.105	9406
1102.43	9434
1104.754	9403
1107.077	9381
1109.4	9359
1111.722	9531
1114.044	9458
1116.365	9544
1118.685	9629
1121.005	9595
1123.324	9590
1125.643	9533
1127.961	9444
1130.278	9480
1132.595	9504
1134.911	9476
1137.226	9439
1139.541	9518
1141.854	9560
1144.167	9540
1146.482	9494
1148.793	9489
1151.105	9634
1153.414	9596
1155.725	9509
1158.033	9679
1160.344	9428
1162.651	9563
1164.959	9515
1167.265	9485
1169.572	9580
1171.878	9525
1174.184	9493
1176.488	9391
1178.79	9667
1181.094	9647
1183.396	9631
1185.699	9553
1188.001	9526
1190.301	9432
1192.6	9443
1194.9	9532
1197.2	9557
1199.497	9486
1201.794	9482
1204.09	9547
1206.387	9609
1208.684	9555
1210.978	9574
1213.272	9512
1215.565	9528
1217.858	9519
1220.15	9676
1222.443	9527
1224.734	9504
1227.024	9841
1229.313	9569
1231.602	9764
1233.892	9746
1236.18	9649
1238.467	9729
1240.754	10004
1243.04	9900
1245.325	9932
1247.612	9901
1249.896	9853
1252.178	9817
1254.461	9795
1256.743	9868
1259.027	9852
1261.308	9822
1263.587	9840
1265.867	9962
1268.146	9937
1270.425	9918
1272.703	9937
1274.981	9937
1277.256	9994
1279.532	9905
1281.808	9880
1284.083	9777
1286.358	9849
1288.63	9712
1290.904	9837
1293.175	9739
1295.449	9823
1297.719	9817
1299.99	9821
1302.259	9700
1304.529	9808
1306.798	9776
1309.065	9683
1311.333	9714
1313.599	9860
1315.866	9763
1318.131	9833
1320.396	9907
1322.66	9692
1324.925	9832
1327.187	9686
1329.448	9864
1331.711	9976
1333.974	9949
1336.234	9758
1338.493	9934
1340.752	9785
1343.01	9779
1345.269	9661
1347.526	9817
1349.784	9893
1352.04	9801
1354.295	9801
1356.552	9767
1358.806	9562
1361.059	9797
1363.312	9800
1365.564	9774
1367.818	9762
1370.069	9966
1372.318	9806
1374.568	9845
1376.817	9941
1379.066	9915
1381.316	9858
1383.564	9631
1385.809	9971
1388.056	9969
1390.301	9976
1392.549	9962
1394.793	10111
1397.036	10056
1399.279	10316
1401.522	9972
1403.763	10147
1406.007	10269
1408.248	10125
1410.487	10011
1412.727	10231
1414.965	10261
1417.205	10123
1419.442	10109
1421.68	10073
1423.915	10127
1426.152	10051
1428.388	10313
1430.623	10157
1432.857	10058
1435.091	10155
1437.323	10188
1439.556	10201
1441.789	10250
1444.019	10318
1446.25	10078
1448.48	10115
1450.708	10340
1452.938	10329
1455.167	10269
1457.394	10410
1459.62	10170
1461.846	10245
1464.073	10268
1466.299	10238
1468.523	10073
1470.746	10039
1472.969	10045
1475.191	9933
1477.415	10032
1479.636	10081
1481.858	9786
1484.078	9938
1486.298	9979
1488.518	9999
1490.736	9839
1492.954	9998
1495.169	9896
1497.386	9847
1499.602	9881
1501.819	9874
1504.034	9856
1506.248	9776
1508.462	9793
1510.675	9632
1512.888	9782
1515.1	9740
1517.311	9673
1519.522	9748
1521.732	9806
1523.942	9618
1526.151	9734
1528.36	9909
1530.566	9750
1532.773	9819
1534.98	9717
1537.187	9643
1539.392	10017
1541.596	9938
1543.801	9818
1546.005	9971
1548.208	9853
1550.411	9934
1552.612	9889
1554.814	10023
1557.013	9909
1559.212	9978
1561.414	9988
1563.612	10012
1565.811	9963
1568.007	9997
1570.203	10046
1572.403	9858
1574.598	10093
1576.792	10073
1578.988	9983
1581.181	10203
1583.376	10046
1585.568	10013
1587.761	9979
1589.952	10048
1592.143	10178
1594.333	10014
1596.524	9993
1598.715	10053
1600.903	10168
1603.091	10082
1605.278	10211
1607.466	10240
1609.652	10204
1611.838	10093
1614.023	10156
1616.207	10178
1618.391	10129
1620.576	10228
1622.759	10071
1624.941	10092
1627.123	10162
1629.304	10308
1631.484	10122
1633.664	10336
1635.844	10316
1638.022	10281
1640.201	10201
1642.38	10284
1644.556	10091
1646.732	10213
1648.908	10184
1651.084	10283
1653.257	10224
1655.433	10234
1657.607	10205
1659.779	10359
1661.951	10073
1664.122	10273
1666.295	10343
1668.467	10379
1670.635	10258
1672.805	10411
1674.973	10260
1677.142	10336
1679.31	10363
1681.478	10130
1683.644	10418
1685.81	10257
1687.975	10191
1690.142	10234
1692.305	10214
1694.468	10100
1696.632	10161
1698.794	10250
1700.957	10169
1703.119	10253
1705.279	10072
1707.439	10141
1709.598	10041
1711.758	10074
1713.917	10040
1716.075	10131
1718.231	10147
1720.388	9978
1722.543	10134
1724.702	10105
1726.856	10005
1729.01	10068
1731.164	10066
1733.317	10062
1735.471	10046
1737.623	10123
1739.774	9986
1741.925	10140
1744.075	10128
1746.225	10015
1748.376	10045
1750.524	10128
1752.672	10115
1754.82	10030
1756.965	10200
1759.113	10211
1761.259	10176
1763.405	10125
1765.549	10122
1767.694	10237
1769.836	10302
1771.981	10214
1774.123	10153
1776.264	10073
1778.405	10187
1780.546	10060
1782.687	10089
1784.827	10219
1786.966	10260
1789.103	10023
1791.242	10240
1793.381	10225
1795.517	10186
1797.653	10124
1799.788	10214
1801.923	10170
1804.057	10113
1806.193	10198
1808.326	10167
1810.457	10244
1812.59	10199
1814.721	10235
1816.855	10151
1818.984	10314
1821.113	10135
1823.244	10092
1825.372	10293
1827.499	10210
1829.63	10108
1831.756	10193
1833.882	10207
1836.007	10106
1838.132	10100
1840.26	10153
1842.384	10124
1844.507	10062
1846.63	10139
1848.752	10063
1850.875	10082
1852.996	10062
1855.118	10138
1857.238	10082
1859.358	10066
1861.477	10003
1863.597	10096
1865.715	10091
1867.832	10022
1869.948	9994
1872.064	10064
1874.181	10084
1876.297	10106
1878.411	10050
1880.526	9988
1882.639	10082
1884.752	9917
1886.865	10082
1888.977	10135
1891.089	9953
1893.2	10137
1895.308	10194
1897.42	10075
1899.53	9924
1901.639	10060
1903.745	10113
1905.853	10187
1907.962	10133
1910.067	10048
1912.174	10117
1914.278	10146
1916.383	10126
1918.486	10152
1920.592	10210
1922.694	10221
1924.797	10273
1926.898	10226
1929	10411
1931.102	10209
1933.203	10297
1935.301	10178
1937.401	10168
1939.499	10329
1941.598	10289
1943.697	10186
1945.793	10214
1947.888	10028
1949.985	10208
1952.08	10136
1954.176	10294
1956.269	10336
1958.364	10349
1960.457	10143
1962.549	10282
1964.642	10145
1966.733	10265
1968.823	10111
1970.913	10173
1973.005	10179
1975.093	10183
1977.184	10129
1979.271	10131
1981.359	10244
1983.446	10015
1985.532	10044
1987.619	10110
1989.705	10103
1991.789	9972
1993.874	10253
1995.956	10048
1998.041	10168
2000.123	10032
2002.206	9951
2004.287	10194
2006.368	10051
2008.449	10068
2010.529	10073
2012.609	10204
2014.688	10041
2016.766	10223
2018.843	10054
2020.922	9817
2022.999	10075
2025.074	9894
2027.15	10234
2029.225	10046
2031.299	10021
2033.375	10161
2035.447	10017
2037.52	10047
2039.592	10043
2041.664	10076
2043.736	10035
2045.807	9871
2047.876	10124
2049.947	9988
2052.015	10024
2054.086	10032
2056.153	10206
2058.221	10098
2060.288	10095
2062.353	10085
2064.42	9938
2066.486	10085
2068.55	10047
2070.614	10107
2072.678	10134
2074.741	10002
2076.805	9870
2078.866	10056
2080.929	10005
2082.99	10024
2085.049	9981
2087.109	10118
2089.17	9889
2091.228	10098
2093.286	10114
2095.344	10067
2097.4	9979
2099.46	10085
2101.516	9966
2103.572	10086
2105.626	9971
2107.679	9951
2109.735	10041
2111.788	9942
2113.841	10037
2115.894	9947
2117.945	10123
2119.997	10037
2122.049	9970
2124.1	10048
2126.148	10055
2128.197	10000
2130.246	10048
2132.296	9884
2134.342	10041
2136.39	10059
2138.437	9881
2140.483	9935
2142.527	10010
2144.574	9954
2146.619	10064
2148.661	10115
2150.705	10005
2152.747	9918
2154.792	9900
2156.832	9933
2158.874	9787
2160.915	10071
2162.954	9928
2164.995	9886
2167.034	9958
2169.072	9773
2171.111	9913
2173.148	9942
2175.186	9935
2177.223	9902
2179.258	9911
2181.294	9894
2183.328	9902
2185.362	9892
2187.398	9866
2189.431	9737
2191.463	10045
2193.495	9799
2195.528	9844
2197.56	9756
2199.59	9933
2201.62	9788
2203.649	9641
2205.678	9722
2207.708	9650
2209.737	9770
2211.764	9843
2213.791	9860
2215.817	9807
2217.843	9767
2219.87	9708
2221.895	9640
2223.919	9741
2225.942	9731
2227.966	9741
2229.988	9771
2232.012	9808
2234.032	9791
2236.054	9635
2238.074	9752
2240.095	9682
2242.116	9655
2244.135	9760
2246.153	9681
2248.171	9702
2250.188	9700
2252.208	9828
2254.223	9746
2256.239	9747
2258.255	9709
2260.269	9653
2262.283	9618
2264.3	9699
2266.312	9627
2268.325	9841
2270.336	9622
2272.349	9563
2274.362	9753
2276.372	9707
2278.383	9637
2280.392	9673
2282.402	9802
2284.409	9667
2286.418	9610
2288.427	9709
2290.433	9554
2292.441	9578
2294.446	9703
2296.453	9480
2298.459	9732
2300.463	9599
2302.466	9654
2304.471	9691
2306.475	9720
2308.477	9692
2310.478	9546
2312.481	9651
2314.481	9597
2316.481	9440
2318.482	9633
2320.482	9593
2322.48	9751
2324.48	9606
2326.478	9619
2328.476	9571
2330.473	9606
2332.469	9577
2334.465	9596
2336.46	9396
2338.454	9658
2340.45	9451
2342.444	9550
2344.437	9582
2346.43	9489
2348.421	9394
2350.414	9559
2352.405	9473
2354.396	9596
2356.386	9379
2358.376	9530
2360.366	9386
2362.355	9264
2364.343	9554
2366.331	9500
2368.317	9475
2370.304	9351
2372.292	9391
2374.278	9369
2376.262	9326
2378.247	9378
2380.23	9400
2382.216	9443
2384.199	9407
2386.181	9298
2388.163	9369
2390.144	9186
2392.127	9452
2394.107	9328
2396.087	9376
2398.066	9287
2400.046	9405
2402.023	9273
2404.004	9143
2405.981	9258
2407.957	9320
2409.934	9337
2411.91	9251
2413.886	9187
2415.862	9211
2417.836	9310
2419.809	9327
2421.784	9212
2423.756	9133
2425.73	9202
2427.701	9296
2429.672	9397
2431.644	9260
2433.615	9290
2435.586	9315
2437.555	9305
2439.523	9118
2441.491	9231
2443.459	9360
2445.428	9372
2447.395	9245
2449.361	9275
2451.327	9242
2453.292	9140
2455.257	9150
2457.223	9376
2459.187	9140
2461.15	9251
2463.113	9232
2465.076	9193
2467.039	9132
2468.999	9173
2470.96	8963
2472.921	9143
2474.881	9106
2476.841	9085
2478.8	9227
2480.759	9209
2482.717	9065
2484.675	9097
2486.63	9114
2488.589	9217
2490.545	9201
2492.5	9090
2494.455	9074
2496.408	9101
2498.364	9129
2500.318	9138
2502.27	8969
2504.223	9099
2506.174	9086
2508.126	8986
2510.078	9095
2512.03	9141
2513.979	9178
2515.927	9034
2517.877	9039
2519.826	9202
2521.775	9131
2523.722	9088
2525.668	8987
2527.616	9071
2529.561	9048
2531.508	8843
2533.452	9095
2535.398	8995
2537.342	8920
2539.284	9160
2541.229	9046
2543.173	9029
2545.114	8845
2547.055	9071
2548.996	9063
2550.938	8893
2552.878	8981
2554.817	8983
2556.756	8886
2558.695	8998
2560.633	9112
2562.572	8956
2564.509	8951
2566.445	8910
2568.382	8960
2570.317	8874
2572.254	9137
2574.189	9038
2576.123	8926
2578.057	9073
2579.99	9043
2581.923	8865
2583.855	8997
2585.788	8840
2587.719	8899
2589.65	8994
2591.579	8829
2593.511	9039
2595.44	8978
2597.37	8769
2599.297	8937
2601.225	8970
2603.153	8877
2605.08	8880
2607.007	9132
2608.932	8963
2610.858	8953
2612.782	8982
2614.709	8971
2616.632	8912
2618.556	9009
2620.478	9119
2622.401	9078
2624.324	8847
2626.247	8973
2628.167	8877
2630.088	8956
2632.008	9006
2633.928	9018
2635.848	8910
2637.766	9102
2639.684	9031
2641.603	8949
2643.519	9050
2645.437	8994
2647.353	8788
2649.27	8979
2651.184	9000
2653.099	9005
2655.014	8997
2656.928	8987
2658.842	9104
2660.755	8814
2662.667	9000
2664.579	9081
2666.491	8952
2668.402	8797
2670.312	8978
2672.222	8797
2674.132	8929
2676.042	8784
2677.951	8871
2679.859	8890
2681.766	8692
2683.674	8863
2685.582	8860
2687.488	8839
2689.392	8762
2691.298	8732
2693.202	8857
2695.107	8835
2697.012	8784
2698.914	8650
2700.817	8789
2702.72	8723
2704.622	8796
2706.524	8692
2708.425	8807
2710.326	8786
2712.225	8730
2714.125	8628
2716.024	8745
2717.923	8938
2719.822	8692
2721.719	8675
2723.616	8843
2725.512	8760
2727.41	8798
2729.305	8684
2731.201	8797
2733.095	8665
2734.99	8778
2736.884	8562
2738.778	8760
2740.67	8800
2742.562	8559
2744.455	8695
2746.346	8868
2748.238	8554
2750.129	8583
2752.018	8741
2753.907	8734
2755.797	8670
2757.687	8728
2759.575	8726
2761.462	8604
2763.349	8774
2765.237	8695
2767.124	8674
2769.009	8582
2770.894	8779
2772.779	8713
2774.663	8668
2776.547	8605
2778.431	8574
2780.314	8602
2782.197	8628
2784.078	8461
2785.96	8529
2787.842	8600
2789.723	8592
2791.603	8691
2793.483	8578
2795.362	8597
2797.241	8548
2799.121	8548
2800.997	8516
2802.874	8522
2804.751	8554
2806.628	8676
2808.506	8549
2810.38	8448
2812.255	8574
2814.13	8608
2816.003	8578
2817.878	8609
2819.752	8414
2821.623	8579
2823.496	8340
2825.368	8487
2827.238	8459
2829.111	8639
2830.98	8581
2832.851	8387
2834.719	8509
2836.589	8565
2838.458	8559
2840.327	8584
2842.193	8556
2844.061	8501
2845.927	8650
2847.794	8638
2849.66	8634
2851.525	8733
2853.39	8673
2855.254	8651
2857.117	8525
2858.983	8651
2860.845	8576
2862.707	8670
2864.569	8791
2866.431	8655
2868.293	8693
2870.154	8852
2872.013	8866
2873.873	8868
2875.733	8952
2877.592	8908
2879.451	8985
2881.309	9018
2883.166	9055
2885.022	9145
2886.879	9263
2888.736	9224
2890.591	9173
2892.446	9468
2894.301	9087
2896.155	9108
2898.009	9256
2899.863	9226
2901.716	9152
2903.568	9194
2905.419	9186
2907.27	9064
2909.123	9200
2910.973	9175
2912.824	9233
2914.673	9249
2916.521	9175
2918.372	9447
2920.22	9499
2922.067	9312
2923.914	9495
2925.761	9592
2927.607	9586
2929.455	9532
2931.301	9692
2933.144	9667
2934.99	9785
2936.833	9872
2938.678	9968
2940.522	9776
2942.364	10084
2944.207	10036
2946.048	10117
2947.891	10242
2949.731	10141
2951.571	10003
2953.412	10262
2955.25	10121
2957.09	9863
2958.93	9953
2960.767	9904
2962.606	9913
2964.443	9685
2966.279	9597
2968.116	9671
2969.953	9603
2971.788	9388
2973.623	9380
2975.457	9225
2977.292	9362
2979.127	9141
2980.959	9128
2982.792	9136
2984.624	9071
2986.455	9032
2988.288	8903
2990.119	9031
2991.949	8858
2993.779	8801
2995.608	8818
2997.439	8769
2999.268	8789
3001.096	8642
3002.923	8690
3004.751	8580
3006.578	8591
3008.406	8522
3010.232	8441
3012.057	8459
3013.883	8342
3015.706	8387
3017.532	8285
3019.356	8334
3021.179	8246
3023.002	8093
3024.823	8165
3026.646	8140
3028.469	8071
3030.289	8042
3032.11	8121
3033.93	8204
3035.749	7997
3037.57	7988
3039.39	8028
3041.207	7834
3043.026	7894
3044.842	7993
3046.661	7983
3048.477	8088
3050.294	7965
3052.109	8120
3053.925	8034
3055.739	7888
3057.555	8056
3059.368	7882
3061.181	7993
3062.995	7879
3064.807	7939
3066.62	7907
3068.433	7937
3070.243	7856
3072.054	7830
3073.865	7916
3075.675	7941
3077.485	8003
3079.293	7885
3081.102	7815
3082.911	7788
3084.719	7771
3086.527	7848
3088.333	7724
3090.139	7748
3091.945	7667
3093.75	7800
3095.557	7739
3097.361	7864
3099.165	7672
3100.969	7707
3102.772	7658
3104.575	7715
3106.379	7698
3108.181	7565
3109.982	7664
3111.783	7689
3113.584	7732
3115.386	7577
3117.186	7603
3118.985	7606
3120.783	7679
3122.582	7634
3124.381	7516
3126.179	7634
3127.975	7595
3129.772	7481
3131.569	7484
3133.365	7595
3135.161	7488
3136.956	7636
3138.751	7485
3140.544	7615
3142.338	7629
3144.132	7487
3145.925	7435
3147.717	7441
3149.509	7503
3151.301	7455
3153.091	7510
3154.884	7414
3156.673	7411
3158.462	7452
3160.252	7447
3162.041	7421
3163.831	7410
3165.618	7445
3167.405	7420
3169.193	7533
3170.979	7430
3172.767	7455
3174.553	7467
3176.338	7405
3178.123	7443
3179.907	7298
3181.692	7409
3183.477	7577
3185.259	7416
3187.042	7446
3188.824	7406
3190.607	7391
3192.389	7384
3194.17	7402
3195.951	7415
3197.73	7271
3199.51	7292
3201.289	7325
3203.07	7510
3204.848	7354
3206.626	7343
3208.403	7373
3210.18	7251
3211.959	7365
3213.735	7247
3215.511	7388
3217.285	7280
3219.06	7330
3220.836	7392
3222.611	7315
3224.384	7125
3226.158	7360
3227.929	7346
3229.702	7294
3231.476	7335
3233.248	7227
3235.018	7279
3236.789	7365
3238.56	7282
3240.33	7189
3242.1	7251
3243.869	7251
3245.637	7373
3247.405	7154
3249.172	7226
3250.941	7277
3252.707	7182
3254.474	7193
3256.24	7149
3258.006	7213
3259.772	7214
3261.537	7359
3263.301	7244
3265.065	7241
3266.828	7300
3268.592	7264
3270.355	7375
3272.117	7181
3273.878	7240
3275.64	7326
3277.401	7145
3279.162	7238
3280.922	7291
3282.682	7348
3284.441	7292
3286.199	7196
3287.959	7236
3289.716	7107
3291.475	7290
3293.232	7146
3294.988	7335
3296.744	7185
3298.501	7115
3300.256	7213
3302.011	7233
3303.766	7135
3305.52	7197
3307.275	7167
3309.028	7224
3310.781	7221
3312.533	7106
3314.285	7041
3316.038	7098
3317.789	7265
3319.54	7172
3321.289	7230
3323.039	7130
3324.789	7079
3326.539	7185
3328.288	7229
3330.035	7212
3331.783	7050
3333.531	7231
3335.28	7187
3337.025	7054
3338.771	7034
3340.518	7077
3342.262	7085
3344.009	7096
3345.753	7040
3347.497	7012
3349.24	7034
3350.983	7015
3352.726	7057
3354.469	7034
3356.212	7076
3357.952	7094
3359.694	7058
3361.434	6936
3363.176	6937
3364.916	7022
3366.654	6874
3368.394	7046
3370.132	7033
3371.871	7015
3373.61	6948
3375.346	6866
3377.083	6896
3378.82	7019
3380.556	6959
3382.292	6984
3384.027	6920
3385.763	6976
3387.497	6929
3389.231	6967
3390.965	6936
3392.698	6912
3394.431	6761
3396.164	6835
3397.896	6850
3399.627	6805
3401.36	6917
3403.09	6863
3404.82	6814
3406.55	6990
3408.279	6791
3410.01	6901
3411.738	6892
3413.467	6854
3415.194	6829
3416.92	6815
3418.647	6744
3420.375	6735
3422.102	6816
3423.827	6862
3425.553	6816
3427.277	6829
3429.003	6697
3430.727	6768
3432.451	6751
3434.173	6726
3435.896	6736
3437.62	6763
3439.343	6816
3441.063	6640
3442.785	6779
3444.505	6606
3446.226	6568
3447.948	6587
3449.666	6684
3451.386	6689
3453.104	6696
3454.823	6569
3456.541	6503
3458.259	6613
3459.976	6576
3461.693	6494
3463.408	6429
3465.125	6531
3466.841	6416
3468.556	6477
3470.271	6573
3471.985	6524
3473.698	6436
3475.414	6623
3477.126	6440
3478.838	6518
3480.55	6479
3482.263	6484
3483.975	6425
3485.686	6498
3487.396	6489
3489.106	6465
3490.817	6336
3492.526	6389
3494.236	6487
3495.944	6313
3497.652	6411
3499.359	6349
3501.066	6375
3502.775	6373
3504.481	6381
3506.187	6277
3507.893	6425
3509.598	6328
3511.304	6308
3513.009	6363
3514.713	6311
3516.417	6280
3518.12	6243
3519.821	6300
3521.525	6239
3523.228	6295
3524.929	6320
3526.631	6276
3528.33	6273
3530.032	6268
3531.733	6126
3533.433	6143
3535.131	6256
3536.83	6270
3538.529	6243
3540.227	6162
3541.925	6224
3543.623	6225
3545.319	6224
3547.016	6131
3548.712	6127
3550.408	6146
3552.103	6121
3553.798	6227
3555.491	6174
3557.188	5989
3558.88	6128
3560.574	6137
3562.266	6259
3563.959	6083
3565.651	6108
3567.343	6028
3569.035	6077
3570.725	6092
3572.415	6115
3574.106	6023
3575.797	5955
3577.485	6040
3579.174	6025
3580.863	6022
3582.551	6040
3584.238	5872
3585.926	5957
3587.613	6012
3589.3	5964
3590.986	6114
3592.671	5897
3594.357	5976
3596.042	5893
3597.726	5911
3599.41	5925
3601.094	5909
3602.778	5976
3604.461	5815
3606.143	6012
3607.825	5922
3609.507	5863
3611.188	5847
3612.87	5860
3614.551	5847
3616.229	5855
3617.909	5791
3619.589	5826
3621.269	5910
3622.948	5699
3624.625	5848
3626.302	5719
3627.98	5906
3629.657	5680
3631.334	5834
3633.01	5730
3634.686	5736
3636.361	5663
3638.036	5716
3639.712	5709
3641.385	5649
3643.06	5578
3644.732	5606
3646.405	5669
3648.08	5669
3649.751	5681
3651.424	5712
3653.094	5650
3654.766	5693
3656.436	5588
3658.106	5606
3659.777	5662
3661.446	5577
3663.115	5621
3664.783	5603
3666.452	5612
3668.121	5601
3669.788	5675
3671.454	5556
3673.121	5472
3674.789	5577
3676.455	5625
3678.12	5502
3679.784	5616
3681.45	5575
3683.114	5471
3684.779	5529
3686.442	5420
3688.105	5467
3689.768	5595
3691.43	5502
3693.093	5519
3694.754	5529
3696.415	5465
3698.076	5437
3699.736	5505
3701.396	5585
3703.057	5552
3704.716	5476
3706.375	5459
3708.034	5494
3709.692	5406
3711.351	5427
3713.008	5470
3714.665	5503
3716.321	5414
3717.977	5524
3719.634	5455
3721.29	5366
3722.945	5410
3724.598	5429
3726.253	5367
3727.907	5449
3729.561	5289
3731.214	5444
3732.867	5362
3734.518	5348
3736.171	5300
3737.824	5426
3739.474	5407
3741.125	5446
3742.775	5426
3744.425	5257
3746.074	5323
3747.725	5252
3749.373	5381
3751.022	5243
3752.669	5324
3754.318	5360
3755.966	5262
3757.612	5311
3759.259	5366
3760.905	5204
3762.55	5301
3764.197	5292
3765.842	5218
3767.486	5244
3769.131	5248
3770.774	5320
3772.417	5238
3774.061	5315
3775.705	5177
3777.347	5295
3778.988	5163
3780.629	5253
3782.271	5274
3783.912	5160
3785.552	5276
3787.192	5250
3788.831	5162
3790.472	5204
3792.112	5153
3793.75	5267
3795.388	5105
3797.024	5200
3798.661	5270
3800.3	5162
3801.936	5117
3803.572	5121
3805.208	5214
3806.844	5157
3808.48	5129
3810.115	5077
3811.748	5116
3813.382	5201
3815.016	5145
3816.649	5047
3818.283	5090
3819.914	5201
3821.547	5058
3823.178	5189
3824.809	5060
3826.441	5085
3828.072	5028
3829.701	5052
3831.331	4968
3832.96	4943
3834.591	5027
3836.219	4990
3837.847	5035
3839.475	4966
3841.102	5015
3842.729	5015
3844.357	5003
3845.984	5092
3847.609	4990
3849.234	5007
3850.86	4945
3852.485	4924
3854.11	4920
3855.734	4880
3857.357	4951
3858.981	5081
3860.603	4939
3862.227	4935
3863.848	4930
3865.471	4967
3867.092	4949
3868.713	4957
3870.334	4922
3871.954	4865
3873.575	4889
3875.194	4982
3876.813	4928
3878.433	4894
3880.051	4923
3881.669	4825
3883.286	4910
3884.904	4869
3886.52	4897
3888.138	5011
3889.754	4772
3891.37	4820
3892.985	4855
3894.6	4809
3896.216	4907
3897.831	4775
3899.444	4851
3901.058	4852
3902.67	4869
3904.283	4836
3905.897	4781
3907.509	4935
3909.121	4779
3910.731	4832
3912.342	4881
3913.954	4809
3915.563	4734
3917.174	4807
3918.783	4842
3920.391	4944
3922.002	4837
3923.611	4823
3925.218	4701
3926.826	4732
3928.432	4817
3930.039	4761
3931.647	4800
3933.253	4774
3934.859	4735
3936.464	4865
3938.068	4719
3939.675	4793
3941.278	4735
3942.883	4740
3944.486	4722
3946.089	4675
3947.692	4668
3949.295	4647
3950.898	4708
3952.499	4669
3954.1	4744
3955.7	4640
3957.303	4725
3958.903	4595
3960.502	4671
3962.101	4696
3963.7	4672
3965.301	4685
3966.899	4684
3968.497	4725
3970.094	4575
3971.691	4739
3973.288	4689
3974.885	4691
3976.481	4605
3978.077	4614
3979.672	4660
3981.267	4652
3982.863	4612
3984.457	4638
3986.051	4604
3987.645	4575
3989.238	4561
3990.831	4614
3992.425	4571
3994.017	4495
3995.607	4544
3997.199	4606
3998.79	4577
4000.382	4465
4001.973	4511
4003.561	4523
4005.151	4514
4006.741	4472
4008.331	4574
4009.918	4533
4011.507	4598
4013.095	4506
4014.681	4501
4016.269	4457
4017.856	4511
4019.443	4368
4021.028	4500
4022.614	4469
4024.199	4333
4025.785	4402
4027.37	4485
4028.953	4442
4030.536	4424
4032.12	4403
4033.704	4417
4035.287	4447
4036.869	4419
4038.45	4402
4040.032	4402
4041.613	4385
4043.195	4322
4044.776	4394
4046.356	4475
4047.935	4315
4049.515	4385
4051.095	4285
4052.674	4373
4054.251	4343
4055.829	4327
4057.406	4362
4058.985	4309
4060.562	4302
4062.139	4288
4063.715	4327
4065.29	4188
4066.865	4355
4068.442	4295
4070.016	4313
4071.59	4294
4073.164	4292
4074.738	4297
4076.312	4235
4077.885	4257
4079.458	4392
4081.03	4227
4082.602	4249
4084.173	4259
4085.745	4207
4087.315	4257
4088.886	4248
4090.456	4206
4092.026	4256
4093.596	4193
4095.165	4233
4096.734	4196
4098.301	4207
4099.869	4180
4101.437	4267
4103.006	4199
4104.572	4178
4106.139	4227
4107.704	4218
4109.27	4244
4110.837	4198
4112.401	4210
4113.966	4211
4115.53	4167
4117.094	4197
4118.659	4126
4120.223	4127
4121.785	4168
4123.347	4092
4124.909	4132
4126.471	4070
4128.034	4141
4129.595	4155
4131.155	4068
4132.716	4095
4134.275	4100
4135.836	4057
4137.395	4005
4138.955	4085
4140.513	4038
4142.071	4050
4143.628	4015
4145.188	4029
4146.745	4046
4148.302	4084
4149.858	4124
4151.414	4042
4152.971	4073
4154.526	4045
4156.081	4011
4157.635	4005
4159.189	4036
4160.745	3979
4162.298	4015
4163.852	4014
4165.405	3970
4166.957	3929
4168.51	3914
4170.063	3935
4171.614	4045
4173.166	3926
4174.717	3912
4176.267	4031
4177.817	3889
4179.368	3891
4180.917	3968
4182.466	3997
4184.016	3988
4185.564	3939
4187.112	3921
4188.66	3864
4190.207	3863
4191.754	3941
4193.301	3874
4194.848	3897
4196.394	3876
4197.94	3895
4199.484	3803
4201.03	3878
4202.575	3936
4204.12	3897
4205.663	3879
4207.207	3845
4208.75	3883
4210.292	3789
4211.836	3821
4213.378	3884
4214.92	3819
4216.46	3847
4218.002	3869
4219.544	3781
4221.083	3846
4222.625	3828
4224.164	3902
4225.703	3817
4227.244	3754
4228.782	3820
4230.32	3826
4231.857	3811
4233.395	3778
4234.933	3818
4236.471	3726
4238.007	3762
4239.542	3739
4241.078	3781
4242.614	3707
4244.15	3841
4245.685	3738
4247.219	3825
4248.753	3725
4250.287	3671
4251.82	3730
4253.354	3815
4254.887	3731
4256.419	3724
4257.951	3748
4259.483	3801
4261.016	3697
4262.547	3767
4264.078	3660
4265.608	3724
4267.137	3745
4268.668	3589
4270.197	3677
4271.727	3720
4273.254	3732
4274.783	3708
4276.311	3703
4277.84	3653
4279.366	3639
4280.894	3692
4282.42	3714
4283.946	3670
4285.473	3699
4286.998	3734
4288.523	3620
4290.047	3624
4291.572	3666
4293.096	3682
4294.622	3637
4296.144	3665
4297.668	3612
4299.19	3705
4300.713	3673
4302.236	3634
4303.758	3613
4305.279	3665
4306.799	3659
4308.321	3579
4309.842	3617
4311.361	3632
4312.882	3561
4314.401	3599
