400.0961	4649
402.6185	4722
405.1424	4667
407.6635	4803
410.1838	4783
412.7035	4852
415.2225	4807
417.7388	4783
420.2585	4986
422.7754	4982
425.2917	5058
427.8072	5097
430.3221	5124
432.8363	5157
435.3498	5084
437.8626	5101
440.3727	4997
442.8841	4990
445.3969	5112
447.907	5113
450.4142	5026
452.9229	5060
455.4289	5100
457.9362	5096
460.4449	4975
462.9488	5047
465.454	4984
467.9566	5047
470.4604	5007
472.9637	5072
475.4662	4975
477.966	4990
480.4671	5152
482.9656	5135
485.4633	5193
487.9645	5084
490.4608	5003
492.9566	5203
495.4536	5051
497.948	5069
500.4437	5148
502.9387	5098
505.431	5172
507.9226	5124
510.4136	5250
512.9079	5173
515.3975	5137
517.8864	5297
520.3746	5143
522.8622	5252
525.3491	5138
527.8394	5182
530.3249	5220
532.8098	5186
535.2939	5283
537.7774	5288
540.2623	5245
542.7444	5132
545.2259	5196
547.7067	5220
550.1868	5257
552.6683	5263
555.147	5243
557.6231	5281
560.1005	5288
562.5773	5417
565.0534	5349
567.5308	5350
570.0056	5317
572.4776	5443
574.951	5455
577.4237	5522
579.8978	5435
582.3671	5517
584.8378	5491
587.3079	5403
589.7773	5515
592.244	5585
594.714	5607
597.1793	5597
599.6461	5517
602.1121	5479
604.5754	5446
607.0421	5504
609.5042	5491
611.9675	5582
614.4282	5344
616.8902	5491
619.3515	5528
621.8122	5436
624.2702	5371
626.7296	5449
629.1863	5398
631.6423	5424
634.1017	5374
636.5563	5356
639.0104	5407
641.4658	5345
643.9185	5385
646.3725	5419
648.8239	5393
651.2766	5431
653.7266	5488
656.176	5604
658.6247	5500
661.0748	5500
663.5242	5547
665.9709	5444
668.417	5480
670.8624	5595
673.3092	5549
675.7533	5525
678.1968	5668
680.6395	5620
683.0817	5509
685.5251	5692
687.9659	5698
690.4061	5679
692.8456	5674
695.2844	5513
697.7226	5638
700.1621	5630
702.599	5728
705.0332	5695
707.4688	5704
709.9036	5692
712.3399	5746
714.7735	5690
717.2044	5634
719.6367	5649
722.0683	5804
724.4993	5747
726.9296	5856
729.3593	5780
731.7883	5894
734.2147	5722
736.6423	5772
739.0714	5857
741.4958	5845
743.9216	5839
746.3447	5911
748.7691	5944
751.1929	5933
753.616	5960
756.0366	5964
758.4584	5971
760.8776	5963
763.2982	5968
765.718	5970
768.1373	6011
770.5539	6079
772.9698	6065
775.3871	6021
777.8038	6029
780.2178	6046
782.6332	6046
785.0459	6035
787.458	6128
789.8714	6007
792.2842	6044
794.6943	5973
797.1038	6106
799.5127	6071
801.9209	6107
804.3324	6088
806.7393	6050
809.1456	6036
811.5513	6075
813.9562	6002
816.3625	6183
818.7663	6053
821.1693	6134
823.5718	6098
825.9735	6180
828.3746	6102
830.7771	6087
833.177	6174
835.5762	6111
837.9747	6190
840.3727	6179
842.772	6119
845.1666	6210
847.5626	6304
849.958	6239
852.3527	6277
854.7488	6287
857.1403	6367
859.5331	6293
861.9253	6292
864.3168	6232
866.7057	6218
869.098	6302
871.4876	6339
873.8746	6241
876.263	6309
878.6487	6402
881.0378	6197
883.4243	6396
885.8081	6278
888.1933	6203
890.5759	6278
892.9598	6262
895.343	6317
897.7256	6277
900.1057	6342
902.4871	6266
904.8659	6398
907.246	6399
909.6254	6369
912.0023	6402
914.3786	6409
916.7562	6464
919.1331	6486
921.5074	6578
923.8831	6655
926.2562	6624
928.6287	6649
931.0005	6662
933.3757	6618
935.7462	6758
938.1162	6753
940.4855	6835
942.8542	6913
945.2242	6888
947.5916	7060
949.9584	7400
952.3266	7420
954.6921	7839
957.0571	8264
959.4233	8392
961.787	8764
964.15	8721
966.5125	8592
968.8742	7941
971.2354	7703
973.5959	7423
975.9559	7032
978.3151	6975
980.6738	6737
983.0338	6662
985.3912	6641
987.7461	6620
990.1022	6490
992.4578	6499
994.8127	6609
997.1689	6530
999.5207	6537
1001.874	6625
1004.226	6623
1006.576	6613
1008.929	6510
1011.28	6651
1013.628	6588
1015.977	6648
1018.324	6526
1020.674	6681
1023.019	6636
1025.366	6680
1027.713	6683
1030.056	6594
1032.399	6670
1034.746	6708
1037.087	6743
1039.431	6639
1041.771	6704
1044.113	6675
1046.454	6745
1048.793	6678
1051.133	6711
1053.471	6733
1055.807	6637
1058.146	6732
1060.483	6626
1062.818	6791
1065.153	6818
1067.489	6828
1069.822	6850
1072.156	6927
1074.488	6951
1076.82	7008
1079.15	6883
1081.48	6852
1083.814	6752
1086.143	6728
1088.471	6684
1090.799	6738
1093.126	6687
1095.452	6748
1097.78	6759
1100.105	6611
1102.43	6722
1104.754	6661
1107.077	6711
1109.4	6797
1111.722	6683
1114.044	6608
1116.365	6743
1118.685	6666
1121.005	6679
1123.324	6677
1125.643	6703
1127.961	6698
1130.278	6720
1132.595	6711
1134.911	6766
1137.226	6655
1139.541	6672
1141.854	6628
1144.167	6586
1146.482	6649
1148.793	6709
1151.105	6627
1153.414	6753
1155.725	6686
1158.033	6746
1160.344	6709
1162.651	6771
1164.959	6711
1167.265	6713
1169.572	6749
1171.878	6622
1174.184	6755
1176.488	6691
1178.79	6942
1181.094	6734
1183.396	6703
1185.699	6674
1188.001	6732
1190.301	6660
1192.6	6678
1194.9	6739
1197.2	6720
1199.497	6788
1201.794	6705
1204.09	6784
1206.387	6826
1208.684	6706
1210.978	6715
1213.272	6644
1215.565	6725
1217.858	6733
1220.15	6714
1222.443	6683
1224.734	6710
1227.024	6863
1229.313	6876
1231.602	6821
1233.892	6933
1236.18	6885
1238.467	6876
1240.754	7002
1243.04	6993
1245.325	7073
1247.612	6851
1249.896	6994
1252.178	6930
1254.461	7015
1256.743	7022
1259.027	6972
1261.308	6973
1263.587	7002
1265.867	7037
1268.146	6960
1270.425	6983
1272.703	7085
1274.981	7054
1277.256	7022
1279.532	6924
1281.808	6993
1284.083	7006
1286.358	7008
1288.63	6910
1290.904	7019
1293.175	7028
1295.449	7001
1297.719	6871
1299.99	6909
1302.259	6891
1304.529	6780
1306.798	7002
1309.065	6870
1311.333	6810
1313.599	6897
1315.866	6946
1318.131	6900
1320.396	6751
1322.66	6882
1324.925	6978
1327.187	6813
1329.448	6947
1331.711	6912
1333.974	6908
1336.234	6909
1338.493	7001
1340.752	6811
1343.01	6918
1345.269	6814
1347.526	6825
1349.784	6851
1352.04	6809
1354.295	6841
1356.552	6826
1358.806	6913
1361.059	6888
1363.312	6846
1365.564	6805
1367.818	6934
1370.069	7062
1372.318	6887
1374.568	6791
1376.817	6940
1379.066	6783
1381.316	6981
1383.564	6885
1385.809	6996
1388.056	6954
1390.301	7056
1392.549	6913
1394.793	7136
1397.036	6939
1399.279	7004
1401.522	7006
1403.763	7051
1406.007	7114
1408.248	7007
1410.487	7080
1412.727	7153
1414.965	7149
1417.205	7085
1419.442	7061
1421.68	7089
1423.915	7199
1426.152	7082
1428.388	7150
1430.623	7092
1432.857	7154
1435.091	7051
1437.323	7119
1439.556	7230
1441.789	7346
1444.019	7160
1446.25	7268
1448.48	7352
1450.708	7309
1452.938	7315
1455.167	7444
1457.394	7210
1459.62	7446
1461.846	7263
1464.073	7319
1466.299	7119
1468.523	7163
1470.746	7243
1472.969	7152
1475.191	7173
1477.415	7052
1479.636	7152
1481.858	7053
1484.078	7022
1486.298	6958
1488.518	6825
1490.736	6994
1492.954	6871
1495.169	6960
1497.386	6791
1499.602	6892
1501.819	6854
1504.034	6916
1506.248	6899
1508.462	6967
1510.675	6931
1512.888	6790
1515.1	6727
1517.311	6955
1519.522	6821
1521.732	6887
1523.942	6883
1526.151	6925
1528.36	6859
1530.566	6853
1532.773	6975
1534.98	6910
1537.187	6873
1539.392	6968
1541.596	7102
1543.801	6881
1546.005	6975
1548.208	6907
1550.411	6901
1552.612	6998
1554.814	6998
1557.013	6967
1559.212	6967
1561.414	6999
1563.612	7037
1565.811	7125
1568.007	7052
1570.203	7045
1572.403	6947
1574.598	7040
1576.792	7078
1578.988	6914
1581.181	7075
1583.376	7220
1585.568	7235
1587.761	7160
1589.952	7055
1592.143	7035
1594.333	7023
1596.524	7213
1598.715	7161
1600.903	7187
1603.091	7125
1605.278	7115
1607.466	7089
1609.652	7175
1611.838	7221
1614.023	7108
1616.207	7173
1618.391	7040
1620.576	7174
1622.759	7203
1624.941	7133
1627.123	7112
1629.304	7373
1631.484	7199
1633.664	7259
1635.844	7236
1638.022	7275
1640.201	7368
1642.38	7248
1644.556	7244
1646.732	7357
1648.908	7325
1651.084	7342
1653.257	7346
1655.433	7219
1657.607	7435
1659.779	7406
1661.951	7313
1664.122	7434
1666.295	7558
1668.467	7298
1670.635	7376
1672.805	7222
1674.973	7377
1677.142	7333
1679.31	7269
1681.478	7419
1683.644	7247
1685.81	7430
1687.975	7213
1690.142	7218
1692.305	7179
1694.468	7270
1696.632	7310
1698.794	7221
1700.957	7149
1703.119	7195
1705.279	7206
1707.439	7185
1709.598	7180
1711.758	7172
1713.917	7178
1716.075	7133
1718.231	7217
1720.388	7064
1722.543	7148
1724.702	7155
1726.856	7161
1729.01	7049
1731.164	7162
1733.317	6994
1735.471	7113
1737.623	7078
1739.774	7050
1741.925	7177
1744.075	7137
1746.225	7051
1748.376	7027
1750.524	7108
1752.672	7181
1754.82	7223
1756.965	7229
1759.113	7138
1761.259	7068
1763.405	7137
1765.549	7210
1767.694	7122
1769.836	7071
1771.981	7119
1774.123	7199
1776.264	7204
1778.405	7178
1780.546	7155
1782.687	7176
1784.827	7140
1786.966	7154
1789.103	7169
1791.242	7151
1793.381	7174
1795.517	7123
1797.653	7141
1799.788	7230
1801.923	7051
1804.057	7229
1806.193	7086
1808.326	7227
1810.457	7176
1812.59	7166
1814.721	7250
1816.855	7321
1818.984	7240
1821.113	7186
1823.244	7238
1825.372	7117
1827.499	7248
1829.63	7066
1831.756	7141
1833.882	7128
1836.007	7066
1838.132	7150
1840.26	7165
1842.384	7079
1844.507	7061
1846.63	7074
1848.752	7040
1850.875	7115
1852.996	6991
1855.118	7156
1857.238	7018
1859.358	7041
1861.477	6990
1863.597	7099
1865.715	7029
1867.832	6993
1869.948	7102
1872.064	7098
1874.181	7114
1876.297	7079
1878.411	7077
1880.526	7239
1882.639	7120
1884.752	7072
1886.865	7146
1888.977	7106
1891.089	7159
1893.2	7118
1895.308	7118
1897.42	7135
1899.53	7052
1901.639	7280
1903.745	7167
1905.853	7219
1907.962	7124
1910.067	7205
1912.174	7146
1914.278	7294
1916.383	7239
1918.486	7134
1920.592	7312
1922.694	7348
1924.797	7144
1926.898	7149
1929	7166
1931.102	7130
1933.203	7132
1935.301	7111
1937.401	7136
1939.499	7314
1941.598	7337
1943.697	7238
1945.793	7227
1947.888	7282
1949.985	7285
1952.08	7276
1954.176	7276
1956.269	7146
1958.364	7119
1960.457	7152
1962.549	7182
1964.642	7178
1966.733	7205
1968.823	7142
1970.913	7144
1973.005	7088
1975.093	7208
1977.184	7082
1979.271	7206
1981.359	7305
1983.446	7156
1985.532	7170
1987.619	7101
1989.705	7198
1991.789	7135
1993.874	7240
1995.956	7144
1998.041	7070
2000.123	7191
2002.206	7148
2004.287	7063
2006.368	7063
2008.449	7043
2010.529	7150
2012.609	7140
2014.688	7037
2016.766	7161
2018.843	7072
2020.922	7166
2022.999	7029
2025.074	7079
2027.15	7062
2029.225	7144
2031.299	7137
2033.375	7015
2035.447	7206
2037.52	7149
2039.592	6983
2041.664	7026
2043.736	7181
2045.807	7162
2047.876	7137
2049.947	7054
2052.015	7093
2054.086	7269
2056.153	7054
2058.221	7135
2060.288	7082
2062.353	7135
2064.42	7117
2066.486	7118
2068.55	7186
2070.614	7054
2072.678	7111
2074.741	7176
2076.805	7060
2078.866	7148
2080.929	7131
2082.99	7175
2085.049	7193
2087.109	7216
2089.17	7108
2091.228	7086
2093.286	7056
2095.344	7049
2097.4	7198
2099.46	7070
2101.516	7099
2103.572	7037
2105.626	7150
2107.679	7149
2109.735	6892
2111.788	7051
2113.841	7200
2115.894	7014
2117.945	6954
2119.997	7207
2122.049	7086
2124.1	7173
2126.148	7084
2128.197	7136
2130.246	7076
2132.296	7130
2134.342	7086
2136.39	7032
2138.437	7038
2140.483	7026
2142.527	7193
2144.574	7101
2146.619	6995
2148.661	6982
2150.705	7030
2152.747	7132
2154.792	7054
2156.832	7117
2158.874	7160
2160.915	7042
2162.954	7018
2164.995	7064
2167.034	7042
2169.072	7009
2171.111	7030
2173.148	7057
2175.186	6982
2177.223	6969
2179.258	6962
2181.294	6961
2183.328	7058
2185.362	7071
2187.398	6997
2189.431	6992
2191.463	6975
2193.495	6990
2195.528	6977
2197.56	6913
2199.59	6928
2201.62	6965
2203.649	6910
2205.678	6957
2207.708	6869
2209.737	6900
2211.764	6862
2213.791	6900
2215.817	7027
2217.843	6900
2219.87	7001
2221.895	6877
2223.919	6810
2225.942	6850
2227.966	6899
2229.988	6832
2232.012	6835
2234.032	6889
2236.054	6887
2238.074	6816
2240.095	6794
2242.116	6817
2244.135	6871
2246.153	7021
2248.171	6972
2250.188	6928
2252.208	6816
2254.223	6865
2256.239	6917
2258.255	6822
2260.269	6904
2262.283	6927
2264.3	6836
2266.312	7058
2268.325	6916
2270.336	6828
2272.349	6913
2274.362	6868
2276.372	6886
2278.383	6888
2280.392	6925
2282.402	6940
2284.409	6930
2286.418	6850
2288.427	6920
2290.433	6923
2292.441	6967
2294.446	6783
2296.453	6784
2298.459	6759
2300.463	6756
2302.466	6800
2304.471	7040
2306.475	6922
2308.477	6950
2310.478	6760
2312.481	6815
2314.481	6845
2316.481	6855
2318.482	6795
2320.482	6866
2322.48	6819
2324.48	6803
2326.478	6859
2328.476	6895
2330.473	6828
2332.469	6696
2334.465	6739
2336.46	6916
2338.454	6816
2340.45	6898
2342.444	6793
2344.437	6786
2346.43	6793
2348.421	6774
2350.414	6788
2352.405	6767
2354.396	6784
2356.386	6788
2358.376	6771
2360.366	6788
2362.355	6665
2364.343	6737
2366.331	6748
2368.317	6798
2370.304	6639
2372.292	6719
2374.278	6657
2376.262	6805
2378.247	6766
2380.23	6695
2382.216	6486
2384.199	6681
2386.181	6703
2388.163	6714
2390.144	6682
2392.127	6661
2394.107	6620
2396.087	6664
2398.066	6612
2400.046	6661
2402.023	6544
2404.004	6644
2405.981	6630
2407.957	6719
2409.934	6660
2411.91	6684
2413.886	6636
2415.862	6514
2417.836	6611
2419.809	6715
2421.784	6696
2423.756	6607
2425.73	6573
2427.701	6559
2429.672	6649
2431.644	6540
2433.615	6622
2435.586	6650
2437.555	6621
2439.523	6649
2441.491	6617
2443.459	6721
2445.428	6615
2447.395	6583
2449.361	6573
2451.327	6562
2453.292	6621
2455.257	6526
2457.223	6616
2459.187	6590
2461.15	6540
2463.113	6623
2465.076	6587
2467.039	6600
2468.999	6553
2470.96	6470
2472.921	6557
2474.881	6572
2476.841	6505
2478.8	6658
2480.759	6479
2482.717	6546
2484.675	6644
2486.63	6478
2488.589	6516
2490.545	6567
2492.5	6430
2494.455	6561
2496.408	6467
2498.364	6465
2500.318	6398
2502.27	6447
2504.223	6569
2506.174	6437
2508.126	6495
2510.078	6356
2512.03	6493
2513.979	6474
2515.927	6382
2517.877	6427
2519.826	6489
2521.775	6514
2523.722	6512
2525.668	6522
2527.616	6384
2529.561	6439
2531.508	6467
2533.452	6395
2535.398	6409
2537.342	6354
2539.284	6479
2541.229	6508
2543.173	6375
2545.114	6407
2547.055	6397
2548.996	6535
2550.938	6437
2552.878	6506
2554.817	6572
2556.756	6495
2558.695	6402
2560.633	6412
2562.572	6504
2564.509	6497
2566.445	6433
2568.382	6406
2570.317	6405
2572.254	6404
2574.189	6464
2576.123	6396
2578.057	6441
2579.99	6425
2581.923	6524
2583.855	6327
2585.788	6464
2587.719	6432
2589.65	6481
2591.579	6503
2593.511	6521
2595.44	6397
2597.37	6362
2599.297	6513
2601.225	6468
2603.153	6444
2605.08	6326
2607.007	6323
2608.932	6464
2610.858	6526
2612.782	6412
2614.709	6337
2616.632	6418
2618.556	6465
2620.478	6410
2622.401	6367
2624.324	6584
2626.247	6395
2628.167	6305
2630.088	6486
2632.008	6478
2633.928	6439
2635.848	6387
2637.766	6417
2639.684	6473
2641.603	6412
2643.519	6406
2645.437	6498
2647.353	6427
2649.27	6436
2651.184	6339
2653.099	6488
2655.014	6538
2656.928	6366
2658.842	6411
2660.755	6295
2662.667	6381
2664.579	6382
2666.491	6392
2668.402	6379
2670.312	6485
2672.222	6406
2674.132	6499
2676.042	6466
2677.951	6343
2679.859	6358
2681.766	6354
2683.674	6342
2685.582	6340
2687.488	6348
2689.392	6412
2691.298	6329
2693.202	6348
2695.107	6301
2697.012	6345
2698.914	6277
2700.817	6284
2702.72	6262
2704.622	6303
2706.524	6379
2708.425	6297
2710.326	6420
2712.225	6436
2714.125	6341
2716.024	6276
2717.923	6354
2719.822	6310
2721.719	6243
2723.616	6224
2725.512	6382
2727.41	6223
2729.305	6443
2731.201	6278
2733.095	6189
2734.99	6350
2736.884	6218
2738.778	6336
2740.67	6267
2742.562	6238
2744.455	6237
2746.346	6272
2748.238	6106
2750.129	6205
2752.018	6202
2753.907	6117
2755.797	6140
2757.687	6351
2759.575	6288
2761.462	6172
2763.349	6187
2765.237	6105
2767.124	6265
2769.009	6200
2770.894	6197
2772.779	6195
2774.663	6211
2776.547	6038
2778.431	6149
2780.314	6230
2782.197	6228
2784.078	6181
2785.96	6154
2787.842	6099
2789.723	6151
2791.603	6212
2793.483	6091
2795.362	6196
2797.241	6165
2799.121	6143
2800.997	6276
2802.874	6132
2804.751	6162
2806.628	6177
2808.506	6150
2810.38	6202
2812.255	6190
2814.13	6107
2816.003	6028
2817.878	6237
2819.752	6138
2821.623	6157
2823.496	6103
2825.368	6090
2827.238	6083
2829.111	6233
2830.98	6051
2832.851	6146
2834.719	6184
2836.589	6250
2838.458	6205
2840.327	6071
2842.193	6201
2844.061	6168
2845.927	6156
2847.794	6079
2849.66	6081
2851.525	6119
2853.39	6165
2855.254	6199
2857.117	6245
2858.983	6223
2860.845	6293
2862.707	6220
2864.569	6427
2866.431	6298
2868.293	6316
2870.154	6360
2872.013	6610
2873.873	6454
2875.733	6490
2877.592	6566
2879.451	6585
2881.309	6620
2883.166	6705
2885.022	6800
2886.879	6954
2888.736	6821
2890.591	6755
2892.446	6746
2894.301	6761
2896.155	6701
2898.009	6632
2899.863	6801
2901.716	6709
2903.568	6776
2905.419	6819
2907.27	6681
2909.123	6766
2910.973	6712
2912.824	6780
2914.673	6823
2916.521	6820
2918.372	6961
2920.22	6978
2922.067	7091
2923.914	7098
2925.761	7212
2927.607	7335
2929.455	7406
2931.301	7303
2933.144	7381
2934.99	7585
2936.833	7471
2938.678	7493
2940.522	7496
2942.364	7632
2944.207	7845
2946.048	7878
2947.891	7825
2949.731	7773
2951.571	7750
2953.412	7716
2955.25	7716
2957.09	7541
2958.93	7453
2960.767	7524
2962.606	7398
2964.443	7206
2966.279	7290
2968.116	7095
2969.953	7208
2971.788	7024
2973.623	7103
2975.457	6975
2977.292	6884
2979.127	6928
2980.959	6844
2982.792	6824
2984.624	6858
2986.455	6823
2988.288	6809
2990.119	6737
2991.949	6686
2993.779	6618
2995.608	6743
2997.439	6586
2999.268	6597
3001.096	6580
3002.923	6471
3004.751	6396
3006.578	6322
3008.406	6396
3010.232	6200
3012.057	6144
3013.883	6113
3015.706	6153
3017.532	5996
3019.356	6019
3021.179	6034
3023.002	6091
3024.823	5918
3026.646	5872
3028.469	5972
3030.289	5918
3032.11	5989
3033.93	5929
3035.749	5822
3037.57	5782
3039.39	5782
3041.207	5866
3043.026	5757
3044.842	5772
3046.661	5773
3048.477	5787
3050.294	5681
3052.109	5839
3053.925	5876
3055.739	5724
3057.555	5836
3059.368	5954
3061.181	5855
3062.995	5793
3064.807	5795
3066.62	5783
3068.433	5771
3070.243	5719
3072.054	5799
3073.865	5802
3075.675	5790
3077.485	5730
3079.293	5753
3081.102	5727
3082.911	5740
3084.719	5637
3086.527	5705
3088.333	5619
3090.139	5673
3091.945	5603
3093.75	5751
3095.557	5675
3097.361	5855
3099.165	5656
3100.969	5670
3102.772	5564
3104.575	5507
3106.379	5553
3108.181	5549
3109.982	5521
3111.783	5665
3113.584	5505
3115.386	5414
3117.186	5549
3118.985	5530
3120.783	5547
3122.582	5592
3124.381	5432
3126.179	5562
3127.975	5562
3129.772	5675
3131.569	5631
3133.365	5497
3135.161	5482
3136.956	5469
3138.751	5497
3140.544	5536
3142.338	5536
3144.132	5499
3145.925	5472
3147.717	5455
3149.509	5481
3151.301	5487
3153.091	5433
3154.884	5468
3156.673	5429
3158.462	5463
3160.252	5410
3162.041	5465
3163.831	5352
3165.618	5387
3167.405	5389
3169.193	5390
3170.979	5412
3172.767	5388
3174.553	5414
3176.338	5478
3178.123	5420
3179.907	5322
3181.692	5472
3183.477	5433
3185.259	5429
3187.042	5397
3188.824	5366
3190.607	5484
3192.389	5382
3194.17	5240
3195.951	5250
3197.73	5313
3199.51	5336
3201.289	5288
3203.07	5425
3204.848	5399
3206.626	5338
3208.403	5383
3210.18	5318
3211.959	5366
3213.735	5405
3215.511	5405
3217.285	5424
3219.06	5330
3220.836	5407
3222.611	5346
3224.384	5452
3226.158	5425
3227.929	5383
3229.702	5456
3231.476	5369
3233.248	5302
3235.018	5369
3236.789	5417
3238.56	5415
3240.33	5365
3242.1	5417
3243.869	5366
3245.637	5366
3247.405	5436
3249.172	5382
3250.941	5387
3252.707	5362
3254.474	5458
3256.24	5367
3258.006	5336
3259.772	5376
3261.537	5263
3263.301	5421
3265.065	5334
3266.828	5374
3268.592	5341
3270.355	5390
3272.117	5317
3273.878	5384
3275.64	5273
3277.401	5402
3279.162	5321
3280.922	5350
3282.682	5405
3284.441	5371
3286.199	5302
3287.959	5376
3289.716	5414
3291.475	5416
3293.232	5398
3294.988	5332
3296.744	5320
3298.501	5335
3300.256	5369
3302.011	5431
3303.766	5372
3305.52	5414
3307.275	5331
3309.028	5411
3310.781	5345
3312.533	5352
3314.285	5294
3316.038	5455
3317.789	5334
3319.54	5328
3321.289	5315
3323.039	5418
3324.789	5374
3326.539	5306
3328.288	5310
3330.035	5409
3331.783	5325
3333.531	5293
3335.28	5405
3337.025	5286
3338.771	5410
3340.518	5269
3342.262	5321
3344.009	5364
3345.753	5268
3347.497	5372
3349.24	5229
3350.983	5248
3352.726	5284
3354.469	5339
3356.212	5292
3357.952	5299
3359.694	5283
3361.434	5195
3363.176	5167
3364.916	5153
3366.654	5165
3368.394	5244
3370.132	5309
3371.871	5152
3373.61	5214
3375.346	5167
3377.083	5179
3378.82	5232
3380.556	5249
3382.292	5145
3384.027	5237
3385.763	5079
3387.497	5124
3389.231	5205
3390.965	5270
3392.698	5169
3394.431	5120
3396.164	5106
3397.896	5118
3399.627	5153
3401.36	5131
3403.09	5206
3404.82	5071
3406.55	5073
3408.279	5139
3410.01	5075
3411.738	4976
3413.467	5143
3415.194	5130
3416.92	5058
3418.647	5113
3420.375	5077
3422.102	5017
3423.827	5014
3425.553	5112
3427.277	5129
3429.003	5083
3430.727	5079
3432.451	5101
3434.173	5119
3435.896	5040
3437.62	5008
3439.343	5091
3441.063	4987
3442.785	5060
3444.505	4964
3446.226	5022
3447.948	4948
3449.666	4943
3451.386	4954
3453.104	4958
3454.823	4887
3456.541	4908
3458.259	5046
3459.976	4914
3461.693	4961
3463.408	5002
3465.125	4932
3466.841	4892
3468.556	4920
3470.271	4842
3471.985	4904
3473.698	4920
3475.414	4860
3477.126	4900
3478.838	4847
3480.55	4747
3482.263	4815
3483.975	4875
3485.686	4915
3487.396	4677
3489.106	4831
3490.817	4832
3492.526	4805
3494.236	4690
3495.944	4611
3497.652	4784
3499.359	4796
3501.066	4787
3502.775	4686
3504.481	4782
3506.187	4666
3507.893	4809
3509.598	4644
3511.304	4775
3513.009	4695
3514.713	4721
3516.417	4715
3518.12	4732
3519.821	4754
3521.525	4649
3523.228	4628
3524.929	4697
3526.631	4611
3528.33	4603
3530.032	4745
3531.733	4605
3533.433	4666
3535.131	4610
3536.83	4593
3538.529	4691
3540.227	4577
3541.925	4502
3543.623	4592
3545.319	4607
3547.016	4584
3548.712	4651
3550.408	4481
3552.103	4622
3553.798	4498
3555.491	4614
3557.188	4511
3558.88	4570
3560.574	4481
3562.266	4549
3563.959	4467
3565.651	4578
3567.343	4543
3569.035	4493
3570.725	4541
3572.415	4528
3574.106	4530
3575.797	4422
3577.485	4526
3579.174	4476
3580.863	4499
3582.551	4562
3584.238	4443
3585.926	4439
3587.613	4423
3589.3	4441
3590.986	4425
3592.671	4362
3594.357	4440
3596.042	4337
3597.726	4416
3599.41	4330
3601.094	4412
3602.778	4312
3604.461	4234
3606.143	4363
3607.825	4367
3609.507	4365
3611.188	4284
3612.87	4337
3614.551	4244
3616.229	4368
3617.909	4375
3619.589	4301
3621.269	4289
3622.948	4330
3624.625	4210
3626.302	4308
3627.98	4239
3629.657	4214
3631.334	4256
3633.01	4292
3634.686	4226
3636.361	4149
3638.036	4209
3639.712	4205
3641.385	4214
3643.06	4179
3644.732	4238
3646.405	4201
3648.08	4179
3649.751	4174
3651.424	4133
3653.094	4208
3654.766	4135
3656.436	4141
3658.106	4102
3659.777	4088
3661.446	4144
3663.115	4084
3664.783	4183
3666.452	4222
3668.121	4212
3669.788	4048
3671.454	4081
3673.121	4131
3674.789	4086
3676.455	4051
3678.12	4036
3679.784	4067
3681.45	4102
3683.114	4098
3684.779	4114
3686.442	4151
3688.105	4064
3689.768	4032
3691.43	4103
3693.093	4067
3694.754	4168
3696.415	3977
3698.076	4019
3699.736	3994
3701.396	4074
3703.057	4070
3704.716	4003
3706.375	3943
3708.034	4004
3709.692	4070
3711.351	3993
3713.008	4043
3714.665	3933
3716.321	4113
3717.977	3926
3719.634	3965
3721.29	3941
3722.945	3946
3724.598	3979
3726.253	4048
3727.907	3907
3729.561	3933
3731.214	3929
3732.867	3959
3734.518	3993
3736.171	4018
3737.824	3923
3739.474	4002
3741.125	3965
3742.775	3919
3744.425	3916
3746.074	3993
3747.725	3911
3749.373	3900
3751.022	3952
3752.669	3929
3754.318	3919
3755.966	3889
3757.612	3903
3759.259	3913
3760.905	3879
3762.55	3901
3764.197	3850
3765.842	3873
3767.486	3910
3769.131	3870
3770.774	3811
3772.417	3812
3774.061	3882
3775.705	3856
3777.347	3797
3778.988	3922
3780.629	3887
3782.271	3901
3783.912	3888
3785.552	3821
3787.192	3851
3788.831	3815
3790.472	3859
3792.112	3773
3793.75	3870
3795.388	3832
3797.024	3797
3798.661	3746
3800.3	3779
3801.936	3765
3803.572	3817
3805.208	3758
3806.844	3867
3808.48	3830
3810.115	3735
3811.748	3767
3813.382	3768
3815.016	3802
3816.649	3782
3818.283	3759
3819.914	3709
3821.547	3794
3823.178	3740
3824.809	3756
3826.441	3762
3828.072	3745
3829.701	3716
3831.331	3703
3832.96	3730
3834.591	3750
3836.219	3740
3837.847	3712
3839.475	3723
3841.102	3630
3842.729	3638
3844.357	3681
3845.984	3643
3847.609	3694
3849.234	3609
3850.86	3725
3852.485	3664
3854.11	3601
3855.734	3694
3857.357	3712
3858.981	3670
3860.603	3715
3862.227	3652
3863.848	3553
3865.471	3637
3867.092	3707
3868.713	3610
3870.334	3634
3871.954	3585
3873.575	3660
3875.194	3649
3876.813	3621
3878.433	3691
3880.051	3663
3881.669	3611
3883.286	3644
3884.904	3681
3886.52	3695
3888.138	3640
3889.754	3642
3891.37	3661
3892.985	3597
3894.6	3557
3896.216	3547
3897.831	3603
3899.444	3584
3901.058	3605
3902.67	3593
3904.283	3564
3905.897	3624
3907.509	3560
3909.121	3573
3910.731	3648
3912.342	3539
3913.954	3627
3915.563	3560
3917.174	3492
3918.783	3549
3920.391	3512
3922.002	3611
3923.611	3520
3925.218	3541
3926.826	3516
3928.432	3496
3930.039	3689
3931.647	3562
3933.253	3594
3934.859	3512
3936.464	3570
3938.068	3581
3939.675	3527
3941.278	3490
3942.883	3539
3944.486	3585
3946.089	3556
3947.692	3532
3949.295	3507
3950.898	3563
3952.499	3531
3954.1	3400
3955.7	3462
3957.303	3480
3958.903	3481
3960.502	3563
3962.101	3362
3963.7	3442
3965.301	3405
3966.899	3511
3968.497	3441
3970.094	3499
3971.691	3441
3973.288	3395
3974.885	3366
3976.481	3405
3978.077	3422
3979.672	3403
3981.267	3465
3982.863	3373
3984.457	3416
3986.051	3401
3987.645	3375
3989.238	3339
3990.831	3449
3992.425	3375
3994.017	3383
3995.607	3299
3997.199	3355
3998.79	3360
4000.382	3321
4001.973	3327
4003.561	3369
4005.151	3313
4006.741	3393
4008.331	3414
4009.918	3342
4011.507	3377
4013.095	3255
4014.681	3361
4016.269	3344
4017.856	3370
4019.443	3223
4021.028	3296
4022.614	3247
4024.199	3300
4025.785	3210
4027.37	3306
4028.953	3293
4030.536	3299
4032.12	3245
4033.704	3183
4035.287	3315
4036.869	3246
4038.45	3178
4040.032	3264
4041.613	3276
4043.195	3250
4044.776	3213
4046.356	3236
4047.935	3202
4049.515	3230
4051.095	3217
4052.674	3171
4054.251	3177
4055.829	3245
4057.406	3205
4058.985	3243
4060.562	3278
4062.139	3199
4063.715	3222
4065.29	3197
4066.865	3176
4068.442	3191
4070.016	3170
4071.59	3170
4073.164	3170
4074.738	3202
4076.312	3247
4077.885	3256
4079.458	3138
4081.03	3219
4082.602	3119
4084.173	3172
4085.745	3153
4087.315	3219
4088.886	3166
4090.456	3214
4092.026	3150
4093.596	3126
4095.165	3159
4096.734	3128
4098.301	3223
4099.869	3123
4101.437	3195
4103.006	3171
4104.572	3036
4106.139	3126
4107.704	3153
4109.27	3099
4110.837	3103
4112.401	3099
4113.966	3080
4115.53	3128
4117.094	3140
4118.659	3141
4120.223	3138
4121.785	3103
4123.347	3056
4124.909	3030
4126.471	3063
4128.034	3081
4129.595	3092
4131.155	3103
4132.716	3092
4134.275	3176
4135.836	3075
4137.395	3044
4138.955	2988
4140.513	3007
4142.071	3141
4143.628	3091
4145.188	3066
4146.745	2992
4148.302	3040
4149.858	2915
4151.414	2987
4152.971	3058
4154.526	3047
4156.081	3041
4157.635	3008
4159.189	3022
4160.745	2989
4162.298	2919
4163.852	2904
4165.405	2985
4166.957	2912
4168.51	2928
4170.063	3019
4171.614	2902
4173.166	2957
4174.717	2956
4176.267	2869
4177.817	2998
4179.368	2982
4180.917	2951
4182.466	2843
4184.016	2934
4185.564	2898
4187.112	2873
4188.66	2900
4190.207	2904
4191.754	2917
4193.301	3000
4194.848	2994
4196.394	2878
4197.94	2895
4199.484	2871
4201.03	2954
4202.575	2896
4204.12	2901
4205.663	2938
4207.207	2831
4208.75	2890
4210.292	2844
4211.836	2818
4213.378	2859
4214.92	2874
4216.46	2875
4218.002	2867
4219.544	2853
4221.083	2883
4222.625	2890
4224.164	2878
4225.703	2872
4227.244	2828
4228.782	2886
4230.32	2877
4231.857	2875
4233.395	2783
4234.933	2912
4236.471	2907
4238.007	2834
4239.542	2782
4241.078	2820
4242.614	2765
4244.15	2810
4245.685	2869
4247.219	2851
4248.753	2823
4250.287	2879
4251.82	2855
4253.354	2964
4254.887	2796
4256.419	2771
4257.951	2814
4259.483	2808
4261.016	2836
4262.547	2748
4264.078	2844
4265.608	2799
4267.137	2784
4268.668	2774
4270.197	2864
4271.727	2752
4273.254	2678
4274.783	2799
4276.311	2799
4277.84	2752
4279.366	2779
4280.894	2785
4282.42	2736
4283.946	2723
4285.473	2751
4286.998	2758
4288.523	2644
4290.047	2816
4291.572	2753
4293.096	2801
4294.622	2708
4296.144	2747
4297.668	2723
4299.19	2724
4300.713	2717
4302.236	2767
4303.758	2711
4305.279	2762
4306.799	2751
4308.321	2760
4309.842	2688
4311.361	2701
4312.882	2666
4314.401	2755
