400.0961	4269
402.6185	4281
405.1424	4329
407.6635	4289
410.1838	4238
412.7035	4295
415.2225	4387
417.7388	4370
420.2585	4383
422.7754	4515
425.2917	4514
427.8072	4546
430.3221	4575
432.8363	4576
435.3498	4534
437.8626	4565
440.3727	4691
442.8841	4517
445.3969	4608
447.907	4588
450.4142	4674
452.9229	4576
455.4289	4536
457.9362	4599
460.4449	4645
462.9488	4590
465.454	4531
467.9566	4600
470.4604	4540
472.9637	4597
475.4662	4647
477.966	4514
480.4671	4545
482.9656	4499
485.4633	4582
487.9645	4604
490.4608	4516
492.9566	4615
495.4536	4702
497.948	4679
500.4437	4570
502.9387	4661
505.431	4672
507.9226	4633
510.4136	4703
512.9079	4667
515.3975	4702
517.8864	4730
520.3746	4649
522.8622	4640
525.3491	4809
527.8394	4696
530.3249	4691
532.8098	4812
535.2939	4803
537.7774	4840
540.2623	4671
542.7444	4746
545.2259	4747
547.7067	4884
550.1868	4837
552.6683	4755
555.147	4745
557.6231	4781
560.1005	4693
562.5773	4778
565.0534	4761
567.5308	4827
570.0056	4881
572.4776	4912
574.951	4880
577.4237	4827
579.8978	4891
582.3671	4922
584.8378	4958
587.3079	4962
589.7773	4985
592.244	5009
594.714	4847
597.1793	5016
599.6461	4900
602.1121	4977
604.5754	4882
607.0421	4938
609.5042	4966
611.9675	4930
614.4282	4979
616.8902	4982
619.3515	4970
621.8122	4891
624.2702	4930
626.7296	4898
629.1863	4936
631.6423	4850
634.1017	4888
636.5563	4895
639.0104	4915
641.4658	4999
643.9185	4863
646.3725	4951
648.8239	4898
651.2766	4958
653.7266	5057
656.176	4939
658.6247	4957
661.0748	4994
663.5242	5071
665.9709	5012
668.417	5014
670.8624	5038
673.3092	5065
675.7533	5004
678.1968	5078
680.6395	4976
683.0817	4987
685.5251	5062
687.9659	5143
690.4061	5126
692.8456	5109
695.2844	5099
697.7226	5099
700.1621	5163
702.599	5095
705.0332	5174
707.4688	5106
709.9036	5149
712.3399	5173
714.7735	5128
717.2044	5154
719.6367	5124
722.0683	5079
724.4993	5168
726.9296	5364
729.3593	5268
731.7883	5201
734.2147	5264
736.6423	5341
739.0714	5315
741.4958	5318
743.9216	5314
746.3447	5333
748.7691	5391
751.1929	5415
753.616	5414
756.0366	5410
758.4584	5523
760.8776	5378
763.2982	5403
765.718	5378
768.1373	5418
770.5539	5498
772.9698	5590
775.3871	5482
777.8038	5445
780.2178	5575
782.6332	5501
785.0459	5456
787.458	5466
789.8714	5529
792.2842	5398
794.6943	5494
797.1038	5493
799.5127	5519
801.9209	5437
804.3324	5566
806.7393	5486
809.1456	5515
811.5513	5474
813.9562	5581
816.3625	5528
818.7663	5567
821.1693	5482
823.5718	5566
825.9735	5553
828.3746	5561
830.7771	5562
833.177	5564
835.5762	5513
837.9747	5567
840.3727	5717
842.772	5699
845.1666	5493
847.5626	5618
849.958	5740
852.3527	5702
854.7488	5725
857.1403	5693
859.5331	5645
861.9253	5795
864.3168	5742
866.7057	5683
869.098	5654
871.4876	5779
873.8746	5745
876.263	5704
878.6487	5693
881.0378	5757
883.4243	5742
885.8081	5590
888.1933	5632
890.5759	5667
892.9598	5606
895.343	5704
897.7256	5738
900.1057	5751
902.4871	5692
904.8659	5644
907.246	5594
909.6254	5762
912.0023	5744
914.3786	5858
916.7562	5903
919.1331	5927
921.5074	6098
923.8831	6111
926.2562	6079
928.6287	6097
931.0005	5969
933.3757	6077
935.7462	6053
938.1162	6097
940.4855	6047
942.8542	6112
945.2242	6075
947.5916	6275
949.9584	6368
952.3266	6453
954.6921	6703
957.0571	6946
959.4233	7250
961.787	7319
964.15	7373
966.5125	7203
968.8742	6864
971.2354	6636
973.5959	6466
975.9559	6299
978.3151	6266
980.6738	6026
983.0338	5944
985.3912	6042
987.7461	5913
990.1022	6031
992.4578	5934
994.8127	5977
997.1689	5832
999.5207	5870
1001.874	5898
1004.226	6023
1006.576	5844
1008.929	5966
1011.28	5964
1013.628	5934
1015.977	5863
1018.324	5874
1020.674	5933
1023.019	5884
1025.366	5889
1027.713	5905
1030.056	5935
1032.399	5896
1034.746	6012
1037.087	6040
1039.431	6026
1041.771	5887
1044.113	5941
1046.454	6071
1048.793	5985
1051.133	6018
1053.471	6008
1055.807	5963
1058.146	6002
1060.483	5999
1062.818	6067
1065.153	6116
1067.489	6052
1069.822	6050
1072.156	6113
1074.488	6161
1076.82	6127
1079.15	6038
1081.48	6020
1083.814	6108
1086.143	5977
1088.471	6091
1090.799	5970
1093.126	6015
1095.452	6015
1097.78	5981
1100.105	6133
1102.43	5996
1104.754	6006
1107.077	5993
1109.4	5975
1111.722	6081
1114.044	6059
1116.365	6010
1118.685	6044
1121.005	6105
1123.324	6093
1125.643	6013
1127.961	6113
1130.278	6076
1132.595	6081
1134.911	6025
1137.226	6077
1139.541	6063
1141.854	6059
1144.167	6029
1146.482	6095
1148.793	6018
1151.105	6158
1153.414	6184
1155.725	6015
1158.033	6038
1160.344	6002
1162.651	6202
1164.959	6001
1167.265	5992
1169.572	6022
1171.878	6015
1174.184	6066
1176.488	6127
1178.79	6165
1181.094	6178
1183.396	6065
1185.699	6115
1188.001	6073
1190.301	6119
1192.6	6138
1194.9	6044
1197.2	6057
1199.497	6027
1201.794	6055
1204.09	5998
1206.387	6100
1208.684	6090
1210.978	6019
1213.272	6143
1215.565	6091
1217.858	6070
1220.15	6063
1222.443	6168
1224.734	6161
1227.024	6163
1229.313	6120
1231.602	6351
1233.892	6276
1236.18	6254
1238.467	6281
1240.754	6353
1243.04	6223
1245.325	6360
1247.612	6249
1249.896	6413
1252.178	6388
1254.461	6412
1256.743	6368
1259.027	6352
1261.308	6362
1263.587	6255
1265.867	6474
1268.146	6357
1270.425	6388
1272.703	6442
1274.981	6408
1277.256	6325
1279.532	6451
1281.808	6282
1284.083	6296
1286.358	6277
1288.63	6291
1290.904	6137
1293.175	6324
1295.449	6181
1297.719	6232
1299.99	6241
1302.259	6243
1304.529	6247
1306.798	6323
1309.065	6166
1311.333	6270
1313.599	6308
1315.866	6378
1318.131	6329
1320.396	6162
1322.66	6323
1324.925	6287
1327.187	6302
1329.448	6329
1331.711	6251
1333.974	6340
1336.234	6249
1338.493	6247
1340.752	6270
1343.01	6302
1345.269	6303
1347.526	6362
1349.784	6220
1352.04	6306
1354.295	6134
1356.552	6226
1358.806	6184
1361.059	6285
1363.312	6199
1365.564	6148
1367.818	6306
1370.069	6249
1372.318	6275
1374.568	6307
1376.817	6337
1379.066	6224
1381.316	6236
1383.564	6422
1385.809	6449
1388.056	6355
1390.301	6356
1392.549	6333
1394.793	6494
1397.036	6523
1399.279	6730
1401.522	6665
1403.763	6587
1406.007	6569
1408.248	6551
1410.487	6540
1412.727	6504
1414.965	6509
1417.205	6604
1419.442	6650
1421.68	6518
1423.915	6554
1426.152	6487
1428.388	6594
1430.623	6533
1432.857	6392
1435.091	6496
1437.323	6595
1439.556	6548
1441.789	6632
1444.019	6564
1446.25	6649
1448.48	6493
1450.708	6760
1452.938	6723
1455.167	6704
1457.394	6677
1459.62	6648
1461.846	6691
1464.073	6616
1466.299	6601
1468.523	6573
1470.746	6506
1472.969	6479
1475.191	6460
1477.415	6493
1479.636	6367
1481.858	6371
1484.078	6306
1486.298	6311
1488.518	6301
1490.736	6215
1492.954	6274
1495.169	6236
1497.386	6188
1499.602	6323
1501.819	6301
1504.034	6195
1506.248	6226
1508.462	6211
1510.675	6212
1512.888	6185
1515.1	6273
1517.311	6230
1519.522	6237
1521.732	6280
1523.942	6165
1526.151	6238
1528.36	6281
1530.566	6284
1532.773	6225
1534.98	6281
1537.187	6159
1539.392	6450
1541.596	6325
1543.801	6239
1546.005	6271
1548.208	6252
1550.411	6271
1552.612	6344
1554.814	6344
1557.013	6387
1559.212	6293
1561.414	6486
1563.612	6390
1565.811	6346
1568.007	6350
1570.203	6492
1572.403	6312
1574.598	6409
1576.792	6393
1578.988	6540
1581.181	6432
1583.376	6494
1585.568	6335
1587.761	6439
1589.952	6490
1592.143	6512
1594.333	6423
1596.524	6434
1598.715	6440
1600.903	6498
1603.091	6478
1605.278	6533
1607.466	6530
1609.652	6447
1611.838	6422
1614.023	6611
1616.207	6432
1618.391	6542
1620.576	6519
1622.759	6520
1624.941	6605
1627.123	6473
1629.304	6470
1631.484	6527
1633.664	6539
1635.844	6489
1638.022	6564
1640.201	6448
1642.38	6676
1644.556	6640
1646.732	6602
1648.908	6546
1651.084	6693
1653.257	6620
1655.433	6523
1657.607	6652
1659.779	6609
1661.951	6559
1664.122	6664
1666.295	6602
1668.467	6768
1670.635	6623
1672.805	6717
1674.973	6631
1677.142	6734
1679.31	6668
1681.478	6579
1683.644	6490
1685.81	6622
1687.975	6668
1690.142	6532
1692.305	6599
1694.468	6550
1696.632	6604
1698.794	6604
1700.957	6490
1703.119	6560
1705.279	6557
1707.439	6511
1709.598	6541
1711.758	6413
1713.917	6353
1716.075	6526
1718.231	6450
1720.388	6608
1722.543	6422
1724.702	6372
1726.856	6298
1729.01	6412
1731.164	6454
1733.317	6520
1735.471	6492
1737.623	6418
1739.774	6439
1741.925	6435
1744.075	6494
1746.225	6453
1748.376	6381
1750.524	6584
1752.672	6367
1754.82	6321
1756.965	6494
1759.113	6528
1761.259	6503
1763.405	6501
1765.549	6530
1767.694	6505
1769.836	6554
1771.981	6520
1774.123	6317
1776.264	6375
1778.405	6429
1780.546	6516
1782.687	6537
1784.827	6519
1786.966	6549
1789.103	6532
1791.242	6456
1793.381	6457
1795.517	6509
1797.653	6503
1799.788	6512
1801.923	6449
1804.057	6526
1806.193	6550
1808.326	6540
1810.457	6536
1812.59	6487
1814.721	6448
1816.855	6492
1818.984	6553
1821.113	6489
1823.244	6527
1825.372	6531
1827.499	6516
1829.63	6456
1831.756	6573
1833.882	6459
1836.007	6452
1838.132	6439
1840.26	6440
1842.384	6496
1844.507	6433
1846.63	6420
1848.752	6334
1850.875	6322
1852.996	6469
1855.118	6493
1857.238	6425
1859.358	6478
1861.477	6433
1863.597	6484
1865.715	6449
1867.832	6553
1869.948	6430
1872.064	6507
1874.181	6355
1876.297	6494
1878.411	6368
1880.526	6444
1882.639	6518
1884.752	6430
1886.865	6455
1888.977	6432
1891.089	6446
1893.2	6487
1895.308	6532
1897.42	6458
1899.53	6582
1901.639	6504
1903.745	6488
1905.853	6626
1907.962	6530
1910.067	6387
1912.174	6499
1914.278	6635
1916.383	6426
1918.486	6487
1920.592	6448
1922.694	6541
1924.797	6539
1926.898	6704
1929	6558
1931.102	6545
1933.203	6537
1935.301	6554
1937.401	6502
1939.499	6645
1941.598	6545
1943.697	6546
1945.793	6532
1947.888	6562
1949.985	6562
1952.08	6589
1954.176	6597
1956.269	6575
1958.364	6530
1960.457	6465
1962.549	6539
1964.642	6511
1966.733	6568
1968.823	6507
1970.913	6514
1973.005	6449
1975.093	6536
1977.184	6517
1979.271	6546
1981.359	6461
1983.446	6450
1985.532	6486
1987.619	6486
1989.705	6466
1991.789	6481
1993.874	6446
1995.956	6387
1998.041	6530
2000.123	6472
2002.206	6397
2004.287	6466
2006.368	6424
2008.449	6412
2010.529	6378
2012.609	6345
2014.688	6356
2016.766	6490
2018.843	6506
2020.922	6460
2022.999	6516
2025.074	6441
2027.15	6484
2029.225	6373
2031.299	6387
2033.375	6550
2035.447	6442
2037.52	6441
2039.592	6483
2041.664	6484
2043.736	6437
2045.807	6442
2047.876	6456
2049.947	6615
2052.015	6484
2054.086	6467
2056.153	6478
2058.221	6521
2060.288	6541
2062.353	6388
2064.42	6565
2066.486	6525
2068.55	6436
2070.614	6513
2072.678	6514
2074.741	6425
2076.805	6394
2078.866	6472
2080.929	6486
2082.99	6420
2085.049	6519
2087.109	6533
2089.17	6446
2091.228	6473
2093.286	6364
2095.344	6511
2097.4	6374
2099.46	6468
2101.516	6447
2103.572	6542
2105.626	6435
2107.679	6479
2109.735	6285
2111.788	6486
2113.841	6537
2115.894	6425
2117.945	6348
2119.997	6464
2122.049	6358
2124.1	6489
2126.148	6396
2128.197	6512
2130.246	6391
2132.296	6407
2134.342	6489
2136.39	6461
2138.437	6483
2140.483	6583
2142.527	6428
2144.574	6539
2146.619	6478
2148.661	6432
2150.705	6439
2152.747	6456
2154.792	6391
2156.832	6508
2158.874	6484
2160.915	6218
2162.954	6462
2164.995	6364
2167.034	6473
2169.072	6434
2171.111	6335
2173.148	6429
2175.186	6307
2177.223	6440
2179.258	6426
2181.294	6431
2183.328	6281
2185.362	6360
2187.398	6283
2189.431	6272
2191.463	6312
2193.495	6321
2195.528	6308
2197.56	6325
2199.59	6253
2201.62	6191
2203.649	6341
2205.678	6265
2207.708	6182
2209.737	6279
2211.764	6275
2213.791	6380
2215.817	6285
2217.843	6278
2219.87	6302
2221.895	6329
2223.919	6371
2225.942	6141
2227.966	6278
2229.988	6189
2232.012	6253
2234.032	6329
2236.054	6233
2238.074	6181
2240.095	6261
2242.116	6358
2244.135	6261
2246.153	6283
2248.171	6248
2250.188	6229
2252.208	6250
2254.223	6318
2256.239	6256
2258.255	6292
2260.269	6217
2262.283	6192
2264.3	6272
2266.312	6141
2268.325	6119
2270.336	6216
2272.349	6299
2274.362	6207
2276.372	6215
2278.383	6269
2280.392	6210
2282.402	6259
2284.409	6299
2286.418	6294
2288.427	6297
2290.433	6267
2292.441	6222
2294.446	6168
2296.453	6211
2298.459	6286
2300.463	6262
2302.466	6277
2304.471	6140
2306.475	6201
2308.477	6137
2310.478	6228
2312.481	6239
2314.481	6323
2316.481	6052
2318.482	6068
2320.482	6089
2322.48	6137
2324.48	6231
2326.478	6101
2328.476	6217
2330.473	6214
2332.469	6086
2334.465	6279
2336.46	6133
2338.454	6090
2340.45	6108
2342.444	6119
2344.437	6278
2346.43	6173
2348.421	6161
2350.414	6174
2352.405	6068
2354.396	6229
2356.386	6050
2358.376	6211
2360.366	6121
2362.355	6029
2364.343	5966
2366.331	6123
2368.317	6034
2370.304	6093
2372.292	6097
2374.278	6040
2376.262	6160
2378.247	6045
2380.23	6048
2382.216	6105
2384.199	6161
2386.181	6051
2388.163	6020
2390.144	6014
2392.127	6024
2394.107	6051
2396.087	5981
2398.066	6003
2400.046	5987
2402.023	6063
2404.004	5985
2405.981	6098
2407.957	6072
2409.934	5991
2411.91	6100
2413.886	6024
2415.862	5983
2417.836	5923
2419.809	5998
2421.784	5950
2423.756	6013
2425.73	5933
2427.701	5919
2429.672	6004
2431.644	6096
2433.615	6049
2435.586	5965
2437.555	5897
2439.523	5933
2441.491	5926
2443.459	5934
2445.428	5968
2447.395	5973
2449.361	5996
2451.327	5921
2453.292	5886
2455.257	6022
2457.223	5960
2459.187	5919
2461.15	5896
2463.113	5941
2465.076	6029
2467.039	5966
2468.999	5976
2470.96	6039
2472.921	6016
2474.881	5906
2476.841	5965
2478.8	5910
2480.759	5922
2482.717	5837
2484.675	5951
2486.63	5891
2488.589	5916
2490.545	5851
2492.5	5900
2494.455	5834
2496.408	5841
2498.364	5959
2500.318	5966
2502.27	5826
2504.223	5881
2506.174	5930
2508.126	5910
2510.078	5873
2512.03	5846
2513.979	5922
2515.927	5762
2517.877	5852
2519.826	5864
2521.775	6016
2523.722	5817
2525.668	5808
2527.616	5855
2529.561	5783
2531.508	5833
2533.452	5799
2535.398	5777
2537.342	5863
2539.284	5855
2541.229	5958
2543.173	5879
2545.114	5850
2547.055	5839
2548.996	5899
2550.938	5817
2552.878	5854
2554.817	5821
2556.756	5746
2558.695	5766
2560.633	5774
2562.572	5768
2564.509	5840
2566.445	5841
2568.382	5715
2570.317	5801
2572.254	5911
2574.189	5801
2576.123	5824
2578.057	5914
2579.99	5809
2581.923	5825
2583.855	5892
2585.788	5844
2587.719	5745
2589.65	5767
2591.579	5780
2593.511	5780
2595.44	5939
2597.37	5707
2599.297	5880
2601.225	5794
2603.153	5858
2605.08	5912
2607.007	5829
2608.932	5776
2610.858	5748
2612.782	5856
2614.709	5849
2616.632	5833
2618.556	5765
2620.478	5857
2622.401	5731
2624.324	5763
2626.247	5887
2628.167	5826
2630.088	5832
2632.008	5807
2633.928	5868
2635.848	5768
2637.766	5815
2639.684	5915
2641.603	5782
2643.519	5763
2645.437	5871
2647.353	5961
2649.27	5778
2651.184	5823
2653.099	5774
2655.014	5747
2656.928	5794
2658.842	5781
2660.755	5805
2662.667	5797
2664.579	5728
2666.491	5862
2668.402	5758
2670.312	5860
2672.222	5750
2674.132	5845
2676.042	5751
2677.951	5790
2679.859	5728
2681.766	5808
2683.674	5752
2685.582	5701
2687.488	5784
2689.392	5787
2691.298	5783
2693.202	5731
2695.107	5751
2697.012	5778
2698.914	5718
2700.817	5693
2702.72	5697
2704.622	5642
2706.524	5800
2708.425	5671
2710.326	5681
2712.225	5717
2714.125	5622
2716.024	5716
2717.923	5659
2719.822	5659
2721.719	5716
2723.616	5713
2725.512	5744
2727.41	5791
2729.305	5632
2731.201	5653
2733.095	5620
2734.99	5677
2736.884	5752
2738.778	5608
2740.67	5602
2742.562	5667
2744.455	5700
2746.346	5737
2748.238	5760
2750.129	5720
2752.018	5714
2753.907	5652
2755.797	5697
2757.687	5593
2759.575	5594
2761.462	5688
2763.349	5691
2765.237	5656
2767.124	5691
2769.009	5649
2770.894	5681
2772.779	5629
2774.663	5700
2776.547	5605
2778.431	5656
2780.314	5597
2782.197	5667
2784.078	5678
2785.96	5625
2787.842	5576
2789.723	5796
2791.603	5616
2793.483	5585
2795.362	5556
2797.241	5658
2799.121	5682
2800.997	5615
2802.874	5672
2804.751	5596
2806.628	5581
2808.506	5612
2810.38	5473
2812.255	5545
2814.13	5639
2816.003	5576
2817.878	5568
2819.752	5561
2821.623	5637
2823.496	5589
2825.368	5598
2827.238	5545
2829.111	5583
2830.98	5714
2832.851	5500
2834.719	5644
2836.589	5567
2838.458	5697
2840.327	5625
2842.193	5659
2844.061	5570
2845.927	5678
2847.794	5660
2849.66	5657
2851.525	5660
2853.39	5621
2855.254	5695
2857.117	5662
2858.983	5617
2860.845	5748
2862.707	5727
2864.569	5882
2866.431	5876
2868.293	5813
2870.154	5876
2872.013	5932
2873.873	6013
2875.733	5985
2877.592	6085
2879.451	6157
2881.309	6146
2883.166	6333
2885.022	6206
2886.879	6211
2888.736	6233
2890.591	6284
2892.446	6291
2894.301	6365
2896.155	6232
2898.009	6305
2899.863	6293
2901.716	6190
2903.568	6199
2905.419	6259
2907.27	6219
2909.123	6252
2910.973	6091
2912.824	6312
2914.673	6362
2916.521	6352
2918.372	6464
2920.22	6539
2922.067	6586
2923.914	6532
2925.761	6555
2927.607	6653
2929.455	6712
2931.301	6634
2933.144	6638
2934.99	6917
2936.833	6837
2938.678	7004
2940.522	6901
2942.364	7092
2944.207	7013
2946.048	7184
2947.891	7235
2949.731	7195
2951.571	7263
2953.412	7177
2955.25	7131
2957.09	7148
2958.93	7126
2960.767	7013
2962.606	6949
2964.443	6881
2966.279	6826
2968.116	6655
2969.953	6578
2971.788	6537
2973.623	6386
2975.457	6480
2977.292	6376
2979.127	6338
2980.959	6342
2982.792	6301
2984.624	6251
2986.455	6255
2988.288	6114
2990.119	6201
2991.949	6145
2993.779	6106
2995.608	6021
2997.439	5910
2999.268	5910
3001.096	5903
3002.923	5744
3004.751	5702
3006.578	5759
3008.406	5666
3010.232	5738
3012.057	5622
3013.883	5593
3015.706	5677
3017.532	5543
3019.356	5493
3021.179	5387
3023.002	5460
3024.823	5424
3026.646	5441
3028.469	5287
3030.289	5492
3032.11	5308
3033.93	5394
3035.749	5355
3037.57	5328
3039.39	5425
3041.207	5345
3043.026	5292
3044.842	5369
3046.661	5300
3048.477	5366
3050.294	5348
3052.109	5314
3053.925	5290
3055.739	5341
3057.555	5404
3059.368	5169
3061.181	5334
3062.995	5288
3064.807	5311
3066.62	5272
3068.433	5371
3070.243	5246
3072.054	5306
3073.865	5231
3075.675	5230
3077.485	5248
3079.293	5190
3081.102	5351
3082.911	5248
3084.719	5318
3086.527	5127
3088.333	5160
3090.139	5241
3091.945	5127
3093.75	5145
3095.557	5094
3097.361	5143
3099.165	5122
3100.969	5092
3102.772	5024
3104.575	5111
3106.379	5124
3108.181	5064
3109.982	5215
3111.783	5061
3113.584	5101
3115.386	5102
3117.186	5102
3118.985	5052
3120.783	5123
3122.582	5101
3124.381	5032
3126.179	5054
3127.975	5078
3129.772	4940
3131.569	5013
3133.365	5078
3135.161	5152
3136.956	5021
3138.751	5075
3140.544	4989
3142.338	5082
3144.132	5044
3145.925	4914
3147.717	4947
3149.509	4911
3151.301	4943
3153.091	4990
3154.884	4892
3156.673	4941
3158.462	4971
3160.252	5081
3162.041	4929
3163.831	4876
3165.618	4918
3167.405	4975
3169.193	5045
3170.979	4934
3172.767	4935
3174.553	4981
3176.338	5015
3178.123	4945
3179.907	4985
3181.692	4899
3183.477	5035
3185.259	4927
3187.042	4884
3188.824	4903
3190.607	4945
3192.389	4930
3194.17	4928
3195.951	4969
3197.73	4926
3199.51	4914
3201.289	5020
3203.07	4944
3204.848	5016
3206.626	4943
3208.403	4900
3210.18	4966
3211.959	4899
3213.735	4889
3215.511	4961
3217.285	5045
3219.06	4831
3220.836	4857
3222.611	4941
3224.384	5048
3226.158	4883
3227.929	4840
3229.702	4846
3231.476	4981
3233.248	4825
3235.018	4816
3236.789	4923
3238.56	4952
3240.33	4936
3242.1	4856
3243.869	4805
3245.637	4870
3247.405	4828
3249.172	4874
3250.941	4845
3252.707	4849
3254.474	4851
3256.24	4900
3258.006	4845
3259.772	4821
3261.537	4840
3263.301	4903
3265.065	4808
3266.828	4881
3268.592	4899
3270.355	4911
3272.117	4934
3273.878	4822
3275.64	4859
3277.401	4961
3279.162	5010
3280.922	4879
3282.682	4826
3284.441	4789
3286.199	4831
3287.959	4859
3289.716	4827
3291.475	4869
3293.232	4840
3294.988	4824
3296.744	4865
3298.501	4874
3300.256	4838
3302.011	4912
3303.766	4925
3305.52	4814
3307.275	4763
3309.028	4842
3310.781	4824
3312.533	4849
3314.285	4903
3316.038	4860
3317.789	4985
3319.54	4833
3321.289	4827
3323.039	4963
3324.789	4899
3326.539	4936
3328.288	4738
3330.035	4832
3331.783	4786
3333.531	4813
3335.28	4787
3337.025	4755
3338.771	4846
3340.518	4857
3342.262	4786
3344.009	4800
3345.753	4787
3347.497	4846
3349.24	4756
3350.983	4787
3352.726	4821
3354.469	4837
3356.212	4729
3357.952	4848
3359.694	4753
3361.434	4750
3363.176	4603
3364.916	4706
3366.654	4735
3368.394	4684
3370.132	4648
3371.871	4733
3373.61	4599
3375.346	4657
3377.083	4696
3378.82	4608
3380.556	4687
3382.292	4630
3384.027	4614
3385.763	4711
3387.497	4654
3389.231	4700
3390.965	4664
3392.698	4687
3394.431	4575
3396.164	4651
3397.896	4611
3399.627	4651
3401.36	4556
3403.09	4616
3404.82	4680
3406.55	4601
3408.279	4590
3410.01	4609
3411.738	4597
3413.467	4604
3415.194	4551
3416.92	4568
3418.647	4626
3420.375	4560
3422.102	4607
3423.827	4605
3425.553	4565
3427.277	4516
3429.003	4591
3430.727	4449
3432.451	4565
3434.173	4587
3435.896	4549
3437.62	4484
3439.343	4512
3441.063	4509
3442.785	4538
3444.505	4550
3446.226	4486
3447.948	4570
3449.666	4491
3451.386	4451
3453.104	4487
3454.823	4543
3456.541	4475
3458.259	4441
3459.976	4438
3461.693	4452
3463.408	4504
3465.125	4442
3466.841	4494
3468.556	4450
3470.271	4534
3471.985	4470
3473.698	4401
3475.414	4403
3477.126	4416
3478.838	4393
3480.55	4330
3482.263	4370
3483.975	4364
3485.686	4352
3487.396	4321
3489.106	4484
3490.817	4371
3492.526	4378
3494.236	4301
3495.944	4325
3497.652	4333
3499.359	4390
3501.066	4289
3502.775	4178
3504.481	4258
3506.187	4232
3507.893	4253
3509.598	4247
3511.304	4291
3513.009	4259
3514.713	4131
3516.417	4349
3518.12	4174
3519.821	4268
3521.525	4137
3523.228	4187
3524.929	4230
3526.631	4197
3528.33	4160
3530.032	4128
3531.733	4229
3533.433	4243
3535.131	4175
3536.83	4221
3538.529	4196
3540.227	4163
3541.925	4266
3543.623	4065
3545.319	4131
3547.016	4241
3548.712	4152
3550.408	4047
3552.103	4084
3553.798	4098
3555.491	4190
3557.188	4024
3558.88	4200
3560.574	4105
3562.266	4117
3563.959	4176
3565.651	4046
3567.343	4039
3569.035	4000
3570.725	4059
3572.415	4112
3574.106	4069
3575.797	4064
3577.485	4032
3579.174	4096
3580.863	4082
3582.551	4038
3584.238	4052
3585.926	3992
3587.613	4063
3589.3	3968
3590.986	4011
3592.671	3995
3594.357	4001
3596.042	3926
3597.726	4020
3599.41	4026
3601.094	3961
3602.778	3994
3604.461	3897
3606.143	3879
3607.825	4047
3609.507	3953
3611.188	3983
3612.87	3966
3614.551	3943
3616.229	3810
3617.909	3955
3619.589	3934
3621.269	3881
3622.948	3935
3624.625	3909
3626.302	3852
3627.98	3866
3629.657	3807
3631.334	3864
3633.01	3830
3634.686	3887
3636.361	3780
3638.036	3873
3639.712	3846
3641.385	3758
3643.06	3765
3644.732	3819
3646.405	3801
3648.08	3830
3649.751	3786
3651.424	3829
3653.094	3786
3654.766	3822
3656.436	3804
3658.106	3707
3659.777	3753
3661.446	3815
3663.115	3747
3664.783	3732
3666.452	3839
3668.121	3705
3669.788	3715
3671.454	3808
3673.121	3822
3674.789	3782
3676.455	3729
3678.12	3746
3679.784	3729
3681.45	3799
3683.114	3754
3684.779	3714
3686.442	3668
3688.105	3667
3689.768	3662
3691.43	3747
3693.093	3715
3694.754	3718
3696.415	3635
3698.076	3700
3699.736	3733
3701.396	3663
3703.057	3713
3704.716	3669
3706.375	3682
3708.034	3703
3709.692	3655
3711.351	3641
3713.008	3661
3714.665	3625
3716.321	3663
3717.977	3599
3719.634	3612
3721.29	3618
3722.945	3723
3724.598	3616
3726.253	3697
3727.907	3620
3729.561	3665
3731.214	3612
3732.867	3599
3734.518	3637
3736.171	3644
3737.824	3603
3739.474	3614
3741.125	3610
3742.775	3558
3744.425	3619
3746.074	3614
3747.725	3532
3749.373	3615
3751.022	3582
3752.669	3597
3754.318	3648
3755.966	3614
3757.612	3597
3759.259	3588
3760.905	3496
3762.55	3577
3764.197	3541
3765.842	3633
3767.486	3463
3769.131	3525
3770.774	3582
3772.417	3533
3774.061	3552
3775.705	3522
3777.347	3501
3778.988	3509
3780.629	3486
3782.271	3545
3783.912	3503
3785.552	3547
3787.192	3518
3788.831	3499
3790.472	3451
3792.112	3516
3793.75	3479
3795.388	3446
3797.024	3416
3798.661	3448
3800.3	3405
3801.936	3448
3803.572	3444
3805.208	3472
3806.844	3447
3808.48	3487
3810.115	3416
3811.748	3494
3813.382	3496
3815.016	3466
3816.649	3506
3818.283	3483
3819.914	3426
3821.547	3428
3823.178	3381
3824.809	3411
3826.441	3348
3828.072	3327
3829.701	3404
3831.331	3397
3832.96	3429
3834.591	3391
3836.219	3339
3837.847	3370
3839.475	3461
3841.102	3327
3842.729	3307
3844.357	3466
3845.984	3327
3847.609	3338
3849.234	3345
3850.86	3483
3852.485	3400
3854.11	3333
3855.734	3320
3857.357	3373
3858.981	3380
3860.603	3333
3862.227	3379
3863.848	3378
3865.471	3297
3867.092	3354
3868.713	3400
3870.334	3302
3871.954	3347
3873.575	3242
3875.194	3306
3876.813	3351
3878.433	3277
3880.051	3279
3881.669	3402
3883.286	3332
3884.904	3275
3886.52	3214
3888.138	3261
3889.754	3239
3891.37	3265
3892.985	3346
3894.6	3284
3896.216	3300
3897.831	3289
3899.444	3208
3901.058	3284
3902.67	3231
3904.283	3267
3905.897	3279
3907.509	3226
3909.121	3310
3910.731	3285
3912.342	3259
3913.954	3217
3915.563	3216
3917.174	3212
3918.783	3276
3920.391	3240
3922.002	3216
3923.611	3229
3925.218	3295
3926.826	3238
3928.432	3269
3930.039	3257
3931.647	3291
3933.253	3168
3934.859	3255
3936.464	3253
3938.068	3243
3939.675	3208
3941.278	3173
3942.883	3226
3944.486	3231
3946.089	3274
3947.692	3245
3949.295	3244
3950.898	3196
3952.499	3181
3954.1	3195
3955.7	3118
3957.303	3126
3958.903	3179
3960.502	3174
3962.101	3098
3963.7	3179
3965.301	3221
3966.899	3158
3968.497	3153
3970.094	3148
3971.691	3146
3973.288	3092
3974.885	3138
3976.481	3207
3978.077	3180
3979.672	3191
3981.267	3126
3982.863	3112
3984.457	3128
3986.051	3072
3987.645	3060
3989.238	3045
3990.831	3064
3992.425	3092
3994.017	3106
3995.607	3151
3997.199	3017
3998.79	3137
4000.382	3066
4001.973	3062
4003.561	3106
4005.151	3072
4006.741	2982
4008.331	3047
4009.918	3065
4011.507	3017
4013.095	3023
4014.681	3140
4016.269	2970
4017.856	3116
4019.443	3007
4021.028	3068
4022.614	2964
4024.199	3075
4025.785	2922
4027.37	2894
4028.953	3023
4030.536	3073
4032.12	2977
4033.704	2945
4035.287	3029
4036.869	2910
4038.45	2914
4040.032	2910
4041.613	2986
4043.195	2954
4044.776	2927
4046.356	2974
4047.935	2950
4049.515	2927
4051.095	2879
4052.674	2964
4054.251	3000
4055.829	2970
4057.406	2965
4058.985	2944
4060.562	2927
4062.139	2950
4063.715	2988
4065.29	2826
4066.865	2995
4068.442	2910
4070.016	2940
4071.59	2851
4073.164	2882
4074.738	2860
4076.312	2914
4077.885	2854
4079.458	2900
4081.03	2867
4082.602	2943
4084.173	2894
4085.745	2964
4087.315	2878
4088.886	2819
4090.456	2907
4092.026	2886
4093.596	2852
4095.165	2881
4096.734	2823
4098.301	2878
4099.869	2896
4101.437	2947
4103.006	2895
4104.572	2820
4106.139	2838
4107.704	2851
4109.27	2858
4110.837	2826
4112.401	2847
4113.966	2870
4115.53	2858
4117.094	2790
4118.659	2865
4120.223	2790
4121.785	2706
4123.347	2889
4124.909	2807
4126.471	2853
4128.034	2797
4129.595	2800
4131.155	2732
4132.716	2745
4134.275	2801
4135.836	2852
4137.395	2743
4138.955	2757
4140.513	2809
4142.071	2851
4143.628	2729
4145.188	2786
4146.745	2870
4148.302	2803
4149.858	2738
4151.414	2703
4152.971	2737
4154.526	2731
4156.081	2699
4157.635	2747
4159.189	2694
4160.745	2731
4162.298	2763
4163.852	2751
4165.405	2741
4166.957	2812
4168.51	2718
4170.063	2711
4171.614	2687
4173.166	2676
4174.717	2665
4176.267	2667
4177.817	2724
4179.368	2752
4180.917	2705
4182.466	2696
4184.016	2648
4185.564	2637
4187.112	2694
4188.66	2753
4190.207	2652
4191.754	2733
4193.301	2619
4194.848	2656
4196.394	2669
4197.94	2707
4199.484	2673
4201.03	2684
4202.575	2685
4204.12	2651
4205.663	2739
4207.207	2663
4208.75	2649
4210.292	2637
4211.836	2663
4213.378	2706
4214.92	2648
4216.46	2601
4218.002	2625
4219.544	2617
4221.083	2638
4222.625	2581
4224.164	2594
4225.703	2544
4227.244	2617
4228.782	2672
4230.32	2608
4231.857	2580
4233.395	2678
4234.933	2619
4236.471	2621
4238.007	2592
4239.542	2629
4241.078	2593
4242.614	2602
4244.15	2628
4245.685	2548
4247.219	2539
4248.753	2552
4250.287	2558
4251.82	2523
4253.354	2555
4254.887	2596
4256.419	2562
4257.951	2562
4259.483	2557
4261.016	2570
4262.547	2576
4264.078	2613
4265.608	2552
4267.137	2552
4268.668	2535
4270.197	2538
4271.727	2607
4273.254	2568
4274.783	2499
4276.311	2606
4277.84	2517
4279.366	2561
4280.894	2540
4282.42	2519
4283.946	2536
4285.473	2628
4286.998	2577
4288.523	2546
4290.047	2478
4291.572	2504
4293.096	2521
4294.622	2469
4296.144	2482
4297.668	2542
4299.19	2468
4300.713	2503
4302.236	2473
4303.758	2405
4305.279	2472
4306.799	2436
4308.321	2530
4309.842	2520
4311.361	2472
4312.882	2473
4314.401	2525
